-0.6497512956794087 1.2122391553996648 -0.48955732931199836 
-0.6497512956794087 1.2122391553996648 -0.48955732931199836 
-0.6497512956794087 1.2122391553996648 -0.48955732931199836 
-0.6497506182764013 1.212235691813573 -0.48955142327955325 
-0.6497506182764013 1.212235691813573 -0.48955142327955325 
-0.6497506182764013 1.212235691813573 -0.48955142327955325 
-0.6497506182764013 1.212235691813573 -0.48955142327955325 
-0.649748435101667 1.212225979837754 -0.48954954506746295 
-0.649748435101667 1.212225979837754 -0.48954954506746295 
-0.649748435101667 1.212225979837754 -0.48954954506746295 
-0.649748435101667 1.212225979837754 -0.48954954506746295 
-0.649748435101667 1.212225979837754 -0.48954954506746295 
-0.6497488261369465 1.2122269295558195 -0.48954054079263765 
-0.6497464078670239 1.2122157912236495 -0.4895339601623834 
-0.6497464078670239 1.2122157912236495 -0.4895339601623834 
-0.6497464078670239 1.2122157912236495 -0.4895339601623834 
-0.6497464078670239 1.2122157912236495 -0.4895339601623834 
-0.6497435285403093 1.2122021857764562 -0.4895220622240608 
-0.6497435285403093 1.2122021857764562 -0.4895220622240608 
-0.649743528540309 1.2122021857764562 -0.4895220622240605 
-0.649743528540309 1.2122021857764562 -0.4895220622240605 
-0.6497407611331599 1.2121909702952558 -0.4895326369108437 
-0.6497407611331599 1.2121909702952558 -0.4895326369108437 
-0.6497407611331599 1.2121909702952558 -0.4895326369108437 
-0.6497407611331599 1.2121909702952558 -0.4895326369108437 
-0.6497464078670239 1.2122157912236495 -0.4895339601623834 
-0.6497464078670239 1.2122157912236495 -0.4895339601623834 
-0.6497464078670239 1.2122157912236495 -0.4895339601623834 
-0.6497431562540026 1.2122016659436736 -0.48953518019267306 
-0.6497431562540026 1.2122016659436736 -0.48953518019267306 
-0.6497464078670236 1.2122157912236495 -0.48953396016238304 
-0.6497424788509951 1.2121982023575815 -0.4895292741602275 
-0.6497424788509951 1.2121982023575815 -0.4895292741602275 
-0.6497424788509949 1.2121982023575815 -0.4895292741602272 
-0.649744643443442 1.2122076644484878 -0.48952915878802306 
-0.649744643443442 1.2122076644484878 -0.48952915878802306 
-0.6497445015188456 1.212208198172846 -0.4895428153011778 
-0.6497445015188456 1.212208198172846 -0.4895428153011778 
-0.649745523251386 1.212211716764168 -0.4895315529338209 
-0.649745523251386 1.212211716764168 -0.4895315529338209 
-0.649745523251386 1.212211716764168 -0.4895315529338209 
-0.649745523251386 1.212211716764168 -0.4895315529338209 
-0.6497457817365557 1.212213415149233 -0.48953826201904427 
-0.6497457817365557 1.212213415149233 -0.48953826201904427 
-0.6497457817365557 1.212213415149233 -0.48953826201904427 
-0.6497415990430511 1.2121941500419013 -0.48952688001442946 
-0.6497415990430511 1.2121941500419013 -0.48952688001442946 
-0.6497415990430511 1.2121941500419013 -0.48952688001442946 
-0.6497501759685825 1.2122336545838321 -0.4895502196652719 
-0.6497501759685825 1.2122336545838321 -0.4895502196652719 
-0.6497501759685825 1.2122336545838321 -0.4895502196652719 
-0.6497501759685825 1.2122336545838321 -0.4895502196652719 
-0.6497516492167428 1.2122392453471653 -0.4895400976495985 
-0.6497516492167428 1.2122392453471653 -0.4895400976495985 
-0.6497516492167428 1.2122392453471653 -0.4895400976495985 
-0.6497516492167428 1.2122392453471653 -0.4895400976495985 
-0.6497516492167428 1.2122392453471653 -0.4895400976495985 
-0.6497450857512608 1.2122097016782285 -0.48953036240230396 
-0.6497450857512608 1.2122097016782285 -0.48953036240230396 
-0.6497450857512608 1.2122097016782285 -0.48953036240230396 
-0.649744643443442 1.2122076644484878 -0.48952915878802306 
-0.649744643443442 1.2122076644484878 -0.48952915878802306 
-0.649744643443442 1.2122076644484878 -0.48952915878802306 
-0.6497450857512606 1.2122097016782285 -0.48953036240230363 
-0.6497450857512606 1.2122097016782285 -0.48953036240230363 
-0.6497450857512606 1.2122097016782285 -0.48953036240230363 
-0.6497450857512606 1.2122097016782285 -0.48953036240230363 
-0.6497453581777096 1.2122118078047743 -0.48954117209855075 
-0.6497453581777096 1.2122118078047743 -0.48954117209855075 
-0.6497507694087986 1.212235193031485 -0.4895377035038002 
-0.6497507694087984 1.212235193031485 -0.4895377035037999 
-0.649744643443442 1.2122076644484878 -0.48952915878802306 
-0.649744643443442 1.2122076644484878 -0.48952915878802306 
-0.649744643443442 1.2122076644484878 -0.48952915878802306 
-0.6497473201985345 1.2122205011657228 -0.4895424485035007 
-0.6497473201985345 1.2122205011657228 -0.4895424485035007 
-0.649748435101667 1.212225979837754 -0.48954954506746295 
-0.649748435101667 1.212225979837754 -0.48954954506746295 
-0.6497470665210585 1.2122188249244594 -0.4895357525010411 
-0.6497470665210585 1.2122188249244594 -0.4895357525010411 
-0.6497470665210585 1.2122188249244594 -0.4895357525010411 
-0.6497470665210585 1.2122188249244594 -0.4895357525010411 
-0.6497445015188456 1.212208198172846 -0.4895428153011778 
-0.6497488586605131 1.2122275871822124 -0.4895466349879565 
-0.6497488586605131 1.2122275871822124 -0.4895466349879565 
-0.6497488586605131 1.2122275871822124 -0.4895466349879565 
-0.6497488586605131 1.2122275871822124 -0.4895466349879565 
-0.6497444735620718 1.212207733345293 -0.48953876486998826 
-0.6497444735620718 1.212207733345293 -0.48953876486998826 
-0.6497444735620715 1.212207733345293 -0.48953876486998793 
-0.6497444735620715 1.212207733345293 -0.48953876486998793 
-0.6497479463290026 1.2122228772401393 -0.4895381466468398 
-0.6497477625063532 1.2122225383954637 -0.4895436521177816 
-0.6497450670022881 1.212209271792946 -0.4895262487085168 
-0.6497436356521806 1.2122045535986472 -0.4895445217664023 
-0.6497436356521806 1.2122045535986472 -0.4895445217664023 
-0.6497436356521806 1.2122045535986472 -0.4895445217664023 
-0.6497470665210585 1.2122188249244594 -0.4895357525010411 
-0.6497470665210585 1.2122188249244594 -0.4895357525010411 
-0.6497470665210583 1.2122188249244594 -0.48953575250104076 
-0.6497470665210583 1.2122188249244594 -0.48953575250104076 
-0.6497482000064785 1.212224553481403 -0.48954484264929854 
-0.6497482000064785 1.212224553481403 -0.48954484264929854 
-0.6497482000064785 1.212224553481403 -0.48954484264929854 
-0.6497521102735344 1.2122417124621885 -0.489545414957667 
-0.6497521102735344 1.2122417124621885 -0.489545414957667 
-0.6497521102735344 1.2122417124621885 -0.489545414957667 
-0.6497521102735344 1.2122417124621885 -0.489545414957667 
-0.6497521102735344 1.2122417124621885 -0.489545414957667 
-0.6497413453655752 1.2121924738006378 -0.4895201840119703 
-0.6497413453655752 1.2121924738006378 -0.4895201840119703 
-0.6497413453655752 1.2121924738006378 -0.4895201840119703 
-0.649745523251386 1.212211716764168 -0.4895315529338209 
-0.649745523251386 1.212211716764168 -0.4895315529338209 
-0.6497480207506219 1.2122244074355664 -0.48955239188437094 
-0.6497480207506219 1.2122244074355664 -0.48955239188437094 
-0.6497516867146883 1.2122401051177303 -0.4895483250371728 
-0.6497516867146883 1.2122401051177303 -0.4895483250371728 
-0.6497516867146883 1.2122401051177303 -0.4895483250371728 
-0.6497516867146883 1.2122401051177303 -0.4895483250371728 
-0.6497417689244213 1.2121940811450962 -0.48951727393246425 
-0.6497417689244213 1.2121940811450962 -0.48951727393246425 
-0.649741768924421 1.2121940811450962 -0.4895172739324639 
-0.649741768924421 1.2121940811450962 -0.4895172739324639 
-0.649741768924421 1.2121940811450962 -0.4895172739324639 
-0.649741768924421 1.2121940811450962 -0.4895172739324639 
-0.6497427419029576 1.2122000935414863 -0.48953802700958104 
-0.6497427419029576 1.2122000935414863 -0.48953802700958104 
-0.6497450857512608 1.2122097016782285 -0.48953036240230396 
-0.6497450857512608 1.2122097016782285 -0.48953036240230396 
-0.6497450857512608 1.2122097016782285 -0.48953036240230396 
-0.6497411615429258 1.2121921349559621 -0.4895256894829121 
-0.6497411615429258 1.2121921349559621 -0.4895256894829121 
-0.6497411615429258 1.2121921349559621 -0.4895256894829121 
-0.6497431049814633 1.2122005784319978 -0.48952497230356706 
-0.649743104981463 1.2122005784319978 -0.48952497230356673 
-0.6497440173129739 1.2122052883740713 -0.48953346064468395 
-0.6497440173129739 1.2122052883740713 -0.48953346064468395 
-0.6497487934466948 1.2122260919290562 -0.4895323264878273 
-0.6497487934466948 1.2122260919290562 -0.4895323264878273 
-0.6497487934466948 1.2122260919290562 -0.4895323264878273 
-0.6497487934466948 1.2122260919290562 -0.4895323264878273 
-0.6497431049814633 1.2122005784319978 -0.48952497230356706 
-0.6497431049814633 1.2122005784319978 -0.48952497230356706 
-0.6497431049814633 1.2122005784319978 -0.48952497230356706 
-0.6497431049814633 1.2122005784319978 -0.48952497230356706 
-0.6497497524097364 1.2122320472393735 -0.48955312974477794 
-0.6497497524097364 1.2122320472393735 -0.48955312974477794 
-0.6497468826984092 1.2122184860797836 -0.48954125797198333 
-0.6497468826984092 1.2122184860797836 -0.48954125797198333 
-0.6497468826984092 1.2122184860797836 -0.48954125797198333 
-0.6497468826984092 1.2122184860797836 -0.48954125797198333 
-0.6497468966396884 1.2122188938212646 -0.4895453585830072 
-0.6497468966396884 1.2122188938212646 -0.4895453585830072 
-0.6497435424815885 1.2122025935179368 -0.48952616283508377 
-0.6497435424815885 1.2122025935179368 -0.48952616283508377 
-0.6497435424815885 1.212202593517937 -0.48952616283508377 
-0.6497435424815885 1.212202593517937 -0.48952616283508377 
-0.6497435424815885 1.212202593517937 -0.48952616283508377 
-0.6497435424815885 1.212202593517937 -0.48952616283508377 
-0.6497506182764013 1.212235691813573 -0.48955142327955325 
-0.6497506182764013 1.212235691813573 -0.48955142327955325 
-0.649742667481338 1.212198563346059 -0.48952378177204925 
-0.649742667481338 1.212198563346059 -0.48952378177204925 
-0.649742667481338 1.212198563346059 -0.48952378177204925 
-0.649742667481338 1.212198563346059 -0.48952378177204925 
-0.6497439660404346 1.2122042008623957 -0.4895232527555775 
-0.6497448971209177 1.2122093406897514 -0.4895358547904817 
-0.6497448971209177 1.2122093406897514 -0.4895358547904817 
-0.6497448971209177 1.2122093406897514 -0.4895358547904817 
-0.6497448971209177 1.2122093406897514 -0.4895358547904817 
-0.6497497384684572 1.2122316394978927 -0.48954902913375475 
-0.6497497384684572 1.2122316394978927 -0.48954902913375475 
-0.6497489144998453 1.212228867492728 -0.4895588866411924 
-0.6497489144998453 1.212228867492728 -0.4895588866411924 
-0.6497489144998453 1.212228867492728 -0.4895588866411924 
-0.6497489144998453 1.212228867492728 -0.4895588866411924 
-0.6497445015188456 1.212208198172846 -0.4895428153011778 
-0.6497398069035963 1.2121853877841482 -0.4895159975275143 
-0.6497398069035963 1.2121853877841482 -0.4895159975275143 
-0.6497398069035963 1.2121853877841482 -0.4895159975275143 
-0.6497398069035963 1.2121853877841482 -0.4895159975275143 
-0.6497473389475071 1.212220931051005 -0.48954656219728787 
-0.6497473389475071 1.212220931051005 -0.48954656219728787 
-0.6497473389475071 1.212220931051005 -0.48954656219728787 
-0.649742667481338 1.212198563346059 -0.48952378177204925 
-0.649742667481338 1.212198563346059 -0.48952378177204925 
-0.6497440173129739 1.2122052883740713 -0.48953346064468395 
-0.6497440173129739 1.2122052883740713 -0.48953346064468395 
-0.6497450670022881 1.212209271792946 -0.4895262487085168 
-0.6497450670022881 1.212209271792946 -0.4895262487085168 
-0.6497431794030827 1.2122021086274253 -0.4895392175410982 
-0.6497459468102321 1.2122133241086264 -0.48952864285431485 
-0.6497459468102321 1.2122133241086264 -0.48952864285431485 
-0.6497459468102321 1.2122133241086264 -0.48952864285431485 
-0.6497496732546387 1.212230144244736 -0.48953472063362535 
-0.6497496732546387 1.212230144244736 -0.48953472063362535 
-0.6497464403905904 1.2122164488500426 -0.4895400543577022 
-0.6497464403905904 1.2122164488500426 -0.4895400543577022 
-0.6497464403905904 1.2122164488500426 -0.4895400543577022 
-0.6497464403905904 1.2122164488500426 -0.4895400543577022 
-0.6497464403905904 1.2122164488500426 -0.4895400543577022 
-0.6497450670022881 1.212209271792946 -0.4895262487085168 
-0.6497468826984092 1.2122184860797836 -0.48954125797198333 
-0.6497468826984092 1.2122184860797836 -0.48954125797198333 
-0.6497492496957926 1.2122285369002777 -0.4895376307131316 
-0.6497492496957926 1.2122285369002777 -0.4895376307131316 
-0.6497492496957926 1.2122285369002777 -0.4895376307131316 
-0.6497492496957926 1.2122285369002777 -0.4895376307131316 
-0.6497497384684572 1.2122316394978927 -0.48954902913375475 
-0.6497510605842202 1.2122377290433137 -0.48955262689383394 
-0.6497510605842202 1.2122377290433137 -0.48955262689383394 
-0.6497510605842202 1.2122377290433137 -0.48955262689383394 
-0.6497510605842202 1.2122377290433137 -0.48955262689383394 
-0.6497510605842199 1.2122377290433137 -0.4895526268938336 
-0.6497424788509951 1.2121982023575815 -0.4895292741602275 
-0.6497482000064785 1.212224553481403 -0.48954484264929854 
-0.6497482000064785 1.212224553481403 -0.48954484264929854 
-0.649752345368723 1.2122431388185397 -0.48955011737583076 
-0.649752345368723 1.2122431388185397 -0.48955011737583076 
-0.649752345368723 1.2122431388185397 -0.48955011737583076 
-0.649752345368723 1.2122431388185397 -0.48955011737583076 
-0.6497453581777096 1.2122118078047743 -0.48954117209855075 
-0.649750222674329 1.2122345492966677 -0.48955838379024863 
-0.6497459655592048 1.2122137539939088 -0.4895327565481018 
-0.6497503458499525 1.2122335856870268 -0.48954061358330625 
-0.6497431562540026 1.2122016659436736 -0.48953518019267306 
-0.6497413453655752 1.2121924738006378 -0.4895201840119703 
-0.649745523251386 1.212211716764168 -0.4895315529338209 
-0.649748435101667 1.212225979837754 -0.48954954506746295 
-0.649740719235107 1.2121900977262214 -0.4895244858686312 
-0.6497482000064783 1.212224553481403 -0.4895448426492982 
-0.6497479463290026 1.2122228772401393 -0.4895381466468398 
-0.649748933248818 1.2122292973780104 -0.48956300033497957 
-0.6497507881577714 1.2122356229167677 -0.4895418171975876 
-0.6479973759223026 1.2131731755611723 -0.4895516396798494 
-0.6497473389475071 1.212220931051005 -0.48954656219728787 
-0.6497473389475071 1.212220931051005 -0.48954656219728787 
-0.6497424927922743 1.212198610099062 -0.4895333747712516 
-0.6497422251735192 1.212196526116318 -0.48952257815776834 
-0.6497483886368214 1.2122249144698802 -0.4895393502611203 
-0.649742055292149 1.212196595013123 -0.489532184239734 
-0.649741640941104 1.2121950226109357 -0.4895350310566424 
-0.6497474900799046 1.2122204322689176 -0.48953284242153505 
-0.6497459655592048 1.2122137539939088 -0.4895327565481018 
-0.6497464403905904 1.2122164488500426 -0.4895400543577022 
-0.6480041759220476 1.21316263918591 -0.489547981700313 
-0.6493124585798666 1.2124459434687922 -0.48952896263589407 
-0.6497499083498274 1.2122315706010873 -0.4895394230517893 
-0.6484105132471389 1.2129263635346546 -0.4895377096273994 
-0.6497479463290026 1.2122228772401393 -0.4895381466468398 
-0.6497464078670239 1.2122157912236495 -0.4895339601623834 
-0.6497464078670239 1.2122157912236495 -0.4895339601623834 
-0.6497488586605131 1.2122275871822124 -0.4895466349879565 
-0.649745523251386 1.212211716764168 -0.4895315529338209 
-0.6497424788509951 1.2121982023575815 -0.4895292741602275 
-0.6497450670022881 1.212209271792946 -0.4895262487085168 
-0.6497476785435619 1.2122206132570246 -0.4895252299238645 
-0.6497415990430511 1.2121941500419013 -0.48952688001442946 
-0.6497456024806992 1.2122132691033969 -0.48954581125411667 
-0.6497453394287367 1.212211377919492 -0.48953705840476314 
-0.6497488121956675 1.2122265218143387 -0.48953644018161424 
-0.6497499222911064 1.2122319783425686 -0.4895435236628123 
-0.6497424788509951 1.2121982023575815 -0.4895292741602275 
-0.6497470665210585 1.2122188249244594 -0.4895357525010411 
-0.6497512444068695 1.2122380678879896 -0.4895471214228919 
-0.6497448131581268 1.212207415551312 -0.48951743259656566 
-0.6497508020990507 1.2122360306582485 -0.489545917808611 
-0.6497516679657156 1.2122396752324478 -0.4895442113433861 
-0.647998937940948 1.213180713606746 -0.48955995294085697 
-0.6497506182764013 1.212235691813573 -0.48955142327955325 
-0.649741175484205 1.212192542697443 -0.48952979009393593 
-0.6497488726017921 1.2122279949236934 -0.4895507355989799 
-0.6497520915245617 1.2122412825769064 -0.48954130126388007 
-0.6486447551365792 1.2128044690092095 -0.48954329131275887 
-0.64974683142587 1.212217398568108 -0.4895310500828769 
-0.6497407611331599 1.2121909702952558 -0.4895326369108437 
-0.6497435424815885 1.212202593517937 -0.48952616283508377 
-0.6497464403905904 1.2122164488500426 -0.4895400543577022 
-0.6497450857512608 1.2122097016782285 -0.48953036240230396 
-0.6497464403905902 1.2122164488500426 -0.48954005435770187 
-0.6497440173129739 1.2122052883740713 -0.48953346064468395 
-0.649744755363007 1.2122100544144803 -0.48955163141312874 
-0.6497450857512608 1.2122097016782285 -0.48953036240230396 
-0.6497430910401841 1.2122001706905172 -0.48952087169254344 
-0.6497403236330346 1.2121889552093161 -0.48953144637932655 
-0.648527899618194 1.2129104422411554 -0.4895624686432136 
-0.649748900558566 1.212228459751247 -0.489554786030169 
-0.6497464403905904 1.2122164488500426 -0.4895400543577022 
-0.6497488726017921 1.2122279949236934 -0.4895507355989799 
-0.6497512956794087 1.2122391553996648 -0.48955732931199836 
-0.6497473389475071 1.212220931051005 -0.48954656219728787 
-0.6497435798128487 1.212203273288132 -0.4895322701131668 
-0.649745523251386 1.212211716764168 -0.4895315529338209 
-0.6497464591395631 1.2122168787353251 -0.4895441680514896 
-0.6488448087074319 1.212733905954549 -0.4895529079594687 
-0.6497407379840796 1.2121905276115035 -0.48952859956241856 
-0.6497364918189357 1.212206244036326 -0.48954339182731144 
-0.6497512256578968 1.212237638002707 -0.48954300772910475 
-0.64974221123224 1.2121961183748369 -0.48951847754674516 
-0.6497450857512608 1.2122097016782285 -0.48953036240230396 
-0.6497483886368214 1.2122249144698802 -0.4895393502611203 
-0.6497497384684572 1.2122316394978927 -0.48954902913375475 
-0.6497475088288773 1.2122208621542 -0.4895369561153222 
-0.6497459655592048 1.2122137539939088 -0.4895327565481018 
-0.6497435937541277 1.2122036810296126 -0.4895363707241902 
-0.6497391947144071 1.212183419451212 -0.4895243999951985 
-0.649742667481338 1.2121985633460588 -0.48952378177204925 
-0.6497442059433168 1.2122056493625488 -0.4895279682565057 
-0.6497440360619465 1.2122057182593535 -0.4895375743384711 
-0.6479971222448269 1.2131714993199088 -0.48954494367739043 
-0.6494118500095794 1.2123914842568733 -0.48953216546366307 
-0.6497440360619465 1.2122057182593535 -0.4895375743384711 
-0.6497459655592048 1.2122137539939088 -0.4895327565481018 
-0.6497470665210585 1.2122188249244594 -0.4895357525010411 
-0.6497479323877233 1.2122224694986585 -0.4895340460358162 
-0.6497400605810723 1.2121870640254115 -0.48952269352997346 
-0.6497444735620718 1.212207733345293 -0.48953876486998826 
-0.6497420413508699 1.2121961872716422 -0.4895280836287108 
-0.6497439381578763 1.2122033853794338 -0.4895150515335316 
-0.6497472549847161 1.2122190059125661 -0.48952814000337086 
-0.6497472549847161 1.2122190059125661 -0.48952814000337086 
-0.6479973946712756 1.2131736054464548 -0.48955575337363677 
-0.6497440779599994 1.212206590828388 -0.48954572538068364 
-0.6497536674844859 1.2122492283639608 -0.4895537151359104 
-0.649740719235107 1.2121900977262214 -0.4895244858686312 
-0.6497424788509951 1.2121982023575815 -0.4895292741602275 
-0.6497473201985345 1.2122205011657228 -0.4895424485035007 
-0.6497492961606384 1.2122296022681518 -0.4895478255194734 
-0.649748900558566 1.212228459751247 -0.489554786030169 
-0.6497431981520554 1.2122025385127078 -0.48954333123488536 
-0.6497527876765417 1.2122451760482806 -0.4895513209901118 
-0.6497512444068695 1.2122380678879896 -0.4895471214228919 
-0.6497506370253741 1.2122361216988553 -0.48955553697334064 
-0.6497494847909813 1.212229963256629 -0.48954233313129536 
-0.6497494847909813 1.212229963256629 -0.48954233313129536 
-0.6497479463290026 1.2122228772401393 -0.4895381466468398 
-0.6497459468102321 1.2122133241086264 -0.48952864285431485 
-0.6497459655592048 1.2122137539939088 -0.4895327565481018 
-0.6497449158698907 1.2122097705750339 -0.4895399684842694 
-0.6497479323877233 1.2122224694986585 -0.4895340460358162 
-0.6497456024806992 1.2122132691033969 -0.48954581125411667 
-0.6497512117166175 1.2122372302612259 -0.48953890711808135 
-0.6497399000741886 1.212187347864858 -0.48953435645883303 
-0.6497448971209179 1.2122093406897514 -0.489535854790482 
-0.6497453394287367 1.212211377919492 -0.48953705840476314 
-0.649740719235107 1.2121900977262214 -0.4895244858686312 
-0.6497506370253741 1.2122361216988553 -0.48955553697334064 
-0.6497415990430511 1.2121941500419013 -0.48952688001442946 
-0.64974221123224 1.2121961183748369 -0.48951847754674516 
-0.6497400605810723 1.2121870640254115 -0.48952269352997346 
-0.6497503458499525 1.2122335856870268 -0.48954061358330625 
-0.6497411615429258 1.2121921349559621 -0.4895256894829121 
-0.6497426487323653 1.2121981334607763 -0.4895196680782623 
-0.649740719235107 1.2121900977262214 -0.4895244858686312 
-0.6497444596207926 1.2122073256038122 -0.48953466425896486 
-0.6497464403905904 1.2122164488500426 -0.4895400543577022 
-0.6497474900799046 1.2122204322689176 -0.48953284242153505 
-0.6497459655592048 1.2122137539939088 -0.4895327565481018 
-0.649745932868953 1.2122129163671453 -0.4895245422432919 
-0.6497488121956675 1.2122265218143387 -0.48953644018161424 
-0.6497477625063532 1.2122225383954637 -0.4895436521177816 
-0.6480012909970524 1.2131903566857596 -0.4895522250709816 
-0.6494323030621173 1.21238472861324 -0.48954400045362134 
-0.6497499222911064 1.2122319783425686 -0.4895435236628123 
-0.6497459655592048 1.2122137539939088 -0.4895327565481018 
-0.6497435424815883 1.212202593517937 -0.48952616283508343 
-0.6497436217109015 1.2122041458571662 -0.4895404211553793 
-0.6497444596207926 1.2122073256038122 -0.48953466425896486 
-0.6497435798128487 1.212203273288132 -0.4895322701131668 
-0.6497435798128487 1.212203273288132 -0.4895322701131668 
-0.6497492961606384 1.2122296022681518 -0.4895478255194734 
-0.6497467939279243 1.2122165387975432 -0.48952282269530234 
-0.6497459655592048 1.2122137539939088 -0.4895327565481018 
-0.6497442059433168 1.2122056493625488 -0.4895279682565057 
-0.6497426347910861 1.2121977257192955 -0.4895155674672391 
-0.6497417876733939 1.2121945110303787 -0.48952138762625164 
-0.6497424788509951 1.2121982023575815 -0.4895292741602275 
-0.6497482000064785 1.212224553481403 -0.48954484264929854 
-0.6497430910401841 1.2122001706905172 -0.48952087169254344 
-0.6497445202678185 1.2122086280581288 -0.48954692899496455 
-0.6497450670022881 1.212209271792946 -0.4895262487085168 
-0.6497488261369465 1.2122269295558195 -0.48954054079263765 
-0.6497416177920238 1.2121945799271838 -0.48953099370821707 
-0.6497470665210585 1.2122188249244594 -0.4895357525010411 
-0.6497488261369465 1.2122269295558195 -0.48954054079263765 
-0.6497426487323653 1.2121981334607763 -0.4895196680782623 
-0.6497398069035963 1.2121853877841482 -0.4895159975275143 
-0.6497415990430511 1.2121941500419013 -0.48952688001442946 
-0.6497484351016668 1.212225979837754 -0.4895495450674626 
-0.6497446434434417 1.2122076644484878 -0.4895291587880227 
-0.6497516679657156 1.2122396752324478 -0.4895442113433861 
-0.6497435424815885 1.212202593517937 -0.48952616283508377 
-0.6497479463290026 1.2122228772401393 -0.4895381466468398 
-0.6497470665210585 1.2122188249244594 -0.4895357525010411 
-0.6497444735620718 1.212207733345293 -0.48953876486998826 
-0.6497453581777096 1.2122118078047743 -0.48954117209855075 
-0.6497453581777096 1.2122118078047743 -0.48954117209855075 
-0.6497430910401841 1.2122001706905172 -0.48952087169254344 
-0.6497516867146883 1.2122401051177303 -0.4895483250371728 
-0.6497493660154651 1.2122309396647395 -0.4895600269928757 
-0.6497483698878488 1.212224484584598 -0.48953523656733355 
-0.6497470665210585 1.2122188249244594 -0.4895357525010411 
-0.6497457817365557 1.212213415149233 -0.48953826201904427 
-0.6497444735620718 1.212207733345293 -0.48953876486998826 
-0.6497468966396884 1.2122188938212646 -0.4895453585830072 
-0.6497435798128487 1.212203273288132 -0.4895322701131668 
-0.6497442059433168 1.2122056493625488 -0.4895279682565057 
-0.6497415990430511 1.2121941500419013 -0.48952688001442946 
-0.649748900558566 1.212228459751247 -0.489554786030169 
-0.6497479463290026 1.2122228772401393 -0.4895381466468398 
-0.6497475971917759 1.2122228000911082 -0.489555301963877 
-0.6497479323877233 1.2122224694986585 -0.4895340460358162 
-0.6497420413508697 1.2121961872716422 -0.4895280836287105 
-0.6497499083498272 1.2122315706010873 -0.489539423051789 
-0.6497506182764013 1.212235691813573 -0.48955142327955325 
-0.6497440360619465 1.2122057182593535 -0.4895375743384711 
-0.6497503458499525 1.2122335856870268 -0.48954061358330625 
-0.649746016831744 1.2122148415055842 -0.4895429644372077 
-0.6497493149096112 1.2122300321534345 -0.48955193921326123 
-0.6497417689244213 1.2121940811450962 -0.48951727393246425 
-0.6482642396623393 1.213028495456437 -0.48955043731869163 
-0.6497501947175552 1.2122340844691144 -0.4895543333590593 
