-0.5947512956794088 1.2122391553996652 -0.48955732931199836 
-0.5947512956794088 1.2122391553996652 -0.48955732931199836 
-0.5947512956794088 1.2122391553996652 -0.48955732931199836 
-0.5947506182764012 1.2122356918135728 -0.48955142327955303 
-0.5947506182764012 1.2122356918135728 -0.48955142327955303 
-0.5947506182764012 1.2122356918135728 -0.48955142327955303 
-0.5947506182764012 1.2122356918135728 -0.48955142327955303 
-0.5947484351016669 1.2122259798377542 -0.4895495450674632 
-0.5947484351016669 1.2122259798377542 -0.4895495450674632 
-0.5947484351016669 1.2122259798377542 -0.4895495450674632 
-0.5947484351016669 1.2122259798377542 -0.4895495450674632 
-0.5947484351016669 1.2122259798377542 -0.4895495450674632 
-0.5947488261369465 1.2122269295558197 -0.48954054079263765 
-0.5947464078670237 1.2122157912236498 -0.4895339601623836 
-0.5947464078670237 1.2122157912236498 -0.4895339601623836 
-0.5947464078670237 1.2122157912236498 -0.4895339601623836 
-0.5947464078670237 1.2122157912236498 -0.4895339601623836 
-0.5947435285403091 1.2122021857764564 -0.489522062224061 
-0.5947435285403091 1.2122021857764564 -0.489522062224061 
-0.5947435285403089 1.2122021857764564 -0.4895220622240607 
-0.5947435285403089 1.2122021857764564 -0.4895220622240607 
-0.5947407611331598 1.2121909702952556 -0.4895326369108439 
-0.5947407611331598 1.2121909702952556 -0.4895326369108439 
-0.5947407611331598 1.2121909702952556 -0.4895326369108439 
-0.5947407611331598 1.2121909702952556 -0.4895326369108439 
-0.5947464078670237 1.2122157912236498 -0.4895339601623836 
-0.5947464078670237 1.2122157912236498 -0.4895339601623836 
-0.5947464078670237 1.2122157912236498 -0.4895339601623836 
-0.5947431562540025 1.2122016659436738 -0.48953518019267306 
-0.5947431562540025 1.2122016659436738 -0.48953518019267306 
-0.5947464078670235 1.2122157912236498 -0.48953396016238326 
-0.594742478850995 1.2121982023575817 -0.48952927416022773 
-0.594742478850995 1.2121982023575817 -0.48952927416022773 
-0.5947424788509947 1.2121982023575817 -0.4895292741602274 
-0.5947446434434418 1.212207664448488 -0.48952915878802306 
-0.5947446434434418 1.212207664448488 -0.48952915878802306 
-0.5947445015188455 1.2122081981728465 -0.4895428153011776 
-0.5947445015188455 1.2122081981728465 -0.4895428153011776 
-0.594745523251386 1.2122117167641682 -0.4895315529338211 
-0.594745523251386 1.2122117167641682 -0.4895315529338211 
-0.594745523251386 1.2122117167641682 -0.4895315529338211 
-0.594745523251386 1.2122117167641682 -0.4895315529338211 
-0.5947457817365556 1.2122134151492332 -0.48953826201904427 
-0.5947457817365556 1.2122134151492332 -0.48953826201904427 
-0.5947457817365556 1.2122134151492332 -0.48953826201904427 
-0.5947415990430509 1.2121941500419016 -0.48952688001442946 
-0.5947415990430509 1.2121941500419016 -0.48952688001442946 
-0.5947415990430509 1.2121941500419016 -0.48952688001442946 
-0.5947501759685823 1.2122336545838321 -0.4895502196652721 
-0.5947501759685823 1.2122336545838321 -0.4895502196652721 
-0.5947501759685823 1.2122336545838321 -0.4895502196652721 
-0.5947501759685823 1.2122336545838321 -0.4895502196652721 
-0.5947516492167426 1.2122392453471653 -0.4895400976495985 
-0.5947516492167426 1.2122392453471653 -0.4895400976495985 
-0.5947516492167426 1.2122392453471653 -0.4895400976495985 
-0.5947516492167426 1.2122392453471653 -0.4895400976495985 
-0.5947516492167426 1.2122392453471653 -0.4895400976495985 
-0.5947450857512606 1.212209701678229 -0.4895303624023042 
-0.5947450857512606 1.212209701678229 -0.4895303624023042 
-0.5947450857512606 1.212209701678229 -0.4895303624023042 
-0.5947446434434418 1.212207664448488 -0.48952915878802306 
-0.5947446434434418 1.212207664448488 -0.48952915878802306 
-0.5947446434434418 1.212207664448488 -0.48952915878802306 
-0.5947450857512604 1.212209701678229 -0.48953036240230385 
-0.5947450857512604 1.212209701678229 -0.48953036240230385 
-0.5947450857512604 1.212209701678229 -0.48953036240230385 
-0.5947450857512604 1.212209701678229 -0.48953036240230385 
-0.5947453581777093 1.2122118078047748 -0.48954117209855075 
-0.5947453581777093 1.2122118078047748 -0.48954117209855075 
-0.5947507694087986 1.2122351930314852 -0.48953770350380066 
-0.5947507694087983 1.2122351930314852 -0.4895377035038003 
-0.5947446434434418 1.212207664448488 -0.48952915878802306 
-0.5947446434434418 1.212207664448488 -0.48952915878802306 
-0.5947446434434418 1.212207664448488 -0.48952915878802306 
-0.5947473201985344 1.212220501165723 -0.4895424485035005 
-0.5947473201985344 1.212220501165723 -0.4895424485035005 
-0.5947484351016669 1.2122259798377542 -0.4895495450674632 
-0.5947484351016669 1.2122259798377542 -0.4895495450674632 
-0.5947470665210584 1.2122188249244592 -0.48953575250104087 
-0.5947470665210584 1.2122188249244592 -0.48953575250104087 
-0.5947470665210584 1.2122188249244592 -0.48953575250104087 
-0.5947470665210584 1.2122188249244592 -0.48953575250104087 
-0.5947445015188455 1.2122081981728465 -0.4895428153011776 
-0.594748858660513 1.2122275871822128 -0.4895466349879567 
-0.594748858660513 1.2122275871822128 -0.4895466349879567 
-0.594748858660513 1.2122275871822128 -0.4895466349879567 
-0.594748858660513 1.2122275871822128 -0.4895466349879567 
-0.5947444735620717 1.2122077333452932 -0.4895387648699885 
-0.5947444735620717 1.2122077333452932 -0.4895387648699885 
-0.5947444735620715 1.2122077333452932 -0.48953876486998815 
-0.5947444735620715 1.2122077333452932 -0.48953876486998815 
-0.5947479463290025 1.2122228772401396 -0.4895381466468396 
-0.5947477625063533 1.212222538395464 -0.48954365211778184 
-0.594745067002288 1.2122092717929462 -0.489526248708517 
-0.5947436356521806 1.2122045535986474 -0.4895445217664023 
-0.5947436356521806 1.2122045535986474 -0.4895445217664023 
-0.5947436356521806 1.2122045535986474 -0.4895445217664023 
-0.5947470665210584 1.2122188249244592 -0.48953575250104087 
-0.5947470665210584 1.2122188249244592 -0.48953575250104087 
-0.5947470665210581 1.2122188249244592 -0.48953575250104053 
-0.5947470665210581 1.2122188249244592 -0.48953575250104053 
-0.5947482000064784 1.2122245534814031 -0.489544842649299 
-0.5947482000064784 1.2122245534814031 -0.489544842649299 
-0.5947482000064784 1.2122245534814031 -0.489544842649299 
-0.5947521102735343 1.2122417124621887 -0.489545414957667 
-0.5947521102735343 1.2122417124621887 -0.489545414957667 
-0.5947521102735343 1.2122417124621887 -0.489545414957667 
-0.5947521102735343 1.2122417124621887 -0.489545414957667 
-0.5947521102735343 1.2122417124621887 -0.489545414957667 
-0.594741345365575 1.2121924738006382 -0.4895201840119703 
-0.594741345365575 1.2121924738006382 -0.4895201840119703 
-0.594741345365575 1.2121924738006382 -0.4895201840119703 
-0.594745523251386 1.2122117167641682 -0.4895315529338211 
-0.594745523251386 1.2122117167641682 -0.4895315529338211 
-0.5947480207506217 1.2122244074355666 -0.48955239188437094 
-0.5947480207506217 1.2122244074355666 -0.48955239188437094 
-0.5947516867146883 1.2122401051177303 -0.48954832503717305 
-0.5947516867146883 1.2122401051177303 -0.48954832503717305 
-0.5947516867146883 1.2122401051177303 -0.48954832503717305 
-0.5947516867146883 1.2122401051177303 -0.48954832503717305 
-0.5947417689244212 1.2121940811450966 -0.489517273932464 
-0.5947417689244212 1.2121940811450966 -0.489517273932464 
-0.594741768924421 1.2121940811450966 -0.4895172739324637 
-0.594741768924421 1.2121940811450966 -0.4895172739324637 
-0.594741768924421 1.2121940811450966 -0.4895172739324637 
-0.594741768924421 1.2121940811450966 -0.4895172739324637 
-0.5947427419029574 1.2122000935414865 -0.4895380270095806 
-0.5947427419029574 1.2122000935414865 -0.4895380270095806 
-0.5947450857512606 1.212209701678229 -0.4895303624023042 
-0.5947450857512606 1.212209701678229 -0.4895303624023042 
-0.5947450857512606 1.212209701678229 -0.4895303624023042 
-0.5947411615429257 1.2121921349559623 -0.48952568948291253 
-0.5947411615429257 1.2121921349559623 -0.48952568948291253 
-0.5947411615429257 1.2121921349559623 -0.48952568948291253 
-0.5947431049814631 1.2122005784319982 -0.4895249723035666 
-0.5947431049814629 1.2122005784319982 -0.4895249723035663 
-0.5947440173129739 1.2122052883740715 -0.48953346064468417 
-0.5947440173129739 1.2122052883740715 -0.48953346064468417 
-0.5947487934466946 1.2122260919290562 -0.48953232648782685 
-0.5947487934466946 1.2122260919290562 -0.48953232648782685 
-0.5947487934466946 1.2122260919290562 -0.48953232648782685 
-0.5947487934466946 1.2122260919290562 -0.48953232648782685 
-0.5947431049814631 1.2122005784319982 -0.4895249723035666 
-0.5947431049814631 1.2122005784319982 -0.4895249723035666 
-0.5947431049814631 1.2122005784319982 -0.4895249723035666 
-0.5947431049814631 1.2122005784319982 -0.4895249723035666 
-0.5947497524097362 1.2122320472393735 -0.4895531297447784 
-0.5947497524097362 1.2122320472393735 -0.4895531297447784 
-0.5947468826984093 1.2122184860797838 -0.4895412579719831 
-0.5947468826984093 1.2122184860797838 -0.4895412579719831 
-0.5947468826984093 1.2122184860797838 -0.4895412579719831 
-0.5947468826984093 1.2122184860797838 -0.4895412579719831 
-0.5947468966396883 1.2122188938212644 -0.48954535858300674 
-0.5947468966396883 1.2122188938212644 -0.48954535858300674 
-0.5947435424815883 1.2122025935179372 -0.48952616283508377 
-0.5947435424815883 1.2122025935179372 -0.48952616283508377 
-0.5947435424815883 1.2122025935179375 -0.48952616283508377 
-0.5947435424815883 1.2122025935179375 -0.48952616283508377 
-0.5947435424815883 1.2122025935179375 -0.48952616283508377 
-0.5947435424815883 1.2122025935179375 -0.48952616283508377 
-0.5947506182764012 1.2122356918135728 -0.48955142327955303 
-0.5947506182764012 1.2122356918135728 -0.48955142327955303 
-0.5947426674813379 1.2121985633460588 -0.4895237817720497 
-0.5947426674813379 1.2121985633460588 -0.4895237817720497 
-0.5947426674813379 1.2121985633460588 -0.4895237817720497 
-0.5947426674813379 1.2121985633460588 -0.4895237817720497 
-0.5947439660404343 1.2122042008623957 -0.4895232527555782 
-0.5947448971209176 1.2122093406897514 -0.4895358547904819 
-0.5947448971209176 1.2122093406897514 -0.4895358547904819 
-0.5947448971209176 1.2122093406897514 -0.4895358547904819 
-0.5947448971209176 1.2122093406897514 -0.4895358547904819 
-0.5947497384684571 1.212231639497893 -0.48954902913375453 
-0.5947497384684571 1.212231639497893 -0.48954902913375453 
-0.594748914499845 1.212228867492728 -0.4895588866411924 
-0.594748914499845 1.212228867492728 -0.4895588866411924 
-0.594748914499845 1.212228867492728 -0.4895588866411924 
-0.594748914499845 1.212228867492728 -0.4895588866411924 
-0.5947445015188455 1.2122081981728465 -0.4895428153011776 
-0.5947398069035963 1.212185387784148 -0.4895159975275143 
-0.5947398069035963 1.212185387784148 -0.4895159975275143 
-0.5947398069035963 1.212185387784148 -0.4895159975275143 
-0.5947398069035963 1.212185387784148 -0.4895159975275143 
-0.5947473389475071 1.2122209310510055 -0.48954656219728787 
-0.5947473389475071 1.2122209310510055 -0.48954656219728787 
-0.5947473389475071 1.2122209310510055 -0.48954656219728787 
-0.5947426674813379 1.2121985633460588 -0.4895237817720497 
-0.5947426674813379 1.2121985633460588 -0.4895237817720497 
-0.5947440173129739 1.2122052883740715 -0.48953346064468417 
-0.5947440173129739 1.2122052883740715 -0.48953346064468417 
-0.594745067002288 1.2122092717929462 -0.489526248708517 
-0.594745067002288 1.2122092717929462 -0.489526248708517 
-0.5947431794030826 1.2122021086274255 -0.4895392175410984 
-0.5947459468102321 1.2122133241086264 -0.48952864285431485 
-0.5947459468102321 1.2122133241086264 -0.48952864285431485 
-0.5947459468102321 1.2122133241086264 -0.48952864285431485 
-0.5947496732546387 1.2122301442447363 -0.4895347206336256 
-0.5947496732546387 1.2122301442447363 -0.4895347206336256 
-0.5947464403905902 1.2122164488500426 -0.489540054357702 
-0.5947464403905902 1.2122164488500426 -0.489540054357702 
-0.5947464403905902 1.2122164488500426 -0.489540054357702 
-0.5947464403905902 1.2122164488500426 -0.489540054357702 
-0.5947464403905902 1.2122164488500426 -0.489540054357702 
-0.594745067002288 1.2122092717929462 -0.489526248708517 
-0.5947468826984093 1.2122184860797838 -0.4895412579719831 
-0.5947468826984093 1.2122184860797838 -0.4895412579719831 
-0.5947492496957926 1.212228536900278 -0.4895376307131316 
-0.5947492496957926 1.212228536900278 -0.4895376307131316 
-0.5947492496957926 1.212228536900278 -0.4895376307131316 
-0.5947492496957926 1.212228536900278 -0.4895376307131316 
-0.5947497384684571 1.212231639497893 -0.48954902913375453 
-0.5947510605842201 1.2122377290433137 -0.48955262689383416 
-0.5947510605842201 1.2122377290433137 -0.48955262689383416 
-0.5947510605842201 1.2122377290433137 -0.48955262689383416 
-0.5947510605842201 1.2122377290433137 -0.48955262689383416 
-0.5947510605842199 1.2122377290433137 -0.48955262689383383 
-0.594742478850995 1.2121982023575817 -0.48952927416022773 
-0.5947482000064784 1.2122245534814031 -0.489544842649299 
-0.5947482000064784 1.2122245534814031 -0.489544842649299 
-0.5947523453687229 1.2122431388185402 -0.4895501173758312 
-0.5947523453687229 1.2122431388185402 -0.4895501173758312 
-0.5947523453687229 1.2122431388185402 -0.4895501173758312 
-0.5947523453687229 1.2122431388185402 -0.4895501173758312 
-0.5947453581777093 1.2122118078047748 -0.48954117209855075 
-0.5947502226743289 1.2122345492966677 -0.4895583837902482 
-0.5947459655592049 1.212213753993909 -0.489532756548102 
-0.5947503458499525 1.212233585687027 -0.4895406135833067 
-0.5947431562540025 1.2122016659436738 -0.48953518019267306 
-0.594741345365575 1.2121924738006382 -0.4895201840119703 
-0.594745523251386 1.2122117167641682 -0.4895315529338211 
-0.5947484351016669 1.2122259798377542 -0.4895495450674632 
-0.594740719235107 1.2121900977262217 -0.4895244858686312 
-0.5947482000064782 1.2122245534814031 -0.48954484264929865 
-0.5947479463290025 1.2122228772401396 -0.4895381466468396 
-0.5947489332488178 1.2122292973780107 -0.48956300033497935 
-0.5947507881577712 1.2122356229167675 -0.4895418171975874 
-0.5929973759223025 1.2131731755611723 -0.4895516396798496 
-0.5947473389475071 1.2122209310510055 -0.48954656219728787 
-0.5947473389475071 1.2122209310510055 -0.48954656219728787 
-0.5947424927922742 1.2121986100990625 -0.4895333747712516 
-0.594742225173519 1.212196526116318 -0.489522578157769 
-0.5947483886368213 1.2122249144698802 -0.4895393502611205 
-0.5947420552921489 1.2121965950131233 -0.48953218423973466 
-0.5947416409411037 1.2121950226109357 -0.4895350310566424 
-0.5947474900799044 1.2122204322689174 -0.48953284242153505 
-0.5947459655592049 1.212213753993909 -0.489532756548102 
-0.5947464403905902 1.2122164488500426 -0.489540054357702 
-0.5930041759220475 1.2131626391859103 -0.48954798170031255 
-0.5943124585798665 1.2124459434687924 -0.4895289626358932 
-0.5947499083498271 1.2122315706010873 -0.4895394230517891 
-0.5934105132471388 1.2129263635346548 -0.48953770962739984 
-0.5947479463290025 1.2122228772401396 -0.4895381466468396 
-0.5947464078670237 1.2122157912236498 -0.4895339601623836 
-0.5947464078670237 1.2122157912236498 -0.4895339601623836 
-0.594748858660513 1.2122275871822128 -0.4895466349879567 
-0.594745523251386 1.2122117167641682 -0.4895315529338211 
-0.594742478850995 1.2121982023575817 -0.48952927416022773 
-0.594745067002288 1.2122092717929462 -0.489526248708517 
-0.5947476785435617 1.2122206132570246 -0.4895252299238647 
-0.5947415990430509 1.2121941500419016 -0.48952688001442946 
-0.594745602480699 1.2122132691033967 -0.48954581125411667 
-0.5947453394287366 1.2122113779194923 -0.48953705840476336 
-0.5947488121956674 1.2122265218143384 -0.4895364401816147 
-0.5947499222911063 1.2122319783425686 -0.48954352366281273 
-0.594742478850995 1.2121982023575817 -0.48952927416022773 
-0.5947470665210584 1.2122188249244592 -0.48953575250104087 
-0.5947512444068693 1.2122380678879896 -0.4895471214228919 
-0.5947448131581266 1.2122074155513123 -0.48951743259656544 
-0.5947508020990504 1.2122360306582487 -0.489545917808611 
-0.5947516679657154 1.212239675232448 -0.48954421134338544 
-0.5929989379409479 1.2131807136067463 -0.4895599529408574 
-0.5947506182764012 1.2122356918135728 -0.48955142327955303 
-0.5947411754842048 1.212192542697443 -0.48952979009393593 
-0.5947488726017921 1.2122279949236934 -0.48955073559897966 
-0.5947520915245614 1.2122412825769064 -0.4895413012638794 
-0.5936447551365791 1.21280446900921 -0.48954329131275887 
-0.5947468314258697 1.2122173985681082 -0.48953105008287756 
-0.5947407611331598 1.2121909702952556 -0.4895326369108439 
-0.5947435424815883 1.2122025935179375 -0.48952616283508377 
-0.5947464403905902 1.2122164488500426 -0.489540054357702 
-0.5947450857512606 1.212209701678229 -0.4895303624023042 
-0.59474644039059 1.2122164488500426 -0.48954005435770165 
-0.5947440173129739 1.2122052883740715 -0.48953346064468417 
-0.5947447553630069 1.2122100544144803 -0.48955163141312874 
-0.5947450857512606 1.212209701678229 -0.4895303624023042 
-0.594743091040184 1.212200170690517 -0.48952087169254344 
-0.5947403236330344 1.2121889552093164 -0.489531446379327 
-0.5935278996181939 1.2129104422411552 -0.4895624686432134 
-0.5947489005585659 1.212228459751247 -0.4895547860301692 
-0.5947464403905902 1.2122164488500426 -0.489540054357702 
-0.5947488726017921 1.2122279949236934 -0.48955073559897966 
-0.5947512956794088 1.2122391553996652 -0.48955732931199836 
-0.5947473389475071 1.2122209310510055 -0.48954656219728787 
-0.5947435798128486 1.2122032732881323 -0.48953227011316636 
-0.594745523251386 1.2122117167641682 -0.4895315529338211 
-0.594746459139563 1.2122168787353254 -0.48954416805149004 
-0.5938448087074317 1.212733905954549 -0.4895529079594687 
-0.5947407379840796 1.2121905276115037 -0.48952859956241945 
-0.5947364918189355 1.2122062440363262 -0.48954339182731166 
-0.5947512256578965 1.212237638002707 -0.48954300772910453 
-0.5947422112322399 1.2121961183748373 -0.48951847754674516 
-0.5947450857512606 1.212209701678229 -0.4895303624023042 
-0.5947483886368213 1.2122249144698802 -0.4895393502611205 
-0.5947497384684571 1.212231639497893 -0.48954902913375453 
-0.5947475088288772 1.2122208621542 -0.4895369561153222 
-0.5947459655592049 1.212213753993909 -0.489532756548102 
-0.5947435937541277 1.212203681029613 -0.4895363707241902 
-0.5947391947144071 1.2121834194512127 -0.48952439999519826 
-0.5947426674813379 1.2121985633460586 -0.4895237817720497 
-0.5947442059433168 1.2122056493625488 -0.48952796825650546 
-0.5947440360619465 1.212205718259354 -0.48953757433847134 
-0.5929971222448267 1.213171499319909 -0.48954494367739043 
-0.5944118500095792 1.2123914842568735 -0.48953216546366307 
-0.5947440360619465 1.212205718259354 -0.48953757433847134 
-0.5947459655592049 1.212213753993909 -0.489532756548102 
-0.5947470665210584 1.2122188249244592 -0.48953575250104087 
-0.5947479323877234 1.2122224694986588 -0.4895340460358162 
-0.5947400605810722 1.212187064025412 -0.48952269352997346 
-0.5947444735620717 1.2122077333452932 -0.4895387648699885 
-0.5947420413508698 1.2121961872716425 -0.4895280836287106 
-0.5947439381578763 1.212203385379434 -0.48951505153353136 
-0.5947472549847158 1.2122190059125661 -0.48952814000337086 
-0.5947472549847158 1.2122190059125661 -0.48952814000337086 
-0.5929973946712755 1.2131736054464548 -0.489555753373637 
-0.5947440779599995 1.2122065908283886 -0.48954572538068386 
-0.5947536674844858 1.212249228363961 -0.4895537151359102 
-0.594740719235107 1.2121900977262217 -0.4895244858686312 
-0.594742478850995 1.2121982023575817 -0.48952927416022773 
-0.5947473201985344 1.212220501165723 -0.4895424485035005 
-0.5947492961606382 1.212229602268152 -0.4895478255194736 
-0.5947489005585659 1.212228459751247 -0.4895547860301692 
-0.5947431981520552 1.212202538512708 -0.4895433312348856 
-0.5947527876765415 1.2122451760482809 -0.4895513209901118 
-0.5947512444068693 1.2122380678879896 -0.4895471214228919 
-0.5947506370253739 1.2122361216988553 -0.48955553697334064 
-0.5947494847909811 1.2122299632566294 -0.48954233313129536 
-0.5947494847909811 1.2122299632566294 -0.48954233313129536 
-0.5947479463290025 1.2122228772401396 -0.4895381466468396 
-0.5947459468102321 1.2122133241086264 -0.48952864285431485 
-0.5947459655592049 1.212213753993909 -0.489532756548102 
-0.5947449158698906 1.2122097705750339 -0.4895399684842696 
-0.5947479323877234 1.2122224694986588 -0.4895340460358162 
-0.594745602480699 1.2122132691033967 -0.48954581125411667 
-0.5947512117166174 1.2122372302612259 -0.48953890711808135 
-0.5947399000741884 1.2121873478648582 -0.4895343564588328 
-0.5947448971209178 1.2122093406897514 -0.4895358547904822 
-0.5947453394287366 1.2122113779194923 -0.48953705840476336 
-0.594740719235107 1.2121900977262217 -0.4895244858686312 
-0.5947506370253739 1.2122361216988553 -0.48955553697334064 
-0.5947415990430509 1.2121941500419016 -0.48952688001442946 
-0.5947422112322399 1.2121961183748373 -0.48951847754674516 
-0.5947400605810722 1.212187064025412 -0.48952269352997346 
-0.5947503458499525 1.212233585687027 -0.4895406135833067 
-0.5947411615429257 1.2121921349559623 -0.48952568948291253 
-0.5947426487323652 1.2121981334607765 -0.48951966807826275 
-0.594740719235107 1.2121900977262217 -0.4895244858686312 
-0.5947444596207926 1.2122073256038122 -0.48953466425896464 
-0.5947464403905902 1.2122164488500426 -0.489540054357702 
-0.5947474900799044 1.2122204322689174 -0.48953284242153505 
-0.5947459655592049 1.212213753993909 -0.489532756548102 
-0.5947459328689528 1.2122129163671456 -0.4895245422432919 
-0.5947488121956674 1.2122265218143384 -0.4895364401816147 
-0.5947477625063533 1.212222538395464 -0.48954365211778184 
-0.5930012909970523 1.2131903566857594 -0.48955222507098206 
-0.594432303062117 1.2123847286132405 -0.48954400045362134 
-0.5947499222911063 1.2122319783425686 -0.48954352366281273 
-0.5947459655592049 1.212213753993909 -0.489532756548102 
-0.5947435424815881 1.2122025935179375 -0.48952616283508343 
-0.5947436217109013 1.2122041458571664 -0.48954042115538 
-0.5947444596207926 1.2122073256038122 -0.48953466425896464 
-0.5947435798128486 1.2122032732881323 -0.48953227011316636 
-0.5947435798128486 1.2122032732881323 -0.48953227011316636 
-0.5947492961606382 1.212229602268152 -0.4895478255194736 
-0.5947467939279242 1.212216538797543 -0.4895228226953028 
-0.5947459655592049 1.212213753993909 -0.489532756548102 
-0.5947442059433168 1.2122056493625488 -0.48952796825650546 
-0.594742634791086 1.2121977257192955 -0.4895155674672391 
-0.5947417876733938 1.2121945110303787 -0.4895213876262514 
-0.594742478850995 1.2121982023575817 -0.48952927416022773 
-0.5947482000064784 1.2122245534814031 -0.489544842649299 
-0.594743091040184 1.212200170690517 -0.48952087169254344 
-0.5947445202678182 1.212208628058129 -0.48954692899496477 
-0.594745067002288 1.2122092717929462 -0.489526248708517 
-0.5947488261369465 1.2122269295558197 -0.48954054079263765 
-0.5947416177920237 1.212194579927184 -0.48953099370821707 
-0.5947470665210584 1.2122188249244592 -0.48953575250104087 
-0.5947488261369465 1.2122269295558197 -0.48954054079263765 
-0.5947426487323652 1.2121981334607765 -0.48951966807826275 
-0.5947398069035963 1.212185387784148 -0.4895159975275143 
-0.5947415990430509 1.2121941500419016 -0.48952688001442946 
-0.5947484351016666 1.2122259798377542 -0.48954954506746284 
-0.5947446434434416 1.212207664448488 -0.4895291587880227 
-0.5947516679657154 1.212239675232448 -0.48954421134338544 
-0.5947435424815883 1.2122025935179375 -0.48952616283508377 
-0.5947479463290025 1.2122228772401396 -0.4895381466468396 
-0.5947470665210584 1.2122188249244592 -0.48953575250104087 
-0.5947444735620717 1.2122077333452932 -0.4895387648699885 
-0.5947453581777093 1.2122118078047748 -0.48954117209855075 
-0.5947453581777093 1.2122118078047748 -0.48954117209855075 
-0.594743091040184 1.212200170690517 -0.48952087169254344 
-0.5947516867146883 1.2122401051177303 -0.48954832503717305 
-0.5947493660154648 1.2122309396647395 -0.4895600269928757 
-0.5947483698878485 1.2122244845845978 -0.48953523656733333 
-0.5947470665210584 1.2122188249244592 -0.48953575250104087 
-0.5947457817365556 1.2122134151492332 -0.48953826201904427 
-0.5947444735620717 1.2122077333452932 -0.4895387648699885 
-0.5947468966396883 1.2122188938212644 -0.48954535858300674 
-0.5947435798128486 1.2122032732881323 -0.48953227011316636 
-0.5947442059433168 1.2122056493625488 -0.48952796825650546 
-0.5947415990430509 1.2121941500419016 -0.48952688001442946 
-0.5947489005585659 1.212228459751247 -0.4895547860301692 
-0.5947479463290025 1.2122228772401396 -0.4895381466468396 
-0.5947475971917757 1.2122228000911086 -0.48955530196387675 
-0.5947479323877234 1.2122224694986588 -0.4895340460358162 
-0.5947420413508696 1.2121961872716425 -0.48952808362871025 
-0.5947499083498269 1.2122315706010873 -0.48953942305178877 
-0.5947506182764012 1.2122356918135728 -0.48955142327955303 
-0.5947440360619465 1.212205718259354 -0.48953757433847134 
-0.5947503458499525 1.212233585687027 -0.4895406135833067 
-0.5947460168317438 1.212214841505584 -0.48954296443720857 
-0.594749314909611 1.2122300321534343 -0.489551939213261 
-0.5947417689244212 1.2121940811450966 -0.489517273932464 
-0.5932642396623392 1.2130284954564372 -0.48955043731869186 
-0.594750194717555 1.2122340844691144 -0.48955433335905973 
