-0.704751295679409 1.2822391553996653 -0.48955732931199836 
-0.704751295679409 1.2822391553996653 -0.48955732931199836 
-0.704751295679409 1.2822391553996653 -0.48955732931199836 
-0.7047506182764015 1.2822356918135729 -0.48955142327955325 
-0.7047506182764015 1.2822356918135729 -0.48955142327955325 
-0.7047506182764015 1.2822356918135729 -0.48955142327955325 
-0.7047506182764015 1.2822356918135729 -0.48955142327955325 
-0.7047484351016672 1.2822259798377542 -0.48954954506746273 
-0.7047484351016672 1.2822259798377542 -0.48954954506746273 
-0.7047484351016672 1.2822259798377542 -0.48954954506746273 
-0.7047484351016672 1.2822259798377542 -0.48954954506746273 
-0.7047484351016672 1.2822259798377542 -0.48954954506746273 
-0.7047488261369467 1.2822269295558195 -0.48954054079263787 
-0.7047464078670239 1.2822157912236496 -0.4895339601623834 
-0.7047464078670239 1.2822157912236496 -0.4895339601623834 
-0.7047464078670239 1.2822157912236496 -0.4895339601623834 
-0.7047464078670239 1.2822157912236496 -0.4895339601623834 
-0.7047435285403095 1.2822021857764567 -0.4895220622240606 
-0.7047435285403095 1.2822021857764567 -0.4895220622240606 
-0.7047435285403093 1.2822021857764567 -0.48952206222406025 
-0.7047435285403093 1.2822021857764567 -0.48952206222406025 
-0.70474076113316 1.2821909702952554 -0.4895326369108439 
-0.70474076113316 1.2821909702952554 -0.4895326369108439 
-0.70474076113316 1.2821909702952554 -0.4895326369108439 
-0.70474076113316 1.2821909702952554 -0.4895326369108439 
-0.7047464078670239 1.2822157912236496 -0.4895339601623834 
-0.7047464078670239 1.2822157912236496 -0.4895339601623834 
-0.7047464078670239 1.2822157912236496 -0.4895339601623834 
-0.7047431562540027 1.2822016659436735 -0.4895351801926733 
-0.7047431562540027 1.2822016659436735 -0.4895351801926733 
-0.7047464078670237 1.2822157912236496 -0.48953396016238304 
-0.7047424788509953 1.2821982023575818 -0.48952927416022796 
-0.7047424788509953 1.2821982023575818 -0.48952927416022796 
-0.7047424788509951 1.2821982023575818 -0.4895292741602276 
-0.7047446434434421 1.282207664448488 -0.48952915878802283 
-0.7047446434434421 1.282207664448488 -0.48952915878802283 
-0.7047445015188456 1.282208198172846 -0.4895428153011776 
-0.7047445015188456 1.282208198172846 -0.4895428153011776 
-0.7047455232513862 1.2822117167641676 -0.4895315529338209 
-0.7047455232513862 1.2822117167641676 -0.4895315529338209 
-0.7047455232513862 1.2822117167641676 -0.4895315529338209 
-0.7047455232513862 1.2822117167641676 -0.4895315529338209 
-0.7047457817365558 1.2822134151492333 -0.4895382620190445 
-0.7047457817365558 1.2822134151492333 -0.4895382620190445 
-0.7047457817365558 1.2822134151492333 -0.4895382620190445 
-0.7047415990430512 1.2821941500419016 -0.48952688001442923 
-0.7047415990430512 1.2821941500419016 -0.48952688001442923 
-0.7047415990430512 1.2821941500419016 -0.48952688001442923 
-0.7047501759685826 1.2822336545838322 -0.48955021966527235 
-0.7047501759685826 1.2822336545838322 -0.48955021966527235 
-0.7047501759685826 1.2822336545838322 -0.48955021966527235 
-0.7047501759685826 1.2822336545838322 -0.48955021966527235 
-0.7047516492167429 1.2822392453471656 -0.4895400976495987 
-0.7047516492167429 1.2822392453471656 -0.4895400976495987 
-0.7047516492167429 1.2822392453471656 -0.4895400976495987 
-0.7047516492167429 1.2822392453471656 -0.4895400976495987 
-0.7047516492167429 1.2822392453471656 -0.4895400976495987 
-0.7047450857512609 1.2822097016782286 -0.48953036240230396 
-0.7047450857512609 1.2822097016782286 -0.48953036240230396 
-0.7047450857512609 1.2822097016782286 -0.48953036240230396 
-0.7047446434434421 1.282207664448488 -0.48952915878802283 
-0.7047446434434421 1.282207664448488 -0.48952915878802283 
-0.7047446434434421 1.282207664448488 -0.48952915878802283 
-0.7047450857512607 1.2822097016782286 -0.48953036240230363 
-0.7047450857512607 1.2822097016782286 -0.48953036240230363 
-0.7047450857512607 1.2822097016782286 -0.48953036240230363 
-0.7047450857512607 1.2822097016782286 -0.48953036240230363 
-0.7047453581777097 1.2822118078047748 -0.48954117209855075 
-0.7047453581777097 1.2822118078047748 -0.48954117209855075 
-0.7047507694087988 1.282235193031485 -0.48953770350380066 
-0.7047507694087985 1.282235193031485 -0.4895377035038003 
-0.7047446434434421 1.282207664448488 -0.48952915878802283 
-0.7047446434434421 1.282207664448488 -0.48952915878802283 
-0.7047446434434421 1.282207664448488 -0.48952915878802283 
-0.7047473201985346 1.2822205011657228 -0.4895424485035009 
-0.7047473201985346 1.2822205011657228 -0.4895424485035009 
-0.7047484351016672 1.2822259798377542 -0.48954954506746273 
-0.7047484351016672 1.2822259798377542 -0.48954954506746273 
-0.7047470665210586 1.2822188249244593 -0.4895357525010411 
-0.7047470665210586 1.2822188249244593 -0.4895357525010411 
-0.7047470665210586 1.2822188249244593 -0.4895357525010411 
-0.7047470665210586 1.2822188249244593 -0.4895357525010411 
-0.7047445015188456 1.282208198172846 -0.4895428153011776 
-0.7047488586605133 1.2822275871822124 -0.48954663498795603 
-0.7047488586605133 1.2822275871822124 -0.48954663498795603 
-0.7047488586605133 1.2822275871822124 -0.48954663498795603 
-0.7047488586605133 1.2822275871822124 -0.48954663498795603 
-0.7047444735620719 1.2822077333452928 -0.4895387648699885 
-0.7047444735620719 1.2822077333452928 -0.4895387648699885 
-0.7047444735620717 1.2822077333452928 -0.48953876486998815 
-0.7047444735620717 1.2822077333452928 -0.48953876486998815 
-0.7047479463290027 1.2822228772401392 -0.4895381466468396 
-0.7047477625063535 1.2822225383954637 -0.48954365211778117 
-0.7047450670022882 1.2822092717929463 -0.4895262487085166 
-0.7047436356521808 1.2822045535986468 -0.4895445217664025 
-0.7047436356521808 1.2822045535986468 -0.4895445217664025 
-0.7047436356521808 1.2822045535986468 -0.4895445217664025 
-0.7047470665210586 1.2822188249244593 -0.4895357525010411 
-0.7047470665210586 1.2822188249244593 -0.4895357525010411 
-0.7047470665210583 1.2822188249244593 -0.48953575250104076 
-0.7047470665210583 1.2822188249244593 -0.48953575250104076 
-0.7047482000064785 1.2822245534814027 -0.489544842649299 
-0.7047482000064785 1.2822245534814027 -0.489544842649299 
-0.7047482000064785 1.2822245534814027 -0.489544842649299 
-0.7047521102735346 1.2822417124621888 -0.48954541495766746 
-0.7047521102735346 1.2822417124621888 -0.48954541495766746 
-0.7047521102735346 1.2822417124621888 -0.48954541495766746 
-0.7047521102735346 1.2822417124621888 -0.48954541495766746 
-0.7047521102735346 1.2822417124621888 -0.48954541495766746 
-0.7047413453655753 1.2821924738006378 -0.4895201840119707 
-0.7047413453655753 1.2821924738006378 -0.4895201840119707 
-0.7047413453655753 1.2821924738006378 -0.4895201840119707 
-0.7047455232513862 1.2822117167641676 -0.4895315529338209 
-0.7047455232513862 1.2822117167641676 -0.4895315529338209 
-0.704748020750622 1.2822244074355669 -0.48955239188437116 
-0.704748020750622 1.2822244074355669 -0.48955239188437116 
-0.7047516867146885 1.2822401051177303 -0.48954832503717327 
-0.7047516867146885 1.2822401051177303 -0.48954832503717327 
-0.7047516867146885 1.2822401051177303 -0.48954832503717327 
-0.7047516867146885 1.2822401051177303 -0.48954832503717327 
-0.7047417689244214 1.2821940811450963 -0.48951727393246425 
-0.7047417689244214 1.2821940811450963 -0.48951727393246425 
-0.7047417689244212 1.2821940811450963 -0.4895172739324639 
-0.7047417689244212 1.2821940811450963 -0.4895172739324639 
-0.7047417689244212 1.2821940811450963 -0.4895172739324639 
-0.7047417689244212 1.2821940811450963 -0.4895172739324639 
-0.7047427419029577 1.2822000935414861 -0.48953802700958104 
-0.7047427419029577 1.2822000935414861 -0.48953802700958104 
-0.7047450857512609 1.2822097016782286 -0.48953036240230396 
-0.7047450857512609 1.2822097016782286 -0.48953036240230396 
-0.7047450857512609 1.2822097016782286 -0.48953036240230396 
-0.704741161542926 1.2821921349559622 -0.48952568948291253 
-0.704741161542926 1.2821921349559622 -0.48952568948291253 
-0.704741161542926 1.2821921349559622 -0.48952568948291253 
-0.7047431049814634 1.2822005784319983 -0.48952497230356684 
-0.7047431049814632 1.2822005784319983 -0.4895249723035665 
-0.704744017312974 1.2822052883740716 -0.4895334606446837 
-0.704744017312974 1.2822052883740716 -0.4895334606446837 
-0.7047487934466948 1.282226091929056 -0.4895323264878273 
-0.7047487934466948 1.282226091929056 -0.4895323264878273 
-0.7047487934466948 1.282226091929056 -0.4895323264878273 
-0.7047487934466948 1.282226091929056 -0.4895323264878273 
-0.7047431049814634 1.2822005784319983 -0.48952497230356684 
-0.7047431049814634 1.2822005784319983 -0.48952497230356684 
-0.7047431049814634 1.2822005784319983 -0.48952497230356684 
-0.7047431049814634 1.2822005784319983 -0.48952497230356684 
-0.7047497524097365 1.2822320472393738 -0.4895531297447786 
-0.7047497524097365 1.2822320472393738 -0.4895531297447786 
-0.7047468826984093 1.2822184860797834 -0.48954125797198333 
-0.7047468826984093 1.2822184860797834 -0.48954125797198333 
-0.7047468826984093 1.2822184860797834 -0.48954125797198333 
-0.7047468826984093 1.2822184860797834 -0.48954125797198333 
-0.7047468966396885 1.2822188938212644 -0.48954535858300674 
-0.7047468966396885 1.2822188938212644 -0.48954535858300674 
-0.7047435424815885 1.2822025935179373 -0.48952616283508443 
-0.7047435424815885 1.2822025935179373 -0.48952616283508443 
-0.7047435424815885 1.2822025935179375 -0.48952616283508443 
-0.7047435424815885 1.2822025935179375 -0.48952616283508443 
-0.7047435424815885 1.2822025935179375 -0.48952616283508443 
-0.7047435424815885 1.2822025935179375 -0.48952616283508443 
-0.7047506182764015 1.2822356918135729 -0.48955142327955325 
-0.7047506182764015 1.2822356918135729 -0.48955142327955325 
-0.7047426674813383 1.2821985633460586 -0.4895237817720497 
-0.7047426674813383 1.2821985633460586 -0.4895237817720497 
-0.7047426674813383 1.2821985633460586 -0.4895237817720497 
-0.7047426674813383 1.2821985633460586 -0.4895237817720497 
-0.7047439660404347 1.2822042008623955 -0.48952325275557795 
-0.7047448971209178 1.2822093406897512 -0.4895358547904819 
-0.7047448971209178 1.2822093406897512 -0.4895358547904819 
-0.7047448971209178 1.2822093406897512 -0.4895358547904819 
-0.7047448971209178 1.2822093406897512 -0.4895358547904819 
-0.7047497384684573 1.2822316394978928 -0.48954902913375475 
-0.7047497384684573 1.2822316394978928 -0.48954902913375475 
-0.7047489144998453 1.2822288674927282 -0.4895588866411924 
-0.7047489144998453 1.2822288674927282 -0.4895588866411924 
-0.7047489144998453 1.2822288674927282 -0.4895588866411924 
-0.7047489144998453 1.2822288674927282 -0.4895588866411924 
-0.7047445015188456 1.282208198172846 -0.4895428153011776 
-0.7047398069035966 1.2821853877841485 -0.4895159975275145 
-0.7047398069035966 1.2821853877841485 -0.4895159975275145 
-0.7047398069035966 1.2821853877841485 -0.4895159975275145 
-0.7047398069035966 1.2821853877841485 -0.4895159975275145 
-0.7047473389475074 1.2822209310510053 -0.48954656219728787 
-0.7047473389475074 1.2822209310510053 -0.48954656219728787 
-0.7047473389475074 1.2822209310510053 -0.48954656219728787 
-0.7047426674813383 1.2821985633460586 -0.4895237817720497 
-0.7047426674813383 1.2821985633460586 -0.4895237817720497 
-0.704744017312974 1.2822052883740716 -0.4895334606446837 
-0.704744017312974 1.2822052883740716 -0.4895334606446837 
-0.7047450670022882 1.2822092717929463 -0.4895262487085166 
-0.7047450670022882 1.2822092717929463 -0.4895262487085166 
-0.7047431794030828 1.2822021086274256 -0.4895392175410984 
-0.7047459468102323 1.2822133241086262 -0.48952864285431485 
-0.7047459468102323 1.2822133241086262 -0.48952864285431485 
-0.7047459468102323 1.2822133241086262 -0.48952864285431485 
-0.7047496732546389 1.2822301442447364 -0.48953472063362535 
-0.7047496732546389 1.2822301442447364 -0.48953472063362535 
-0.7047464403905905 1.2822164488500427 -0.489540054357702 
-0.7047464403905905 1.2822164488500427 -0.489540054357702 
-0.7047464403905905 1.2822164488500427 -0.489540054357702 
-0.7047464403905905 1.2822164488500427 -0.489540054357702 
-0.7047464403905905 1.2822164488500427 -0.489540054357702 
-0.7047450670022882 1.2822092717929463 -0.4895262487085166 
-0.7047468826984093 1.2822184860797834 -0.48954125797198333 
-0.7047468826984093 1.2822184860797834 -0.48954125797198333 
-0.7047492496957928 1.282228536900278 -0.48953763071313183 
-0.7047492496957928 1.282228536900278 -0.48953763071313183 
-0.7047492496957928 1.282228536900278 -0.48953763071313183 
-0.7047492496957928 1.282228536900278 -0.48953763071313183 
-0.7047497384684573 1.2822316394978928 -0.48954902913375475 
-0.7047510605842204 1.2822377290433138 -0.4895526268938344 
-0.7047510605842204 1.2822377290433138 -0.4895526268938344 
-0.7047510605842204 1.2822377290433138 -0.4895526268938344 
-0.7047510605842204 1.2822377290433138 -0.4895526268938344 
-0.7047510605842202 1.2822377290433138 -0.48955262689383405 
-0.7047424788509953 1.2821982023575818 -0.48952927416022796 
-0.7047482000064785 1.2822245534814027 -0.489544842649299 
-0.7047482000064785 1.2822245534814027 -0.489544842649299 
-0.7047523453687232 1.2822431388185402 -0.48955011737583143 
-0.7047523453687232 1.2822431388185402 -0.48955011737583143 
-0.7047523453687232 1.2822431388185402 -0.48955011737583143 
-0.7047523453687232 1.2822431388185402 -0.48955011737583143 
-0.7047453581777097 1.2822118078047748 -0.48954117209855075 
-0.7047502226743292 1.2822345492966678 -0.48955838379024863 
-0.704745965559205 1.2822137539939087 -0.48953275654810247 
-0.7047503458499528 1.2822335856870268 -0.48954061358330625 
-0.7047431562540027 1.2822016659436735 -0.4895351801926733 
-0.7047413453655753 1.2821924738006378 -0.4895201840119707 
-0.7047455232513862 1.2822117167641676 -0.4895315529338209 
-0.7047484351016672 1.2822259798377542 -0.48954954506746273 
-0.7047407192351072 1.2821900977262215 -0.4895244858686316 
-0.7047482000064783 1.2822245534814027 -0.48954484264929865 
-0.7047479463290027 1.2822228772401392 -0.4895381466468396 
-0.7047489332488182 1.2822292973780105 -0.4895630003349798 
-0.7047507881577716 1.2822356229167677 -0.48954181719758716 
-0.7029973759223027 1.2831731755611722 -0.4895516396798496 
-0.7047473389475074 1.2822209310510053 -0.48954656219728787 
-0.7047473389475074 1.2822209310510053 -0.48954656219728787 
-0.7047424927922743 1.2821986100990623 -0.48953337477125136 
-0.7047422251735193 1.282196526116318 -0.48952257815776856 
-0.7047483886368217 1.2822249144698805 -0.4895393502611207 
-0.7047420552921492 1.2821965950131233 -0.4895321842397349 
-0.7047416409411041 1.282195022610936 -0.4895350310566422 
-0.7047474900799047 1.2822204322689175 -0.48953284242153505 
-0.704745965559205 1.2822137539939087 -0.48953275654810247 
-0.7047464403905905 1.2822164488500427 -0.489540054357702 
-0.7030041759220478 1.28316263918591 -0.489547981700313 
-0.7043124585798668 1.2824459434687923 -0.48952896263589407 
-0.7047499083498275 1.2822315706010876 -0.4895394230517893 
-0.7034105132471391 1.2829263635346546 -0.48953770962739984 
-0.7047479463290027 1.2822228772401392 -0.4895381466468396 
-0.7047464078670239 1.2822157912236496 -0.4895339601623834 
-0.7047464078670239 1.2822157912236496 -0.4895339601623834 
-0.7047488586605133 1.2822275871822124 -0.48954663498795603 
-0.7047455232513862 1.2822117167641676 -0.4895315529338209 
-0.7047424788509953 1.2821982023575818 -0.48952927416022796 
-0.7047450670022882 1.2822092717929463 -0.4895262487085166 
-0.704747678543562 1.2822206132570249 -0.4895252299238645 
-0.7047415990430512 1.2821941500419016 -0.48952688001442923 
-0.7047456024806993 1.2822132691033967 -0.48954581125411645 
-0.7047453394287368 1.2822113779194921 -0.48953705840476336 
-0.7047488121956677 1.2822265218143385 -0.4895364401816147 
-0.7047499222911067 1.2822319783425686 -0.48954352366281273 
-0.7047424788509953 1.2821982023575818 -0.48952927416022796 
-0.7047470665210586 1.2822188249244593 -0.4895357525010411 
-0.7047512444068695 1.2822380678879894 -0.48954712142289214 
-0.7047448131581269 1.2822074155513126 -0.48951743259656566 
-0.7047508020990507 1.282236030658249 -0.48954591780861123 
-0.7047516679657156 1.2822396752324479 -0.4895442113433861 
-0.7029989379409481 1.283180713606746 -0.48955995294085697 
-0.7047506182764015 1.2822356918135729 -0.48955142327955325 
-0.704741175484205 1.2821925426974428 -0.4895297900939357 
-0.7047488726017924 1.2822279949236934 -0.4895507355989801 
-0.7047520915245618 1.2822412825769063 -0.4895413012638803 
-0.7036447551365792 1.2828044690092097 -0.48954329131275864 
-0.70474683142587 1.2822173985681082 -0.48953105008287734 
-0.70474076113316 1.2821909702952554 -0.4895326369108439 
-0.7047435424815885 1.2822025935179375 -0.48952616283508443 
-0.7047464403905905 1.2822164488500427 -0.489540054357702 
-0.7047450857512609 1.2822097016782286 -0.48953036240230396 
-0.7047464403905903 1.2822164488500427 -0.48954005435770165 
-0.704744017312974 1.2822052883740716 -0.4895334606446837 
-0.7047447553630071 1.28221005441448 -0.4895516314131285 
-0.7047450857512609 1.2822097016782286 -0.48953036240230396 
-0.7047430910401843 1.282200170690517 -0.48952087169254366 
-0.7047403236330347 1.2821889552093162 -0.4895314463793268 
-0.7035278996181942 1.2829104422411552 -0.4895624686432136 
-0.7047489005585661 1.2822284597512468 -0.489554786030169 
-0.7047464403905905 1.2822164488500427 -0.489540054357702 
-0.7047488726017924 1.2822279949236934 -0.4895507355989801 
-0.704751295679409 1.2822391553996653 -0.48955732931199836 
-0.7047473389475074 1.2822209310510053 -0.48954656219728787 
-0.7047435798128489 1.2822032732881319 -0.4895322701131668 
-0.7047455232513862 1.2822117167641676 -0.4895315529338209 
-0.7047464591395632 1.282216878735325 -0.4895441680514896 
-0.703844808707432 1.282733905954549 -0.4895529079594685 
-0.7047407379840798 1.2821905276115035 -0.4895285995624188 
-0.7047364918189359 1.282206244036326 -0.48954339182731166 
-0.7047512256578968 1.2822376380027074 -0.4895430077291052 
-0.7047422112322401 1.282196118374837 -0.4895184775467454 
-0.7047450857512609 1.2822097016782286 -0.48953036240230396 
-0.7047483886368217 1.2822249144698805 -0.4895393502611207 
-0.7047497384684573 1.2822316394978928 -0.48954902913375475 
-0.7047475088288775 1.2822208621542 -0.489536956115322 
-0.704745965559205 1.2822137539939087 -0.48953275654810247 
-0.7047435937541279 1.2822036810296134 -0.48953637072419 
-0.7047391947144073 1.2821834194512123 -0.4895243999951987 
-0.7047426674813383 1.2821985633460584 -0.4895237817720497 
-0.704744205943317 1.2822056493625484 -0.4895279682565057 
-0.7047440360619468 1.2822057182593536 -0.48953757433847156 
-0.702997122244827 1.283171499319909 -0.4895449436773902 
-0.7044118500095794 1.2823914842568735 -0.48953216546366285 
-0.7047440360619468 1.2822057182593536 -0.48953757433847156 
-0.704745965559205 1.2822137539939087 -0.48953275654810247 
-0.7047470665210586 1.2822188249244593 -0.4895357525010411 
-0.7047479323877236 1.2822224694986584 -0.48953404603581596 
-0.7047400605810724 1.2821870640254116 -0.4895226935299737 
-0.7047444735620719 1.2822077333452928 -0.4895387648699885 
-0.7047420413508702 1.282196187271642 -0.4895280836287106 
-0.7047439381578765 1.282203385379434 -0.48951505153353114 
-0.7047472549847161 1.2822190059125664 -0.4895281400033711 
-0.7047472549847161 1.2822190059125664 -0.4895281400033711 
-0.7029973946712756 1.2831736054464546 -0.489555753373637 
-0.7047440779599996 1.282206590828388 -0.48954572538068364 
-0.7047536674844861 1.2822492283639606 -0.4895537151359104 
-0.7047407192351072 1.2821900977262215 -0.4895244858686316 
-0.7047424788509953 1.2821982023575818 -0.48952927416022796 
-0.7047473201985346 1.2822205011657228 -0.4895424485035009 
-0.7047492961606385 1.2822296022681519 -0.4895478255194736 
-0.7047489005585661 1.2822284597512468 -0.489554786030169 
-0.7047431981520557 1.2822025385127078 -0.4895433312348856 
-0.7047527876765416 1.2822451760482805 -0.489551320990112 
-0.7047512444068695 1.2822380678879894 -0.48954712142289214 
-0.7047506370253742 1.2822361216988554 -0.48955553697334064 
-0.7047494847909813 1.282229963256629 -0.48954233313129536 
-0.7047494847909813 1.282229963256629 -0.48954233313129536 
-0.7047479463290027 1.2822228772401392 -0.4895381466468396 
-0.7047459468102323 1.2822133241086262 -0.48952864285431485 
-0.704745965559205 1.2822137539939087 -0.48953275654810247 
-0.7047449158698907 1.2822097705750337 -0.4895399684842696 
-0.7047479323877236 1.2822224694986584 -0.48953404603581596 
-0.7047456024806993 1.2822132691033967 -0.48954581125411645 
-0.7047512117166177 1.2822372302612262 -0.4895389071180811 
-0.7047399000741886 1.282187347864858 -0.48953435645883303 
-0.704744897120918 1.2822093406897512 -0.4895358547904822 
-0.7047453394287368 1.2822113779194921 -0.48953705840476336 
-0.7047407192351072 1.2821900977262215 -0.4895244858686316 
-0.7047506370253742 1.2822361216988554 -0.48955553697334064 
-0.7047415990430512 1.2821941500419016 -0.48952688001442923 
-0.7047422112322401 1.282196118374837 -0.4895184775467454 
-0.7047400605810724 1.2821870640254116 -0.4895226935299737 
-0.7047503458499528 1.2822335856870268 -0.48954061358330625 
-0.704741161542926 1.2821921349559622 -0.48952568948291253 
-0.7047426487323654 1.2821981334607762 -0.4895196680782621 
-0.7047407192351072 1.2821900977262215 -0.4895244858686316 
-0.7047444596207929 1.282207325603812 -0.48953466425896486 
-0.7047464403905905 1.2822164488500427 -0.489540054357702 
-0.7047474900799047 1.2822204322689175 -0.48953284242153505 
-0.704745965559205 1.2822137539939087 -0.48953275654810247 
-0.7047459328689532 1.2822129163671452 -0.4895245422432919 
-0.7047488121956677 1.2822265218143385 -0.4895364401816147 
-0.7047477625063535 1.2822225383954637 -0.48954365211778117 
-0.7030012909970526 1.2831903566857594 -0.48955222507098206 
-0.7044323030621173 1.2823847286132406 -0.48954400045362134 
-0.7047499222911067 1.2822319783425686 -0.48954352366281273 
-0.704745965559205 1.2822137539939087 -0.48953275654810247 
-0.7047435424815883 1.2822025935179375 -0.4895261628350841 
-0.7047436217109017 1.282204145857166 -0.48954042115537977 
-0.7047444596207929 1.282207325603812 -0.48953466425896486 
-0.7047435798128489 1.2822032732881319 -0.4895322701131668 
-0.7047435798128489 1.2822032732881319 -0.4895322701131668 
-0.7047492961606385 1.2822296022681519 -0.4895478255194736 
-0.7047467939279244 1.2822165387975428 -0.4895228226953028 
-0.704745965559205 1.2822137539939087 -0.48953275654810247 
-0.704744205943317 1.2822056493625484 -0.4895279682565057 
-0.7047426347910862 1.2821977257192956 -0.4895155674672391 
-0.704741787673394 1.2821945110303787 -0.48952138762625164 
-0.7047424788509953 1.2821982023575818 -0.48952927416022796 
-0.7047482000064785 1.2822245534814027 -0.489544842649299 
-0.7047430910401843 1.282200170690517 -0.48952087169254366 
-0.7047445202678185 1.2822086280581289 -0.489546928994965 
-0.7047450670022882 1.2822092717929463 -0.4895262487085166 
-0.7047488261369467 1.2822269295558195 -0.48954054079263787 
-0.7047416177920239 1.2821945799271837 -0.48953099370821684 
-0.7047470665210586 1.2822188249244593 -0.4895357525010411 
-0.7047488261369467 1.2822269295558195 -0.48954054079263787 
-0.7047426487323654 1.2821981334607762 -0.4895196680782621 
-0.7047398069035966 1.2821853877841485 -0.4895159975275145 
-0.7047415990430512 1.2821941500419016 -0.48952688001442923 
-0.704748435101667 1.2822259798377542 -0.4895495450674624 
-0.7047446434434419 1.282207664448488 -0.4895291587880225 
-0.7047516679657156 1.2822396752324479 -0.4895442113433861 
-0.7047435424815885 1.2822025935179375 -0.48952616283508443 
-0.7047479463290027 1.2822228772401392 -0.4895381466468396 
-0.7047470665210586 1.2822188249244593 -0.4895357525010411 
-0.7047444735620719 1.2822077333452928 -0.4895387648699885 
-0.7047453581777097 1.2822118078047748 -0.48954117209855075 
-0.7047453581777097 1.2822118078047748 -0.48954117209855075 
-0.7047430910401843 1.282200170690517 -0.48952087169254366 
-0.7047516867146885 1.2822401051177303 -0.48954832503717327 
-0.7047493660154652 1.2822309396647396 -0.48956002699287593 
-0.7047483698878488 1.282224484584598 -0.48953523656733355 
-0.7047470665210586 1.2822188249244593 -0.4895357525010411 
-0.7047457817365558 1.2822134151492333 -0.4895382620190445 
-0.7047444735620719 1.2822077333452928 -0.4895387648699885 
-0.7047468966396885 1.2822188938212644 -0.48954535858300674 
-0.7047435798128489 1.2822032732881319 -0.4895322701131668 
-0.704744205943317 1.2822056493625484 -0.4895279682565057 
-0.7047415990430512 1.2821941500419016 -0.48952688001442923 
-0.7047489005585661 1.2822284597512468 -0.489554786030169 
-0.7047479463290027 1.2822228772401392 -0.4895381466468396 
-0.704747597191776 1.2822228000911085 -0.48955530196387653 
-0.7047479323877236 1.2822224694986584 -0.48953404603581596 
-0.7047420413508699 1.282196187271642 -0.48952808362871025 
-0.7047499083498273 1.2822315706010876 -0.489539423051789 
-0.7047506182764015 1.2822356918135729 -0.48955142327955325 
-0.7047440360619468 1.2822057182593536 -0.48953757433847156 
-0.7047503458499528 1.2822335856870268 -0.48954061358330625 
-0.7047460168317441 1.282214841505584 -0.48954296443720813 
-0.7047493149096112 1.2822300321534341 -0.4895519392132608 
-0.7047417689244214 1.2821940811450963 -0.48951727393246425 
-0.7032642396623394 1.283028495456437 -0.48955043731869186 
-0.7047501947175553 1.2822340844691142 -0.4895543333590595 
