-0.8946866933219164 0.8939684524496359 -0.2451617802444963 
-0.8934772008123296 0.8997102895623257 -0.24825630718322944 
-0.8924684860551366 0.9041036893969809 -0.2506109161061991 
-0.8909402951588632 0.910197575520151 -0.25386684202789767 
-0.8898526347566301 0.914188718942054 -0.25597902316612753 
-0.8881062141236149 0.9202490972709491 -0.2591834413187263 
-0.8880584199794788 0.9204387239952938 -0.2592845476202468 
-0.8848797909964315 0.9302221878020407 -0.26442695383385484 
-0.883433628762229 0.9343466928822861 -0.2665626032351125 
-0.8820619678951886 0.9380799711131318 -0.2684963677947576 
-0.8808511739276657 0.9412399521380467 -0.2701342067427003 
-0.8775540591071006 0.9493766800323318 -0.2743253342548664 
-0.8755586982539518 0.9539654934272246 -0.2766767483353234 
-0.8745793457453863 0.9561706649367334 -0.2777792177017765 
-0.8719436381853165 0.9618090348773454 -0.2806537576725776 
-0.8704463718451421 0.9648894259564406 -0.28220377650058903 
-0.8688254150882226 0.9681391137386035 -0.2838321771530643 
-0.8648740306588732 0.9756593869500494 -0.2875855129071557 
-0.8637019917317765 0.9777904344373765 -0.2886476489763209 
-0.8585385081156981 0.9867794377344203 -0.29308456122862225 
-0.8560965628964736 0.9907837420159453 -0.29505331836860216 
-0.8538158358662211 0.9944266046932504 -0.29681088969571046 
-0.8524814703743884 0.996484826986487 -0.2978255472667958 
-0.8490862793960844 1.0016151491405465 -0.3003066617316775 
-0.8490862793960844 1.0016151491405465 -0.3003066617316775 
-0.8490862793960844 1.0016151491405465 -0.3003066617316775 
-0.8445162771604054 1.0082162973408761 -0.3034519670550052 
-0.8445162771604054 1.0082162973408761 -0.3034519670550052 
-0.8424673491740498 1.0110635088537219 -0.3048026887027283 
-0.8424673491740498 1.0110635088537219 -0.3048026887027283 
-0.8380057209486986 1.0170230583357038 -0.3076244997345279 
-0.8368678422058452 1.0184989649867338 -0.30832317444022317 
-0.835587928981999 1.020136591824625 -0.3090801628659112 
-0.8330156272898885 1.023392847979437 -0.3106051035006747 
-0.8330156272898885 1.023392847979437 -0.3106051035006747 
-0.8283802249574793 1.0290160040682823 -0.3132138654201235 
-0.8283802249574793 1.0290160040682823 -0.3132138654201235 
-0.8268969260723235 1.0307673363384804 -0.3140196933271253 
-0.8247195102898564 1.0333049911907088 -0.3151741984521118 
-0.8247195102898564 1.0333049911907088 -0.3151741984521118 
-0.8222223587668939 1.0361259611012752 -0.31646280605614296 
-0.8222223587668939 1.0361259611012752 -0.31646280605614296 
-0.818849119135498 1.0398593263186366 -0.3181507995249796 
-0.818849119135498 1.0398593263186366 -0.3181507995249796 
-0.8155723969589853 1.0434020425597048 -0.31975083166184515 
-0.8138284153895138 1.0452269619737133 -0.32057196099681096 
-0.8119265869471182 1.04719831863722 -0.32144470925451174 
-0.8094199949191101 1.0497593126951403 -0.32257775706547076 
-0.8065787451410984 1.0525897410745155 -0.32382944084160337 
-0.802013497478421 1.057001819322025 -0.3257539292027124 
-0.802013497478421 1.057001819322025 -0.3257539292027124 
-0.79766729988139 1.061049261329272 -0.3275073515888566 
-0.7959428698403848 1.0626262666788153 -0.3281813518131981 
-0.7957834490382745 1.0627676779701614 -0.3282415485930813 
-0.7918109357033513 1.0663046592837992 -0.3297490242203436 
-0.7918109357033513 1.0663046592837992 -0.3297490242203436 
-0.78795322972254 1.0696558487018608 -0.3311754592495557 
-0.7858308467246529 1.0714441382506823 -0.3319275171347601 
-0.7858308467246529 1.0714441382506823 -0.3319275171347601 
-0.7805473400648203 1.075792233238163 -0.3337315671893948 
-0.7795434530897611 1.076594167005298 -0.3340645483834497 
-0.7768581420765619 1.078730639667669 -0.33492648554067384 
-0.7763472878691279 1.0791197128375 -0.3350967785781678 
-0.7721083877447886 1.0824101555893049 -0.3364189152693152 
-0.7721083877447886 1.0824101555893049 -0.3364189152693152 
-0.7674542461648506 1.0858839575445276 -0.33780703598330253 
-0.7674542461648506 1.0858839575445276 -0.33780703598330253 
-0.7636161942649508 1.0886620532075781 -0.3389125796376534 
-0.7636161942649508 1.0886620532075781 -0.3389125796376534 
-0.7563602499018474 1.0937262228382487 -0.3408860924558408 
-0.7563602499018474 1.0937262228382487 -0.3408860924558408 
-0.7515082838878292 1.09697928541354 -0.3421176521827103 
-0.7504233688165213 1.0976987054563694 -0.3423728541601847 
-0.7467743649776424 1.1000376651516837 -0.3432577500806364 
-0.7419981583622836 1.103036076004587 -0.34437043025121183 
-0.7419981583622836 1.103036076004587 -0.34437043025121183 
-0.7419981583622836 1.103036076004587 -0.34437043025121183 
-0.7362334041255891 1.1065274911221208 -0.34561854853623986 
-0.7315262083598847 1.10926246476894 -0.34658335094533266 
-0.7315262083598847 1.10926246476894 -0.34658335094533266 
-0.7269648114522658 1.1118246517464234 -0.347478255616539 
-0.7269648114522658 1.1118246517464234 -0.347478255616539 
-0.7229447564891434 1.1140289327709765 -0.3482145221070607 
-0.7229447564891434 1.1140289327709765 -0.3482145221070607 
-0.7185060354281693 1.1163797302278826 -0.3490129774251959 
-0.7177264308285266 1.116781194733367 -0.3491359761878865 
-0.7091280896736406 1.1211174765213248 -0.35052045350218997 
-0.7091280896736406 1.1211174765213248 -0.35052045350218997 
-0.7037953699585239 1.1236788832244702 -0.3513163206403723 
-0.7037953699585239 1.1236788832244702 -0.3513163206403723 
-0.7012074675688871 1.1248806272927339 -0.3516706407937834 
-0.7012074675688871 1.1248806272927339 -0.3516706407937834 
-0.7012074675688871 1.1248806272927339 -0.3516706407937834 
-0.6980122646036401 1.1263374741019332 -0.35210009340141135 
-0.6980122646036401 1.1263374741019332 -0.35210009340141135 
-0.6889424269639509 1.1302781671516673 -0.3532093005910776 
-0.6889424269639509 1.1302781671516673 -0.3532093005910776 
-0.6867087786726109 1.1312056814910003 -0.3534678992535 
-0.6867087786726109 1.1312056814910003 -0.3534678992535 
-0.6787336533672079 1.134387224199979 -0.3542832844366153 
-0.6787336533672079 1.134387224199979 -0.3542832844366153 
-0.6762657274264225 1.135332368266347 -0.35452112193987506 
-0.6713090183352162 1.1371798862119946 -0.3549468939650551 
-0.6679892378667893 1.1383769108204878 -0.35520092977154516 
-0.6652798707190454 1.1393173313834795 -0.35540838479802195 
-0.6615268966994947 1.1406100020532752 -0.3556767175346388 
-0.6592210316292323 1.1413730957407846 -0.35581821537353153 
-0.6592210316292323 1.1413730957407846 -0.35581821537353153 
-0.6592210316292323 1.1413730957407846 -0.35581821537353153 
-0.6554380835481061 1.1425898382808592 -0.35604970484962917 
-0.6550150513610673 1.1427201137491918 -0.35606737567055846 
-0.6510068950119762 1.1439619570950512 -0.3562795637187304 
-0.6510068950119762 1.1439619570950512 -0.3562795637187304 
-0.6457131853542606 1.1455359701494428 -0.3565173903097001 
-0.6457131853542606 1.1455359701494428 -0.3565173903097001 
-0.64124895222073 1.1468041168194683 -0.356674863949795 
-0.6322730907211828 1.1491768663293649 -0.356911073075336 
-0.6279827260762432 1.1502434081573156 -0.3569781011612895 
-0.6221642372990813 1.151584930473596 -0.3570338615902505 
-0.6176269389208175 1.1525750201301368 -0.3570293676179377 
-0.6115594047633396 1.1538092668952127 -0.35698628590748727 
-0.6069985953236128 1.1546787554280662 -0.35691086857241716 
-0.601340535736009 1.1556851090418652 -0.3567895121422996 
-0.5967589225434302 1.156430959086748 -0.35664759367627286 
-0.5941384097254099 1.156836288776349 -0.35655442297253004 
-0.5866975008368165 1.157872876714251 -0.3562253622646978 
-0.5834094541107876 1.1582830155320518 -0.3560606603066909 
-0.5834094541107876 1.1582830155320518 -0.3560606603066909 
-0.5766135930678555 1.159072832079133 -0.35566386877371137 
-0.5748585536797124 1.159258319083872 -0.3555471642685597 
-0.5746379411174061 1.1592748980278114 -0.3555255541163256 
-0.5746379411174061 1.1592748980278114 -0.3555255541163256 
-0.5665093738508464 1.1600019808683397 -0.35494130463045404 
-0.5658497733903033 1.1600534807063458 -0.3548951534217517 
-0.5566166333689803 1.1606676639633213 -0.35411542562136133 
-0.5550793951684614 1.160755522856419 -0.3539587875088993 
-0.5513390535035968 1.1609108296865323 -0.3535967112762709 
-0.5513390535035968 1.1609108296865323 -0.3535967112762709 
-0.5447453855501851 1.1611275009285784 -0.35290335191524036 
-0.53837484415841 1.1612266307608299 -0.3521730200221108 
-0.53837484415841 1.1612266307608299 -0.3521730200221108 
-0.5317916614322753 1.161233019233669 -0.3513681227888148 
-0.5289398498433623 1.1611943071110082 -0.35100958478808375 
-0.5232453673254245 1.161054125927925 -0.3502214736108966 
-0.5223705885859189 1.161033828161642 -0.35009871970362216 
-0.5136278977293219 1.1606362251336229 -0.34881423966081915 
-0.5099219756081497 1.160420156845522 -0.34822753893441105 
-0.5062204024854587 1.1601592829079574 -0.3476257677447614 
-0.5029594850011113 1.159890218594817 -0.34707349428968604 
-0.49688495432274693 1.1593378580378753 -0.34601585354074704 
-0.4921253833105975 1.1588207641829253 -0.34514540565138385 
-0.48651644090527124 1.1581523180215405 -0.34407945672939944 
-0.4854401923287928 1.1580207644827 -0.34386726142979807 
-0.4809288545499246 1.1573929167484944 -0.3429551470339297 
-0.4747167527200133 1.1564481186567264 -0.3416766308310871 
-0.4685351714228777 1.155411801007373 -0.3403250856405474 
-0.46747262183132815 1.1552194746647124 -0.3400860916172872 
-0.46132366904482947 1.1540626654183757 -0.33868605490651704 
-0.4590035277427338 1.153586861282306 -0.3381249532334665 
-0.4518543315814551 1.152054168324045 -0.33637648150531163 
-0.45059656374110635 1.1517737146110765 -0.3360637959838235 
-0.4439225532373423 1.1501705397546234 -0.3343397248567943 
-0.4428812785022836 1.1499149459707227 -0.33407345528300303 
-0.4372932050540674 1.14845051996438 -0.33256102525317843 
-0.4333812310247733 1.1473795771022266 -0.3314667497387115 
-0.42989376153637004 1.1463762032445972 -0.330485940380984 
-0.4296909669353327 1.1463101985568398 -0.3304237986301042 
-0.4223593475354724 1.144088101402499 -0.3282659369460472 
-0.4193290757979343 1.1431039843744955 -0.32733860001972925 
-0.41630554355314886 1.1421057798875935 -0.3264118812530875 
-0.4145001637751292 1.141503100314026 -0.3258327515186493 
-0.40931075192065824 1.1396663643965286 -0.32416891956959426 
-0.4045479443302377 1.1379315103908987 -0.32260528390880816 
-0.40139982584462064 1.1367190231829116 -0.32153464111935903 
-0.39709400949175017 1.135018052211137 -0.3200404414066341 
-0.39359599575501236 1.1335787982831034 -0.3187988987370083 
-0.39146411608671144 1.1326950325638496 -0.31803463958394007 
-0.3899247800616158 1.1320254958208078 -0.31747174528481126 
-0.3899247800616158 1.1320254958208078 -0.31747174528481126 
-0.38284674132597524 1.128887109260215 -0.3148281111373563 
-0.37943598373403326 1.1272975151964146 -0.31352988160609496 
-0.37455532959820725 1.1249509279061387 -0.3115989318822109 
-0.371384993500563 1.1233891880741202 -0.3103227299568503 
-0.3710143867720062 1.123197431121233 -0.31017484008065066 
-0.36677319704651623 1.1210097964548216 -0.30841403091226216 
-0.3647587332728759 1.1199427376714113 -0.3075646578199839 
-0.3576868354250593 1.1160676924814636 -0.3045100681647126 
-0.35482487575112254 1.1144249490499154 -0.30323184472867526 
-0.35411432062592063 1.1140014961889282 -0.3029153646311905 
-0.35109969814270126 1.112226534415425 -0.30153993373347077 
-0.34617942437816135 1.1092499477008921 -0.2992506448570661 
-0.3447906492875876 1.1083682692913266 -0.298596235944824 
-0.34236951612791133 1.106840503364585 -0.29741960544313173 
-0.33656032479734443 1.1030219150632616 -0.29455581111981166 
-0.3338625382359874 1.1011823663855411 -0.29319252787543004 
-0.328374452438924 1.0973180693614908 -0.2903288424550271 
-0.32738229669632707 1.0966076566359675 -0.2898100893809147 
-0.3226510210539052 1.0931056709445808 -0.2872669575755107 
-0.3202416886064522 1.091268217246469 -0.28591706908931613 
-0.3180097873703011 1.089526135818527 -0.2846640534277025 
-0.3180097873703011 1.089526135818527 -0.2846640534277025 
-0.3134476042864931 1.0858602202704364 -0.28204147129946866 
-0.30911731400913645 1.0822585343747637 -0.2794719966800917 
-0.30621792927909197 1.079774910437313 -0.2777206060095587 
-0.3029206727481376 1.076846662848308 -0.2756637181524657 
-0.30011089002146707 1.0742890578691093 -0.27386998954239494 
-0.29632511737845013 1.0707326439180076 -0.2714045350454173 
-0.2936006204782393 1.0681055190648694 -0.269582061747379 
-0.29105817583038707 1.0655770323437932 -0.26785306790332497 
-0.2881344405917188 1.062602663299332 -0.26581216561403276 
-0.2851244988771514 1.059443969446291 -0.26366055988238024 
-0.28418134927159466 1.0584274885941376 -0.2629712912575456 
-0.280444593785655 1.0543423175270124 -0.26020195722223327 
-0.2771889904029843 1.0506284745507712 -0.25771667130710485 
-0.27488829175414875 1.0479305542133668 -0.25590824183909877 
-0.27463490273025476 1.0476290525879823 -0.25570703323036825 
-0.27238108784658976 1.0448998319752345 -0.2538847695174662 
-0.26905552827562984 1.0407632045122708 -0.2511523824935755 
-0.266771995312139 1.037823795063381 -0.2492040242809428 
-0.2658163787986405 1.0365814976553696 -0.2483858324731909 
-0.2621025636387575 1.031542944296403 -0.24508340912972548 
-0.26028499263009536 1.0289985934498571 -0.24342868646208615 
-0.25972801536744894 1.0281920725213518 -0.24291496375007782 
-0.2554583751442786 1.0219077978046318 -0.23883571339886112 
-0.25460089595008906 1.0206082845992333 -0.23799729641562362 
-0.2513776056149335 1.0155131637405415 -0.23473287607986448 
-0.25126857033017 1.0153525362217852 -0.23462886875164357 
-0.24728529572408953 1.0086932487868698 -0.23038290028924102 
-0.24650597058081836 1.0073518541377493 -0.22953432350131087 
-0.2436861371691093 1.0022776895472274 -0.22632160314159133 
-0.2427695177177922 1.0005752185030803 -0.22524859832091637 
-0.2409812358562562 0.9971559781554538 -0.22308650280350661 
-0.24001520618790156 0.9952608167911547 -0.22190646313696194 
-0.23745881316228556 0.9900627435362619 -0.21867360471776587 
-0.23745881316228556 0.9900627435362619 -0.21867360471776587 
-0.23615065773015237 0.9872768541224475 -0.21692777359446413 
-0.23615065773015237 0.9872768541224475 -0.21692777359446413 
-0.23534905811725393 0.9855271736021338 -0.21583839311702813 
-0.23534905811725393 0.9855271736021338 -0.21583839311702813 
-0.2336989257610248 0.9818371121550735 -0.21355402416541613 
-0.23232585768394576 0.9786542279747756 -0.21159947341909202 
-0.2315225398120896 0.9766968955905553 -0.21039660601266874 
-0.2301520339688508 0.973312703664422 -0.20831913208229003 
-0.2301520339688508 0.973312703664422 -0.20831913208229003 
-0.22931562047456988 0.9711626185842871 -0.2070073294814555 
-0.22816760881606596 0.9681063118917271 -0.20514215386444778 
-0.2267888558667236 0.9643214981718062 -0.20283379149382386 
-0.22665359462479084 0.9639629703933279 -0.2026149198325975 
-0.22572205385001276 0.9612441760176905 -0.20095706175169348 
-0.22474458660298202 0.9583344653865902 -0.1991994008291479 
-0.2244564360708794 0.9574193176987754 -0.19864774076092306 
-0.22352641103064452 0.9544942536598001 -0.19688917930441707 
-0.2228013115991061 0.9521104876502013 -0.19545534995430247 
-0.22173586823355018 0.9484268699385393 -0.19325029245245295 
-0.22117352467866946 0.9464001653613977 -0.1920282121622635 
-0.22072088539812396 0.944736824995491 -0.1910342653873387 
-0.22027595091501218 0.9430718818575716 -0.19004036069030772 
-0.21961798879314542 0.9404720191776538 -0.18849286790494169 
-0.21928588973315077 0.93916794543604 -0.18772994268659993 
-0.21850631487435324 0.935814829089083 -0.18572903279297281 
-0.21816843686003617 0.9343222984287228 -0.184841671933889 
-0.217954844236109 0.9333850888334077 -0.18429639471806047 
-0.21712438712248627 0.9294545876755714 -0.1819673788792745 
-0.2167988639034285 0.9277587037792827 -0.18097455329629786 
-0.21664270603399705 0.9270071239872609 -0.1805371821823024 
-0.21602249837340914 0.9236145645591258 -0.17854713420718682 
-0.21594654137585634 0.9232427843391658 -0.1783222663965255 
-0.21529540560161453 0.9194702199360362 -0.1761101753027292 
-0.21500388808572812 0.9175709805100364 -0.17501260836268084 
