-0.9496866933219166 0.8939684524496356 -0.2451617802444963 
-0.9484772008123298 0.8997102895623252 -0.24825630718322977 
-0.9474684860551366 0.9041036893969808 -0.25061091610619923 
-0.9459402951588634 0.9101975755201508 -0.2538668420278978 
-0.9448526347566304 0.9141887189420539 -0.2559790231661273 
-0.9431062141236153 0.920249097270949 -0.2591834413187264 
-0.9430584199794788 0.9204387239952937 -0.2592845476202469 
-0.9398797909964316 0.9302221878020407 -0.26442695383385484 
-0.9384336287622291 0.934346692882286 -0.2665626032351125 
-0.9370619678951888 0.9380799711131316 -0.26849636779475794 
-0.9358511739276661 0.9412399521380468 -0.27013420674269994 
-0.9325540591071009 0.9493766800323318 -0.2743253342548665 
-0.9305586982539518 0.9539654934272245 -0.2766767483353234 
-0.9295793457453867 0.9561706649367333 -0.27777921770177616 
-0.9269436381853164 0.9618090348773453 -0.28065375767257783 
-0.9254463718451424 0.9648894259564406 -0.28220377650058903 
-0.9238254150882227 0.9681391137386034 -0.2838321771530644 
-0.9198740306588733 0.9756593869500493 -0.2875855129071555 
-0.9187019917317767 0.9777904344373763 -0.28864764897632067 
-0.9135385081156984 0.9867794377344203 -0.29308456122862225 
-0.9110965628964738 0.9907837420159451 -0.29505331836860227 
-0.9088158358662213 0.9944266046932504 -0.29681088969571023 
-0.9074814703743885 0.9964848269864872 -0.29782554726679544 
-0.9040862793960847 1.0016151491405465 -0.3003066617316772 
-0.9040862793960847 1.0016151491405465 -0.3003066617316772 
-0.9040862793960847 1.0016151491405465 -0.3003066617316772 
-0.8995162771604055 1.0082162973408761 -0.3034519670550051 
-0.8995162771604055 1.0082162973408761 -0.3034519670550051 
-0.8974673491740499 1.0110635088537216 -0.3048026887027284 
-0.8974673491740499 1.0110635088537216 -0.3048026887027284 
-0.8930057209486985 1.0170230583357034 -0.3076244997345282 
-0.8918678422058454 1.0184989649867338 -0.30832317444022306 
-0.8905879289819993 1.020136591824625 -0.30908016286591133 
-0.8880156272898885 1.023392847979437 -0.3106051035006746 
-0.8880156272898885 1.023392847979437 -0.3106051035006746 
-0.8833802249574794 1.029016004068282 -0.3132138654201235 
-0.8833802249574794 1.029016004068282 -0.3132138654201235 
-0.8818969260723237 1.0307673363384804 -0.3140196933271252 
-0.8797195102898563 1.0333049911907086 -0.3151741984521116 
-0.8797195102898563 1.0333049911907086 -0.3151741984521116 
-0.8772223587668939 1.036125961101275 -0.31646280605614296 
-0.8772223587668939 1.036125961101275 -0.31646280605614296 
-0.8738491191354981 1.0398593263186364 -0.3181507995249798 
-0.8738491191354981 1.0398593263186364 -0.3181507995249798 
-0.8705723969589855 1.0434020425597046 -0.31975083166184504 
-0.868828415389514 1.0452269619737136 -0.32057196099681107 
-0.8669265869471183 1.0471983186372198 -0.32144470925451185 
-0.86441999491911 1.0497593126951401 -0.32257775706547076 
-0.8615787451410986 1.0525897410745155 -0.32382944084160337 
-0.8570134974784211 1.057001819322025 -0.3257539292027124 
-0.8570134974784211 1.057001819322025 -0.3257539292027124 
-0.8526672998813901 1.061049261329272 -0.32750735158885647 
-0.8509428698403848 1.062626266678815 -0.3281813518131981 
-0.8507834490382745 1.0627676779701611 -0.3282415485930812 
-0.8468109357033512 1.066304659283799 -0.32974902422034347 
-0.8468109357033512 1.066304659283799 -0.32974902422034347 
-0.8429532297225403 1.0696558487018606 -0.3311754592495558 
-0.8408308467246531 1.0714441382506823 -0.3319275171347599 
-0.8408308467246531 1.0714441382506823 -0.3319275171347599 
-0.8355473400648205 1.0757922332381629 -0.3337315671893947 
-0.8345434530897612 1.0765941670052979 -0.33406454838344957 
-0.8318581420765621 1.078730639667669 -0.3349264855406737 
-0.831347287869128 1.0791197128375 -0.3350967785781679 
-0.8271083877447886 1.0824101555893044 -0.33641891526931544 
-0.8271083877447886 1.0824101555893044 -0.33641891526931544 
-0.8224542461648504 1.0858839575445272 -0.3378070359833024 
-0.8224542461648504 1.0858839575445272 -0.3378070359833024 
-0.8186161942649509 1.088662053207578 -0.3389125796376533 
-0.8186161942649509 1.088662053207578 -0.3389125796376533 
-0.8113602499018473 1.0937262228382485 -0.3408860924558408 
-0.8113602499018473 1.0937262228382485 -0.3408860924558408 
-0.8065082838878294 1.09697928541354 -0.34211765218271073 
-0.8054233688165215 1.0976987054563694 -0.34237285416018515 
-0.8017743649776428 1.1000376651516839 -0.3432577500806364 
-0.7969981583622835 1.1030360760045865 -0.34437043025121183 
-0.7969981583622835 1.1030360760045865 -0.34437043025121183 
-0.7969981583622835 1.1030360760045865 -0.34437043025121183 
-0.7912334041255892 1.1065274911221206 -0.3456185485362401 
-0.7865262083598847 1.10926246476894 -0.3465833509453323 
-0.7865262083598847 1.10926246476894 -0.3465833509453323 
-0.7819648114522657 1.111824651746423 -0.347478255616539 
-0.7819648114522657 1.111824651746423 -0.347478255616539 
-0.7779447564891432 1.1140289327709763 -0.3482145221070607 
-0.7779447564891432 1.1140289327709763 -0.3482145221070607 
-0.7735060354281693 1.1163797302278826 -0.34901297742519577 
-0.7727264308285267 1.116781194733367 -0.3491359761878864 
-0.7641280896736408 1.1211174765213248 -0.3505204535021903 
-0.7641280896736408 1.1211174765213248 -0.3505204535021903 
-0.758795369958524 1.1236788832244702 -0.3513163206403723 
-0.758795369958524 1.1236788832244702 -0.3513163206403723 
-0.7562074675688872 1.1248806272927339 -0.35167064079378363 
-0.7562074675688872 1.1248806272927339 -0.35167064079378363 
-0.7562074675688872 1.1248806272927339 -0.35167064079378363 
-0.75301226460364 1.126337474101933 -0.35210009340141135 
-0.75301226460364 1.126337474101933 -0.35210009340141135 
-0.7439424269639511 1.1302781671516673 -0.35320930059107725 
-0.7439424269639511 1.1302781671516673 -0.35320930059107725 
-0.741708778672611 1.1312056814910003 -0.3534678992535004 
-0.741708778672611 1.1312056814910003 -0.3534678992535004 
-0.7337336533672077 1.1343872241999788 -0.35428328443661516 
-0.7337336533672077 1.1343872241999788 -0.35428328443661516 
-0.7312657274264227 1.1353323682663468 -0.3545211219398753 
-0.7263090183352162 1.1371798862119944 -0.3549468939650551 
-0.7229892378667894 1.1383769108204878 -0.35520092977154516 
-0.7202798707190453 1.1393173313834792 -0.3554083847980215 
-0.7165268966994949 1.1406100020532755 -0.3556767175346389 
-0.7142210316292325 1.1413730957407846 -0.35581821537353175 
-0.7142210316292325 1.1413730957407846 -0.35581821537353175 
-0.7142210316292325 1.1413730957407846 -0.35581821537353175 
-0.7104380835481062 1.1425898382808595 -0.35604970484962906 
-0.7100150513610675 1.1427201137491918 -0.35606737567055846 
-0.7060068950119762 1.143961957095051 -0.3562795637187305 
-0.7060068950119762 1.143961957095051 -0.3562795637187305 
-0.7007131853542606 1.1455359701494428 -0.3565173903097003 
-0.7007131853542606 1.1455359701494428 -0.3565173903097003 
-0.6962489522207302 1.1468041168194685 -0.35667486394979464 
-0.6872730907211828 1.1491768663293653 -0.3569110730753363 
-0.6829827260762432 1.1502434081573154 -0.3569781011612895 
-0.6771642372990814 1.151584930473596 -0.3570338615902504 
-0.6726269389208176 1.1525750201301368 -0.3570293676179378 
-0.6665594047633396 1.1538092668952125 -0.35698628590748716 
-0.6619985953236128 1.1546787554280662 -0.35691086857241694 
-0.656340535736009 1.155685109041865 -0.35678951214229937 
-0.6517589225434304 1.1564309590867479 -0.35664759367627263 
-0.6491384097254099 1.156836288776349 -0.35655442297253004 
-0.6416975008368166 1.157872876714251 -0.3562253622646977 
-0.6384094541107878 1.1582830155320518 -0.3560606603066909 
-0.6384094541107878 1.1582830155320518 -0.3560606603066909 
-0.6316135930678556 1.1590728320791328 -0.35566386877371126 
-0.6298585536797127 1.159258319083872 -0.3555471642685597 
-0.6296379411174062 1.1592748980278111 -0.3555255541163257 
-0.6296379411174062 1.1592748980278111 -0.3555255541163257 
-0.6215093738508467 1.1600019808683397 -0.3549413046304539 
-0.6208497733903036 1.160053480706346 -0.3548951534217518 
-0.6116166333689805 1.1606676639633213 -0.35411542562136133 
-0.6100793951684615 1.160755522856419 -0.3539587875088993 
-0.606339053503597 1.160910829686532 -0.3535967112762708 
-0.606339053503597 1.160910829686532 -0.3535967112762708 
-0.5997453855501853 1.1611275009285786 -0.3529033519152398 
-0.5933748441584101 1.1612266307608297 -0.3521730200221105 
-0.5933748441584101 1.1612266307608297 -0.3521730200221105 
-0.5867916614322753 1.1612330192336688 -0.3513681227888147 
-0.5839398498433624 1.1611943071110082 -0.35100958478808353 
-0.5782453673254246 1.1610541259279252 -0.3502214736108967 
-0.577370588585919 1.1610338281616417 -0.35009871970362216 
-0.568627897729322 1.1606362251336229 -0.34881423966081926 
-0.5649219756081498 1.1604201568455217 -0.34822753893441105 
-0.5612204024854588 1.1601592829079574 -0.3476257677447613 
-0.5579594850011114 1.1598902185948172 -0.34707349428968604 
-0.551884954322747 1.1593378580378753 -0.3460158535407468 
-0.5471253833105976 1.1588207641829251 -0.3451454056513842 
-0.5415164409052712 1.1581523180215405 -0.3440794567293992 
-0.5404401923287929 1.1580207644827 -0.34386726142979795 
-0.5359288545499247 1.1573929167484949 -0.3429551470339298 
-0.5297167527200134 1.1564481186567264 -0.341676630831087 
-0.5235351714228778 1.155411801007373 -0.3403250856405474 
-0.5224726218313283 1.1552194746647122 -0.3400860916172873 
-0.5163236690448297 1.1540626654183759 -0.3386860549065168 
-0.5140035277427337 1.153586861282306 -0.3381249532334666 
-0.5068543315814551 1.152054168324045 -0.33637648150531163 
-0.5055965637411064 1.1517737146110762 -0.3360637959838234 
-0.49892255323734236 1.1501705397546234 -0.3343397248567943 
-0.4978812785022836 1.1499149459707225 -0.3340734552830035 
-0.49229320505406743 1.14845051996438 -0.3325610252531782 
-0.48838123102477315 1.1473795771022266 -0.33146674973871193 
-0.4848937615363702 1.1463762032445972 -0.3304859403809838 
-0.4846909669353328 1.1463101985568394 -0.33042379863010385 
-0.47735934753547243 1.1440881014024988 -0.32826593694604755 
-0.4743290757979343 1.1431039843744952 -0.3273386000197296 
-0.47130554355314896 1.1421057798875938 -0.32641188125308773 
-0.46950016377512926 1.141503100314026 -0.32583275151864943 
-0.4643107519206584 1.1396663643965286 -0.32416891956959415 
-0.4595479443302379 1.1379315103908987 -0.32260528390880816 
-0.4563998258446208 1.1367190231829116 -0.32153464111935903 
-0.4520940094917503 1.135018052211137 -0.3200404414066341 
-0.4485959957550124 1.1335787982831032 -0.3187988987370083 
-0.44646411608671155 1.1326950325638496 -0.31803463958393996 
-0.44492478006161573 1.1320254958208078 -0.3174717452848109 
-0.44492478006161573 1.1320254958208078 -0.3174717452848109 
-0.43784674132597534 1.1288871092602148 -0.3148281111373562 
-0.43443598373403347 1.1272975151964144 -0.3135298816060945 
-0.4295553295982075 1.1249509279061385 -0.31159893188221055 
-0.426384993500563 1.1233891880741202 -0.3103227299568503 
-0.4260143867720065 1.123197431121233 -0.31017484008065055 
-0.4217731970465164 1.1210097964548218 -0.30841403091226194 
-0.41975873327287594 1.119942737671411 -0.307564657819984 
-0.4126868354250593 1.1160676924814636 -0.3045100681647126 
-0.4098248757511226 1.1144249490499152 -0.30323184472867537 
-0.4091143206259207 1.114001496188928 -0.3029153646311902 
-0.40609969814270114 1.1122265344154252 -0.3015399337334712 
-0.4011794243781616 1.109249947700892 -0.299250644857066 
-0.3997906492875877 1.1083682692913268 -0.29859623594482376 
-0.3973695161279116 1.1068405033645852 -0.2974196054431315 
-0.39156032479734465 1.1030219150632614 -0.29455581111981144 
-0.3888625382359877 1.101182366385541 -0.2931925278754296 
-0.383374452438924 1.0973180693614908 -0.2903288424550272 
-0.38238229669632706 1.0966076566359675 -0.2898100893809147 
-0.3776510210539055 1.0931056709445808 -0.28726695757551035 
-0.3752416886064523 1.091268217246469 -0.28591706908931613 
-0.37300978737030127 1.0895261358185269 -0.28466405342770207 
-0.37300978737030127 1.0895261358185269 -0.28466405342770207 
-0.36844760428649315 1.0858602202704364 -0.28204147129946866 
-0.3641173140091366 1.0822585343747635 -0.2794719966800917 
-0.361217929279092 1.079774910437313 -0.27772060600955883 
-0.3579206727481378 1.076846662848308 -0.2756637181524655 
-0.3551108900214673 1.074289057869109 -0.27386998954239483 
-0.3513251173784503 1.0707326439180076 -0.2714045350454174 
-0.34860062047823953 1.0681055190648694 -0.26958206174737886 
-0.3460581758303871 1.0655770323437932 -0.2678530679033251 
-0.34313444059171894 1.0626026632993317 -0.26581216561403287 
-0.34012449887715185 1.0594439694462907 -0.26366055988238013 
-0.33918134927159493 1.0584274885941374 -0.2629712912575458 
-0.3354445937856551 1.0543423175270124 -0.26020195722223316 
-0.33218899040298444 1.0506284745507712 -0.25771667130710485 
-0.329888291754149 1.0479305542133666 -0.25590824183909866 
-0.3296349027302548 1.0476290525879821 -0.2557070332303686 
-0.32738108784659004 1.0448998319752343 -0.25388476951746597 
-0.3240555282756299 1.0407632045122708 -0.2511523824935753 
-0.32177199531213907 1.0378237950633808 -0.2492040242809429 
-0.3208163787986409 1.0365814976553693 -0.2483858324731908 
-0.31710256363875766 1.031542944296403 -0.24508340912972537 
-0.3152849926300957 1.0289985934498571 -0.24342868646208626 
-0.3147280153674489 1.0281920725213518 -0.24291496375007782 
-0.31045837514427865 1.0219077978046316 -0.23883571339886112 
-0.30960089595008905 1.0206082845992333 -0.23799729641562362 
-0.30637760561493366 1.0155131637405415 -0.23473287607986437 
-0.3062685703301704 1.0153525362217848 -0.2346288687516439 
-0.30228529572408985 1.0086932487868698 -0.2303829002892408 
-0.3015059705808186 1.0073518541377493 -0.22953432350131076 
-0.2986861371691095 1.0022776895472274 -0.226321603141591 
-0.2977695177177923 1.00057521850308 -0.22524859832091626 
-0.29598123585625635 0.9971559781554535 -0.2230865028035065 
-0.2950152061879018 0.9952608167911547 -0.22190646313696205 
-0.29245881316228567 0.9900627435362618 -0.21867360471776587 
-0.29245881316228567 0.9900627435362618 -0.21867360471776587 
-0.29115065773015275 0.9872768541224473 -0.21692777359446425 
-0.29115065773015275 0.9872768541224473 -0.21692777359446425 
-0.29034905811725453 0.9855271736021338 -0.21583839311702802 
-0.29034905811725453 0.9855271736021338 -0.21583839311702802 
-0.28869892576102485 0.9818371121550734 -0.21355402416541602 
-0.2873258576839456 0.9786542279747755 -0.21159947341909224 
-0.2865225398120894 0.9766968955905555 -0.2103966060126684 
-0.2851520339688507 0.9733127036644219 -0.20831913208229014 
-0.2851520339688507 0.9733127036644219 -0.20831913208229014 
-0.28431562047456965 0.9711626185842871 -0.2070073294814554 
-0.28316760881606584 0.9681063118917274 -0.20514215386444756 
-0.28178885586672375 0.9643214981718062 -0.20283379149382386 
-0.28165359462479084 0.9639629703933278 -0.2026149198325975 
-0.2807220538500127 0.9612441760176905 -0.20095706175169337 
-0.27974458660298196 0.9583344653865903 -0.199199400829148 
-0.27945643607087944 0.9574193176987755 -0.19864774076092262 
-0.2785264110306448 0.9544942536598 -0.19688917930441696 
-0.27780131159910615 0.9521104876502015 -0.1954553499543027 
-0.27673586823355023 0.9484268699385393 -0.19325029245245262 
-0.2761735246786693 0.9464001653613976 -0.1920282121622635 
-0.2757208853981242 0.9447368249954908 -0.1910342653873386 
-0.275275950915012 0.9430718818575717 -0.19004036069030772 
-0.27461798879314553 0.9404720191776539 -0.1884928679049419 
-0.27428588973315093 0.9391679454360399 -0.18772994268659993 
-0.27350631487435323 0.9358148290890828 -0.18572903279297293 
-0.27316843686003645 0.9343222984287227 -0.1848416719338889 
-0.2729548442361094 0.9333850888334072 -0.18429639471806036 
-0.2721243871224863 0.9294545876755713 -0.18196737887927428 
-0.27179886390342844 0.9277587037792827 -0.18097455329629764 
-0.2716427060339973 0.9270071239872608 -0.1805371821823024 
-0.2710224983734094 0.9236145645591255 -0.17854713420718704 
-0.2709465413758566 0.9232427843391658 -0.17832226639652515 
-0.2702954056016143 0.9194702199360362 -0.1761101753027291 
-0.2700038880857282 0.9175709805100362 -0.17501260836268073 
