-0.5916257920222109 1.2447244333621788 -0.502587448132428 
-0.5916257920222109 1.2447244333621788 -0.502587448132428 
-0.5916259763520232 1.244724771931193 -0.5025819426614841 
-0.5916259763520232 1.244724771931193 -0.5025819426614841 
-0.5916259763520232 1.244724771931193 -0.5025819426614841 
-0.5916259763520232 1.244724771931193 -0.5025819426614841 
-0.5916259763520232 1.244724771931193 -0.5025819426614841 
-0.5916257920222109 1.2447244333621788 -0.502587448132428 
-0.5916257920222109 1.2447244333621788 -0.502587448132428 
-0.5916257920222109 1.2447244333621788 -0.502587448132428 
-0.591623371628324 1.2447137063837375 -0.5025849681132553 
-0.591623371628324 1.2447137063837375 -0.5025849681132553 
-0.591623371628324 1.2447137063837375 -0.5025849681132553 
-0.5916229549232442 1.2447121346037733 -0.5025878149301721 
-0.5916229549232442 1.2447121346037733 -0.5025878149301721 
-0.5916229549232442 1.2447121346037733 -0.5025878149301721 
-0.5916245039940747 1.2447192183086535 -0.5025920014145899 
-0.5916245039940747 1.2447192183086535 -0.5025920014145899 
-0.5916245039940746 1.2447192183086535 -0.5025920014145899 
-0.591622969475069 1.2447125423239411 -0.5025919155411935 
-0.591622969475069 1.2447125423239411 -0.5025919155411935 
-0.591622969475069 1.2447125423239411 -0.5025919155411935 
-0.591622969475069 1.2447125423239411 -0.5025919155411935 
-0.591622969475069 1.2447125423239411 -0.5025919155411935 
-0.5916257920222109 1.2447244333621788 -0.502587448132428 
-0.5916257920222109 1.2447244333621788 -0.502587448132428 
-0.5916224809125965 1.2447096332534309 -0.5025825608847152 
-0.5916224809125965 1.2447096332534309 -0.5025825608847152 
-0.591621817716647 1.2447066005422787 -0.5025807685460739 
-0.591621817716647 1.2447066005422787 -0.5025807685460739 
-0.591621817716647 1.2447066005422787 -0.5025807685460739 
-0.5916218177166468 1.2447066005422789 -0.5025807685460741 
-0.5916218177166468 1.2447066005422789 -0.5025807685460741 
-0.5916253466643471 1.2447223967970251 -0.5025862445181577 
-0.5916253466643471 1.2447223967970251 -0.5025862445181577 
-0.5916222436818397 1.2447082072506865 -0.5025778584665583 
-0.5916222436818397 1.2447082072506865 -0.5025778584665583 
-0.5916222436818397 1.2447082072506865 -0.5025778584665583 
-0.5916222436818397 1.2447082072506865 -0.5025778584665583 
-0.5916258017331892 1.2447248189457685 -0.5025915356606865 
-0.5916258017331892 1.2447248189457685 -0.5025915356606865 
-0.5916244801821371 1.2447187756600424 -0.5025879640661668 
-0.5916244801821371 1.2447187756600424 -0.5025879640661668 
-0.5916268573860579 1.2447288007883437 -0.5025843237244969 
-0.5916268573860579 1.2447288007883437 -0.5025843237244969 
-0.5916253466643471 1.2447223967970251 -0.5025862445181577 
-0.5916245233867459 1.2447196481653995 -0.5025961151083749 
-0.5916245233867459 1.2447196481653995 -0.5025961151083749 
-0.5916245233867459 1.2447196481653995 -0.5025961151083749 
-0.5916245233867459 1.2447196481653995 -0.5025961151083749 
-0.5916284112977349 1.2447359066298023 -0.5025885232916785 
-0.5916253466643471 1.2447223967970251 -0.5025862445181577 
-0.5916253466643471 1.2447223967970251 -0.5025862445181577 
-0.5916238121453413 1.2447157208123125 -0.5025861586447615 
-0.5916238121453413 1.2447157208123125 -0.5025861586447615 
-0.5916238121453413 1.2447157208123125 -0.5025861586447615 
-0.5916259763520232 1.244724771931193 -0.5025819426614841 
-0.5916259763520232 1.244724771931193 -0.5025819426614841 
-0.5916259763520232 1.244724771931193 -0.5025819426614841 
-0.5916259763520232 1.244724771931193 -0.5025819426614841 
-0.5916220642075167 1.2447080614734671 -0.5025854077016314 
-0.5916220642075167 1.2447080614734671 -0.5025854077016314 
-0.5916220642075167 1.2447080614734671 -0.5025854077016314 
-0.5916220642075167 1.2447080614734671 -0.5025854077016314 
-0.5916220642075167 1.2447080614734671 -0.5025854077016314 
-0.5916253850281095 1.2447232471658045 -0.5025943824776027 
-0.5916253850281095 1.2447232471658045 -0.5025943824776027 
-0.5916262276983819 1.244726425654176 -0.5025886255811711 
-0.5916262276983819 1.244726425654176 -0.5025886255811711 
-0.5916262276983819 1.244726425654176 -0.5025886255811711 
-0.5916262276983819 1.244726425654176 -0.5025886255811711 
-0.5916273027439217 1.2447308373534969 -0.5025855273387674 
-0.5916273027439217 1.2447308373534969 -0.5025855273387674 
-0.5916273027439217 1.2447308373534969 -0.5025855273387674 
-0.5916273027439216 1.2447308373534969 -0.5025855273387674 
-0.5916273027439216 1.2447308373534969 -0.5025855273387674 
-0.5916225095653804 1.24471009803862 -0.5025866113159021 
-0.5916225095653804 1.24471009803862 -0.5025866113159021 
-0.5916225095653804 1.24471009803862 -0.5025866113159021 
-0.5916249061473297 1.2447203823684503 -0.5025850539866521 
-0.5916249061473297 1.2447203823684503 -0.5025850539866521 
-0.5916249061473297 1.2447203823684503 -0.5025850539866521 
-0.5916249061473297 1.2447203823684503 -0.5025850539866521 
-0.5916258017331892 1.2447248189457685 -0.5025915356606865 
-0.5916258017331892 1.2447248189457685 -0.5025915356606865 
-0.5916249061473297 1.2447203823684503 -0.5025850539866521 
-0.5916249061473297 1.2447203823684503 -0.5025850539866521 
-0.5916249061473297 1.2447203823684503 -0.5025850539866521 
-0.5916249061473297 1.2447203823684503 -0.5025850539866521 
-0.5916237975935166 1.244715313092145 -0.5025820580337403 
-0.5916237975935166 1.244715313092145 -0.5025820580337403 
-0.5916237975935166 1.244715313092145 -0.5025820580337403 
-0.5916253466643471 1.2447223967970251 -0.5025862445181577 
-0.5916253466643471 1.2447223967970251 -0.5025862445181577 
-0.5916264023172157 1.2447263786396006 -0.5025790325819688 
-0.5916264023172157 1.2447263786396006 -0.5025790325819688 
-0.5916264023172157 1.2447263786396006 -0.5025790325819688 
-0.5916264023172157 1.2447263786396006 -0.5025790325819688 
-0.5916253466643471 1.2447223967970251 -0.5025862445181577 
-0.5916253466643471 1.2447223967970251 -0.5025862445181577 
-0.5916263877653911 1.2447259709194332 -0.5025749319709478 
-0.5916263877653911 1.2447259709194332 -0.5025749319709478 
-0.5916263877653911 1.2447259709194332 -0.5025749319709478 
-0.5916263877653911 1.2447259709194332 -0.5025749319709478 
-0.5916262276983819 1.244726425654176 -0.5025886255811711 
-0.5916262276983819 1.244726425654176 -0.5025886255811711 
-0.5916262276983819 1.244726425654176 -0.5025886255811711 
-0.5916262276983819 1.244726425654176 -0.5025886255811711 
-0.5916229262704601 1.2447116698185838 -0.5025837644989852 
-0.5916229262704601 1.2447116698185838 -0.5025837644989852 
-0.5916268573860579 1.2447288007883437 -0.5025843237244969 
-0.5916268573860579 1.2447288007883437 -0.5025843237244969 
-0.5916220642075167 1.2447080614734671 -0.5025854077016314 
-0.5916220642075167 1.2447080614734671 -0.5025854077016314 
-0.5916220642075167 1.2447080614734671 -0.5025854077016314 
-0.5916255358350058 1.2447227575026178 -0.5025807521299781 
-0.5916255358350058 1.2447227575026178 -0.5025807521299781 
-0.5916244078885213 1.244717258369567 -0.5025736424832805 
-0.5916244078885213 1.244717258369567 -0.5025736424832805 
-0.5916244078885213 1.244717258369567 -0.5025736424832805 
-0.5916235365654652 1.2447136150960065 -0.5025753489485256 
-0.5916235365654652 1.2447136150960065 -0.5025753489485256 
-0.5916235365654652 1.2447136150960065 -0.5025753489485256 
-0.5916235365654652 1.2447136150960065 -0.5025753489485256 
-0.5916248532463853 1.24471929493472 -0.5025748460975512 
-0.5916248532463853 1.24471929493472 -0.5025748460975512 
-0.5916248532463853 1.24471929493472 -0.5025748460975512 
-0.5916248532463853 1.24471929493472 -0.5025748460975512 
-0.5916265129745938 1.2447287462988554 -0.5026014921242994 
-0.5916265129745938 1.2447287462988554 -0.5026014921242994 
-0.5916265129745938 1.2447287462988554 -0.5026014921242994 
-0.5916245039940747 1.2447192183086535 -0.5025920014145899 
-0.5916245039940747 1.2447192183086535 -0.5025920014145899 
-0.5916244801821371 1.2447187756600424 -0.5025879640661668 
-0.5916244801821371 1.2447187756600424 -0.5025879640661668 
-0.5916249206991544 1.2447207900886175 -0.5025891545976733 
-0.591621798323976 1.2447061706855336 -0.5025766548522883 
-0.591621798323976 1.2447061706855336 -0.5025766548522883 
-0.5916229262704601 1.2447116698185838 -0.5025837644989852 
-0.5916229262704601 1.2447116698185838 -0.5025837644989852 
-0.5916249061473297 1.2447203823684503 -0.5025850539866521 
-0.5916249061473297 1.2447203823684503 -0.5025850539866521 
-0.5916237975935166 1.244715313092145 -0.5025820580337403 
-0.5916237975935166 1.244715313092145 -0.5025820580337403 
-0.5916237975935166 1.244715313092145 -0.5025820580337403 
-0.5916249493519385 1.2447212548738071 -0.5025932050288606 
-0.5916249493519385 1.2447212548738071 -0.5025932050288606 
-0.5916262276983819 1.244726425654176 -0.5025886255811711 
-0.5916262276983819 1.244726425654176 -0.5025886255811711 
-0.5916262276983819 1.244726425654176 -0.5025886255811711 
-0.5916262276983819 1.244726425654176 -0.5025886255811711 
-0.5916255358350058 1.2447227575026178 -0.5025807521299781 
-0.5916255358350058 1.2447227575026178 -0.5025807521299781 
-0.5916255358350058 1.2447227575026178 -0.5025807521299781 
-0.5916258017331892 1.2447248189457685 -0.5025915356606865 
-0.5916245039940747 1.2447192183086535 -0.5025920014145899 
-0.5916245039940747 1.2447192183086535 -0.5025920014145899 
-0.591622969475069 1.2447125423239411 -0.5025919155411935 
-0.5916238121453413 1.2447157208123125 -0.5025861586447615 
-0.5916238121453413 1.2447157208123125 -0.5025861586447615 
-0.5916266730562457 1.244728462219329 -0.5025898291954409 
-0.5916266730562457 1.244728462219329 -0.5025898291954409 
-0.5916266730562457 1.244728462219329 -0.5025898291954409 
-0.5916266730562457 1.244728462219329 -0.5025898291954409 
-0.5916255358350058 1.2447227575026178 -0.5025807521299781 
-0.5916255358350058 1.2447227575026178 -0.5025807521299781 
-0.5916257920222109 1.2447244333621788 -0.502587448132428 
-0.5916257920222109 1.2447244333621788 -0.502587448132428 
-0.5916257920222109 1.2447244333621788 -0.502587448132428 
-0.5916245039940747 1.2447192183086535 -0.5025920014145899 
-0.5916245039940747 1.2447192183086535 -0.5025920014145899 
-0.5916245039940747 1.2447192183086535 -0.5025920014145899 
-0.591623371628324 1.2447137063837375 -0.5025849681132553 
-0.5916244078885213 1.244717258369567 -0.5025736424832805 
-0.5916244078885213 1.244717258369567 -0.5025736424832805 
-0.5916255358350058 1.2447227575026178 -0.5025807521299781 
-0.5916255358350058 1.2447227575026178 -0.5025807521299781 
-0.5916232993347084 1.2447121890932618 -0.502570646530369 
-0.5916232993347084 1.2447121890932618 -0.502570646530369 
-0.5916232993347084 1.2447121890932618 -0.502570646530369 
-0.5916240634770573 1.2447172038800784 -0.5025908108830839 
-0.5916242381105341 1.2447173275207204 -0.5025832485652466 
-0.5916242381105341 1.2447173275207204 -0.5025832485652466 
-0.5916242381105341 1.2447173275207204 -0.5025832485652466 
-0.5916242381105341 1.2447173275207204 -0.5025832485652466 
-0.5916233522356527 1.2447132765269917 -0.5025808544194696 
-0.5916233522356527 1.2447132765269917 -0.5025808544194696 
-0.5916233522356527 1.2447132765269917 -0.5025808544194696 
-0.5916233522356527 1.2447132765269917 -0.5025808544194696 
-0.5916238121453413 1.2447157208123125 -0.5025861586447615 
-0.5916238121453413 1.2447157208123125 -0.5025861586447615 
-0.5916262470910529 1.2447268555109214 -0.5025927392749563 
-0.5916262470910529 1.2447268555109214 -0.5025927392749563 
-0.5916214010115672 1.244705028762315 -0.5025836153629899 
-0.5916214010115672 1.244705028762315 -0.5025836153629899 
-0.5916214010115672 1.244705028762315 -0.5025836153629899 
-0.5916214010115672 1.244705028762315 -0.5025836153629899 
-0.5916245039940747 1.2447192183086535 -0.5025920014145899 
-0.5916245039940747 1.2447192183086535 -0.5025920014145899 
-0.5916242381105341 1.2447173275207204 -0.5025832485652466 
-0.5916242381105341 1.2447173275207204 -0.5025832485652466 
-0.5916257197285953 1.2447229160717033 -0.5025731265495426 
-0.5916257197285953 1.2447229160717033 -0.5025731265495426 
-0.5916257197285953 1.2447229160717033 -0.5025731265495426 
-0.591623211546672 1.2447139904632631 -0.5025966310421133 
-0.591623211546672 1.2447139904632631 -0.5025966310421133 
-0.591623211546672 1.2447139904632631 -0.5025966310421133 
-0.591623211546672 1.2447139904632631 -0.5025966310421133 
-0.591623211546672 1.2447139904632631 -0.5025966310421133 
-0.5916233522356527 1.2447132765269917 -0.5025808544194696 
-0.5916233522356527 1.2447132765269917 -0.5025808544194696 
-0.5916233522356527 1.2447132765269917 -0.5025808544194696 
-0.5916233522356527 1.2447132765269917 -0.5025808544194696 
-0.5916277432609391 1.2447328517820722 -0.5025867178702732 
-0.5916277432609391 1.2447328517820722 -0.5025867178702732 
-0.5916277432609391 1.2447328517820722 -0.5025867178702732 
-0.5916277432609391 1.2447328517820722 -0.5025867178702732 
-0.5916229549232442 1.2447121346037733 -0.5025878149301721 
-0.5916229549232442 1.2447121346037733 -0.5025878149301721 
-0.5916255358350058 1.2447227575026178 -0.5025807521299781 
-0.5916255358350058 1.2447227575026178 -0.5025807521299781 
-0.5916244272811926 1.2447176882263127 -0.5025777561770657 
-0.5916244272811926 1.2447176882263127 -0.5025777561770657 
-0.5916214010115672 1.244705028762315 -0.5025836153629899 
-0.5916214010115672 1.244705028762315 -0.5025836153629899 
-0.5916214010115672 1.244705028762315 -0.5025836153629899 
-0.5916233522356527 1.2447132765269917 -0.5025808544194696 
-0.5916233522356527 1.2447132765269917 -0.5025808544194696 
-0.5916253466643471 1.2447223967970251 -0.5025862445181577 
-0.5916253466643471 1.2447223967970251 -0.5025862445181577 
-0.5916253466643471 1.2447223967970251 -0.5025862445181577 
-0.5916258017331892 1.2447248189457685 -0.5025915356606865 
-0.5916262276983819 1.244726425654176 -0.5025886255811711 
-0.5916262276983819 1.244726425654176 -0.5025886255811711 
-0.5916253660570182 1.2447228266537709 -0.5025903582119435 
-0.5916253660570182 1.2447228266537709 -0.5025903582119435 
-0.5916253660570182 1.2447228266537709 -0.5025903582119435 
-0.5916253660570182 1.2447228266537709 -0.5025903582119435 
-0.5916292777799448 1.244739527766785 -0.50258680374367 
-0.5916292777799448 1.244739527766785 -0.50258680374367 
-0.5916266876080705 1.2447288699394967 -0.5025939298064623 
-0.5916266876080705 1.2447288699394967 -0.5025939298064623 
-0.5916266876080702 1.244728869939497 -0.5025939298064626 
-0.5916266876080702 1.244728869939497 -0.5025939298064626 
-0.5916236375118646 1.244715597171671 -0.5025937209625988 
-0.5916236375118646 1.244715597171671 -0.5025937209625988 
-0.5916236375118646 1.244715597171671 -0.5025937209625988 
-0.5916236375118646 1.244715597171671 -0.5025937209625988 
-0.5916264217098869 1.2447268084963463 -0.5025831462757544 
