-0.701625792022211 1.3147244333621786 -0.5025874481324286 
-0.701625792022211 1.3147244333621786 -0.5025874481324286 
-0.7016259763520233 1.314724771931193 -0.5025819426614837 
-0.7016259763520233 1.314724771931193 -0.5025819426614837 
-0.7016259763520233 1.314724771931193 -0.5025819426614837 
-0.7016259763520233 1.314724771931193 -0.5025819426614837 
-0.7016259763520233 1.314724771931193 -0.5025819426614837 
-0.701625792022211 1.3147244333621786 -0.5025874481324286 
-0.701625792022211 1.3147244333621786 -0.5025874481324286 
-0.701625792022211 1.3147244333621786 -0.5025874481324286 
-0.7016233716283241 1.3147137063837373 -0.5025849681132555 
-0.7016233716283241 1.3147137063837373 -0.5025849681132555 
-0.7016233716283241 1.3147137063837373 -0.5025849681132555 
-0.7016229549232443 1.3147121346037733 -0.5025878149301719 
-0.7016229549232443 1.3147121346037733 -0.5025878149301719 
-0.7016229549232443 1.3147121346037733 -0.5025878149301719 
-0.7016245039940747 1.3147192183086536 -0.5025920014145899 
-0.7016245039940747 1.3147192183086536 -0.5025920014145899 
-0.7016245039940746 1.3147192183086536 -0.5025920014145899 
-0.7016229694750692 1.314712542323941 -0.5025919155411926 
-0.7016229694750692 1.314712542323941 -0.5025919155411926 
-0.7016229694750692 1.314712542323941 -0.5025919155411926 
-0.7016229694750692 1.314712542323941 -0.5025919155411926 
-0.7016229694750692 1.314712542323941 -0.5025919155411926 
-0.701625792022211 1.3147244333621786 -0.5025874481324286 
-0.701625792022211 1.3147244333621786 -0.5025874481324286 
-0.7016224809125966 1.3147096332534307 -0.502582560884715 
-0.7016224809125966 1.3147096332534307 -0.502582560884715 
-0.7016218177166472 1.314706600542279 -0.5025807685460733 
-0.7016218177166472 1.314706600542279 -0.5025807685460733 
-0.7016218177166472 1.314706600542279 -0.5025807685460733 
-0.701621817716647 1.3147066005422792 -0.5025807685460735 
-0.701621817716647 1.3147066005422792 -0.5025807685460735 
-0.7016253466643472 1.3147223967970252 -0.5025862445181581 
-0.7016253466643472 1.3147223967970252 -0.5025862445181581 
-0.7016222436818399 1.3147082072506866 -0.5025778584665583 
-0.7016222436818399 1.3147082072506866 -0.5025778584665583 
-0.7016222436818399 1.3147082072506866 -0.5025778584665583 
-0.7016222436818399 1.3147082072506866 -0.5025778584665583 
-0.7016258017331893 1.3147248189457685 -0.5025915356606858 
-0.7016258017331893 1.3147248189457685 -0.5025915356606858 
-0.7016244801821372 1.314718775660042 -0.5025879640661672 
-0.7016244801821372 1.314718775660042 -0.5025879640661672 
-0.7016268573860581 1.314728800788344 -0.5025843237244971 
-0.7016268573860581 1.314728800788344 -0.5025843237244971 
-0.7016253466643472 1.3147223967970252 -0.5025862445181581 
-0.7016245233867459 1.3147196481653993 -0.5025961151083751 
-0.7016245233867459 1.3147196481653993 -0.5025961151083751 
-0.7016245233867459 1.3147196481653993 -0.5025961151083751 
-0.7016245233867459 1.3147196481653993 -0.5025961151083751 
-0.701628411297735 1.314735906629802 -0.5025885232916789 
-0.7016253466643472 1.3147223967970252 -0.5025862445181581 
-0.7016253466643472 1.3147223967970252 -0.5025862445181581 
-0.7016238121453415 1.3147157208123126 -0.5025861586447615 
-0.7016238121453415 1.3147157208123126 -0.5025861586447615 
-0.7016238121453415 1.3147157208123126 -0.5025861586447615 
-0.7016259763520233 1.314724771931193 -0.5025819426614837 
-0.7016259763520233 1.314724771931193 -0.5025819426614837 
-0.7016259763520233 1.314724771931193 -0.5025819426614837 
-0.7016259763520233 1.314724771931193 -0.5025819426614837 
-0.7016220642075168 1.3147080614734667 -0.5025854077016312 
-0.7016220642075168 1.3147080614734667 -0.5025854077016312 
-0.7016220642075168 1.3147080614734667 -0.5025854077016312 
-0.7016220642075168 1.3147080614734667 -0.5025854077016312 
-0.7016220642075168 1.3147080614734667 -0.5025854077016312 
-0.7016253850281097 1.3147232471658046 -0.5025943824776029 
-0.7016253850281097 1.3147232471658046 -0.5025943824776029 
-0.701626227698382 1.3147264256541764 -0.5025886255811713 
-0.701626227698382 1.3147264256541764 -0.5025886255811713 
-0.701626227698382 1.3147264256541764 -0.5025886255811713 
-0.701626227698382 1.3147264256541764 -0.5025886255811713 
-0.701627302743922 1.3147308373534972 -0.5025855273387669 
-0.701627302743922 1.3147308373534972 -0.5025855273387669 
-0.701627302743922 1.3147308373534972 -0.5025855273387669 
-0.7016273027439219 1.3147308373534972 -0.5025855273387669 
-0.7016273027439219 1.3147308373534972 -0.5025855273387669 
-0.7016225095653804 1.3147100980386197 -0.5025866113159017 
-0.7016225095653804 1.3147100980386197 -0.5025866113159017 
-0.7016225095653804 1.3147100980386197 -0.5025866113159017 
-0.7016249061473299 1.31472038236845 -0.5025850539866519 
-0.7016249061473299 1.31472038236845 -0.5025850539866519 
-0.7016249061473299 1.31472038236845 -0.5025850539866519 
-0.7016249061473299 1.31472038236845 -0.5025850539866519 
-0.7016258017331893 1.3147248189457685 -0.5025915356606858 
-0.7016258017331893 1.3147248189457685 -0.5025915356606858 
-0.7016249061473299 1.31472038236845 -0.5025850539866519 
-0.7016249061473299 1.31472038236845 -0.5025850539866519 
-0.7016249061473299 1.31472038236845 -0.5025850539866519 
-0.7016249061473299 1.31472038236845 -0.5025850539866519 
-0.7016237975935168 1.314715313092145 -0.5025820580337403 
-0.7016237975935168 1.314715313092145 -0.5025820580337403 
-0.7016237975935168 1.314715313092145 -0.5025820580337403 
-0.7016253466643472 1.3147223967970252 -0.5025862445181581 
-0.7016253466643472 1.3147223967970252 -0.5025862445181581 
-0.7016264023172158 1.3147263786396006 -0.502579032581969 
-0.7016264023172158 1.3147263786396006 -0.502579032581969 
-0.7016264023172158 1.3147263786396006 -0.502579032581969 
-0.7016264023172158 1.3147263786396006 -0.502579032581969 
-0.7016253466643472 1.3147223967970252 -0.5025862445181581 
-0.7016253466643472 1.3147223967970252 -0.5025862445181581 
-0.7016263877653911 1.314725970919433 -0.5025749319709478 
-0.7016263877653911 1.314725970919433 -0.5025749319709478 
-0.7016263877653911 1.314725970919433 -0.5025749319709478 
-0.7016263877653911 1.314725970919433 -0.5025749319709478 
-0.701626227698382 1.3147264256541764 -0.5025886255811713 
-0.701626227698382 1.3147264256541764 -0.5025886255811713 
-0.701626227698382 1.3147264256541764 -0.5025886255811713 
-0.701626227698382 1.3147264256541764 -0.5025886255811713 
-0.7016229262704602 1.3147116698185837 -0.502583764498985 
-0.7016229262704602 1.3147116698185837 -0.502583764498985 
-0.7016268573860581 1.314728800788344 -0.5025843237244971 
-0.7016268573860581 1.314728800788344 -0.5025843237244971 
-0.7016220642075168 1.3147080614734667 -0.5025854077016312 
-0.7016220642075168 1.3147080614734667 -0.5025854077016312 
-0.7016220642075168 1.3147080614734667 -0.5025854077016312 
-0.7016255358350059 1.314722757502618 -0.5025807521299774 
-0.7016255358350059 1.314722757502618 -0.5025807521299774 
-0.7016244078885215 1.314717258369567 -0.5025736424832807 
-0.7016244078885215 1.314717258369567 -0.5025736424832807 
-0.7016244078885215 1.314717258369567 -0.5025736424832807 
-0.7016235365654653 1.314713615096006 -0.5025753489485254 
-0.7016235365654653 1.314713615096006 -0.5025753489485254 
-0.7016235365654653 1.314713615096006 -0.5025753489485254 
-0.7016235365654653 1.314713615096006 -0.5025753489485254 
-0.7016248532463855 1.3147192949347204 -0.502574846097551 
-0.7016248532463855 1.3147192949347204 -0.502574846097551 
-0.7016248532463855 1.3147192949347204 -0.502574846097551 
-0.7016248532463855 1.3147192949347204 -0.502574846097551 
-0.701626512974594 1.314728746298855 -0.5026014921242996 
-0.701626512974594 1.314728746298855 -0.5026014921242996 
-0.701626512974594 1.314728746298855 -0.5026014921242996 
-0.7016245039940747 1.3147192183086536 -0.5025920014145899 
-0.7016245039940747 1.3147192183086536 -0.5025920014145899 
-0.7016244801821372 1.314718775660042 -0.5025879640661672 
-0.7016244801821372 1.314718775660042 -0.5025879640661672 
-0.7016249206991545 1.3147207900886175 -0.502589154597674 
-0.7016217983239762 1.3147061706855336 -0.5025766548522879 
-0.7016217983239762 1.3147061706855336 -0.5025766548522879 
-0.7016229262704602 1.3147116698185837 -0.502583764498985 
-0.7016229262704602 1.3147116698185837 -0.502583764498985 
-0.7016249061473299 1.31472038236845 -0.5025850539866519 
-0.7016249061473299 1.31472038236845 -0.5025850539866519 
-0.7016237975935168 1.314715313092145 -0.5025820580337403 
-0.7016237975935168 1.314715313092145 -0.5025820580337403 
-0.7016237975935168 1.314715313092145 -0.5025820580337403 
-0.7016249493519385 1.314721254873807 -0.50259320502886 
-0.7016249493519385 1.314721254873807 -0.50259320502886 
-0.701626227698382 1.3147264256541764 -0.5025886255811713 
-0.701626227698382 1.3147264256541764 -0.5025886255811713 
-0.701626227698382 1.3147264256541764 -0.5025886255811713 
-0.701626227698382 1.3147264256541764 -0.5025886255811713 
-0.7016255358350059 1.314722757502618 -0.5025807521299774 
-0.7016255358350059 1.314722757502618 -0.5025807521299774 
-0.7016255358350059 1.314722757502618 -0.5025807521299774 
-0.7016258017331893 1.3147248189457685 -0.5025915356606858 
-0.7016245039940747 1.3147192183086536 -0.5025920014145899 
-0.7016245039940747 1.3147192183086536 -0.5025920014145899 
-0.7016229694750692 1.314712542323941 -0.5025919155411926 
-0.7016238121453415 1.3147157208123126 -0.5025861586447615 
-0.7016238121453415 1.3147157208123126 -0.5025861586447615 
-0.7016266730562459 1.3147284622193294 -0.5025898291954412 
-0.7016266730562459 1.3147284622193294 -0.5025898291954412 
-0.7016266730562459 1.3147284622193294 -0.5025898291954412 
-0.7016266730562459 1.3147284622193294 -0.5025898291954412 
-0.7016255358350059 1.314722757502618 -0.5025807521299774 
-0.7016255358350059 1.314722757502618 -0.5025807521299774 
-0.701625792022211 1.3147244333621786 -0.5025874481324286 
-0.701625792022211 1.3147244333621786 -0.5025874481324286 
-0.701625792022211 1.3147244333621786 -0.5025874481324286 
-0.7016245039940747 1.3147192183086536 -0.5025920014145899 
-0.7016245039940747 1.3147192183086536 -0.5025920014145899 
-0.7016245039940747 1.3147192183086536 -0.5025920014145899 
-0.7016233716283241 1.3147137063837373 -0.5025849681132555 
-0.7016244078885215 1.314717258369567 -0.5025736424832807 
-0.7016244078885215 1.314717258369567 -0.5025736424832807 
-0.7016255358350059 1.314722757502618 -0.5025807521299774 
-0.7016255358350059 1.314722757502618 -0.5025807521299774 
-0.7016232993347086 1.314712189093262 -0.5025706465303692 
-0.7016232993347086 1.314712189093262 -0.5025706465303692 
-0.7016232993347086 1.314712189093262 -0.5025706465303692 
-0.7016240634770574 1.3147172038800783 -0.5025908108830839 
-0.7016242381105343 1.3147173275207205 -0.5025832485652462 
-0.7016242381105343 1.3147173275207205 -0.5025832485652462 
-0.7016242381105343 1.3147173275207205 -0.5025832485652462 
-0.7016242381105343 1.3147173275207205 -0.5025832485652462 
-0.7016233522356529 1.3147132765269915 -0.5025808544194699 
-0.7016233522356529 1.3147132765269915 -0.5025808544194699 
-0.7016233522356529 1.3147132765269915 -0.5025808544194699 
-0.7016233522356529 1.3147132765269915 -0.5025808544194699 
-0.7016238121453415 1.3147157208123126 -0.5025861586447615 
-0.7016238121453415 1.3147157208123126 -0.5025861586447615 
-0.7016262470910533 1.3147268555109217 -0.5025927392749563 
-0.7016262470910533 1.3147268555109217 -0.5025927392749563 
-0.7016214010115676 1.3147050287623152 -0.5025836153629901 
-0.7016214010115676 1.3147050287623152 -0.5025836153629901 
-0.7016214010115676 1.3147050287623152 -0.5025836153629901 
-0.7016214010115676 1.3147050287623152 -0.5025836153629901 
-0.7016245039940747 1.3147192183086536 -0.5025920014145899 
-0.7016245039940747 1.3147192183086536 -0.5025920014145899 
-0.7016242381105343 1.3147173275207205 -0.5025832485652462 
-0.7016242381105343 1.3147173275207205 -0.5025832485652462 
-0.7016257197285956 1.3147229160717033 -0.5025731265495426 
-0.7016257197285956 1.3147229160717033 -0.5025731265495426 
-0.7016257197285956 1.3147229160717033 -0.5025731265495426 
-0.7016232115466722 1.3147139904632632 -0.5025966310421137 
-0.7016232115466722 1.3147139904632632 -0.5025966310421137 
-0.7016232115466722 1.3147139904632632 -0.5025966310421137 
-0.7016232115466722 1.3147139904632632 -0.5025966310421137 
-0.7016232115466722 1.3147139904632632 -0.5025966310421137 
-0.7016233522356529 1.3147132765269915 -0.5025808544194699 
-0.7016233522356529 1.3147132765269915 -0.5025808544194699 
-0.7016233522356529 1.3147132765269915 -0.5025808544194699 
-0.7016233522356529 1.3147132765269915 -0.5025808544194699 
-0.7016277432609394 1.3147328517820727 -0.5025867178702732 
-0.7016277432609394 1.3147328517820727 -0.5025867178702732 
-0.7016277432609394 1.3147328517820727 -0.5025867178702732 
-0.7016277432609394 1.3147328517820727 -0.5025867178702732 
-0.7016229549232443 1.3147121346037733 -0.5025878149301719 
-0.7016229549232443 1.3147121346037733 -0.5025878149301719 
-0.7016255358350059 1.314722757502618 -0.5025807521299774 
-0.7016255358350059 1.314722757502618 -0.5025807521299774 
-0.7016244272811929 1.3147176882263127 -0.5025777561770659 
-0.7016244272811929 1.3147176882263127 -0.5025777561770659 
-0.7016214010115676 1.3147050287623152 -0.5025836153629901 
-0.7016214010115676 1.3147050287623152 -0.5025836153629901 
-0.7016214010115676 1.3147050287623152 -0.5025836153629901 
-0.7016233522356529 1.3147132765269915 -0.5025808544194699 
-0.7016233522356529 1.3147132765269915 -0.5025808544194699 
-0.7016253466643472 1.3147223967970252 -0.5025862445181581 
-0.7016253466643472 1.3147223967970252 -0.5025862445181581 
-0.7016253466643472 1.3147223967970252 -0.5025862445181581 
-0.7016258017331893 1.3147248189457685 -0.5025915356606858 
-0.701626227698382 1.3147264256541764 -0.5025886255811713 
-0.701626227698382 1.3147264256541764 -0.5025886255811713 
-0.7016253660570183 1.3147228266537707 -0.5025903582119438 
-0.7016253660570183 1.3147228266537707 -0.5025903582119438 
-0.7016253660570183 1.3147228266537707 -0.5025903582119438 
-0.7016253660570183 1.3147228266537707 -0.5025903582119438 
-0.701629277779945 1.314739527766785 -0.5025868037436698 
-0.701629277779945 1.314739527766785 -0.5025868037436698 
-0.7016266876080707 1.314728869939497 -0.502593929806463 
-0.7016266876080707 1.314728869939497 -0.502593929806463 
-0.7016266876080705 1.3147288699394972 -0.5025939298064632 
-0.7016266876080705 1.3147288699394972 -0.5025939298064632 
-0.7016236375118649 1.3147155971716709 -0.5025937209625986 
-0.7016236375118649 1.3147155971716709 -0.5025937209625986 
-0.7016236375118649 1.3147155971716709 -0.5025937209625986 
-0.7016236375118649 1.3147155971716709 -0.5025937209625986 
-0.701626421709887 1.3147268084963462 -0.5025831462757544 
