-0.08670252974525416 -0.3258928512000442 0.5650241189849435 
-0.08670252974525416 -0.3258928512000442 0.5650241189849435 
-0.08670252974525416 -0.3258928512000442 0.5650241189849435 
-0.08670252974525416 -0.3258928512000442 0.5650241189849435 
-0.08670252974525416 -0.3258928512000442 0.5650241189849435 
-0.08670252974525416 -0.3258928512000442 0.5650241189849435 
-0.08670252974525416 -0.3258928512000442 0.5650241189849435 
-0.08670252974525416 -0.3258928512000442 0.5650241189849435 
-0.08670252974525416 -0.3258928512000442 0.5650241189849435 
-0.08670252974525416 -0.3258928512000442 0.5650241189849435 
