-0.0648008051522883 -0.16125822524876646 0.8205152604031647 
-0.0648008051522883 -0.16125822524876646 0.8205152604031647 
-0.0648008051522883 -0.16125822524876646 0.8205152604031647 
-0.0648008051522883 -0.16125822524876646 0.8205152604031647 
-0.0648008051522883 -0.16125822524876646 0.8205152604031647 
-0.0648008051522883 -0.16125822524876646 0.8205152604031647 
-0.0648008051522883 -0.16125822524876646 0.8205152604031647 
-0.0648008051522883 -0.16125822524876646 0.8205152604031647 
-0.0648008051522883 -0.16125822524876646 0.8205152604031647 
-0.0648008051522883 -0.16125822524876646 0.8205152604031647 
