-0.6275545894117064 1.1675334064683 -0.33976062039681343 
-0.6275550264709058 1.167535433241679 -0.33976181746972245 
-0.627553114854589 1.1675277786871103 -0.3397708056750557 
-0.6275528569320747 1.1675257182106806 -0.3397599392575832 
-0.6275554477729393 1.1675370411791617 -0.33975890739022485 
-0.6275550264709058 1.167535433241679 -0.33976181746972245 
-0.6275554320157736 1.1675366223432655 -0.3397548002378179 
-0.6275554635301052 1.1675374600150576 -0.339763014542632 
-0.6275554320157736 1.1675366223432655 -0.3397548002378179 
-0.6277745207450719 1.1675119641709204 -0.33977141650789 
-0.6275537152933077 1.1675293529215423 -0.33975822625099494 
-0.6275545894117064 1.1675334064683 -0.33976062039681343 
-0.6275545736545406 1.1675329876324039 -0.33975651324440637 
-0.6275549949565742 1.1675345955698866 -0.33975360316490866 
-0.6275539732158218 1.1675314133979722 -0.33976909266846733 
-0.6275546051688722 1.1675338253041962 -0.3397647275492205 
-0.6275545329814692 1.1675321150054492 -0.33974836220218974 
-0.6275545736545406 1.1675329876324039 -0.33975651324440637 
-0.6275550264709058 1.167535433241679 -0.33976181746972245 
-0.6275558848321386 1.1675390679525404 -0.3397601044631342 
-0.6275537152933077 1.1675293529215423 -0.33975822625099494 
-0.6275563061341722 1.1675406758900233 -0.3397571943836364 
-0.6275537310504735 1.1675297717574384 -0.3397623334034018 
-0.6275554477729393 1.1675370411791617 -0.33975890739022485 
-0.6275550264709058 1.167535433241679 -0.33976181746972267 
-0.627556718277466 1.1675422488723435 -0.3397543475667365 
-0.6275536995361419 1.167528934085646 -0.33975411909858766 
-0.6275545578973749 1.1675325687965077 -0.3397524060919992 
-0.6275545736545406 1.1675329876324039 -0.33975651324440637 
-0.6275550264709058 1.167535433241679 -0.33976181746972267 
-0.6275546051688722 1.1675338253041962 -0.3397647275492205 
-0.6275537152933077 1.1675293529215423 -0.33975822625099517 
-0.6275545736545406 1.1675329876324039 -0.33975651324440637 
-0.6275545736545406 1.1675329876324039 -0.33975651324440637 
-0.627554152352507 1.1675313796949212 -0.3397594233239042 
-0.62755501071374 1.1675350144057828 -0.33975771031731583 
-0.6277753978549693 1.167516017071717 -0.3397738106532192 
-0.62755501071374 1.1675350144057828 -0.33975771031731583 
-0.6275537152933077 1.1675293529215423 -0.33975822625099494 
-0.6275550264709058 1.167535433241679 -0.33976181746972245 
-0.6275526620382239 1.1675253330778355 -0.33976550144973927 
-0.6275554477729393 1.1675370411791617 -0.33975890739022485 
-0.6275541365953413 1.167530960859025 -0.3397553161714971 
-0.6275541365953413 1.167530960859025 -0.3397553161714971 
-0.6275541365953413 1.167530960859025 -0.3397553161714971 
-0.6275545736545406 1.1675329876324039 -0.33975651324440637 
-0.6275563061341722 1.1675406758900233 -0.3397571943836364 
-0.6275537310504735 1.1675297717574384 -0.339762333403402 
-0.6275554320157736 1.1675366223432655 -0.3397548002378179 
-0.6275549949565742 1.1675345955698866 -0.33975360316490866 
-0.6275541365953413 1.167530960859025 -0.3397553161714971 
-0.62755501071374 1.1675350144057828 -0.33975771031731583 
-0.62755501071374 1.1675350144057828 -0.33975771031731583 
-0.62755501071374 1.1675350144057828 -0.33975771031731583 
-0.6275545894117064 1.1675334064683 -0.33976062039681343 
-0.6275541365953413 1.167530960859025 -0.3397553161714971 
-0.6275545736545406 1.1675329876324039 -0.33975651324440637 
-0.6275530990974232 1.1675273598512144 -0.3397666985226486 
-0.6275530990974232 1.1675273598512144 -0.3397666985226486 
-0.6275530990974232 1.1675273598512144 -0.33976669852264885 
-0.62755501071374 1.1675350144057828 -0.33975771031731583 
-0.6275546051688722 1.1675338253041962 -0.3397647275492205 
-0.627556718277466 1.1675422488723435 -0.3397543475667365 
-0.6275541365953413 1.167530960859025 -0.3397553161714971 
-0.6275558690749728 1.1675386491166446 -0.3397559973107268 
-0.6275530990974232 1.1675273598512144 -0.3397666985226486 
-0.6275530990974232 1.1675273598512144 -0.3397666985226486 
-0.6275550264709058 1.1675354332416792 -0.3397618174697222 
-0.6275549700406686 1.1675341417788279 -0.3397495592750991 
-0.6275545894117064 1.1675334064683 -0.33976062039681343 
-0.6275561179247533 1.167540494637494 -0.3397648068813053 
-0.6275541365953413 1.167530960859025 -0.3397553161714971 
-0.6275558690749728 1.1675386491166446 -0.33975599731072703 
-0.6275546051688722 1.1675338253041962 -0.3397647275492205 
-0.6275554477729393 1.1675370411791617 -0.33975890739022485 
-0.6275554635301052 1.1675374600150576 -0.339763014542632 
-0.6275545736545406 1.1675329876324039 -0.33975651324440637 
-0.6277740649181233 1.1675095191704532 -0.33976611225977205 
-0.6273370155315168 1.1675650315037513 -0.33974812048551606 
-0.6275554477729393 1.1675370411791617 -0.33975890739022485 
-0.6275549949565742 1.1675345955698866 -0.33975360316490866 
-0.6275545894117064 1.1675334064683 -0.33976062039681343 
-0.6275550422280716 1.167535852077575 -0.33976592462212973 
-0.627554152352507 1.1675313796949212 -0.3397594233239042 
-0.6275554320157736 1.1675366223432655 -0.3397548002378179 
-0.6275558848321386 1.1675390679525404 -0.3397601044631342 
-0.62755501071374 1.1675350144057828 -0.33975771031731605 
-0.6275545736545406 1.1675329876324039 -0.33975651324440637 
-0.6275549949565742 1.1675345955698866 -0.33975360316490866 
-0.6275546051688722 1.1675338253041962 -0.3397647275492205 
-0.6275549949565742 1.1675345955698866 -0.33975360316490866 
-0.6275541681096728 1.1675317985308171 -0.33976353047631147 
-0.6275545736545406 1.1675329876324039 -0.33975651324440637 
-0.6275563061341722 1.1675406758900233 -0.3397571943836364 
-0.6275563061341722 1.1675406758900233 -0.3397571943836364 
-0.62755501071374 1.167535014405783 -0.3397577103173156 
-0.6275535361566225 1.167529386624593 -0.3397678955955582 
-0.6275535519137883 1.1675298054604895 -0.33977200274796504 
-0.6275554320157736 1.1675366223432655 -0.3397548002378179 
-0.6275532939912741 1.1675277449840593 -0.33976113633049276 
-0.6275526620382239 1.1675253330778355 -0.33976550144973927 
-0.62755501071374 1.1675350144057828 -0.33975771031731583 
-0.6275528569320747 1.1675257182106806 -0.3397599392575832 
-0.6275545736545406 1.1675329876324039 -0.33975651324440637 
-0.627554152352507 1.1675313796949212 -0.3397594233239042 
-0.6275545894117064 1.1675334064683 -0.33976062039681365 
-0.6275545894117064 1.1675334064683 -0.33976062039681343 
-0.62755501071374 1.1675350144057828 -0.33975771031731583 
-0.6275541681096728 1.1675317985308171 -0.33976353047631147 
-0.6275558690749728 1.1675386491166446 -0.3397559973107268 
-0.6275550264709058 1.167535433241679 -0.33976181746972245 
-0.6275537310504735 1.1675297717574384 -0.3397623334034018 
-0.6275545578973748 1.1675325687965081 -0.3397524060919993 
-0.6275545736545406 1.1675329876324039 -0.33975651324440637 
-0.6275556966227197 1.1675388867000112 -0.3397677169608031 
-0.6275558690749728 1.1675386491166446 -0.3397559973107268 
-0.6275545894117064 1.1675334064683 -0.33976062039681343 
-0.6275545736545406 1.1675329876324039 -0.33975651324440637 
-0.627554152352507 1.1675313796949214 -0.33975942332390396 
-0.6275545894117064 1.1675334064683 -0.33976062039681343 
-0.6275545736545406 1.1675329876324039 -0.33975651324440637 
-0.6275549949565742 1.1675345955698866 -0.33975360316490866 
-0.627553114854589 1.1675277786871103 -0.3397708056750557 
-0.62755501071374 1.1675350144057828 -0.33975771031731583 
-0.6275554635301052 1.1675374600150576 -0.339763014542632 
-0.6275550264709058 1.167535433241679 -0.33976181746972245 
-0.6275550264709058 1.167535433241679 -0.33976181746972245 
-0.6275546051688722 1.1675338253041962 -0.3397647275492207 
-0.6275526620382239 1.1675253330778355 -0.33976550144973927 
-0.6275541365953413 1.167530960859025 -0.3397553161714971 
-0.627554152352507 1.1675313796949212 -0.3397594233239042 
-0.6275532939912741 1.1675277449840593 -0.33976113633049276 
-0.6275563061341722 1.1675406758900233 -0.3397571943836364 
-0.6275541365953413 1.167530960859025 -0.3397553161714971 
-0.6275536995361419 1.167528934085646 -0.33975411909858766 
-0.6275561179247533 1.167540494637494 -0.3397648068813053 
-0.6275550422280716 1.167535852077575 -0.33976592462212973 
-0.6275545894117064 1.1675334064683 -0.33976062039681343 
-0.6275545894117064 1.1675334064683003 -0.3397606203968132 
-0.6275556966227197 1.1675388867000112 -0.3397677169608031 
-0.6275545736545406 1.1675329876324039 -0.33975651324440637 
-0.6275541681096728 1.1675317985308171 -0.33976353047631147 
-0.6275530990974232 1.1675273598512144 -0.33976669852264885 
-0.6275545894117064 1.1675334064683 -0.33976062039681343 
-0.6275560390529182 1.167538580458431 -0.3397463912287616 
-0.6275537152933077 1.1675293529215423 -0.33975822625099517 
-0.6275537152933077 1.1675293529215423 -0.33975822625099494 
-0.6275554477729393 1.1675370411791617 -0.33975890739022485 
-0.6275537152933077 1.1675293529215423 -0.33975822625099494 
-0.6275550264709058 1.167535433241679 -0.33976181746972245 
-0.6275545894117064 1.1675334064683 -0.33976062039681343 
-0.6275554477729393 1.1675370411791617 -0.33975890739022485 
-0.6275545736545406 1.1675329876324039 -0.33975651324440637 
-0.6275550264709058 1.167535433241679 -0.33976181746972245 
-0.6275545736545406 1.1675329876324039 -0.33975651324440637 
-0.6275554320157736 1.1675366223432655 -0.3397548002378179 
-0.6275541681096728 1.1675317985308171 -0.3397635304763117 
-0.6275558848321386 1.1675390679525404 -0.3397601044631342 
-0.6275541681096728 1.1675317985308171 -0.33976353047631147 
-0.6275545894117064 1.1675334064683 -0.33976062039681343 
-0.627554152352507 1.1675313796949212 -0.3397594233239042 
-0.6275532782341084 1.1675273261481636 -0.3397570291780855 
-0.6275539732158218 1.1675314133979722 -0.33976909266846733 
-0.6275554477729393 1.1675370411791617 -0.33975890739022485 
-0.6275535519137883 1.1675298054604895 -0.33977200274796504 
-0.6275558848321386 1.1675390679525404 -0.3397601044631344 
-0.6275545578973749 1.1675325687965077 -0.3397524060919992 
-0.6275546051688722 1.1675338253041962 -0.3397647275492205 
-0.627554152352507 1.1675313796949212 -0.3397594233239042 
-0.6275564761121176 1.1675406072318097 -0.33974758830167107 
-0.6275550264709058 1.167535433241679 -0.33976181746972245 
-0.6275545894117064 1.1675334064683 -0.33976062039681343 
-0.6275554477729393 1.1675370411791617 -0.33975890739022485 
-0.6275532939912741 1.1675277449840593 -0.33976113633049276 
-0.6275541681096728 1.1675317985308171 -0.33976353047631147 
-0.6275554320157736 1.1675366223432655 -0.3397548002378179 
-0.6275554320157736 1.1675366223432655 -0.3397548002378179 
-0.6275554477729393 1.1675370411791617 -0.33975890739022485 
-0.6275550264709058 1.167535433241679 -0.33976181746972267 
-0.6275563061341722 1.1675406758900233 -0.3397571943836364 
-0.6275545894117064 1.1675334064683 -0.33976062039681343 
-0.6275545894117064 1.1675334064683 -0.33976062039681343 
-0.627554152352507 1.1675313796949212 -0.3397594233239044 
-0.6275544102750212 1.167533440171351 -0.3397702897413767 
-0.6275526620382239 1.1675253330778355 -0.33976550144973927 
-0.6275558690749728 1.1675386491166446 -0.33975599731072703 
-0.6275541365953413 1.167530960859025 -0.3397553161714971 
-0.6275530990974232 1.1675273598512144 -0.3397666985226486 
-0.6275554070998679 1.167536168552207 -0.33975075634800855 
-0.6275558690749728 1.1675386491166446 -0.3397559973107268 
-0.627552256493356 1.167524143976249 -0.33977251868164426 
-0.62755501071374 1.1675350144057828 -0.33975771031731583 
-0.6275554477729393 1.1675370411791617 -0.33975890739022485 
-0.6275560390529182 1.167538580458431 -0.3397463912287616 
-0.6275573502305163 1.1675446607785676 -0.33974998244748955 
-0.6275558848321386 1.1675390679525404 -0.3397601044631342 
-0.6275563061341722 1.1675406758900233 -0.3397571943836364 
-0.6275554477729393 1.1675370411791617 -0.33975890739022485 
-0.6275545736545406 1.1675329876324039 -0.33975651324440637 
-0.6275550646696694 1.167536474793787 -0.3397720820800495 
