-0.5725545894117063 1.1675334064683003 -0.3397606203968133 
-0.5725550264709056 1.167535433241679 -0.3397618174697228 
-0.5725531148545888 1.1675277786871106 -0.3397708056750558 
-0.5725528569320746 1.1675257182106806 -0.3397599392575832 
-0.5725554477729391 1.1675370411791617 -0.3397589073902251 
-0.5725550264709056 1.167535433241679 -0.3397618174697228 
-0.5725554320157733 1.1675366223432657 -0.3397548002378177 
-0.572555463530105 1.167537460015058 -0.33976301454263225 
-0.5725554320157733 1.1675366223432657 -0.3397548002378177 
-0.5727745207450717 1.1675119641709204 -0.33977141650789 
-0.5725537152933076 1.1675293529215425 -0.3397582262509947 
-0.5725545894117063 1.1675334064683003 -0.3397606203968133 
-0.5725545736545403 1.167532987632404 -0.3397565132444065 
-0.572554994956574 1.1675345955698868 -0.33975360316490855 
-0.5725539732158218 1.1675314133979722 -0.33976909266846744 
-0.5725546051688721 1.1675338253041962 -0.3397647275492206 
-0.5725545329814691 1.1675321150054492 -0.3397483622021894 
-0.5725545736545403 1.167532987632404 -0.3397565132444065 
-0.5725550264709056 1.167535433241679 -0.3397618174697228 
-0.5725558848321386 1.1675390679525408 -0.33976010446313454 
-0.5725537152933076 1.1675293529215425 -0.3397582262509947 
-0.5725563061341721 1.1675406758900235 -0.3397571943836364 
-0.5725537310504732 1.1675297717574384 -0.339762333403402 
-0.5725554477729391 1.1675370411791617 -0.3397589073902251 
-0.5725550264709056 1.167535433241679 -0.339761817469723 
-0.5725567182774658 1.1675422488723437 -0.3397543475667365 
-0.5725536995361418 1.167528934085646 -0.33975411909858766 
-0.5725545578973747 1.167532568796508 -0.33975240609199897 
-0.5725545736545403 1.167532987632404 -0.3397565132444065 
-0.5725550264709056 1.167535433241679 -0.339761817469723 
-0.5725546051688721 1.1675338253041962 -0.3397647275492206 
-0.5725537152933076 1.1675293529215425 -0.33975822625099494 
-0.5725545736545403 1.167532987632404 -0.3397565132444065 
-0.5725545736545403 1.167532987632404 -0.3397565132444065 
-0.5725541523525068 1.1675313796949214 -0.33975942332390396 
-0.5725550107137397 1.1675350144057828 -0.3397577103173156 
-0.5727753978549691 1.1675160170717171 -0.3397738106532193 
-0.5725550107137397 1.1675350144057828 -0.3397577103173156 
-0.5725537152933076 1.1675293529215425 -0.3397582262509947 
-0.5725550264709056 1.167535433241679 -0.3397618174697228 
-0.5725526620382237 1.1675253330778355 -0.3397655014497394 
-0.5725554477729391 1.1675370411791617 -0.3397589073902251 
-0.5725541365953412 1.167530960859025 -0.3397553161714971 
-0.5725541365953412 1.167530960859025 -0.3397553161714971 
-0.5725541365953412 1.167530960859025 -0.3397553161714971 
-0.5725545736545403 1.167532987632404 -0.3397565132444065 
-0.5725563061341721 1.1675406758900235 -0.3397571943836364 
-0.5725537310504732 1.1675297717574384 -0.33976233340340223 
-0.5725554320157733 1.1675366223432657 -0.3397548002378177 
-0.572554994956574 1.1675345955698868 -0.33975360316490855 
-0.5725541365953412 1.167530960859025 -0.3397553161714971 
-0.5725550107137397 1.1675350144057828 -0.3397577103173156 
-0.5725550107137397 1.1675350144057828 -0.3397577103173156 
-0.5725550107137397 1.1675350144057828 -0.3397577103173156 
-0.5725545894117063 1.1675334064683003 -0.3397606203968133 
-0.5725541365953412 1.167530960859025 -0.3397553161714971 
-0.5725545736545403 1.167532987632404 -0.3397565132444065 
-0.5725530990974229 1.1675273598512144 -0.3397666985226486 
-0.5725530990974229 1.1675273598512144 -0.3397666985226486 
-0.5725530990974229 1.1675273598512144 -0.33976669852264885 
-0.5725550107137397 1.1675350144057828 -0.3397577103173156 
-0.5725546051688721 1.1675338253041962 -0.3397647275492206 
-0.5725567182774658 1.1675422488723437 -0.3397543475667365 
-0.5725541365953412 1.167530960859025 -0.3397553161714971 
-0.5725558690749727 1.1675386491166444 -0.3397559973107268 
-0.5725530990974229 1.1675273598512144 -0.3397666985226486 
-0.5725530990974229 1.1675273598512144 -0.3397666985226486 
-0.5725550264709056 1.1675354332416792 -0.33976181746972256 
-0.5725549700406684 1.167534141778828 -0.3397495592750991 
-0.5725545894117063 1.1675334064683003 -0.3397606203968133 
-0.5725561179247531 1.167540494637494 -0.33976480688130484 
-0.5725541365953412 1.167530960859025 -0.3397553161714971 
-0.5725558690749727 1.1675386491166444 -0.33975599731072703 
-0.5725546051688721 1.1675338253041962 -0.3397647275492206 
-0.5725554477729391 1.1675370411791617 -0.3397589073902251 
-0.572555463530105 1.167537460015058 -0.33976301454263225 
-0.5725545736545403 1.167532987632404 -0.3397565132444065 
-0.572774064918123 1.1675095191704528 -0.3397661122597718 
-0.5723370155315166 1.1675650315037513 -0.33974812048551606 
-0.5725554477729391 1.1675370411791617 -0.3397589073902251 
-0.572554994956574 1.1675345955698868 -0.33975360316490855 
-0.5725545894117063 1.1675334064683003 -0.3397606203968133 
-0.5725550422280714 1.1675358520775754 -0.33976592462213007 
-0.5725541523525068 1.1675313796949214 -0.33975942332390396 
-0.5725554320157733 1.1675366223432657 -0.3397548002378177 
-0.5725558848321386 1.1675390679525408 -0.33976010446313454 
-0.5725550107137397 1.1675350144057828 -0.33975771031731583 
-0.5725545736545403 1.167532987632404 -0.3397565132444065 
-0.572554994956574 1.1675345955698868 -0.33975360316490855 
-0.5725546051688721 1.1675338253041962 -0.3397647275492206 
-0.572554994956574 1.1675345955698868 -0.33975360316490855 
-0.5725541681096726 1.1675317985308173 -0.33976353047631114 
-0.5725545736545403 1.167532987632404 -0.3397565132444065 
-0.5725563061341721 1.1675406758900235 -0.3397571943836364 
-0.5725563061341721 1.1675406758900235 -0.3397571943836364 
-0.5725550107137397 1.167535014405783 -0.3397577103173154 
-0.5725535361566224 1.1675293866245935 -0.33976789559555787 
-0.5725535519137881 1.1675298054604895 -0.33977200274796526 
-0.5725554320157733 1.1675366223432657 -0.3397548002378177 
-0.572553293991274 1.1675277449840595 -0.33976113633049243 
-0.5725526620382237 1.1675253330778355 -0.3397655014497394 
-0.5725550107137397 1.1675350144057828 -0.3397577103173156 
-0.5725528569320746 1.1675257182106806 -0.3397599392575832 
-0.5725545736545403 1.167532987632404 -0.3397565132444065 
-0.5725541523525068 1.1675313796949214 -0.33975942332390396 
-0.5725545894117063 1.1675334064683003 -0.33976062039681354 
-0.5725545894117063 1.1675334064683003 -0.3397606203968133 
-0.5725550107137397 1.1675350144057828 -0.3397577103173156 
-0.5725541681096726 1.1675317985308173 -0.33976353047631114 
-0.5725558690749727 1.1675386491166444 -0.3397559973107268 
-0.5725550264709056 1.167535433241679 -0.3397618174697228 
-0.5725537310504732 1.1675297717574384 -0.339762333403402 
-0.5725545578973746 1.1675325687965084 -0.3397524060919991 
-0.5725545736545403 1.167532987632404 -0.3397565132444065 
-0.5725556966227197 1.1675388867000112 -0.3397677169608031 
-0.5725558690749727 1.1675386491166444 -0.3397559973107268 
-0.5725545894117063 1.1675334064683003 -0.3397606203968133 
-0.5725545736545403 1.167532987632404 -0.3397565132444065 
-0.5725541523525068 1.1675313796949216 -0.33975942332390374 
-0.5725545894117063 1.1675334064683003 -0.3397606203968133 
-0.5725545736545403 1.167532987632404 -0.3397565132444065 
-0.572554994956574 1.1675345955698868 -0.33975360316490855 
-0.5725531148545888 1.1675277786871106 -0.3397708056750558 
-0.5725550107137397 1.1675350144057828 -0.3397577103173156 
-0.572555463530105 1.167537460015058 -0.33976301454263225 
-0.5725550264709056 1.167535433241679 -0.3397618174697228 
-0.5725550264709056 1.167535433241679 -0.3397618174697228 
-0.5725546051688721 1.1675338253041962 -0.3397647275492208 
-0.5725526620382237 1.1675253330778355 -0.3397655014497394 
-0.5725541365953412 1.167530960859025 -0.3397553161714971 
-0.5725541523525068 1.1675313796949214 -0.33975942332390396 
-0.572553293991274 1.1675277449840595 -0.33976113633049243 
-0.5725563061341721 1.1675406758900235 -0.3397571943836364 
-0.5725541365953412 1.167530960859025 -0.3397553161714971 
-0.5725536995361418 1.167528934085646 -0.33975411909858766 
-0.5725561179247531 1.167540494637494 -0.33976480688130484 
-0.5725550422280714 1.1675358520775754 -0.33976592462213007 
-0.5725545894117063 1.1675334064683003 -0.3397606203968133 
-0.5725545894117063 1.1675334064683005 -0.3397606203968131 
-0.5725556966227197 1.1675388867000112 -0.3397677169608031 
-0.5725545736545403 1.167532987632404 -0.3397565132444065 
-0.5725541681096726 1.1675317985308173 -0.33976353047631114 
-0.5725530990974229 1.1675273598512144 -0.33976669852264885 
-0.5725545894117063 1.1675334064683003 -0.3397606203968133 
-0.5725560390529181 1.167538580458431 -0.3397463912287617 
-0.5725537152933076 1.1675293529215425 -0.33975822625099494 
-0.5725537152933076 1.1675293529215425 -0.3397582262509947 
-0.5725554477729391 1.1675370411791617 -0.3397589073902251 
-0.5725537152933076 1.1675293529215425 -0.3397582262509947 
-0.5725550264709056 1.167535433241679 -0.3397618174697228 
-0.5725545894117063 1.1675334064683003 -0.3397606203968133 
-0.5725554477729391 1.1675370411791617 -0.3397589073902251 
-0.5725545736545403 1.167532987632404 -0.3397565132444065 
-0.5725550264709056 1.167535433241679 -0.3397618174697228 
-0.5725545736545403 1.167532987632404 -0.3397565132444065 
-0.5725554320157733 1.1675366223432657 -0.3397548002378177 
-0.5725541681096726 1.1675317985308173 -0.33976353047631136 
-0.5725558848321386 1.1675390679525408 -0.33976010446313454 
-0.5725541681096726 1.1675317985308173 -0.33976353047631114 
-0.5725545894117063 1.1675334064683003 -0.3397606203968133 
-0.5725541523525068 1.1675313796949214 -0.33975942332390396 
-0.5725532782341082 1.1675273261481636 -0.33975702917808503 
-0.5725539732158218 1.1675314133979722 -0.33976909266846744 
-0.5725554477729391 1.1675370411791617 -0.3397589073902251 
-0.5725535519137881 1.1675298054604895 -0.33977200274796526 
-0.5725558848321386 1.1675390679525408 -0.33976010446313476 
-0.5725545578973747 1.167532568796508 -0.33975240609199897 
-0.5725546051688721 1.1675338253041962 -0.3397647275492206 
-0.5725541523525068 1.1675313796949214 -0.33975942332390396 
-0.5725564761121174 1.16754060723181 -0.33974758830167096 
-0.5725550264709056 1.167535433241679 -0.3397618174697228 
-0.5725545894117063 1.1675334064683003 -0.3397606203968133 
-0.5725554477729391 1.1675370411791617 -0.3397589073902251 
-0.572553293991274 1.1675277449840595 -0.33976113633049243 
-0.5725541681096726 1.1675317985308173 -0.33976353047631114 
-0.5725554320157733 1.1675366223432657 -0.3397548002378177 
-0.5725554320157733 1.1675366223432657 -0.3397548002378177 
-0.5725554477729391 1.1675370411791617 -0.3397589073902251 
-0.5725550264709056 1.167535433241679 -0.339761817469723 
-0.5725563061341721 1.1675406758900235 -0.3397571943836364 
-0.5725545894117063 1.1675334064683003 -0.3397606203968133 
-0.5725545894117063 1.1675334064683003 -0.3397606203968133 
-0.5725541523525068 1.1675313796949214 -0.3397594233239042 
-0.5725544102750211 1.1675334401713513 -0.33977028974137646 
-0.5725526620382237 1.1675253330778355 -0.3397655014497394 
-0.5725558690749727 1.1675386491166444 -0.33975599731072703 
-0.5725541365953412 1.167530960859025 -0.3397553161714971 
-0.5725530990974229 1.1675273598512144 -0.3397666985226486 
-0.5725554070998677 1.167536168552207 -0.33975075634800833 
-0.5725558690749727 1.1675386491166444 -0.3397559973107268 
-0.5725522564933558 1.1675241439762492 -0.33977251868164415 
-0.5725550107137397 1.1675350144057828 -0.3397577103173156 
-0.5725554477729391 1.1675370411791617 -0.3397589073902251 
-0.5725560390529181 1.167538580458431 -0.3397463912287617 
-0.5725573502305161 1.1675446607785678 -0.33974998244748966 
-0.5725558848321386 1.1675390679525408 -0.33976010446313454 
-0.5725563061341721 1.1675406758900235 -0.3397571943836364 
-0.5725554477729391 1.1675370411791617 -0.3397589073902251 
-0.5725545736545403 1.167532987632404 -0.3397565132444065 
-0.5725550646696692 1.167536474793787 -0.33977208208004983 
