-0.08867959439360729 -0.41075218001146385 0.8898674439593213 
-0.08867959439360729 -0.41075218001146385 0.8898674439593213 
-0.08867959439360729 -0.41075218001146385 0.8898674439593213 
-0.08867959439360729 -0.41075218001146385 0.8898674439593213 
-0.08867959439360729 -0.41075218001146385 0.8898674439593213 
-0.08867959439360729 -0.41075218001146385 0.8898674439593213 
-0.08867959439360729 -0.41075218001146385 0.8898674439593213 
-0.08867959439360729 -0.41075218001146385 0.8898674439593213 
-0.08867959439360729 -0.41075218001146385 0.8898674439593213 
-0.08867959439360729 -0.41075218001146385 0.8898674439593213 
