-0.03552606398466009 -0.5513712047983964 0.8152784026124357 
-0.03552606398466009 -0.5513712047983964 0.8152784026124357 
-0.03552606398466009 -0.5513712047983964 0.8152784026124357 
-0.03552606398466009 -0.5513712047983964 0.8152784026124357 
-0.03552606398466009 -0.5513712047983964 0.8152784026124357 
-0.03552606398466009 -0.5513712047983964 0.8152784026124357 
-0.03552606398466009 -0.5513712047983964 0.8152784026124357 
-0.03552606398466009 -0.5513712047983964 0.8152784026124357 
-0.03552606398466009 -0.5513712047983964 0.8152784026124357 
-0.03552606398466009 -0.5513712047983964 0.8152784026124357 
