-0.06760881598282178 -0.1843259676961632 1.060434034578456 
-0.06760881598282178 -0.1843259676961632 1.060434034578456 
-0.06760881598282178 -0.1843259676961632 1.060434034578456 
-0.06760881598282178 -0.1843259676961632 1.060434034578456 
-0.06760881598282178 -0.1843259676961632 1.060434034578456 
-0.06760881598282178 -0.1843259676961632 1.060434034578456 
-0.06760881598282178 -0.1843259676961632 1.060434034578456 
-0.06760881598282178 -0.1843259676961632 1.060434034578456 
-0.06760881598282178 -0.1843259676961632 1.060434034578456 
-0.06760881598282178 -0.1843259676961632 1.060434034578456 
