-0.6466225095653805 1.31471009803862 -0.5025866113159017 
-0.6466225095653805 1.31471009803862 -0.5025866113159017 
-0.6466225095653805 1.31471009803862 -0.5025866113159017 
-0.6466273027439219 1.314730837353497 -0.5025855273387672 
-0.6466273027439219 1.314730837353497 -0.5025855273387672 
-0.6466273027439219 1.314730837353497 -0.5025855273387672 
-0.6466273027439219 1.314730837353497 -0.5025855273387672 
-0.6466273556448662 1.314731924787227 -0.502595735227868 
-0.6466273556448662 1.314731924787227 -0.502595735227868 
-0.6466290211565171 1.3147376719072952 -0.5025779876317285 
-0.6466290211565171 1.3147376719072952 -0.5025779876317285 
-0.6466290211565171 1.3147376719072952 -0.5025779876317285 
-0.6466290211565171 1.3147376719072952 -0.5025779876317285 
-0.6466273027439219 1.314730837353497 -0.5025855273387672 
-0.6466273027439219 1.314730837353497 -0.5025855273387672 
-0.6466273027439219 1.314730837353497 -0.5025855273387672 
-0.6466273027439219 1.314730837353497 -0.5025855273387672 
-0.6466273027439219 1.314730837353497 -0.5025855273387672 
-0.6466262276983821 1.3147264256541762 -0.5025886255811711 
-0.6466238121453414 1.3147157208123124 -0.5025861586447615 
-0.6466238121453414 1.3147157208123124 -0.5025861586447615 
-0.6466238121453414 1.3147157208123124 -0.5025861586447615 
-0.6466238121453414 1.3147157208123124 -0.5025861586447615 
-0.6466238121453414 1.3147157208123124 -0.5025861586447615 
-0.6466244272811926 1.3147176882263127 -0.5025777561770663 
-0.6466252792115779 1.3147209016431278 -0.5025719360180361 
-0.6466252792115776 1.314720901643128 -0.5025719360180363 
-0.6466214010115674 1.3147050287623145 -0.5025836153629901 
-0.6466233954402616 1.3147141490323484 -0.5025890054616782 
-0.6466233954402616 1.3147141490323484 -0.5025890054616782 
-0.6466273556448662 1.314731924787227 -0.502595735227868 
-0.6466229549232442 1.3147121346037733 -0.5025878149301719 
-0.6466229549232442 1.3147121346037733 -0.5025878149301719 
-0.6466286674849401 1.3147375824893626 -0.5025952192941296 
-0.6466286674849401 1.314737582489363 -0.5025952192941296 
-0.6466286674849401 1.314737582489363 -0.5025952192941296 
-0.6466286674849401 1.314737582489363 -0.5025952192941296 
-0.6466225289580516 1.314710527895366 -0.5025907250096868 
-0.6466225289580516 1.314710527895366 -0.5025907250096868 
-0.6466253466643472 1.3147223967970252 -0.5025862445181581 
-0.6466229068777892 1.3147112399618386 -0.5025796508051998 
-0.6466229068777892 1.3147112399618386 -0.5025796508051998 
-0.6466229068777892 1.3147112399618386 -0.5025796508051998 
-0.646622428011652 1.3147085458197012 -0.5025723529956141 
-0.646622428011652 1.3147085458197012 -0.5025723529956141 
-0.6466286674849401 1.3147375824893626 -0.5025952192941296 
-0.6466286674849401 1.3147375824893626 -0.5025952192941296 
-0.6466286674849401 1.3147375824893626 -0.5025952192941296 
-0.6466286674849401 1.3147375824893626 -0.5025952192941296 
-0.6466286674849401 1.3147375824893626 -0.5025952192941296 
-0.6466224809125966 1.314709633253431 -0.5025825608847152 
-0.6466224809125966 1.314709633253431 -0.5025825608847152 
-0.6466224809125966 1.314709633253431 -0.5025825608847152 
-0.6466224809125966 1.314709633253431 -0.5025825608847152 
-0.6466229068777892 1.3147112399618386 -0.5025796508051998 
-0.6466229068777892 1.3147112399618386 -0.5025796508051998 
-0.6466229068777892 1.3147112399618386 -0.5025796508051998 
-0.6466229068777892 1.3147112399618386 -0.5025796508051998 
-0.6466266876080705 1.3147288699394966 -0.5025939298064623 
-0.6466266876080705 1.3147288699394966 -0.5025939298064623 
-0.6466242381105339 1.3147173275207202 -0.5025832485652462 
-0.6466242381105339 1.3147173275207202 -0.5025832485652462 
-0.6466242381105339 1.3147173275207202 -0.5025832485652462 
-0.6466242381105339 1.3147173275207202 -0.5025832485652462 
-0.6466273794568038 1.3147323674358382 -0.502599772576291 
-0.6466273794568038 1.3147323674358382 -0.502599772576291 
-0.6466273027439219 1.314730837353497 -0.5025855273387672 
-0.6466273027439219 1.314730837353497 -0.5025855273387672 
-0.6466273027439219 1.314730837353497 -0.5025855273387672 
-0.6466273027439219 1.314730837353497 -0.5025855273387672 
-0.646622572598883 1.3147115804006515 -0.502600996161386 
-0.646622572598883 1.3147115804006515 -0.502600996161386 
-0.646622572598883 1.3147115804006515 -0.502600996161386 
-0.646622572598883 1.3147115804006515 -0.502600996161386 
-0.646622572598883 1.3147115804006515 -0.502600996161386 
-0.6466253850281096 1.3147232471658046 -0.5025943824776025 
-0.6466253850281096 1.3147232471658046 -0.5025943824776025 
-0.6466225095653805 1.31471009803862 -0.5025866113159017 
-0.6466225095653805 1.31471009803862 -0.5025866113159017 
-0.6466244272811926 1.3147176882263127 -0.5025777561770663 
-0.6466244272811926 1.314717688226313 -0.5025777561770663 
-0.6466244272811926 1.314717688226313 -0.5025777561770663 
-0.6466225435098762 1.314710935615533 -0.5025948256207082 
-0.6466225435098762 1.314710935615533 -0.5025948256207082 
-0.6466225435098762 1.314710935615533 -0.5025948256207082 
-0.6466225435098762 1.314710935615533 -0.5025948256207082 
-0.6466225435098762 1.314710935615533 -0.5025948256207082 
-0.646625366057018 1.3147228266537705 -0.5025903582119435 
-0.646625366057018 1.3147228266537705 -0.5025903582119435 
-0.6466253850281096 1.3147232471658046 -0.5025943824776025 
-0.6466253850281096 1.3147232471658046 -0.5025943824776025 
-0.6466253850281096 1.3147232471658046 -0.5025943824776025 
-0.6466233716283238 1.314713706383737 -0.5025849681132555 
-0.6466233716283238 1.314713706383737 -0.5025849681132555 
-0.6466233716283238 1.314713706383737 -0.5025849681132555 
-0.6466233716283238 1.314713706383737 -0.5025849681132555 
-0.6466225095653805 1.31471009803862 -0.5025866113159017 
-0.646622969475069 1.314712542323941 -0.5025919155411931 
-0.646622969475069 1.314712542323941 -0.5025919155411931 
-0.6466253466643472 1.3147223967970252 -0.5025862445181581 
-0.646623352235653 1.3147132765269918 -0.5025808544194696 
-0.646623352235653 1.3147132765269918 -0.5025808544194696 
-0.646623352235653 1.3147132765269918 -0.5025808544194696 
-0.646623352235653 1.3147132765269918 -0.5025808544194696 
-0.646623352235653 1.3147132765269918 -0.5025808544194696 
-0.6466266730562459 1.3147284622193294 -0.5025898291954412 
-0.6466266730562459 1.3147284622193294 -0.5025898291954412 
-0.6466233716283238 1.314713706383737 -0.5025849681132555 
-0.6466233716283238 1.314713706383737 -0.5025849681132555 
-0.6466233716283238 1.314713706383737 -0.5025849681132555 
-0.6466233954402616 1.3147141490323484 -0.5025890054616782 
-0.6466233954402616 1.3147141490323484 -0.5025890054616782 
-0.6466271135732632 1.3147304766479047 -0.5025910197269474 
-0.6466271135732631 1.3147304766479047 -0.5025910197269474 
-0.6466271135732631 1.3147304766479047 -0.5025910197269474 
-0.6466224809125966 1.314709633253431 -0.5025825608847152 
-0.6466245330977244 1.3147200337489893 -0.5026002026366325 
-0.6466255358350057 1.314722757502618 -0.5025807521299774 
-0.6466218177166472 1.3147066005422785 -0.5025807685460733 
-0.6466218177166472 1.3147066005422785 -0.5025807685460733 
-0.6466218177166472 1.3147066005422785 -0.5025807685460733 
-0.6466238121453414 1.3147157208123124 -0.5025861586447615 
-0.6466238121453414 1.3147157208123124 -0.5025861586447615 
-0.6466238121453414 1.3147157208123124 -0.5025861586447615 
-0.6466233954402616 1.3147141490323484 -0.5025890054616782 
-0.6466233954402616 1.3147141490323484 -0.5025890054616782 
-0.6466245233867457 1.314719648165399 -0.5025961151083747 
-0.6466245233867457 1.314719648165399 -0.5025961151083747 
-0.6466245233867457 1.314719648165399 -0.5025961151083747 
-0.6466249590629171 1.314721640457397 -0.5025972925571176 
-0.6466200459668849 1.314698498554822 -0.5025759802545207 
-0.6466200459668849 1.314698498554822 -0.5025759802545207 
-0.6466200459668849 1.314698498554822 -0.5025759802545207 
-0.6466200459668849 1.314698498554822 -0.5025759802545207 
-0.6466233716283238 1.314713706383737 -0.5025849681132555 
-0.6466233716283238 1.314713706383737 -0.5025849681132555 
-0.6466233716283238 1.314713706383737 -0.5025849681132555 
-0.6466233716283238 1.314713706383737 -0.5025849681132555 
-0.6466229262704603 1.314711669818584 -0.502583764498985 
-0.6466229262704603 1.314711669818584 -0.502583764498985 
-0.6466266876080705 1.3147288699394966 -0.5025939298064623 
-0.6466266876080705 1.3147288699394966 -0.5025939298064623 
-0.6466266876080705 1.3147288699394966 -0.5025939298064623 
-0.6466266876080705 1.3147288699394966 -0.5025939298064623 
-0.6466233716283238 1.314713706383737 -0.5025849681132555 
-0.6466233716283238 1.314713706383737 -0.5025849681132555 
-0.6466268573860581 1.3147288007883442 -0.5025843237244967 
-0.6466268573860581 1.314728800788344 -0.5025843237244967 
-0.6466255358350057 1.314722757502618 -0.5025807521299774 
-0.6466255358350057 1.314722757502618 -0.5025807521299774 
-0.6466266876080705 1.3147288699394966 -0.5025939298064623 
-0.6466266876080705 1.3147288699394966 -0.5025939298064623 
-0.6466266876080705 1.3147288699394966 -0.5025939298064623 
-0.6466237975935165 1.314715313092145 -0.5025820580337399 
-0.6466237975935165 1.314715313092145 -0.5025820580337399 
-0.6466237975935165 1.314715313092145 -0.5025820580337399 
-0.6466237975935165 1.314715313092145 -0.5025820580337399 
-0.6466249590629171 1.314721640457397 -0.5025972925571176 
-0.6466229262704603 1.314711669818584 -0.502583764498985 
-0.6466229262704603 1.314711669818584 -0.502583764498985 
-0.6466229262704603 1.314711669818584 -0.502583764498985 
-0.6466229262704603 1.314711669818584 -0.502583764498985 
-0.6466229262704603 1.314711669818584 -0.502583764498985 
-0.6466233954402616 1.3147141490323484 -0.5025890054616782 
-0.6466214640450699 1.3147065111243466 -0.502598000208474 
-0.6466214640450699 1.3147065111243466 -0.502598000208474 
-0.6466253466643472 1.3147223967970252 -0.5025862445181581 
-0.6466253466643472 1.3147223967970252 -0.5025862445181581 
-0.6466235365654652 1.3147136150960064 -0.5025753489485254 
-0.6466258017331894 1.3147248189457688 -0.502591535660686 
-0.6466258017331894 1.3147248189457688 -0.502591535660686 
-0.6466224809125966 1.314709633253431 -0.5025825608847152 
-0.6466224809125966 1.314709633253431 -0.5025825608847152 
-0.6466224809125966 1.314709633253431 -0.5025825608847152 
-0.6466253466643472 1.3147223967970252 -0.5025862445181581 
-0.6466253466643472 1.3147223967970252 -0.5025862445181581 
-0.6466273027439219 1.314730837353497 -0.5025855273387672 
-0.6466277816100588 1.3147335314956345 -0.5025928251483527 
-0.6466277816100588 1.3147335314956345 -0.5025928251483527 
-0.6466277816100588 1.3147335314956345 -0.5025928251483527 
-0.6466277816100588 1.3147335314956345 -0.5025928251483527 
-0.6466281692261319 1.3147344584904799 -0.5025838077907585 
-0.6466281692261319 1.3147344584904799 -0.5025838077907585 
-0.6466222436818398 1.3147082072506864 -0.5025778584665583 
-0.6466222436818398 1.3147082072506864 -0.5025778584665583 
-0.646625366057018 1.3147228266537705 -0.5025903582119435 
-0.646625366057018 1.3147228266537705 -0.5025903582119435 
-0.646625366057018 1.3147228266537705 -0.5025903582119435 
-0.6466242381105339 1.3147173275207202 -0.5025832485652462 
-0.6466242381105339 1.3147173275207202 -0.5025832485652462 
-0.6466264217098867 1.3147268084963457 -0.502583146275754 
-0.6466264217098867 1.3147268084963457 -0.502583146275754 
-0.6466264217098867 1.3147268084963457 -0.502583146275754 
-0.6466264217098867 1.3147268084963457 -0.502583146275754 
-0.6466249784555881 1.3147220703141422 -0.5026014062509025 
-0.6466249784555881 1.3147220703141422 -0.5026014062509025 
-0.6466257920222107 1.3147244333621781 -0.5025874481324282 
-0.6466257920222107 1.3147244333621781 -0.5025874481324282 
-0.6466271135732632 1.3147304766479047 -0.5025910197269474 
-0.6466271135732632 1.3147304766479047 -0.5025910197269474 
-0.6466244272811926 1.3147176882263127 -0.5025777561770663 
-0.6466244272811926 1.3147176882263127 -0.5025777561770663 
-0.6466244272811926 1.3147176882263127 -0.5025777561770663 
-0.6466249493519384 1.3147212548738065 -0.50259320502886 
-0.6466249493519384 1.3147212548738065 -0.50259320502886 
-0.6466249493519384 1.3147212548738065 -0.50259320502886 
-0.6466249590629171 1.314721640457397 -0.5025972925571176 
-0.6466249590629171 1.314721640457397 -0.5025972925571176 
-0.6466249590629171 1.314721640457397 -0.5025972925571176 
-0.6466238121453414 1.3147157208123124 -0.5025861586447615 
-0.6466238121453414 1.3147157208123124 -0.5025861586447615 
-0.6466225095653805 1.31471009803862 -0.5025866113159017 
-0.6466225095653805 1.31471009803862 -0.5025866113159017 
-0.6466252937634027 1.3147213093632955 -0.5025760366290575 
-0.6466249061473296 1.31472038236845 -0.5025850539866521 
-0.6466249061473296 1.31472038236845 -0.5025850539866521 
