-0.5916225095653803 1.3147100980386197 -0.5025866113159019 
-0.5916225095653803 1.3147100980386197 -0.5025866113159019 
-0.5916225095653803 1.3147100980386197 -0.5025866113159019 
-0.5916273027439217 1.3147308373534967 -0.5025855273387667 
-0.5916273027439217 1.3147308373534967 -0.5025855273387667 
-0.5916273027439217 1.3147308373534967 -0.5025855273387667 
-0.5916273027439217 1.3147308373534967 -0.5025855273387667 
-0.5916273556448661 1.3147319247872267 -0.5025957352278678 
-0.5916273556448661 1.3147319247872267 -0.5025957352278678 
-0.5916290211565172 1.3147376719072954 -0.5025779876317287 
-0.5916290211565172 1.3147376719072954 -0.5025779876317287 
-0.5916290211565172 1.3147376719072954 -0.5025779876317287 
-0.5916290211565172 1.3147376719072954 -0.5025779876317287 
-0.5916273027439217 1.3147308373534967 -0.5025855273387667 
-0.5916273027439217 1.3147308373534967 -0.5025855273387667 
-0.5916273027439217 1.3147308373534967 -0.5025855273387667 
-0.5916273027439217 1.3147308373534967 -0.5025855273387667 
-0.5916273027439217 1.3147308373534967 -0.5025855273387667 
-0.5916262276983819 1.3147264256541762 -0.5025886255811711 
-0.5916238121453414 1.3147157208123128 -0.5025861586447617 
-0.5916238121453414 1.3147157208123128 -0.5025861586447617 
-0.5916238121453414 1.3147157208123128 -0.5025861586447617 
-0.5916238121453414 1.3147157208123128 -0.5025861586447617 
-0.5916238121453414 1.3147157208123128 -0.5025861586447617 
-0.5916244272811927 1.3147176882263123 -0.5025777561770657 
-0.5916252792115779 1.3147209016431276 -0.5025719360180363 
-0.5916252792115777 1.314720901643128 -0.5025719360180365 
-0.5916214010115673 1.314705028762315 -0.5025836153629901 
-0.5916233954402618 1.3147141490323486 -0.5025890054616786 
-0.5916233954402618 1.3147141490323486 -0.5025890054616786 
-0.5916273556448661 1.3147319247872267 -0.5025957352278678 
-0.5916229549232442 1.314712134603773 -0.5025878149301719 
-0.5916229549232442 1.314712134603773 -0.5025878149301719 
-0.59162866748494 1.3147375824893626 -0.5025952192941296 
-0.59162866748494 1.3147375824893628 -0.5025952192941296 
-0.59162866748494 1.3147375824893628 -0.5025952192941296 
-0.59162866748494 1.3147375824893628 -0.5025952192941296 
-0.5916225289580516 1.3147105278953655 -0.5025907250096868 
-0.5916225289580516 1.3147105278953655 -0.5025907250096868 
-0.5916253466643471 1.3147223967970252 -0.5025862445181584 
-0.5916229068777891 1.3147112399618386 -0.5025796508051998 
-0.5916229068777891 1.3147112399618386 -0.5025796508051998 
-0.5916229068777891 1.3147112399618386 -0.5025796508051998 
-0.591622428011652 1.314708545819701 -0.5025723529956141 
-0.591622428011652 1.314708545819701 -0.5025723529956141 
-0.59162866748494 1.3147375824893626 -0.5025952192941296 
-0.59162866748494 1.3147375824893626 -0.5025952192941296 
-0.59162866748494 1.3147375824893626 -0.5025952192941296 
-0.59162866748494 1.3147375824893626 -0.5025952192941296 
-0.59162866748494 1.3147375824893626 -0.5025952192941296 
-0.5916224809125965 1.3147096332534307 -0.5025825608847148 
-0.5916224809125965 1.3147096332534307 -0.5025825608847148 
-0.5916224809125965 1.3147096332534307 -0.5025825608847148 
-0.5916224809125965 1.3147096332534307 -0.5025825608847148 
-0.5916229068777891 1.3147112399618386 -0.5025796508051998 
-0.5916229068777891 1.3147112399618386 -0.5025796508051998 
-0.5916229068777891 1.3147112399618386 -0.5025796508051998 
-0.5916229068777891 1.3147112399618386 -0.5025796508051998 
-0.5916266876080705 1.314728869939497 -0.5025939298064628 
-0.5916266876080705 1.314728869939497 -0.5025939298064628 
-0.5916242381105341 1.3147173275207202 -0.5025832485652464 
-0.5916242381105341 1.3147173275207202 -0.5025832485652464 
-0.5916242381105341 1.3147173275207202 -0.5025832485652464 
-0.5916242381105341 1.3147173275207202 -0.5025832485652464 
-0.5916273794568039 1.3147323674358382 -0.5025997725762912 
-0.5916273794568039 1.3147323674358382 -0.5025997725762912 
-0.5916273027439217 1.3147308373534967 -0.5025855273387667 
-0.5916273027439217 1.3147308373534967 -0.5025855273387667 
-0.5916273027439217 1.3147308373534967 -0.5025855273387667 
-0.5916273027439217 1.3147308373534967 -0.5025855273387667 
-0.5916225725988832 1.3147115804006517 -0.5026009961613858 
-0.5916225725988832 1.3147115804006517 -0.5026009961613858 
-0.5916225725988832 1.3147115804006517 -0.5026009961613858 
-0.5916225725988832 1.3147115804006517 -0.5026009961613858 
-0.5916225725988832 1.3147115804006517 -0.5026009961613858 
-0.5916253850281095 1.3147232471658046 -0.5025943824776029 
-0.5916253850281095 1.3147232471658046 -0.5025943824776029 
-0.5916225095653803 1.3147100980386197 -0.5025866113159019 
-0.5916225095653803 1.3147100980386197 -0.5025866113159019 
-0.5916244272811927 1.3147176882263123 -0.5025777561770657 
-0.5916244272811927 1.3147176882263127 -0.5025777561770657 
-0.5916244272811927 1.3147176882263127 -0.5025777561770657 
-0.5916225435098765 1.3147109356155333 -0.5025948256207085 
-0.5916225435098765 1.3147109356155333 -0.5025948256207085 
-0.5916225435098765 1.3147109356155333 -0.5025948256207085 
-0.5916225435098765 1.3147109356155333 -0.5025948256207085 
-0.5916225435098765 1.3147109356155333 -0.5025948256207085 
-0.5916253660570181 1.3147228266537707 -0.502590358211944 
-0.5916253660570181 1.3147228266537707 -0.502590358211944 
-0.5916253850281095 1.3147232471658046 -0.5025943824776029 
-0.5916253850281095 1.3147232471658046 -0.5025943824776029 
-0.5916253850281095 1.3147232471658046 -0.5025943824776029 
-0.5916233716283239 1.3147137063837369 -0.502584968113255 
-0.5916233716283239 1.3147137063837369 -0.502584968113255 
-0.5916233716283239 1.3147137063837369 -0.502584968113255 
-0.5916233716283239 1.3147137063837369 -0.502584968113255 
-0.5916225095653803 1.3147100980386197 -0.5025866113159019 
-0.5916229694750692 1.314712542323941 -0.5025919155411933 
-0.5916229694750692 1.314712542323941 -0.5025919155411933 
-0.5916253466643471 1.3147223967970252 -0.5025862445181584 
-0.5916233522356528 1.3147132765269913 -0.5025808544194699 
-0.5916233522356528 1.3147132765269913 -0.5025808544194699 
-0.5916233522356528 1.3147132765269913 -0.5025808544194699 
-0.5916233522356528 1.3147132765269913 -0.5025808544194699 
-0.5916233522356528 1.3147132765269913 -0.5025808544194699 
-0.5916266730562456 1.314728462219329 -0.5025898291954409 
-0.5916266730562456 1.314728462219329 -0.5025898291954409 
-0.5916233716283239 1.3147137063837369 -0.502584968113255 
-0.5916233716283239 1.3147137063837369 -0.502584968113255 
-0.5916233716283239 1.3147137063837369 -0.502584968113255 
-0.5916233954402618 1.3147141490323486 -0.5025890054616786 
-0.5916233954402618 1.3147141490323486 -0.5025890054616786 
-0.5916271135732631 1.3147304766479047 -0.5025910197269476 
-0.591627113573263 1.3147304766479047 -0.5025910197269476 
-0.591627113573263 1.3147304766479047 -0.5025910197269476 
-0.5916224809125965 1.3147096332534307 -0.5025825608847148 
-0.5916245330977243 1.3147200337489893 -0.5026002026366327 
-0.5916255358350058 1.3147227575026172 -0.5025807521299777 
-0.5916218177166471 1.314706600542279 -0.5025807685460735 
-0.5916218177166471 1.314706600542279 -0.5025807685460735 
-0.5916218177166471 1.314706600542279 -0.5025807685460735 
-0.5916238121453414 1.3147157208123128 -0.5025861586447617 
-0.5916238121453414 1.3147157208123128 -0.5025861586447617 
-0.5916238121453414 1.3147157208123128 -0.5025861586447617 
-0.5916233954402618 1.3147141490323486 -0.5025890054616786 
-0.5916233954402618 1.3147141490323486 -0.5025890054616786 
-0.5916245233867459 1.3147196481653993 -0.5025961151083747 
-0.5916245233867459 1.3147196481653993 -0.5025961151083747 
-0.5916245233867459 1.3147196481653993 -0.5025961151083747 
-0.5916249590629168 1.314721640457397 -0.5025972925571176 
-0.5916200459668847 1.3146984985548218 -0.5025759802545207 
-0.5916200459668847 1.3146984985548218 -0.5025759802545207 
-0.5916200459668847 1.3146984985548218 -0.5025759802545207 
-0.5916200459668847 1.3146984985548218 -0.5025759802545207 
-0.5916233716283239 1.3147137063837369 -0.502584968113255 
-0.5916233716283239 1.3147137063837369 -0.502584968113255 
-0.5916233716283239 1.3147137063837369 -0.502584968113255 
-0.5916233716283239 1.3147137063837369 -0.502584968113255 
-0.59162292627046 1.3147116698185837 -0.502583764498985 
-0.59162292627046 1.3147116698185837 -0.502583764498985 
-0.5916266876080705 1.314728869939497 -0.5025939298064628 
-0.5916266876080705 1.314728869939497 -0.5025939298064628 
-0.5916266876080705 1.314728869939497 -0.5025939298064628 
-0.5916266876080705 1.314728869939497 -0.5025939298064628 
-0.5916233716283239 1.3147137063837369 -0.502584968113255 
-0.5916233716283239 1.3147137063837369 -0.502584968113255 
-0.591626857386058 1.314728800788344 -0.5025843237244969 
-0.591626857386058 1.3147288007883438 -0.5025843237244969 
-0.5916255358350058 1.3147227575026172 -0.5025807521299777 
-0.5916255358350058 1.3147227575026172 -0.5025807521299777 
-0.5916266876080705 1.314728869939497 -0.5025939298064628 
-0.5916266876080705 1.314728869939497 -0.5025939298064628 
-0.5916266876080705 1.314728869939497 -0.5025939298064628 
-0.5916237975935166 1.3147153130921447 -0.5025820580337401 
-0.5916237975935166 1.3147153130921447 -0.5025820580337401 
-0.5916237975935166 1.3147153130921447 -0.5025820580337401 
-0.5916237975935166 1.3147153130921447 -0.5025820580337401 
-0.5916249590629168 1.314721640457397 -0.5025972925571176 
-0.59162292627046 1.3147116698185837 -0.502583764498985 
-0.59162292627046 1.3147116698185837 -0.502583764498985 
-0.59162292627046 1.3147116698185837 -0.502583764498985 
-0.59162292627046 1.3147116698185837 -0.502583764498985 
-0.59162292627046 1.3147116698185837 -0.502583764498985 
-0.5916233954402618 1.3147141490323486 -0.5025890054616786 
-0.59162146404507 1.3147065111243466 -0.502598000208474 
-0.59162146404507 1.3147065111243466 -0.502598000208474 
-0.5916253466643471 1.3147223967970252 -0.5025862445181584 
-0.5916253466643471 1.3147223967970252 -0.5025862445181584 
-0.5916235365654652 1.3147136150960064 -0.5025753489485258 
-0.5916258017331892 1.3147248189457683 -0.5025915356606863 
-0.5916258017331892 1.3147248189457683 -0.5025915356606863 
-0.5916224809125965 1.3147096332534307 -0.5025825608847148 
-0.5916224809125965 1.3147096332534307 -0.5025825608847148 
-0.5916224809125965 1.3147096332534307 -0.5025825608847148 
-0.5916253466643471 1.3147223967970252 -0.5025862445181584 
-0.5916253466643471 1.3147223967970252 -0.5025862445181584 
-0.5916273027439217 1.3147308373534967 -0.5025855273387667 
-0.5916277816100588 1.3147335314956345 -0.5025928251483522 
-0.5916277816100588 1.3147335314956345 -0.5025928251483522 
-0.5916277816100588 1.3147335314956345 -0.5025928251483522 
-0.5916277816100588 1.3147335314956345 -0.5025928251483522 
-0.5916281692261318 1.31473445849048 -0.5025838077907587 
-0.5916281692261318 1.31473445849048 -0.5025838077907587 
-0.5916222436818397 1.3147082072506864 -0.5025778584665581 
-0.5916222436818397 1.3147082072506864 -0.5025778584665581 
-0.5916253660570181 1.3147228266537707 -0.502590358211944 
-0.5916253660570181 1.3147228266537707 -0.502590358211944 
-0.5916253660570181 1.3147228266537707 -0.502590358211944 
-0.5916242381105341 1.3147173275207202 -0.5025832485652464 
-0.5916242381105341 1.3147173275207202 -0.5025832485652464 
-0.5916264217098868 1.3147268084963462 -0.5025831462757542 
-0.5916264217098868 1.3147268084963462 -0.5025831462757542 
-0.5916264217098868 1.3147268084963462 -0.5025831462757542 
-0.5916264217098868 1.3147268084963462 -0.5025831462757542 
-0.591624978455588 1.3147220703141427 -0.5026014062509028 
-0.591624978455588 1.3147220703141427 -0.5026014062509028 
-0.5916257920222108 1.3147244333621786 -0.5025874481324286 
-0.5916257920222108 1.3147244333621786 -0.5025874481324286 
-0.5916271135732631 1.3147304766479047 -0.5025910197269476 
-0.5916271135732631 1.3147304766479047 -0.5025910197269476 
-0.5916244272811927 1.3147176882263123 -0.5025777561770657 
-0.5916244272811927 1.3147176882263123 -0.5025777561770657 
-0.5916244272811927 1.3147176882263123 -0.5025777561770657 
-0.5916249493519384 1.3147212548738065 -0.5025932050288604 
-0.5916249493519384 1.3147212548738065 -0.5025932050288604 
-0.5916249493519384 1.3147212548738065 -0.5025932050288604 
-0.5916249590629168 1.314721640457397 -0.5025972925571176 
-0.5916249590629168 1.314721640457397 -0.5025972925571176 
-0.5916249590629168 1.314721640457397 -0.5025972925571176 
-0.5916238121453414 1.3147157208123128 -0.5025861586447617 
-0.5916238121453414 1.3147157208123128 -0.5025861586447617 
-0.5916225095653803 1.3147100980386197 -0.5025866113159019 
-0.5916225095653803 1.3147100980386197 -0.5025866113159019 
-0.5916252937634028 1.3147213093632955 -0.5025760366290577 
-0.5916249061473297 1.3147203823684497 -0.5025850539866519 
-0.5916249061473297 1.3147203823684497 -0.5025850539866519 
