-0.5877597462575594 1.2464351723547664 -0.34974132065001196 
-0.5856762467635136 1.2385456842410254 -0.36401511804899567 
-0.5874327373133766 1.2451965077213512 -0.3519769300745227 
-0.5857111794895046 1.238679904598575 -0.3637988245463669 
-0.5873213146054715 1.2447751712316475 -0.35274717973283265 
-0.5862105285739388 1.2405689497645054 -0.360356314234053 
-0.587457915462285 1.2452927289132683 -0.35181487390918953 
-0.5857222688517816 1.2387202883293766 -0.363703791346238 
-0.5864110681011272 1.2413282376461559 -0.3589814281910565 
-0.5858023648577318 1.2390251529695537 -0.3631736635526289 
-0.5869221103242106 1.243263158768387 -0.3554777557243338 
-0.5854183344724218 1.2375700592305132 -0.36579388858725836 
-0.5869026958317243 1.2431896511208926 -0.35561086023058985 
-0.5860263069975513 1.2398726923937036 -0.3616341098834266 
-0.5870654917282279 1.2438069241449057 -0.35450530567823035 
-0.5857697976873979 1.2389007782349852 -0.36338427949087493 
-0.5864618024554177 1.2415219324506261 -0.3586526019843803 
-0.5859232186700702 1.2394807755837935 -0.3623218946127098 
-0.5872284737799167 1.2444243669806079 -0.3533921320868185 
-0.5859889285921186 1.239730813292646 -0.3618861529904476 
-0.5871763462076324 1.2442273562619437 -0.35375373618069317 
-0.585317246207584 1.2371876722867516 -0.366491164026283 
-0.586871586303255 1.243074355621047 -0.35585369092915664 
-0.5852948697131547 1.2371029498318213 -0.36664457582650645 
-0.5865970636070138 1.2420329935965828 -0.3577125977896475 
-0.5862092904928298 1.2405647971240077 -0.36037114520928104 
-0.5870121660527932 1.2436066222605788 -0.3548898852481621 
-0.5854637241532867 1.2377419147999165 -0.36548269986754656 
-0.5869630876913546 1.2434188433366753 -0.35520316031357224 
-0.5858759776137474 1.23930279938504 -0.36265631677533827 
-0.5867083259674548 1.2424546140158372 -0.3569540110601964 
-0.5859098089406737 1.2394319605015987 -0.3624370338611621 
-0.586898724559642 1.243175506030284 -0.3556486506124352 
-0.585729235554171 1.2387466658359632 -0.3636560280847251 
-0.5867930114826526 1.2427759645319754 -0.3563818542906736 
-0.5856178718145896 1.2383266206957892 -0.36443853593765063 
-0.5868157273946125 1.2428603690022457 -0.3562071102170271 
-0.585684279562064 1.2385764523100167 -0.3639642434623298 
-0.5877258206366117 1.2463077903840858 -0.34998657499317365 
-0.58616666716354 1.2404037716130043 -0.3606675888271841 
-0.5865547538875333 1.2418711963596807 -0.357983665244322 
-0.5859832094660207 1.2397088033639048 -0.3619211421236258 
-0.5871543517865181 1.24414336836799 -0.3538960868591967 
-0.5854088891977507 1.2375353653723815 -0.3658713072578451 
-0.587164322878873 1.2441818332273973 -0.35383616734592693 
-0.5853077585448904 1.237152105883236 -0.366560431654659 
-0.5864792755858221 1.2415870215812481 -0.35852014485350703 
-0.5848375991499617 1.2353707293009244 -0.3697690296698134 
-0.5866762753873846 1.2423339753454499 -0.35718218941835744 
-0.58510887447503 1.2363983738816469 -0.367915526337407 
-0.5869913789622496 1.2435259604693831 -0.3550091971880108 
-0.5851169662419041 1.2364304333001677 -0.3678769099453566 
-0.5865489073068115 1.241850127968527 -0.358036411501677 
-0.5856475970847232 1.238438455218283 -0.3642262997541933 
-0.5869750941720508 1.243463767566824 -0.355114501886443 
-0.5862132691177927 1.2405793260816662 -0.3603375252424379 
-0.5877281035585257 1.2463157219865948 -0.34996248177625866 
-0.5863623272598854 1.241144228841542 -0.3593219350209451 
-0.5868054095318462 1.2428218382604481 -0.35628419158871727 
-0.5856657047648326 1.2385061239381505 -0.36409159107216504 
-0.587257562358044 1.2445337908435592 -0.35318426102262557 
-0.5851891566361653 1.2367034083335124 -0.36737777950474537 
-0.5867231082949087 1.2425105832417334 -0.3568526643781518 
-0.5856104309099595 1.2382973796704067 -0.3644768878214597 
-0.5866095537851332 1.2420809962828752 -0.35763540758711543 
-0.5854112379053451 1.2375446121909657 -0.365859402431566 
-0.5869590995712094 1.2434040994416697 -0.3552347234335218 
-0.5860491079533181 1.2399590219549954 -0.36147778800369323 
-0.5870082651415508 1.2435898953528977 -0.354893426633615 
-0.5853794701845454 1.237422375256938 -0.36605399686307094 
-0.5861915811985747 1.2404981017690093 -0.3604967798125016 
-0.5854427979706354 1.2376621485386645 -0.3656198256527876 
-0.5869200233204261 1.2432557919151659 -0.3554984068585805 
-0.5860448817947828 1.2399430207655697 -0.36150676227359124 
-0.5867902617113786 1.2427655532777198 -0.356400706544887 
-0.5860885143942116 1.2401069765597446 -0.3611928355678101 
-0.5876565356860335 1.2460447498791971 -0.35045314648658354 
-0.5859382866345157 1.2395394274462477 -0.3622375718060392 
-0.5874216129159581 1.2451556353122155 -0.3520679826474423 
-0.5861609811980443 1.240382599292553 -0.36071079226517155 
-0.5878359628753851 1.2467241016879067 -0.34922300526788064 
-0.5866922721305278 1.242393474540901 -0.35705985430316933 
-0.5879810068218491 1.2472736268112854 -0.34823281416704 
-0.5864955840414405 1.2416498371547497 -0.3584209976129906 
-0.5883117821603259 1.2485260168491783 -0.3459650398154408 
-0.5868971821189385 1.2431684208787863 -0.3556444641279941 
-0.5883480920595339 1.2486634943172819 -0.34571610149219145 
-0.5871423450380597 1.244098264137589 -0.353982625176835 
-0.5889783655304682 1.2510491397817285 -0.3413865456411158 
-0.5871893809488326 1.2442756406499593 -0.3536517083594719 
-0.5892998912446417 1.2522672207105254 -0.33919062776794395 
-0.5875332997377365 1.2455788628378313 -0.3513064858384819 
-0.5885948609628424 1.2495978170439639 -0.34402426983306156 
-0.58804868113598 1.247528255878052 -0.3477498612571711 
-0.5892006780206814 1.2518915770670567 -0.33987082722196793 
-0.5876698582065272 1.2460955479740679 -0.35036602897262814 
-0.589462203443722 1.252881415278395 -0.33807360499098693 
-0.5878277578241247 1.2466933915405702 -0.3492834793951306 
-0.588532339711405 1.2493603854295754 -0.3444444698421151 
-0.5875060530398845 1.2454753446668825 -0.3514890666128657 
-0.588703128160738 1.2500073850474922 -0.3432777760927691 
-0.5873787534228174 1.2449930035768362 -0.3523576037376931 
-0.5892128896469279 1.2519371009835887 -0.3397786634495723 
-0.5873869584740778 1.2450237137241733 -0.3522971296104439 
-0.5888851260512972 1.2506971821655666 -0.3420384519644172 
-0.5878290385610183 1.246698596726705 -0.34927891957160484 
-0.5888907696287704 1.250717481940634 -0.34198709748421896 
-0.5875459524056215 1.2456264126648697 -0.35121551913898175 
-0.5896604600489964 1.2536327715575364 -0.3367228121649052 
-0.5879769928939823 1.2472584291750402 -0.34826033339718343 
-0.5894239500401308 1.2527356882231226 -0.3383253042577292 
-0.5876689761232499 1.246091496153055 -0.35036363482683774 
-0.5892937568846266 1.2522436386125169 -0.33922846371803406 
-0.5878327812898926 1.2467116994602403 -0.3492405971866006 
-0.5888272296120116 1.2504769051057265 -0.34242272373425664 
-0.5876698840142487 1.2460960017153075 -0.35037007286243427 
-0.5892510911673143 1.2520817405561295 -0.33951675629372613 
-0.5877477229288002 1.2463896493202202 -0.3498237518152457 
-0.5893695324608135 1.2525305420351514 -0.3387089512630074 
-0.5880768262296481 1.2476360646739062 -0.3475716616714908 
-0.5895141095579174 1.2530775875067837 -0.33771351919946524 
-0.5883102373095588 1.248518920627131 -0.34596084678961714 
-0.5897228799440875 1.2538680392770105 -0.33628220291902544 
-0.588563803340372 1.2494798698528555 -0.3442329780604316 
-0.5892811042167414 1.2521960887854786 -0.3393194304175342 
-0.5882734814258951 1.2483790444520204 -0.34620442416635144 
-0.5893439743808917 1.2524334173525542 -0.33887995498195145 
-0.588410580150369 1.2489000883233803 -0.3452876871783286 
-0.5889434751924996 1.2509157919695628 -0.34161099018595587 
-0.5874975107361894 1.2454410444005082 -0.35152442908512727 
-0.5895821611024415 1.253336668167423 -0.33726382244541286 
-0.5881886736666526 1.2480591882702239 -0.34680062204316275 
-0.5896388382060149 1.253549303287213 -0.33685204487479525 
-0.5877396689975833 1.2463586203062378 -0.3498726262762346 
-0.5890377051964129 1.2512741691684495 -0.3409839375507815 
-0.5881614693568232 1.2479565426446595 -0.346991353859757 
-0.5891763675170512 1.2517988199623045 -0.3400290568125772 
-0.5876998049347502 1.2462082209868375 -0.3501522744868183 
-0.5883138267760879 1.2485325111570147 -0.3459362376389835 
-0.5879311548185979 1.2470841638280805 -0.34856615462899754 
-0.5888947743292167 1.2507326446397844 -0.3419596415166736 
-0.5874826246195314 1.245386639383143 -0.35164969034926485 
-0.5893348685237512 1.2523984055097626 -0.3389360413791156 
-0.5871836289298944 1.24425297311318 -0.353680603297333 
-0.5885830314099109 1.2495530276884088 -0.34410537248373696 
-0.587874190203493 1.246869195001688 -0.34896514200184103 
-0.5886685068794603 1.24987630106774 -0.3435151373605796 
-0.5870485536657216 1.2437419017786595 -0.35461086834352207 
-0.588344714823674 1.2486507073405793 -0.34573925560307006 
-0.5864493380850195 1.2414743835055735 -0.35873383607671894 
-0.5880795501932008 1.247646022186922 -0.34754876552747105 
-0.5866926612889616 1.242394412968676 -0.35705084348696003 
-0.5881948338343892 1.248083224109472 -0.3467668299828798 
-0.58667811726766 1.2423398810374524 -0.35715689912854776 
-0.5881583209319329 1.2479449780252825 -0.3470171600832861 
-0.586737015891966 1.2425628845136671 -0.3567530939653194 
-0.5881226643050325 1.2478103300208658 -0.34726584043967634 
-0.5863169633867417 1.2409728270133782 -0.35963716763046394 
-0.5879932516086975 1.2473199883361072 -0.3481488646994536 
-0.5866846760890126 1.242365070241822 -0.3571161530989485 
-0.5881823694639912 1.248035675164419 -0.3468480640752183 
-0.5870407899238619 1.2437133975420813 -0.35467465965315814 
-0.5879258767341389 1.2470641798098456 -0.3486023408350708 
-0.5868046877960332 1.2428175025098849 -0.3562701345140681 
-0.5882285730323897 1.2482102562682114 -0.3465270745692789 
-0.586737015891966 1.2425628845136671 -0.3567530939653194 
-0.5878566341715832 1.2468020118503413 -0.3490770633706919 
-0.5866419793533999 1.2422021656474422 -0.3573941178017227 
-0.5882277664977369 1.2482079146008729 -0.3465410457705086 
-0.5870087227634906 1.2435923400675488 -0.3548987308589149 
-0.5882203421734078 1.2481790923796348 -0.3465835048067223 
-0.5868379343141574 1.242945340449632 -0.3560654246082601 
-0.5879968152675051 1.247333125124751 -0.3481202116590131 
-0.5872444518004573 1.2444836163016175 -0.35326780338733477 
-0.587573623564811 1.24573153794218 -0.35103002828508856 
-0.5861381728893966 1.2402958858642108 -0.36086294372990224 
-0.5876655635844857 1.2460780404977652 -0.35038068820101764 
-0.5864366688368334 1.2414264148743903 -0.3588206956238148 
-0.5877429332168194 1.2463729365543772 -0.34987345001004566 
-0.5857742360766022 1.2389175829775918 -0.36335385018122246 
-0.5874669602088002 1.2453266183362337 -0.3517486428855191 
-0.5856758364724134 1.2385444848682594 -0.36402212873952755 
-0.5870148239629036 1.2436150845572673 -0.35485268060401587 
-0.5859779479618625 1.2396892381498141 -0.3619614354821038 
-0.5873631479804097 1.2449342738794569 -0.3524688144685635 
-0.5852756324161954 1.2370297570591735 -0.3667722446657996 
-0.5867758964923814 1.2427108072911353 -0.35649497273242003 
-0.5854379611955768 1.2376443704311881 -0.3656593290412474 
-0.586769524093976 1.2426859678987061 -0.35653021983245803 
-0.5849203933117428 1.2356850977128768 -0.3692119618423786 
-0.5866809094269566 1.2423511648370922 -0.357146197916546 
-0.5846704594032431 1.2347387915626729 -0.37092549257263174 
-0.5865155501821262 1.2417238303707647 -0.35826510579355697 
-0.5846567474565538 1.2346868750397755 -0.37101950079330503 
-0.5860744298693894 1.2400545404132173 -0.3612999617570972 
-0.5850626543263304 1.23622337397371 -0.36823240869094187 
-0.5864358033338571 1.241422781857522 -0.3588224086304289 
-0.5851521676569282 1.2365626476604816 -0.36762293190504813 
-0.586142771626065 1.2403124066772668 -0.36082085149139087 
-0.5845672746394388 1.2343488228283437 -0.37164136229901024 
