-0.6427597462575596 1.1764351723547664 -0.34974132065001196 
-0.6406762467635136 1.1685456842410253 -0.36401511804899567 
-0.6424327373133769 1.1751965077213513 -0.3519769300745228 
-0.6407111794895046 1.1686799045985747 -0.3637988245463666 
-0.6423213146054717 1.1747751712316474 -0.3527471797328323 
-0.6412105285739391 1.1705689497645055 -0.36035631423405323 
-0.6424579154622849 1.1752927289132684 -0.35181487390918986 
-0.6407222688517819 1.1687202883293768 -0.36370379134623876 
-0.6414110681011274 1.171328237646156 -0.3589814281910566 
-0.6408023648577319 1.1690251529695534 -0.36317366355262903 
-0.6419221103242108 1.173263158768387 -0.3554777557243338 
-0.6404183344724219 1.1675700592305132 -0.36579388858725825 
-0.6419026958317244 1.1731896511208926 -0.3556108602305901 
-0.6410263069975514 1.1698726923937035 -0.3616341098834265 
-0.6420654917282278 1.1738069241449056 -0.35450530567823046 
-0.640769797687398 1.168900778234985 -0.3633842794908748 
-0.6414618024554177 1.1715219324506256 -0.3586526019843801 
-0.6409232186700702 1.169480775583793 -0.3623218946127097 
-0.6422284737799168 1.1744243669806074 -0.3533921320868182 
-0.6409889285921186 1.169730813292646 -0.3618861529904478 
-0.6421763462076324 1.1742273562619432 -0.3537537361806933 
-0.640317246207584 1.1671876722867518 -0.3664911640262831 
-0.641871586303255 1.1730743556210472 -0.35585369092915664 
-0.6402948697131547 1.1671029498318215 -0.3666445758265069 
-0.6415970636070139 1.1720329935965828 -0.3577125977896477 
-0.6412092904928299 1.1705647971240074 -0.36037114520928093 
-0.6420121660527932 1.173606622260579 -0.35488988524816223 
-0.6404637241532869 1.1677419147999164 -0.36548269986754645 
-0.6419630876913547 1.1734188433366752 -0.35520316031357235 
-0.6408759776137475 1.16930279938504 -0.3626563167753385 
-0.6417083259674549 1.1724546140158372 -0.35695401106019653 
-0.6409098089406737 1.1694319605015984 -0.362437033861162 
-0.6418987245596421 1.1731755060302842 -0.35564865061243556 
-0.6407292355541712 1.1687466658359633 -0.3636560280847253 
-0.6417930114826527 1.172775964531975 -0.3563818542906736 
-0.6406178718145896 1.168326620695789 -0.36443853593765063 
-0.6418157273946127 1.1728603690022457 -0.3562071102170272 
-0.6406842795620642 1.1685764523100164 -0.3639642434623297 
-0.6427258206366118 1.176307790384086 -0.34998657499317354 
-0.6411666671635401 1.1704037716130045 -0.3606675888271844 
-0.6415547538875334 1.1718711963596804 -0.357983665244322 
-0.6409832094660208 1.1697088033639045 -0.3619211421236259 
-0.6421543517865181 1.1741433683679903 -0.3538960868591968 
-0.6404088891977507 1.1675353653723812 -0.36587130725784534 
-0.642164322878873 1.1741818332273972 -0.35383616734592693 
-0.6403077585448903 1.1671521058832355 -0.3665604316546587 
-0.6414792755858222 1.171587021581248 -0.3585201448535069 
-0.639837599149962 1.1653707293009246 -0.3697690296698135 
-0.6416762753873847 1.1723339753454494 -0.35718218941835733 
-0.6401088744750301 1.1663983738816468 -0.36791552633740665 
-0.6419913789622497 1.173525960469383 -0.3550091971880107 
-0.6401169662419042 1.1664304333001676 -0.3678769099453564 
-0.6415489073068118 1.1718501279685272 -0.3580364115016773 
-0.6406475970847234 1.1684384552182832 -0.3642262997541933 
-0.6419750941720511 1.173463767566824 -0.355114501886443 
-0.6412132691177929 1.170579326081666 -0.3603375252424379 
-0.6427281035585257 1.176315721986595 -0.349962481776259 
-0.6413623272598854 1.171144228841542 -0.3593219350209449 
-0.6418054095318464 1.172821838260448 -0.35628419158871705 
-0.6406657047648328 1.1685061239381505 -0.36409159107216515 
-0.6422575623580441 1.1745337908435591 -0.3531842610226257 
-0.6401891566361653 1.1667034083335122 -0.3673777795047448 
-0.6417231082949088 1.1725105832417335 -0.3568526643781518 
-0.6406104309099595 1.1682973796704064 -0.3644768878214596 
-0.6416095537851333 1.1720809962828747 -0.35763540758711543 
-0.6404112379053453 1.1675446121909656 -0.365859402431566 
-0.6419590995712094 1.1734040994416697 -0.3552347234335219 
-0.6410491079533183 1.1699590219549953 -0.361477788003693 
-0.6420082651415508 1.1735898953528974 -0.354893426633615 
-0.6403794701845457 1.167422375256938 -0.3660539968630713 
-0.6411915811985747 1.1704981017690095 -0.36049677981250183 
-0.6404427979706355 1.1676621485386647 -0.36561982565278783 
-0.6419200233204263 1.1732557919151656 -0.3554984068585805 
-0.6410448817947827 1.169943020765569 -0.36150676227359113 
-0.6417902617113787 1.1727655532777195 -0.35640070654488654 
-0.6410885143942119 1.1701069765597447 -0.36119283556781023 
-0.6426565356860336 1.176044749879197 -0.3504531464865832 
-0.6409382866345159 1.1695394274462474 -0.3622375718060391 
-0.6424216129159581 1.1751556353122155 -0.352067982647442 
-0.6411609811980443 1.1703825992925527 -0.3607107922651712 
-0.6428359628753851 1.176724101687907 -0.3492230052678811 
-0.6416922721305278 1.172393474540901 -0.35705985430316967 
-0.6429810068218491 1.1772736268112853 -0.3482328141670399 
-0.6414955840414407 1.1716498371547495 -0.3584209976129903 
-0.643311782160326 1.178526016849178 -0.3459650398154408 
-0.6418971821189384 1.1731684208787863 -0.3556444641279938 
-0.643348092059534 1.1786634943172816 -0.345716101492191 
-0.64214234503806 1.174098264137589 -0.35398262517683476 
-0.6439783655304683 1.1810491397817282 -0.34138654564111537 
-0.6421893809488326 1.174275640649959 -0.35365170835947246 
-0.6442998912446418 1.1822672207105254 -0.33919062776794384 
-0.6425332997377364 1.175578862837831 -0.35130648583848156 
-0.6435948609628425 1.1795978170439636 -0.34402426983306145 
-0.6430486811359799 1.177528255878052 -0.347749861257171 
-0.6442006780206815 1.1818915770670564 -0.3398708272219676 
-0.6426698582065272 1.1760955479740676 -0.3503660289726278 
-0.6444622034437222 1.1828814152783949 -0.3380736049909874 
-0.6428277578241247 1.1766933915405702 -0.34928347939513027 
-0.643532339711405 1.1793603854295756 -0.3444444698421152 
-0.6425060530398845 1.1754753446668822 -0.3514890666128653 
-0.643703128160738 1.1800073850474921 -0.34327777609276955 
-0.6423787534228175 1.1749930035768366 -0.35235760373769354 
-0.6442128896469279 1.1819371009835886 -0.3397786634495724 
-0.6423869584740779 1.175023713724173 -0.3522971296104438 
-0.6438851260512972 1.1806971821655665 -0.34203845196441696 
-0.6428290385610184 1.1766985967267047 -0.34927891957160484 
-0.6438907696287705 1.1807174819406339 -0.34198709748421896 
-0.6425459524056215 1.1756264126648694 -0.3512155191389812 
-0.6446604600489965 1.1836327715575363 -0.33672281216490507 
-0.6429769928939825 1.17725842917504 -0.3482603333971833 
-0.644423950040131 1.1827356882231226 -0.33832530425772933 
-0.6426689761232499 1.1760914961530546 -0.35036363482683786 
-0.6442937568846266 1.1822436386125168 -0.33922846371803383 
-0.6428327812898926 1.17671169946024 -0.3492405971866003 
-0.6438272296120117 1.1804769051057262 -0.34242272373425664 
-0.6426698840142488 1.1760960017153073 -0.35037007286243416 
-0.6442510911673144 1.1820817405561292 -0.33951675629372646 
-0.6427477229288003 1.1763896493202202 -0.3498237518152455 
-0.6443695324608136 1.1825305420351513 -0.3387089512630075 
-0.643076826229648 1.1776360646739061 -0.3475716616714909 
-0.6445141095579174 1.1830775875067836 -0.337713519199465 
-0.6433102373095589 1.178518920627131 -0.345960846789617 
-0.6447228799440876 1.1838680392770105 -0.33628220291902544 
-0.643563803340372 1.1794798698528555 -0.34423297806043174 
-0.6442811042167416 1.1821960887854783 -0.339319430417534 
-0.6432734814258952 1.1783790444520201 -0.3462044241663512 
-0.6443439743808919 1.182433417352554 -0.33887995498195145 
-0.6434105801503691 1.17890008832338 -0.3452876871783285 
-0.6439434751924997 1.1809157919695628 -0.34161099018595575 
-0.6424975107361895 1.175441044400508 -0.3515244290851274 
-0.6445821611024417 1.183336668167423 -0.33726382244541286 
-0.6431886736666528 1.1780591882702238 -0.34680062204316287 
-0.6446388382060152 1.1835493032872129 -0.33685204487479525 
-0.6427396689975835 1.1763586203062377 -0.3498726262762346 
-0.644037705196413 1.1812741691684496 -0.3409839375507818 
-0.6431614693568233 1.1779565426446599 -0.3469913538597571 
-0.6441763675170512 1.181798819962304 -0.340029056812577 
-0.6426998049347502 1.176208220986837 -0.3501522744868184 
-0.6433138267760881 1.1785325111570146 -0.3459362376389834 
-0.6429311548185981 1.1770841638280805 -0.34856615462899776 
-0.6438947743292167 1.1807326446397841 -0.34195964151667335 
-0.6424826246195315 1.1753866393831427 -0.3516496903492642 
-0.6443348685237514 1.1823984055097625 -0.3389360413791157 
-0.6421836289298944 1.1742529731131799 -0.3536806032973333 
-0.6435830314099109 1.1795530276884085 -0.3441053724837363 
-0.6428741902034931 1.1768691950016876 -0.34896514200184103 
-0.6436685068794603 1.17987630106774 -0.3435151373605799 
-0.6420485536657219 1.1737419017786594 -0.3546108683435223 
-0.6433447148236741 1.178650707340579 -0.34573925560306984 
-0.6414493380850196 1.1714743835055732 -0.3587338360767185 
-0.6430795501932008 1.177646022186922 -0.3475487655274708 
-0.6416926612889619 1.1723944129686759 -0.3570508434869599 
-0.6431948338343892 1.1780832241094716 -0.3467668299828792 
-0.6416781172676601 1.1723398810374526 -0.357156899128548 
-0.6431583209319329 1.1779449780252822 -0.34701716008328576 
-0.6417370158919661 1.172562884513667 -0.35675309396531896 
-0.6431226643050325 1.177810330020866 -0.34726584043967623 
-0.6413169633867417 1.1709728270133781 -0.35963716763046394 
-0.6429932516086977 1.177319988336107 -0.3481488646994535 
-0.6416846760890128 1.1723650702418222 -0.3571161530989486 
-0.6431823694639912 1.1780356751644192 -0.34684806407521807 
-0.642040789923862 1.1737133975420815 -0.35467465965315825 
-0.6429258767341388 1.1770641798098451 -0.3486023408350709 
-0.6418046877960334 1.1728175025098848 -0.3562701345140681 
-0.6432285730323898 1.178210256268211 -0.3465270745692789 
-0.6417370158919661 1.172562884513667 -0.35675309396531896 
-0.6428566341715832 1.176802011850341 -0.34907706337069155 
-0.6416419793534001 1.1722021656474417 -0.3573941178017228 
-0.6432277664977369 1.1782079146008724 -0.3465410457705085 
-0.6420087227634906 1.1735923400675488 -0.3548987308589143 
-0.643220342173408 1.1781790923796347 -0.34658350480672206 
-0.6418379343141575 1.172945340449632 -0.3560654246082602 
-0.6429968152675053 1.177333125124751 -0.3481202116590133 
-0.6422444518004574 1.1744836163016172 -0.35326780338733466 
-0.6425736235648112 1.17573153794218 -0.35103002828508845 
-0.6411381728893968 1.1702958858642107 -0.36086294372990235 
-0.642665563584486 1.176078040497765 -0.3503806882010173 
-0.6414366688368335 1.17142641487439 -0.35882069562381447 
-0.6427429332168194 1.1763729365543767 -0.34987345001004566 
-0.6407742360766022 1.1689175829775915 -0.36335385018122235 
-0.6424669602088002 1.1753266183362334 -0.3517486428855191 
-0.6406758364724136 1.1685444848682593 -0.3640221287395278 
-0.6420148239629037 1.1736150845572675 -0.3548526806040161 
-0.6409779479618627 1.1696892381498143 -0.3619614354821039 
-0.6423631479804097 1.1749342738794566 -0.35246881446856326 
-0.6402756324161956 1.1670297570591737 -0.3667722446657997 
-0.6417758964923815 1.172710807291135 -0.3564949727324198 
-0.6404379611955769 1.167644370431188 -0.36565932904124765 
-0.641769524093976 1.172685967898706 -0.3565302198324578 
-0.6399203933117429 1.165685097712877 -0.3692119618423787 
-0.6416809094269567 1.1723511648370921 -0.3571461979165458 
-0.6396704594032432 1.1647387915626728 -0.37092549257263197 
-0.6415155501821265 1.171723830370765 -0.3582651057935571 
-0.6396567474565538 1.1646868750397754 -0.3710195007933055 
-0.6410744298693896 1.1700545404132172 -0.3612999617570972 
-0.6400626543263306 1.16622337397371 -0.36823240869094176 
-0.6414358033338572 1.1714227818575222 -0.3588224086304289 
-0.6401521676569284 1.1665626476604818 -0.36762293190504836 
-0.6411427716260651 1.170312406677267 -0.36082085149139054 
-0.6395672746394389 1.1643488228283436 -0.3716413622990101 
