-0.6610847050358912 0.9857216594098489 -0.27920250774111866 
-0.6610847050358912 0.9857216594098489 -0.27920250774111866 
-0.6610847050358912 0.9857216594098489 -0.27920250774111866 
-0.6610847050358912 0.9857216594098489 -0.27920250774111866 
-0.6610847050358912 0.9857216594098489 -0.27920250774111866 
-0.6604449717931018 0.9827671053838002 -0.27745714224032614 
-0.6604449717931018 0.9827671053838002 -0.27745714224032614 
-0.6604449717931018 0.9827671053838002 -0.27745714224032614 
-0.6604449717931018 0.9827671053838002 -0.27745714224032614 
-0.6603533134329398 0.9823446425407143 -0.27721714308618806 
-0.6603533134329398 0.9823446425407143 -0.27721714308618806 
-0.6603533134329398 0.9823446425407143 -0.27721714308618806 
-0.66050096753884 0.9830265705755122 -0.2776199834659766 
-0.66050096753884 0.9830265705755122 -0.2776199834659766 
-0.66050096753884 0.9830265705755122 -0.2776199834659766 
-0.66050096753884 0.9830265705755122 -0.2776199834659766 
-0.66050096753884 0.9830265705755122 -0.2776199834659766 
-0.66050096753884 0.9830265705755122 -0.2776199834659766 
-0.66050096753884 0.9830265705755122 -0.2776199834659766 
-0.6612936459721201 0.9866874890642847 -0.27978262485793703 
-0.6612936459721201 0.9866874890642847 -0.27978262485793703 
-0.6612936459721201 0.9866874890642847 -0.27978262485793703 
-0.6614287949425663 0.9873116631856845 -0.2801513478423113 
-0.6614287949425663 0.9873116631856845 -0.2801513478423113 
-0.6614287949425663 0.9873116631856845 -0.2801513478423113 
-0.6614287949425663 0.9873116631856845 -0.2801513478423113 
-0.6614287949425663 0.9873116631856845 -0.2801513478423113 
-0.6614287949425663 0.9873116631856845 -0.2801513478423113 
-0.6620852764192278 0.9903446007774915 -0.28195459666020306 
-0.6620852764192278 0.9903446007774915 -0.28195459666020306 
-0.6620852764192278 0.9903446007774915 -0.28195459666020306 
-0.6620852764192278 0.9903446007774915 -0.28195459666020306 
-0.6620852764192278 0.9903446007774915 -0.28195459666020306 
-0.662720193314532 0.993276566488835 -0.2836827586608678 
-0.662720193314532 0.993276566488835 -0.2836827586608678 
-0.662720193314532 0.993276566488835 -0.2836827586608678 
-0.6632881941735669 0.9958994861304369 -0.28522835559637283 
-0.6632881941735669 0.9958994861304369 -0.28522835559637283 
-0.6632881941735669 0.9958994861304369 -0.28522835559637283 
-0.6637138231297582 0.9978652175666134 -0.28638958663235214 
-0.6637138231297582 0.9978652175666134 -0.28638958663235214 
-0.6637138231297582 0.9978652175666134 -0.28638958663235214 
-0.6637138231297582 0.9978652175666134 -0.28638958663235214 
-0.6637138231297582 0.9978652175666134 -0.28638958663235214 
-0.6637138231297582 0.9978652175666134 -0.28638958663235214 
-0.6643059901460735 1.0006004354075388 -0.28800924178838294 
-0.6643059901460735 1.0006004354075388 -0.28800924178838294 
-0.6646862038069772 1.0023564201328028 -0.28904656760215186 
-0.6646862038069772 1.0023564201328028 -0.28904656760215186 
-0.6646862038069772 1.0023564201328028 -0.28904656760215186 
-0.6646862038069772 1.0023564201328028 -0.28904656760215186 
-0.6646862038069772 1.0023564201328028 -0.28904656760215186 
-0.6646862038069772 1.0023564201328028 -0.28904656760215186 
-0.6646862038069772 1.0023564201328028 -0.28904656760215186 
-0.6646862038069772 1.0023564201328028 -0.28904656760215186 
-0.6652533432436243 1.0049757057878215 -0.29059387754425636 
-0.6652533432436243 1.0049757057878215 -0.29059387754425636 
-0.6652533432436243 1.0049757057878215 -0.29059387754425636 
-0.6656418624406182 1.0067693600908982 -0.29164573670906524 
-0.6656418624406182 1.0067693600908982 -0.29164573670906524 
-0.6656418624406182 1.0067693600908982 -0.29164573670906524 
-0.6656418624406182 1.0067693600908982 -0.29164573670906524 
-0.6656418624406182 1.0067693600908982 -0.29164573670906524 
-0.6663270526795275 1.009934197839698 -0.29351918440334235 
-0.6663270526795275 1.009934197839698 -0.29351918440334235 
-0.6663270526795275 1.009934197839698 -0.29351918440334235 
-0.6667353497727277 1.0118198835284378 -0.2946331294242991 
-0.6667353497727277 1.0118198835284378 -0.2946331294242991 
-0.6667353497727277 1.0118198835284378 -0.2946331294242991 
-0.6668994084465392 1.0125767211137944 -0.29507065623721374 
-0.6668994084465392 1.0125767211137944 -0.29507065623721374 
-0.6668994084465392 1.0125767211137944 -0.29507065623721374 
-0.6668994084465392 1.0125767211137944 -0.29507065623721374 
-0.6668994084465392 1.0125767211137944 -0.29507065623721374 
-0.6676670766089113 1.0161221317757712 -0.29716506283834543 
-0.6676670766089113 1.0161221317757712 -0.29716506283834543 
-0.6676670766089113 1.0161221317757712 -0.29716506283834543 
-0.6676670766089114 1.0161221317757712 -0.29716506283834576 
-0.6676670766089113 1.0161221317757712 -0.29716506283834543 
-0.6681789767757488 1.0184871530848723 -0.2985717347656428 
-0.6681789767757488 1.0184871530848723 -0.2985717347656428 
-0.6681789767757488 1.0184871530848723 -0.2985717347656428 
-0.6681789767757488 1.0184871530848723 -0.2985717347656428 
-0.6681789767757488 1.0184871530848723 -0.2985717347656428 
-0.6681789767757488 1.0184871530848723 -0.2985717347656428 
-0.6687947739897054 1.0213303070177868 -0.30024172662900617 
-0.6687947739897054 1.0213303070177868 -0.30024172662900617 
-0.6691627343522246 1.023030210060618 -0.3012516285968049 
-0.6691627343522246 1.023030210060618 -0.3012516285968049 
-0.6691627343522246 1.023030210060618 -0.3012516285968049 
-0.6691627343522246 1.023030210060618 -0.3012516285968049 
-0.6697461087364461 1.0257244754517365 -0.3028432318716747 
-0.6697461087364461 1.0257244754517365 -0.3028432318716747 
-0.6700708309907669 1.0272245222159622 -0.3037332253035191 
-0.6700708309907669 1.0272245222159622 -0.3037332253035191 
-0.6700708309907669 1.0272245222159622 -0.3037332253035191 
-0.6700708309907669 1.0272245222159622 -0.3037332253035191 
-0.6700708309907669 1.0272245222159622 -0.3037332253035191 
-0.6706404325705752 1.029856212331694 -0.30529944223915473 
-0.6706404325705752 1.029856212331694 -0.30529944223915473 
-0.6706404325705752 1.029856212331694 -0.30529944223915473 
-0.6710039731171451 1.031535193684636 -0.306291279282601 
-0.6710039731171451 1.031535193684636 -0.306291279282601 
-0.6712700520519879 1.0327630235436471 -0.3070050250601686 
-0.6712700520519879 1.0327630235436471 -0.3070050250601686 
-0.6719888678182933 1.036084183727503 -0.30898231356754424 
-0.6719888678182933 1.036084183727503 -0.30898231356754424 
-0.6722053707004392 1.0370834026758842 -0.30956495398066985 
-0.6722053707004392 1.0370834026758842 -0.30956495398066985 
-0.6725416236641115 1.0386348162257946 -0.3104641470395054 
-0.6725416236641115 1.0386348162257946 -0.3104641470395054 
-0.6725416236641115 1.0386348162257946 -0.3104641470395054 
-0.6725416236641115 1.0386348162257946 -0.3104641470395054 
-0.6725416236641115 1.0386348162257946 -0.3104641470395054 
-0.6731332142141112 1.041368914108543 -0.31210042550941064 
-0.6731332142141112 1.041368914108543 -0.31210042550941064 
-0.6731332142141112 1.041368914108543 -0.31210042550941064 
-0.6731332142141112 1.041368914108543 -0.31210042550941064 
-0.6737829513662025 1.0443674391029578 -0.31384676191314975 
-0.6737829513662025 1.0443674391029578 -0.31384676191314975 
-0.6737829513662025 1.0443674391029578 -0.31384676191314975 
-0.6737829513662021 1.0443674391029578 -0.3138467619131494 
-0.6737829513662021 1.0443674391029578 -0.3138467619131494 
-0.6744313496212849 1.047363554160349 -0.31563396398368804 
-0.6744313496212849 1.047363554160349 -0.31563396398368804 
-0.6747711770884648 1.048932674236052 -0.31655704212588165 
-0.6747711770884648 1.048932674236052 -0.31655704212588165 
-0.6747711770884648 1.048932674236052 -0.31655704212588165 
-0.6747711770884648 1.048932674236052 -0.31655704212588165 
-0.6752830612109654 1.0512974567230988 -0.31796172701026526 
-0.6752830612109654 1.0512974567230988 -0.31796172701026526 
-0.6752830612109654 1.0512974567230988 -0.31796172701026526 
-0.6756882547211075 1.053168119935122 -0.3190590782160876 
-0.6756882547211075 1.053168119935122 -0.3190590782160876 
-0.6756882547211075 1.053168119935122 -0.3190590782160876 
-0.6756882547211075 1.053168119935122 -0.3190590782160876 
-0.6763862025975566 1.0563925665970282 -0.32097545860006094 
-0.6763862025975566 1.0563925665970282 -0.32097545860006094 
-0.6763862025975566 1.0563925665970282 -0.32097545860006094 
-0.6763862025975566 1.0563925665970282 -0.32097545860006094 
-0.6769726000151077 1.0590997603524308 -0.32256311992803466 
-0.6769726000151077 1.0590997603524308 -0.32256311992803466 
-0.6769726000151077 1.0590997603524308 -0.32256311992803466 
-0.6769726000151077 1.0590997603524308 -0.32256311992803466 
-0.6775618828314482 1.0618209689189069 -0.32416677980538244 
-0.6775618828314482 1.0618209689189069 -0.32416677980538244 
-0.6775618828314482 1.0618209689189069 -0.32416677980538244 
-0.6775618828314482 1.0618209689189069 -0.32416677980538244 
-0.6775618828314482 1.0618209689189069 -0.32416677980538244 
-0.6780625784166987 1.0641340780903161 -0.3255409393307338 
-0.6780625784166987 1.0641340780903161 -0.3255409393307338 
-0.6780625784166987 1.0641340780903161 -0.3255409393307338 
-0.6788282548225604 1.0676699455727752 -0.32762584868070377 
-0.6788282548225604 1.0676699455727752 -0.32762584868070377 
-0.6788282548225604 1.0676699455727752 -0.32762584868070377 
-0.6793122587859022 1.069905621476127 -0.3289504057419451 
-0.6793122587859022 1.069905621476127 -0.3289504057419451 
-0.6796185182437018 1.0713197105316694 -0.32978190126566054 
-0.6796185182437018 1.0713197105316694 -0.3297819012656602 
-0.6798589788864456 1.072430257729479 -0.3304379430062985 
-0.6798589788864456 1.072430257729479 -0.3304379430062985 
-0.6798589788864456 1.072430257729479 -0.3304379430062985 
-0.6798589788864456 1.072430257729479 -0.3304379430062985 
-0.6805165417679855 1.0754678452784487 -0.3322400789893879 
-0.6805165417679854 1.0754678452784487 -0.33224007898938757 
-0.6805165417679854 1.0754678452784487 -0.33224007898938757 
-0.681133184294384 1.0783142143754596 -0.3339042506937454 
-0.681133184294384 1.0783142143754596 -0.3339042506937454 
-0.681133184294384 1.0783142143754596 -0.3339042506937454 
-0.6816027870607155 1.0804849219679153 -0.3352077134603365 
-0.6816027870607155 1.0804849219679153 -0.3352077134603365 
-0.6817785099874851 1.0812961390644829 -0.3356830699832708 
-0.6817785099874851 1.0812961390644829 -0.3356830699832708 
-0.6819200618760111 1.081950565875734 -0.3360772999316103 
-0.6819200618760111 1.081950565875734 -0.3360772999316103 
-0.6819200618760111 1.081950565875734 -0.3360772999316103 
-0.6819200618760111 1.081950565875734 -0.3360772999316103 
-0.6827526284206105 1.0857950228897006 -0.33834072882158606 
-0.6833228398198317 1.0884284961447752 -0.3398964199093589 
-0.6833228398198317 1.0884284961447752 -0.3398964199093589 
-0.6833228398198317 1.0884284961447752 -0.3398964199093589 
-0.6838732721240317 1.0909699324775621 -0.3413900218702929 
-0.6838732721240317 1.0909699324775621 -0.3413900218702929 
-0.6845831906748135 1.094247777866312 -0.3433168022248516 
-0.6845831906748135 1.094247777866312 -0.3433168022248516 
-0.6849561634951525 1.0959703213801277 -0.3443343730650259 
-0.6849561634951525 1.0959703213801277 -0.3443343730650259 
-0.6849561634951525 1.0959703213801277 -0.3443343730650259 
-0.6851506293792564 1.096869988067287 -0.34488312472060045 
-0.6851506293792564 1.096869988067287 -0.34488312472060045 
-0.6851506293792564 1.096869988067287 -0.34488312472060045 
-0.6851506293792564 1.096869988067287 -0.34488312472060045 
-0.6853511413956285 1.0977956914834461 -0.34542611259187583 
-0.6853511413956285 1.0977956914834461 -0.34542611259187583 
-0.6853511413956285 1.0977956914834461 -0.34542611259187583 
-0.6853511413956285 1.0977956914834461 -0.34542611259187583 
-0.6853511413956285 1.0977956914834461 -0.34542611259187583 
-0.686649954658442 1.1037938065744142 -0.34896556363998765 
-0.686649954658442 1.1037938065744142 -0.34896556363998765 
-0.6871848716070637 1.1062649642262887 -0.35043308831040787 
-0.6871848716070637 1.1062649642262887 -0.35043308831040787 
-0.6876015490631302 1.108190035266847 -0.35157793530012205 
-0.6876015490631302 1.108190035266847 -0.35157793530012205 
-0.6876015490631302 1.108190035266847 -0.35157793530012205 
-0.6876015490631302 1.108190035266847 -0.35157793530012205 
-0.6876015490631302 1.108190035266847 -0.35157793530012205 
-0.6882144838444012 1.1110197970857933 -0.35323808607202933 
-0.6889417670118642 1.1143783486348335 -0.35521824827227677 
-0.6889417670118642 1.1143783486348335 -0.35521824827227677 
-0.6890705508758571 1.114973126048918 -0.35556960552282657 
-0.6890705508758571 1.114973126048918 -0.35556960552282657 
-0.6890705508758571 1.114973126048918 -0.35556960552282657 
-0.6890705508758571 1.114973126048918 -0.35556960552282657 
-0.6897622594319073 1.11816687011285 -0.3574467040812108 
-0.6897622594319073 1.11816687011285 -0.3574467040812108 
-0.6906403476534458 1.122223444487964 -0.35985649937108954 
-0.6908308002678756 1.123103378244796 -0.3603801688704026 
-0.6908308002678756 1.123103378244796 -0.3603801688704026 
-0.6912037593758982 1.1248255140093737 -0.36139363909955335 
-0.6912037593758982 1.1248255140093737 -0.36139363909955335 
-0.6915124517540042 1.126251183722217 -0.3622358354887151 
-0.6915124517540042 1.126251183722217 -0.3622358354887151 
-0.6920875218009502 1.1289077850721476 -0.363812908683235 
-0.6920875218009502 1.1289077850721476 -0.363812908683235 
-0.6923334634243337 1.130043645716769 -0.3644839040230905 
-0.6923334634243337 1.130043645716769 -0.3644839040230905 
-0.6929292034433553 1.1327924525736084 -0.36607894675785235 
-0.6929292034433553 1.1327924525736084 -0.36607894675785235 
-0.6933483572886978 1.1347301585919982 -0.36724468287797507 
-0.6933483572886978 1.1347301585919982 -0.36724468287797507 
-0.6933483572886978 1.1347301585919982 -0.36724468287797507 
-0.6933483572886978 1.1347301585919982 -0.36724468287797507 
-0.6933483572886978 1.1347301585919982 -0.36724468287797507 
-0.6933483572886978 1.1347301585919982 -0.36724468287797507 
-0.6943005535234351 1.139128141012963 -0.36984659522353525 
-0.6943005535234351 1.139128141012963 -0.36984659522353525 
-0.6945124090859667 1.1401050356575122 -0.3704063984901623 
-0.6948711714689315 1.141762803027599 -0.37139526907939924 
-0.6948711714689315 1.141762803027599 -0.37139526907939924 
-0.6953537923619699 1.1439908933545833 -0.37270191988041634 
-0.6953537923619699 1.1439908933545833 -0.37270191988041634 
-0.6956070415977214 1.1451617015734163 -0.37340698523538063 
-0.6956070415977214 1.1451617015734163 -0.37340698523538063 
-0.6956070415977214 1.1451617015734163 -0.37340698523538063 
-0.6956070415977214 1.1451617015734163 -0.37340698523538063 
-0.6962161035090831 1.1479749470621803 -0.37507273423956733 
-0.6962161035090831 1.1479749470621803 -0.37507273423956733 
-0.6962161035090831 1.1479749470621803 -0.37507273423956733 
-0.6962161035090831 1.1479749470621803 -0.37507273423956733 
-0.6962161035090831 1.1479749470621803 -0.37507273423956733 
-0.6968913868917215 1.151093341990725 -0.3769110269473278 
-0.6968913868917215 1.151093341990725 -0.3769110269473278 
-0.6971575511715515 1.1523232881086667 -0.37764532156968955 
-0.6971575511715514 1.1523232881086667 -0.3776453215696892 
-0.6971575511715514 1.1523232881086667 -0.3776453215696892 
-0.6975070165832671 1.153936575798273 -0.3785906314340385 
-0.6980940870611992 1.15664722244634 -0.38018419225308253 
-0.6980940870611992 1.15664722244634 -0.38018419225308253 
-0.6980940870611992 1.15664722244634 -0.38018419225308253 
-0.6980940870611992 1.15664722244634 -0.38018419225308253 
-0.6984587692565789 1.1583325096682051 -0.38119133362393154 
-0.6984587692565789 1.1583325096682051 -0.38119133362393154 
-0.6984587692565789 1.1583325096682051 -0.38119133362393154 
-0.6984587692565789 1.1583325096682051 -0.38119133362393154 
-0.6994866103193044 1.1630788180870844 -0.38398743594153495 
-0.6994866103193043 1.1630788180870844 -0.3839874359415346 
-0.6994866103193043 1.1630788180870844 -0.3839874359415346 
-0.6999232090290697 1.1650952124049425 -0.38517859543543975 
-0.6999232090290697 1.1650952124049425 -0.38517859543543975 
-0.6999232090290697 1.1650952124049425 -0.38517859543543975 
-0.6999232090290697 1.1650952124049425 -0.38517859543543975 
-0.7005971463565548 1.1682068815485906 -0.38700720927055243 
-0.7012373791077169 1.1711642516546283 -0.3887599440351638 
-0.7012373791077169 1.1711642516546283 -0.3887599440351638 
-0.7012373791077169 1.1711642516546283 -0.3887599440351638 
-0.7012373791077169 1.1711642516546283 -0.3887599440351638 
-0.7014004213502312 1.171917937340649 -0.3892128938183589 
-0.7015858108449838 1.1727741430862197 -0.3897186865561887 
-0.7015858108449838 1.1727741430862197 -0.3897186865561887 
-0.7015858108449838 1.1727741430862197 -0.3897186865561887 
-0.7015858108449838 1.1727741430862197 -0.3897186865561887 
-0.7015858108449838 1.1727741430862197 -0.3897186865561887 
-0.7015858108449838 1.1727741430862197 -0.3897186865561887 
-0.7015858108449838 1.1727741430862197 -0.3897186865561887 
-0.7029480431276425 1.1790654979915764 -0.39343522506191286 
-0.7029480431276424 1.1790654979915764 -0.39343522506191253 
-0.7029480431276424 1.1790654979915764 -0.39343522506191253 
-0.7034770081095667 1.1815084781471314 -0.3948783847554007 
-0.7034770081095666 1.1815084781471314 -0.3948783847554004 
-0.7034770081095666 1.1815084781471314 -0.3948783847554004 
-0.703656071311238 1.1823361552817941 -0.3953750440530178 
-0.7043458500873223 1.1855218403824737 -0.39725694731899075 
-0.7043458500873223 1.1855218403824737 -0.39725694731899075 
-0.7043458500873223 1.1855218403824737 -0.39725694731899075 
-0.7048666644764572 1.1879264888725374 -0.3986697435882661 
-0.7048666644764572 1.1879264888725374 -0.3986697435882661 
-0.7048666644764572 1.1879264888725374 -0.3986697435882661 
-0.7052163826899621 1.1895416329460091 -0.3996238695645701 
-0.7055494277891334 1.1910797736471583 -0.4005325067705515 
-0.7055494277891334 1.1910797736471583 -0.4005325067705515 
-0.7060228965692162 1.1932667936951773 -0.4018283209993513 
-0.7060228965692162 1.1932667936951773 -0.4018283209993513 
-0.7060228965692162 1.1932667936951773 -0.4018283209993513 
-0.7060228965692162 1.1932667936951773 -0.4018283209993513 
-0.706891035664329 1.1972758764661309 -0.4041927763084422 
-0.706891035664329 1.1972758764661309 -0.4041927763084422 
-0.706891035664329 1.1972758764661309 -0.4041927763084422 
-0.706891035664329 1.1972758764661309 -0.4041927763084422 
-0.7073713226287556 1.1994947301435501 -0.40551125559033896 
-0.7073713226287556 1.1994947301435501 -0.40551125559033896 
-0.7073713226287556 1.1994947301435501 -0.40551125559033896 
-0.7073713226287556 1.1994947301435501 -0.40551125559033896 
-0.7081042984416981 1.2028792282755538 -0.4075028856686863 
-0.7081042984416981 1.2028792282755538 -0.4075028856686863 
-0.7084816428137581 1.2046216170122306 -0.40852832008548645 
-0.7084816428137581 1.2046216170122306 -0.40852832008548645 
-0.7084816428137581 1.2046216170122306 -0.40852832008548645 
-0.7087427528909686 1.2058282207216513 -0.4092488254746246 
-0.7087427528909686 1.2058282207216513 -0.4092488254746246 
-0.7087427528909686 1.2058282207216513 -0.4092488254746246 
-0.7087427528909686 1.2058282207216513 -0.4092488254746246 
-0.7087427528909686 1.2058282207216513 -0.4092488254746246 
-0.7093974029490862 1.2088509779610719 -0.4110267616862916 
-0.7093974029490862 1.2088509779610719 -0.4110267616862916 
-0.7093974029490862 1.2088509779610719 -0.4110267616862916 
-0.7099809955175763 1.2115462510178334 -0.4126189602269218 
-0.7099809955175763 1.2115462510178334 -0.4126189602269218 
-0.7099809955175763 1.2115462510178334 -0.4126189602269218 
-0.7099809955175763 1.2115462510178334 -0.4126189602269218 
-0.7105031471104154 1.2139574196904857 -0.41403946795007707 
-0.7105031471104154 1.2139574196904857 -0.41403946795007707 
-0.7105031471104154 1.2139574196904857 -0.41403946795007707 
-0.7105031471104154 1.2139574196904857 -0.41403946795007707 
-0.7114522808990436 1.2183416028824465 -0.4166370883135745 
-0.7114522808990436 1.2183416028824465 -0.4166370883135745 
-0.7114522808990436 1.2183416028824465 -0.4166370883135745 
-0.7120508100247759 1.2211062035891267 -0.4182741010267014 
-0.7124134432167504 1.2227803055612747 -0.41925533616091204 
-0.7124134432167504 1.2227803055612747 -0.41925533616091204 
-0.7130434854199929 1.2256889043557073 -0.4209601290119146 
-0.7130434854199929 1.2256889043557073 -0.4209601290119146 
-0.7130434854199929 1.2256889043557073 -0.4209601290119146 
-0.7130434854199929 1.2256889043557073 -0.4209601290119146 
-0.7134288241771184 1.2274701013084983 -0.4220296335459176 
-0.7134288241771184 1.2274701013084983 -0.4220296335459176 
-0.7134288241771184 1.2274701013084983 -0.4220296335459176 
-0.7134288241771184 1.2274701013084983 -0.4220296335459176 
-0.7139994606301898 1.23010519321887 -0.42358242109556954 
-0.7139994606301898 1.23010519321887 -0.42358242109556954 
-0.7139994606301898 1.23010519321887 -0.42358242109556954 
-0.7146133441741264 1.232940707011019 -0.42526132481892753 
-0.7146133441741264 1.232940707011019 -0.42526132481892753 
-0.7146133441741264 1.232940707011019 -0.42526132481892753 
-0.7152322634131072 1.2357991333159533 -0.4269499040817222 
-0.7152322634131071 1.2357991333159533 -0.42694990408172184 
-0.7155547548214445 1.2372881882660343 -0.42782568476147376 
-0.7155547548214445 1.2372881882660343 -0.42782568476147376 
-0.7155547548214445 1.2372881882660343 -0.42782568476147376 
-0.7155547548214445 1.2372881882660343 -0.42782568476147376 
-0.716336486803984 1.2408988959153575 -0.4299625244720603 
-0.716336486803984 1.2408988959153575 -0.4299625244720603 
-0.716336486803984 1.2408988959153575 -0.4299625244720603 
-0.716798331877094 1.2430322328530778 -0.4312266260809977 
-0.7173240025163242 1.2454599983647487 -0.4326607979156384 
-0.7174305839555067 1.2459512024922397 -0.43293939133943093 
-0.7174305839555067 1.2459512024922397 -0.43293939133943093 
-0.7174305839555067 1.2459512024922397 -0.43293939133943093 
-0.7178068946531181 1.2476901949709012 -0.4339782584129067 
-0.7178068946531181 1.2476901949709012 -0.4339782584129067 
-0.7178068946531181 1.2476901949709012 -0.4339782584129067 
-0.7178068946531181 1.2476901949709012 -0.4339782584129067 
-0.7184156876527447 1.2505011652533136 -0.4356310841527328 
-0.7184156876527447 1.2505011652533136 -0.4356310841527328 
-0.7190844563802951 1.2535908504770317 -0.43746785591795134 
-0.7196070258340964 1.2560036045852345 -0.4388854404788399 
-0.7196070258340964 1.2560036045852345 -0.4388854404788399 
-0.7196070258340964 1.2560036045852345 -0.4388854404788399 
-0.7196070258340964 1.2560036045852345 -0.4388854404788399 
-0.7196070258340964 1.2560036045852345 -0.4388854404788399 
-0.7196070258340964 1.2560036045852345 -0.4388854404788399 
-0.7202503276164045 1.2589753284501988 -0.44064866832188343 
-0.7202503276164045 1.2589753284501988 -0.44064866832188343 
-0.7209690190272819 1.2622935108559643 -0.44259726348363315 
-0.7209690190272819 1.2622935108559643 -0.44259726348363315 
-0.7209690190272819 1.2622935108559643 -0.44259726348363315 
-0.7213229091158145 1.2639279223823896 -0.4435627714645901 
-0.7213229091158145 1.2639279223823896 -0.4435627714645901 
-0.7213229091158145 1.2639279223823896 -0.4435627714645901 
-0.7213229091158145 1.2639279223823896 -0.4435627714645901 
-0.7213229091158145 1.2639279223823896 -0.4435627714645901 
-0.7213229091158145 1.2639279223823896 -0.4435627714645901 
-0.7213229091158143 1.2639279223823896 -0.4435627714645901 
-0.722141694735419 1.267709414709294 -0.44579664032963817 
-0.722141694735419 1.267709414709294 -0.44579664032963817 
-0.722141694735419 1.267709414709294 -0.44579664032963817 
-0.722141694735419 1.267709414709294 -0.44579664032963817 
-0.722141694735419 1.267709414709294 -0.44579664032963817 
-0.722141694735419 1.267709414709294 -0.44579664032963817 
-0.7229238582912372 1.2713221155434056 -0.44793465748898187 
-0.7229238582912372 1.2713221155434056 -0.44793465748898187 
-0.7229238582912372 1.2713221155434056 -0.44793465748898187 
-0.7229238582912372 1.2713221155434056 -0.44793465748898187 
-0.7229238582912372 1.2713221155434056 -0.44793465748898187 
-0.7240961065478948 1.27673638966819 -0.4511369313317256 
-0.7240961065478948 1.27673638966819 -0.4511369313317256 
-0.7242639179713476 1.2775107237338934 -0.4515866399313778 
-0.7242639179713476 1.2775107237338934 -0.4515866399313778 
-0.724488562126887 1.2785478793994662 -0.45219546681233014 
-0.724488562126887 1.2785478793994662 -0.45219546681233014 
-0.7250800847062686 1.2812804653828271 -0.4538174269700298 
-0.7250800847062686 1.2812804653828271 -0.4538174269700298 
-0.7250800847062686 1.2812804653828271 -0.4538174269700298 
-0.7250800847062686 1.2812804653828271 -0.4538174269700298 
-0.7250800847062686 1.2812804653828271 -0.4538174269700298 
-0.7256388720752104 1.2838608332975103 -0.4553378870099133 
-0.7256388720752104 1.2838608332975103 -0.4553378870099133 
-0.7256388720752104 1.2838608332975103 -0.4553378870099133 
-0.7256388720752104 1.2838608332975103 -0.4553378870099133 
-0.7263580368697752 1.2871818908260322 -0.4572959000907596 
-0.7263580368697752 1.2871818908260322 -0.4572959000907596 
-0.7263580368697752 1.2871818908260322 -0.4572959000907596 
-0.7263580368697752 1.2871818908260322 -0.4572959000907596 
-0.727012682198243 1.2902048059193871 -0.459075943329155 
-0.727012682198243 1.2902048059193871 -0.459075943329155 
-0.727470865729554 1.292322430317949 -0.46034418813061995 
-0.727470865729554 1.292322430317949 -0.46034418813061995 
-0.727470865729554 1.292322430317949 -0.46034418813061995 
-0.7282091293658709 1.2957320386563482 -0.4623583712230902 
-0.7286472488460887 1.297755112104216 -0.4635496165904417 
-0.7286472488460887 1.297755112104216 -0.4635496165904417 
-0.7286472488460887 1.297755112104216 -0.4635496165904417 
-0.7289350664125717 1.2990836844200593 -0.46432673444119754 
-0.7289350664125717 1.2990836844200593 -0.46432673444119754 
-0.7289350664125717 1.2990836844200593 -0.46432673444119754 
-0.7294034447139535 1.301246340958774 -0.46559859079595733 
-0.7294034447139535 1.301246340958774 -0.46559859079595733 
-0.7294034447139535 1.301246340958774 -0.46559859079595733 
-0.7294034447139535 1.301246340958774 -0.46559859079595733 
-0.7300252629984313 1.304119009823588 -0.46730514910965804 
-0.7300252629984312 1.304119009823588 -0.4673051491096577 
-0.7300252629984312 1.304119009823588 -0.4673051491096577 
-0.7300252629984312 1.304119009823588 -0.4673051491096577 
-0.7308021291403579 1.3077065561583092 -0.4694205870893503 
-0.7308021291403579 1.3077065561583092 -0.4694205870893503 
-0.7308021291403579 1.3077065561583092 -0.4694205870893503 
-0.7317371949870198 1.312025078906681 -0.4719716998978972 
-0.7317371949870198 1.312025078906681 -0.4719716998978972 
-0.7317371949870198 1.312025078906681 -0.4719716998978972 
-0.7319822936955904 1.3131577354604544 -0.47264852193814033 
-0.7319822936955904 1.3131577354604544 -0.47264852193814033 
-0.7321102024248793 1.3137484711387182 -0.4729974915842655 
-0.7321102024248793 1.3137484711387182 -0.4729974915842655 
-0.7321102024248793 1.3137484711387182 -0.4729974915842655 
-0.7321102024248793 1.3137484711387182 -0.4729974915842655 
-0.7321102024248793 1.3137484711387182 -0.4729974915842655 
-0.7324976360211435 1.3155374561064468 -0.4740504521364587 
-0.7324976360211435 1.3155374561064468 -0.4740504521364587 
-0.7324976360211435 1.3155374561064468 -0.4740504521364587 
-0.7329542021879368 1.3176460684405118 -0.47529608825953307 
-0.7329542021879368 1.3176460684405118 -0.47529608825953307 
-0.7329542021879368 1.3176460684405118 -0.47529608825953307 
-0.7329542021879368 1.3176460684405118 -0.47529608825953307 
-0.7329542021879368 1.3176460684405118 -0.47529608825953307 
-0.7333102974219896 1.3192910086655998 -0.4762716756746489 
-0.7333102974219896 1.3192910086655998 -0.4762716756746489 
-0.733780697236535 1.321463854955124 -0.47755911693450803 
-0.733780697236535 1.321463854955124 -0.47755911693450803 
-0.733780697236535 1.321463854955124 -0.47755911693450803 
