-0.6610847050358911 1.055721659409849 -0.27920250774111866 
-0.6610847050358911 1.055721659409849 -0.27920250774111866 
-0.6610847050358911 1.055721659409849 -0.27920250774111866 
-0.6610847050358911 1.055721659409849 -0.27920250774111866 
-0.6610847050358911 1.055721659409849 -0.27920250774111866 
-0.660444971793102 1.0527671053838004 -0.27745714224032625 
-0.660444971793102 1.0527671053838004 -0.27745714224032625 
-0.660444971793102 1.0527671053838004 -0.27745714224032625 
-0.660444971793102 1.0527671053838004 -0.27745714224032625 
-0.66035331343294 1.0523446425407146 -0.27721714308618794 
-0.66035331343294 1.0523446425407146 -0.27721714308618794 
-0.66035331343294 1.0523446425407146 -0.27721714308618794 
-0.6605009675388401 1.0530265705755124 -0.2776199834659767 
-0.6605009675388401 1.0530265705755124 -0.2776199834659767 
-0.6605009675388401 1.0530265705755124 -0.2776199834659767 
-0.6605009675388401 1.0530265705755124 -0.2776199834659767 
-0.6605009675388401 1.0530265705755124 -0.2776199834659767 
-0.6605009675388401 1.0530265705755124 -0.2776199834659767 
-0.6605009675388401 1.0530265705755124 -0.2776199834659767 
-0.6612936459721201 1.0566874890642848 -0.27978262485793715 
-0.6612936459721201 1.0566874890642848 -0.27978262485793715 
-0.6612936459721201 1.0566874890642848 -0.27978262485793715 
-0.6614287949425663 1.0573116631856847 -0.2801513478423112 
-0.6614287949425663 1.0573116631856847 -0.2801513478423112 
-0.6614287949425663 1.0573116631856847 -0.2801513478423112 
-0.6614287949425663 1.0573116631856847 -0.2801513478423112 
-0.6614287949425663 1.0573116631856847 -0.2801513478423112 
-0.6614287949425663 1.0573116631856847 -0.2801513478423112 
-0.662085276419228 1.0603446007774917 -0.28195459666020317 
-0.662085276419228 1.0603446007774917 -0.28195459666020317 
-0.662085276419228 1.0603446007774917 -0.28195459666020317 
-0.662085276419228 1.0603446007774917 -0.28195459666020317 
-0.662085276419228 1.0603446007774917 -0.28195459666020317 
-0.6627201933145321 1.0632765664888353 -0.2836827586608678 
-0.6627201933145321 1.0632765664888353 -0.2836827586608678 
-0.6627201933145321 1.0632765664888353 -0.2836827586608678 
-0.6632881941735669 1.065899486130437 -0.2852283555963726 
-0.6632881941735669 1.065899486130437 -0.2852283555963726 
-0.6632881941735669 1.065899486130437 -0.2852283555963726 
-0.6637138231297584 1.0678652175666137 -0.28638958663235226 
-0.6637138231297584 1.0678652175666137 -0.28638958663235226 
-0.6637138231297584 1.0678652175666137 -0.28638958663235226 
-0.6637138231297584 1.0678652175666137 -0.28638958663235226 
-0.6637138231297584 1.0678652175666137 -0.28638958663235226 
-0.6637138231297584 1.0678652175666137 -0.28638958663235226 
-0.6643059901460735 1.070600435407539 -0.28800924178838283 
-0.6643059901460735 1.070600435407539 -0.28800924178838283 
-0.6646862038069772 1.0723564201328029 -0.2890465676021514 
-0.6646862038069772 1.0723564201328029 -0.2890465676021514 
-0.6646862038069772 1.0723564201328029 -0.2890465676021514 
-0.6646862038069772 1.0723564201328029 -0.2890465676021514 
-0.6646862038069772 1.0723564201328029 -0.2890465676021514 
-0.6646862038069772 1.0723564201328029 -0.2890465676021514 
-0.6646862038069772 1.0723564201328029 -0.2890465676021514 
-0.6646862038069772 1.0723564201328029 -0.2890465676021514 
-0.6652533432436243 1.074975705787822 -0.29059387754425625 
-0.6652533432436243 1.074975705787822 -0.29059387754425625 
-0.6652533432436243 1.074975705787822 -0.29059387754425625 
-0.6656418624406182 1.0767693600908983 -0.2916457367090649 
-0.6656418624406182 1.0767693600908983 -0.2916457367090649 
-0.6656418624406182 1.0767693600908983 -0.2916457367090649 
-0.6656418624406182 1.0767693600908983 -0.2916457367090649 
-0.6656418624406182 1.0767693600908983 -0.2916457367090649 
-0.6663270526795275 1.079934197839698 -0.29351918440334235 
-0.6663270526795275 1.079934197839698 -0.29351918440334235 
-0.6663270526795275 1.079934197839698 -0.29351918440334235 
-0.6667353497727279 1.081819883528438 -0.29463312942429887 
-0.6667353497727279 1.081819883528438 -0.29463312942429887 
-0.6667353497727279 1.081819883528438 -0.29463312942429887 
-0.6668994084465392 1.0825767211137944 -0.2950706562372135 
-0.6668994084465392 1.0825767211137944 -0.2950706562372135 
-0.6668994084465392 1.0825767211137944 -0.2950706562372135 
-0.6668994084465392 1.0825767211137944 -0.2950706562372135 
-0.6668994084465392 1.0825767211137944 -0.2950706562372135 
-0.6676670766089114 1.0861221317757712 -0.2971650628383451 
-0.6676670766089114 1.0861221317757712 -0.2971650628383451 
-0.6676670766089114 1.0861221317757712 -0.2971650628383451 
-0.6676670766089116 1.0861221317757712 -0.29716506283834543 
-0.6676670766089114 1.0861221317757712 -0.2971650628383451 
-0.6676670766089114 1.0861221317757712 -0.2971650628383451 
-0.6681789767757489 1.0884871530848725 -0.2985717347656428 
-0.6681789767757489 1.0884871530848725 -0.2985717347656428 
-0.6681789767757489 1.0884871530848725 -0.2985717347656428 
-0.6681789767757489 1.0884871530848725 -0.2985717347656428 
-0.6681789767757489 1.0884871530848725 -0.2985717347656428 
-0.6687947739897054 1.091330307017787 -0.3002417266290063 
-0.6687947739897054 1.091330307017787 -0.3002417266290063 
-0.6691627343522247 1.0930302100606177 -0.3012516285968049 
-0.6691627343522247 1.0930302100606177 -0.3012516285968049 
-0.6691627343522247 1.0930302100606177 -0.3012516285968049 
-0.6691627343522247 1.0930302100606177 -0.3012516285968049 
-0.6697461087364462 1.0957244754517366 -0.3028432318716744 
-0.6697461087364462 1.0957244754517366 -0.3028432318716744 
-0.670070830990767 1.0972245222159625 -0.30373322530351876 
-0.670070830990767 1.0972245222159625 -0.30373322530351876 
-0.670070830990767 1.0972245222159625 -0.30373322530351876 
-0.670070830990767 1.0972245222159625 -0.30373322530351876 
-0.670070830990767 1.0972245222159625 -0.30373322530351876 
-0.6706404325705752 1.0998562123316942 -0.3052994422391546 
-0.6706404325705752 1.0998562123316942 -0.3052994422391546 
-0.6706404325705752 1.0998562123316942 -0.3052994422391546 
-0.6710039731171452 1.101535193684636 -0.3062912792826009 
-0.6710039731171452 1.101535193684636 -0.3062912792826009 
-0.671270052051988 1.1027630235436472 -0.30700502506016847 
-0.671270052051988 1.1027630235436472 -0.30700502506016847 
-0.671988867818293 1.1060841837275028 -0.30898231356754446 
-0.671988867818293 1.1060841837275028 -0.30898231356754446 
-0.6722053707004392 1.1070834026758842 -0.30956495398066963 
-0.6722053707004392 1.1070834026758842 -0.30956495398066963 
-0.6725416236641116 1.1086348162257944 -0.3104641470395051 
-0.6725416236641116 1.1086348162257944 -0.3104641470395051 
-0.6725416236641116 1.1086348162257944 -0.3104641470395051 
-0.6725416236641116 1.1086348162257944 -0.3104641470395051 
-0.6725416236641116 1.1086348162257944 -0.3104641470395051 
-0.6731332142141111 1.111368914108543 -0.31210042550941064 
-0.6731332142141111 1.111368914108543 -0.31210042550941064 
-0.6731332142141111 1.111368914108543 -0.31210042550941064 
-0.6731332142141111 1.111368914108543 -0.31210042550941064 
-0.6737829513662026 1.1143674391029579 -0.3138467619131494 
-0.6737829513662026 1.1143674391029579 -0.3138467619131494 
-0.6737829513662026 1.1143674391029579 -0.3138467619131494 
-0.6737829513662023 1.1143674391029579 -0.3138467619131491 
-0.6737829513662023 1.1143674391029579 -0.3138467619131491 
-0.674431349621285 1.1173635541603488 -0.31563396398368804 
-0.674431349621285 1.1173635541603488 -0.31563396398368804 
-0.6747711770884649 1.1189326742360521 -0.31655704212588176 
-0.6747711770884649 1.1189326742360521 -0.31655704212588176 
-0.6747711770884649 1.1189326742360521 -0.31655704212588176 
-0.6747711770884649 1.1189326742360521 -0.31655704212588176 
-0.6752830612109654 1.1212974567230987 -0.3179617270102649 
-0.6752830612109654 1.1212974567230987 -0.3179617270102649 
-0.6752830612109654 1.1212974567230987 -0.3179617270102649 
-0.6756882547211075 1.123168119935122 -0.3190590782160875 
-0.6756882547211075 1.123168119935122 -0.3190590782160875 
-0.6756882547211075 1.123168119935122 -0.3190590782160875 
-0.6756882547211075 1.123168119935122 -0.3190590782160875 
-0.6763862025975566 1.126392566597028 -0.3209754586000607 
-0.6763862025975566 1.126392566597028 -0.3209754586000607 
-0.6763862025975566 1.126392566597028 -0.3209754586000607 
-0.6763862025975566 1.126392566597028 -0.3209754586000607 
-0.6769726000151077 1.1290997603524306 -0.32256311992803455 
-0.6769726000151077 1.1290997603524306 -0.32256311992803455 
-0.6769726000151077 1.1290997603524306 -0.32256311992803455 
-0.6769726000151077 1.1290997603524306 -0.32256311992803455 
-0.6775618828314482 1.1318209689189065 -0.32416677980538233 
-0.6775618828314482 1.1318209689189065 -0.32416677980538233 
-0.6775618828314482 1.1318209689189065 -0.32416677980538233 
-0.6775618828314482 1.1318209689189065 -0.32416677980538233 
-0.6775618828314482 1.1318209689189065 -0.32416677980538233 
-0.6780625784166986 1.134134078090316 -0.32554093933073414 
-0.6780625784166986 1.134134078090316 -0.32554093933073414 
-0.6780625784166986 1.134134078090316 -0.32554093933073414 
-0.6788282548225604 1.1376699455727752 -0.32762584868070366 
-0.6788282548225604 1.1376699455727752 -0.32762584868070366 
-0.6788282548225604 1.1376699455727752 -0.32762584868070366 
-0.6793122587859022 1.139905621476127 -0.32895040574194523 
-0.6793122587859022 1.139905621476127 -0.32895040574194523 
-0.6796185182437019 1.1413197105316695 -0.3297819012656603 
-0.6796185182437018 1.1413197105316695 -0.32978190126566 
-0.6798589788864456 1.1424302577294791 -0.33043794300629825 
-0.6798589788864456 1.1424302577294791 -0.33043794300629825 
-0.6798589788864456 1.1424302577294791 -0.33043794300629825 
-0.6798589788864456 1.1424302577294791 -0.33043794300629825 
-0.6805165417679856 1.1454678452784488 -0.3322400789893877 
-0.6805165417679855 1.1454678452784488 -0.33224007898938734 
-0.6805165417679855 1.1454678452784488 -0.33224007898938734 
-0.6811331842943841 1.1483142143754599 -0.3339042506937454 
-0.6811331842943841 1.1483142143754599 -0.3339042506937454 
-0.6811331842943841 1.1483142143754599 -0.3339042506937454 
-0.6816027870607158 1.1504849219679152 -0.3352077134603365 
-0.6816027870607158 1.1504849219679152 -0.3352077134603365 
-0.6817785099874851 1.1512961390644827 -0.3356830699832707 
-0.6817785099874851 1.1512961390644827 -0.3356830699832707 
-0.6817785099874851 1.1512961390644827 -0.3356830699832707 
-0.6819200618760111 1.151950565875734 -0.3360772999316104 
-0.6819200618760111 1.151950565875734 -0.3360772999316104 
-0.6819200618760111 1.151950565875734 -0.3360772999316104 
-0.6827526284206105 1.1557950228897005 -0.33834072882158606 
-0.6833228398198318 1.1584284961447755 -0.3398964199093587 
-0.6833228398198318 1.1584284961447755 -0.3398964199093587 
-0.6833228398198318 1.1584284961447755 -0.3398964199093587 
-0.6838732721240317 1.160969932477562 -0.3413900218702923 
-0.6838732721240317 1.160969932477562 -0.3413900218702923 
-0.6845831906748137 1.1642477778663123 -0.3433168022248514 
-0.6845831906748137 1.1642477778663123 -0.3433168022248514 
-0.6849561634951525 1.1659703213801278 -0.344334373065026 
-0.6849561634951525 1.1659703213801278 -0.344334373065026 
-0.6849561634951525 1.1659703213801278 -0.344334373065026 
-0.6851506293792565 1.166869988067287 -0.34488312472060034 
-0.6851506293792565 1.166869988067287 -0.34488312472060034 
-0.6851506293792565 1.166869988067287 -0.34488312472060034 
-0.6851506293792565 1.166869988067287 -0.34488312472060034 
-0.6853511413956286 1.1677956914834462 -0.34542611259187606 
-0.6853511413956286 1.1677956914834462 -0.34542611259187606 
-0.6853511413956286 1.1677956914834462 -0.34542611259187606 
-0.6853511413956286 1.1677956914834462 -0.34542611259187606 
-0.6853511413956286 1.1677956914834462 -0.34542611259187606 
-0.6866499546584419 1.173793806574414 -0.3489655636399873 
-0.6866499546584419 1.173793806574414 -0.3489655636399873 
-0.6871848716070638 1.1762649642262888 -0.35043308831040776 
-0.6871848716070638 1.1762649642262888 -0.35043308831040776 
-0.6876015490631303 1.1781900352668475 -0.35157793530012194 
-0.6876015490631303 1.1781900352668475 -0.35157793530012194 
-0.6876015490631303 1.1781900352668475 -0.35157793530012194 
-0.6876015490631303 1.1781900352668475 -0.35157793530012194 
-0.6876015490631303 1.1781900352668475 -0.35157793530012194 
-0.6882144838444013 1.1810197970857934 -0.35323808607202933 
-0.6889417670118643 1.1843783486348336 -0.35521824827227677 
-0.6889417670118643 1.1843783486348336 -0.35521824827227677 
-0.689070550875857 1.184973126048918 -0.35556960552282624 
-0.689070550875857 1.184973126048918 -0.35556960552282624 
-0.689070550875857 1.184973126048918 -0.35556960552282624 
-0.689070550875857 1.184973126048918 -0.35556960552282624 
-0.6897622594319073 1.1881668701128498 -0.3574467040812106 
-0.6897622594319073 1.1881668701128498 -0.3574467040812106 
-0.6906403476534458 1.192223444487964 -0.3598564993710891 
-0.6908308002678758 1.193103378244796 -0.3603801688704019 
-0.6908308002678758 1.193103378244796 -0.3603801688704019 
-0.6912037593758982 1.1948255140093735 -0.3613936390995529 
-0.6912037593758982 1.1948255140093735 -0.3613936390995529 
-0.6915124517540042 1.1962511837222172 -0.3622358354887151 
-0.6915124517540042 1.1962511837222172 -0.3622358354887151 
-0.6920875218009503 1.1989077850721477 -0.363812908683235 
-0.6920875218009503 1.1989077850721477 -0.363812908683235 
-0.6923334634243337 1.2000436457167691 -0.3644839040230903 
-0.6923334634243337 1.2000436457167691 -0.3644839040230903 
-0.6929292034433554 1.2027924525736087 -0.36607894675785213 
-0.6929292034433554 1.2027924525736087 -0.36607894675785213 
-0.6933483572886979 1.2047301585919985 -0.3672446828779752 
-0.6933483572886979 1.2047301585919985 -0.3672446828779752 
-0.6933483572886979 1.2047301585919985 -0.3672446828779752 
-0.6933483572886979 1.2047301585919985 -0.3672446828779752 
-0.6933483572886979 1.2047301585919985 -0.3672446828779752 
-0.6933483572886979 1.2047301585919985 -0.3672446828779752 
-0.6943005535234351 1.2091281410129628 -0.36984659522353536 
-0.6943005535234351 1.2091281410129628 -0.36984659522353536 
-0.6945124090859668 1.2101050356575125 -0.3704063984901621 
-0.6948711714689317 1.2117628030275993 -0.371395269079399 
-0.6948711714689317 1.2117628030275993 -0.371395269079399 
-0.6953537923619699 1.2139908933545833 -0.3727019198804161 
-0.6953537923619699 1.2139908933545833 -0.3727019198804161 
-0.6956070415977216 1.2151617015734166 -0.3734069852353802 
-0.6956070415977216 1.2151617015734166 -0.3734069852353802 
-0.6956070415977216 1.2151617015734166 -0.3734069852353802 
-0.6956070415977216 1.2151617015734166 -0.3734069852353802 
-0.6962161035090831 1.2179749470621803 -0.3750727342395671 
-0.6962161035090831 1.2179749470621803 -0.3750727342395671 
-0.6962161035090831 1.2179749470621803 -0.3750727342395671 
-0.6962161035090831 1.2179749470621803 -0.3750727342395671 
-0.6962161035090831 1.2179749470621803 -0.3750727342395671 
-0.6968913868917216 1.221093341990725 -0.3769110269473278 
-0.6968913868917216 1.221093341990725 -0.3769110269473278 
-0.6971575511715516 1.2223232881086668 -0.3776453215696898 
-0.6971575511715515 1.2223232881086668 -0.37764532156968944 
-0.6971575511715515 1.2223232881086668 -0.37764532156968944 
-0.6975070165832672 1.2239365757982732 -0.3785906314340387 
-0.6980940870611994 1.22664722244634 -0.3801841922530821 
-0.6980940870611994 1.22664722244634 -0.3801841922530821 
-0.6980940870611994 1.22664722244634 -0.3801841922530821 
-0.6980940870611994 1.22664722244634 -0.3801841922530821 
-0.6984587692565791 1.2283325096682052 -0.38119133362393154 
-0.6984587692565791 1.2283325096682052 -0.38119133362393154 
-0.6984587692565791 1.2283325096682052 -0.38119133362393154 
-0.6984587692565791 1.2283325096682052 -0.38119133362393154 
-0.6994866103193043 1.2330788180870842 -0.3839874359415345 
-0.6994866103193041 1.2330788180870842 -0.38398743594153417 
-0.6994866103193041 1.2330788180870842 -0.38398743594153417 
-0.6999232090290698 1.2350952124049426 -0.38517859543543953 
-0.6999232090290698 1.2350952124049426 -0.38517859543543953 
-0.6999232090290698 1.2350952124049426 -0.38517859543543953 
-0.6999232090290698 1.2350952124049426 -0.38517859543543953 
-0.700597146356555 1.238206881548591 -0.38700720927055243 
-0.701237379107717 1.2411642516546284 -0.388759944035164 
-0.701237379107717 1.2411642516546284 -0.388759944035164 
-0.701237379107717 1.2411642516546284 -0.388759944035164 
-0.701237379107717 1.2411642516546284 -0.388759944035164 
-0.7014004213502313 1.241917937340649 -0.3892128938183591 
-0.701585810844984 1.2427741430862198 -0.38971868655618824 
-0.701585810844984 1.2427741430862198 -0.38971868655618824 
-0.701585810844984 1.2427741430862198 -0.38971868655618824 
-0.701585810844984 1.2427741430862198 -0.38971868655618824 
-0.701585810844984 1.2427741430862198 -0.38971868655618824 
-0.701585810844984 1.2427741430862198 -0.38971868655618824 
-0.701585810844984 1.2427741430862198 -0.38971868655618824 
-0.7029480431276427 1.249065497991577 -0.3934352250619124 
-0.7029480431276426 1.249065497991577 -0.3934352250619121 
-0.7029480431276426 1.249065497991577 -0.3934352250619121 
-0.7034770081095669 1.2515084781471317 -0.3948783847554005 
-0.7034770081095668 1.2515084781471317 -0.39487838475540016 
-0.7034770081095668 1.2515084781471317 -0.39487838475540016 
-0.7036560713112381 1.2523361552817944 -0.39537504405301716 
-0.7043458500873224 1.2555218403824737 -0.3972569473189905 
-0.7043458500873224 1.2555218403824737 -0.3972569473189905 
-0.7043458500873224 1.2555218403824737 -0.3972569473189905 
-0.7048666644764573 1.2579264888725377 -0.3986697435882659 
-0.7048666644764573 1.2579264888725377 -0.3986697435882659 
-0.7048666644764573 1.2579264888725377 -0.3986697435882659 
-0.7052163826899622 1.2595416329460094 -0.3996238695645703 
-0.7055494277891335 1.261079773647158 -0.4005325067705515 
-0.7055494277891335 1.261079773647158 -0.4005325067705515 
-0.7060228965692164 1.2632667936951774 -0.4018283209993513 
-0.7060228965692164 1.2632667936951774 -0.4018283209993513 
-0.7060228965692164 1.2632667936951774 -0.4018283209993513 
-0.7060228965692164 1.2632667936951774 -0.4018283209993513 
-0.706891035664329 1.2672758764661312 -0.4041927763084422 
-0.706891035664329 1.2672758764661312 -0.4041927763084422 
-0.706891035664329 1.2672758764661312 -0.4041927763084422 
-0.706891035664329 1.2672758764661312 -0.4041927763084422 
-0.7073713226287556 1.26949473014355 -0.40551125559033896 
-0.7073713226287556 1.26949473014355 -0.40551125559033896 
-0.7073713226287556 1.26949473014355 -0.40551125559033896 
-0.7073713226287556 1.26949473014355 -0.40551125559033896 
-0.7081042984416983 1.2728792282755539 -0.4075028856686863 
-0.7081042984416983 1.2728792282755539 -0.4075028856686863 
-0.7084816428137581 1.2746216170122309 -0.4085283200854867 
-0.7084816428137581 1.2746216170122309 -0.4085283200854867 
-0.7084816428137581 1.2746216170122309 -0.4085283200854867 
-0.7087427528909686 1.2758282207216514 -0.40924882547462416 
-0.7087427528909686 1.2758282207216514 -0.40924882547462416 
-0.7087427528909686 1.2758282207216514 -0.40924882547462416 
-0.7087427528909686 1.2758282207216514 -0.40924882547462416 
-0.7087427528909686 1.2758282207216514 -0.40924882547462416 
-0.7093974029490863 1.278850977961072 -0.4110267616862918 
-0.7093974029490863 1.278850977961072 -0.4110267616862918 
-0.7093974029490863 1.278850977961072 -0.4110267616862918 
-0.7099809955175764 1.2815462510178335 -0.41261896022692157 
-0.7099809955175764 1.2815462510178335 -0.41261896022692157 
-0.7099809955175764 1.2815462510178335 -0.41261896022692157 
-0.7099809955175764 1.2815462510178335 -0.41261896022692157 
-0.7105031471104155 1.283957419690486 -0.4140394679500766 
-0.7105031471104155 1.283957419690486 -0.4140394679500766 
-0.7105031471104155 1.283957419690486 -0.4140394679500766 
-0.7105031471104155 1.283957419690486 -0.4140394679500766 
-0.7114522808990438 1.2883416028824464 -0.41663708831357493 
-0.7114522808990438 1.2883416028824464 -0.41663708831357493 
-0.7114522808990438 1.2883416028824464 -0.41663708831357493 
-0.7120508100247759 1.2911062035891268 -0.4182741010267018 
-0.7124134432167504 1.2927803055612743 -0.4192553361609114 
-0.7124134432167504 1.2927803055612743 -0.4192553361609114 
-0.713043485419993 1.2956889043557076 -0.42096012901191504 
-0.713043485419993 1.2956889043557076 -0.42096012901191504 
-0.713043485419993 1.2956889043557076 -0.42096012901191504 
-0.713043485419993 1.2956889043557076 -0.42096012901191504 
-0.7134288241771185 1.2974701013084986 -0.4220296335459176 
-0.7134288241771185 1.2974701013084986 -0.4220296335459176 
-0.7134288241771185 1.2974701013084986 -0.4220296335459176 
-0.7134288241771185 1.2974701013084986 -0.4220296335459176 
-0.7139994606301898 1.30010519321887 -0.42358242109556954 
-0.7139994606301898 1.30010519321887 -0.42358242109556954 
-0.7139994606301898 1.30010519321887 -0.42358242109556954 
-0.7146133441741264 1.3029407070110188 -0.42526132481892776 
-0.7146133441741264 1.3029407070110188 -0.42526132481892776 
-0.7146133441741264 1.3029407070110188 -0.42526132481892776 
-0.7152322634131074 1.3057991333159535 -0.42694990408172173 
-0.7152322634131073 1.3057991333159535 -0.4269499040817214 
-0.7155547548214447 1.307288188266035 -0.4278256847614742 
-0.7155547548214447 1.307288188266035 -0.4278256847614742 
-0.7155547548214447 1.307288188266035 -0.4278256847614742 
-0.7155547548214447 1.307288188266035 -0.4278256847614742 
-0.7163364868039841 1.3108988959153574 -0.4299625244720605 
-0.7163364868039841 1.3108988959153574 -0.4299625244720605 
-0.7163364868039841 1.3108988959153574 -0.4299625244720605 
-0.716798331877094 1.313032232853078 -0.43122662608099793 
-0.7173240025163242 1.3154599983647488 -0.4326607979156386 
-0.7174305839555067 1.3159512024922395 -0.43293939133943116 
-0.7174305839555067 1.3159512024922395 -0.43293939133943116 
-0.7174305839555067 1.3159512024922395 -0.43293939133943116 
-0.717806894653118 1.3176901949709015 -0.4339782584129067 
-0.717806894653118 1.3176901949709015 -0.4339782584129067 
-0.717806894653118 1.3176901949709015 -0.4339782584129067 
-0.717806894653118 1.3176901949709015 -0.4339782584129067 
-0.7184156876527448 1.3205011652533138 -0.435631084152733 
-0.7184156876527448 1.3205011652533138 -0.435631084152733 
-0.7190844563802952 1.3235908504770317 -0.4374678559179511 
-0.7196070258340964 1.3260036045852344 -0.4388854404788397 
-0.7196070258340964 1.3260036045852344 -0.4388854404788397 
-0.7196070258340964 1.3260036045852344 -0.4388854404788397 
-0.7196070258340964 1.3260036045852344 -0.4388854404788397 
-0.7196070258340964 1.3260036045852344 -0.4388854404788397 
-0.7196070258340964 1.3260036045852344 -0.4388854404788397 
-0.7202503276164047 1.328975328450199 -0.44064866832188365 
-0.7202503276164047 1.328975328450199 -0.44064866832188365 
-0.720969019027282 1.3322935108559644 -0.44259726348363315 
-0.720969019027282 1.3322935108559644 -0.44259726348363315 
-0.720969019027282 1.3322935108559644 -0.44259726348363315 
-0.7213229091158144 1.3339279223823897 -0.4435627714645901 
-0.7213229091158144 1.3339279223823897 -0.4435627714645901 
-0.7213229091158144 1.3339279223823897 -0.4435627714645901 
-0.7213229091158144 1.3339279223823897 -0.4435627714645901 
-0.7213229091158144 1.3339279223823897 -0.4435627714645901 
-0.7213229091158144 1.3339279223823897 -0.4435627714645901 
-0.7213229091158142 1.3339279223823897 -0.4435627714645901 
-0.7221416947354192 1.3377094147092945 -0.44579664032963773 
-0.7221416947354192 1.3377094147092945 -0.44579664032963773 
-0.7221416947354192 1.3377094147092945 -0.44579664032963773 
-0.7221416947354192 1.3377094147092945 -0.44579664032963773 
-0.7221416947354192 1.3377094147092945 -0.44579664032963773 
-0.7221416947354192 1.3377094147092945 -0.44579664032963773 
-0.7229238582912373 1.3413221155434056 -0.44793465748898165 
-0.7229238582912373 1.3413221155434056 -0.44793465748898165 
-0.7229238582912373 1.3413221155434056 -0.44793465748898165 
-0.7229238582912373 1.3413221155434056 -0.44793465748898165 
-0.7229238582912373 1.3413221155434056 -0.44793465748898165 
-0.7240961065478946 1.3467363896681896 -0.45113693133172517 
-0.7240961065478946 1.3467363896681896 -0.45113693133172517 
-0.7242639179713477 1.3475107237338935 -0.4515866399313778 
-0.7242639179713477 1.3475107237338935 -0.4515866399313778 
-0.7244885621268868 1.3485478793994665 -0.45219546681233014 
-0.7244885621268868 1.3485478793994665 -0.45219546681233014 
-0.7250800847062685 1.3512804653828272 -0.4538174269700298 
-0.7250800847062685 1.3512804653828272 -0.4538174269700298 
-0.7250800847062685 1.3512804653828272 -0.4538174269700298 
-0.7250800847062685 1.3512804653828272 -0.4538174269700298 
-0.7250800847062685 1.3512804653828272 -0.4538174269700298 
-0.7256388720752105 1.3538608332975106 -0.4553378870099133 
-0.7256388720752105 1.3538608332975106 -0.4553378870099133 
-0.7256388720752105 1.3538608332975106 -0.4553378870099133 
-0.7256388720752105 1.3538608332975106 -0.4553378870099133 
-0.7263580368697753 1.3571818908260327 -0.4572959000907598 
-0.7263580368697753 1.3571818908260327 -0.4572959000907598 
-0.7263580368697753 1.3571818908260327 -0.4572959000907598 
-0.7263580368697753 1.3571818908260327 -0.4572959000907598 
-0.727012682198243 1.3602048059193872 -0.4590759433291548 
-0.727012682198243 1.3602048059193872 -0.4590759433291548 
-0.727470865729554 1.3623224303179495 -0.46034418813062017 
-0.727470865729554 1.3623224303179495 -0.46034418813062017 
-0.727470865729554 1.3623224303179495 -0.46034418813062017 
-0.728209129365871 1.3657320386563483 -0.4623583712230902 
-0.7286472488460889 1.3677551121042164 -0.4635496165904419 
-0.7286472488460889 1.3677551121042164 -0.4635496165904419 
-0.7286472488460889 1.3677551121042164 -0.4635496165904419 
-0.7289350664125718 1.3690836844200598 -0.46432673444119776 
-0.7289350664125718 1.3690836844200598 -0.46432673444119776 
-0.7289350664125718 1.3690836844200598 -0.46432673444119776 
-0.7294034447139536 1.3712463409587745 -0.4655985907959571 
-0.7294034447139536 1.3712463409587745 -0.4655985907959571 
-0.7294034447139536 1.3712463409587745 -0.4655985907959571 
-0.7294034447139536 1.3712463409587745 -0.4655985907959571 
-0.7300252629984315 1.3741190098235883 -0.4673051491096578 
-0.7300252629984314 1.3741190098235883 -0.4673051491096575 
-0.7300252629984314 1.3741190098235883 -0.4673051491096575 
-0.7300252629984314 1.3741190098235883 -0.4673051491096575 
-0.7308021291403581 1.3777065561583093 -0.46942058708935075 
-0.7308021291403581 1.3777065561583093 -0.46942058708935075 
-0.7308021291403581 1.3777065561583093 -0.46942058708935075 
-0.7317371949870198 1.3820250789066812 -0.4719716998978972 
-0.7317371949870198 1.3820250789066812 -0.4719716998978972 
-0.7317371949870198 1.3820250789066812 -0.4719716998978972 
-0.7319822936955906 1.383157735460455 -0.47264852193814033 
-0.7319822936955906 1.383157735460455 -0.47264852193814033 
-0.7321102024248793 1.3837484711387185 -0.47299749158426574 
-0.7321102024248793 1.3837484711387185 -0.47299749158426574 
-0.7321102024248793 1.3837484711387185 -0.47299749158426574 
-0.7321102024248793 1.3837484711387185 -0.47299749158426574 
-0.7321102024248793 1.3837484711387185 -0.47299749158426574 
-0.7324976360211437 1.3855374561064473 -0.47405045213645847 
-0.7324976360211437 1.3855374561064473 -0.47405045213645847 
-0.7324976360211437 1.3855374561064473 -0.47405045213645847 
-0.7329542021879369 1.3876460684405116 -0.47529608825953307 
-0.7329542021879369 1.3876460684405116 -0.47529608825953307 
-0.7329542021879369 1.3876460684405116 -0.47529608825953307 
-0.7329542021879369 1.3876460684405116 -0.47529608825953307 
-0.7329542021879369 1.3876460684405116 -0.47529608825953307 
-0.7333102974219896 1.3892910086655996 -0.4762716756746491 
-0.7333102974219896 1.3892910086655996 -0.4762716756746491 
-0.733780697236535 1.3914638549551244 -0.47755911693450825 
-0.733780697236535 1.3914638549551244 -0.47755911693450825 
-0.733780697236535 1.3914638549551244 -0.47755911693450825 
