-0.6060847050358912 0.985721659409849 -0.27920250774111843 
-0.6060847050358912 0.985721659409849 -0.27920250774111843 
-0.6060847050358912 0.985721659409849 -0.27920250774111843 
-0.6060847050358912 0.985721659409849 -0.27920250774111843 
-0.6060847050358912 0.985721659409849 -0.27920250774111843 
-0.6054449717931019 0.9827671053838001 -0.27745714224032625 
-0.6054449717931019 0.9827671053838001 -0.27745714224032625 
-0.6054449717931019 0.9827671053838001 -0.27745714224032625 
-0.6054449717931019 0.9827671053838001 -0.27745714224032625 
-0.6053533134329397 0.9823446425407143 -0.27721714308618806 
-0.6053533134329397 0.9823446425407143 -0.27721714308618806 
-0.6053533134329397 0.9823446425407143 -0.27721714308618806 
-0.60550096753884 0.983026570575512 -0.2776199834659766 
-0.60550096753884 0.983026570575512 -0.2776199834659766 
-0.60550096753884 0.983026570575512 -0.2776199834659766 
-0.60550096753884 0.983026570575512 -0.2776199834659766 
-0.60550096753884 0.983026570575512 -0.2776199834659766 
-0.60550096753884 0.983026570575512 -0.2776199834659766 
-0.60550096753884 0.983026570575512 -0.2776199834659766 
-0.6062936459721201 0.9866874890642844 -0.27978262485793737 
-0.6062936459721201 0.9866874890642844 -0.27978262485793737 
-0.6062936459721201 0.9866874890642844 -0.27978262485793737 
-0.6064287949425663 0.9873116631856845 -0.2801513478423112 
-0.6064287949425663 0.9873116631856845 -0.2801513478423112 
-0.6064287949425663 0.9873116631856845 -0.2801513478423112 
-0.6064287949425663 0.9873116631856845 -0.2801513478423112 
-0.6064287949425663 0.9873116631856845 -0.2801513478423112 
-0.6064287949425663 0.9873116631856845 -0.2801513478423112 
-0.6070852764192278 0.9903446007774913 -0.28195459666020317 
-0.6070852764192278 0.9903446007774913 -0.28195459666020317 
-0.6070852764192278 0.9903446007774913 -0.28195459666020317 
-0.6070852764192278 0.9903446007774913 -0.28195459666020317 
-0.6070852764192278 0.9903446007774913 -0.28195459666020317 
-0.6077201933145321 0.993276566488835 -0.283682758660868 
-0.6077201933145321 0.993276566488835 -0.283682758660868 
-0.6077201933145321 0.993276566488835 -0.283682758660868 
-0.6082881941735668 0.9958994861304371 -0.2852283555963726 
-0.6082881941735668 0.9958994861304371 -0.2852283555963726 
-0.6082881941735668 0.9958994861304371 -0.2852283555963726 
-0.6087138231297582 0.9978652175666133 -0.2863895866323519 
-0.6087138231297582 0.9978652175666133 -0.2863895866323519 
-0.6087138231297582 0.9978652175666133 -0.2863895866323519 
-0.6087138231297582 0.9978652175666133 -0.2863895866323519 
-0.6087138231297582 0.9978652175666133 -0.2863895866323519 
-0.6087138231297582 0.9978652175666133 -0.2863895866323519 
-0.6093059901460735 1.0006004354075388 -0.28800924178838283 
-0.6093059901460735 1.0006004354075388 -0.28800924178838283 
-0.609686203806977 1.0023564201328028 -0.2890465676021514 
-0.609686203806977 1.0023564201328028 -0.2890465676021514 
-0.609686203806977 1.0023564201328028 -0.2890465676021514 
-0.609686203806977 1.0023564201328028 -0.2890465676021514 
-0.609686203806977 1.0023564201328028 -0.2890465676021514 
-0.609686203806977 1.0023564201328028 -0.2890465676021514 
-0.609686203806977 1.0023564201328028 -0.2890465676021514 
-0.609686203806977 1.0023564201328028 -0.2890465676021514 
-0.6102533432436242 1.0049757057878217 -0.29059387754425614 
-0.6102533432436242 1.0049757057878217 -0.29059387754425614 
-0.6102533432436242 1.0049757057878217 -0.29059387754425614 
-0.610641862440618 1.0067693600908982 -0.2916457367090648 
-0.610641862440618 1.0067693600908982 -0.2916457367090648 
-0.610641862440618 1.0067693600908982 -0.2916457367090648 
-0.610641862440618 1.0067693600908982 -0.2916457367090648 
-0.610641862440618 1.0067693600908982 -0.2916457367090648 
-0.6113270526795275 1.009934197839698 -0.2935191844033421 
-0.6113270526795275 1.009934197839698 -0.2935191844033421 
-0.6113270526795275 1.009934197839698 -0.2935191844033421 
-0.6117353497727277 1.0118198835284373 -0.29463312942429887 
-0.6117353497727277 1.0118198835284373 -0.29463312942429887 
-0.6117353497727277 1.0118198835284373 -0.29463312942429887 
-0.6118994084465391 1.0125767211137944 -0.29507065623721374 
-0.6118994084465391 1.0125767211137944 -0.29507065623721374 
-0.6118994084465391 1.0125767211137944 -0.29507065623721374 
-0.6118994084465391 1.0125767211137944 -0.29507065623721374 
-0.6118994084465391 1.0125767211137944 -0.29507065623721374 
-0.6126670766089113 1.0161221317757712 -0.297165062838345 
-0.6126670766089113 1.0161221317757712 -0.297165062838345 
-0.6126670766089113 1.0161221317757712 -0.297165062838345 
-0.6126670766089114 1.0161221317757712 -0.2971650628383453 
-0.6126670766089113 1.0161221317757712 -0.297165062838345 
-0.6126670766089113 1.0161221317757712 -0.297165062838345 
-0.6131789767757488 1.0184871530848725 -0.298571734765643 
-0.6131789767757488 1.0184871530848725 -0.298571734765643 
-0.6131789767757488 1.0184871530848725 -0.298571734765643 
-0.6131789767757488 1.0184871530848725 -0.298571734765643 
-0.6131789767757488 1.0184871530848725 -0.298571734765643 
-0.6137947739897054 1.0213303070177868 -0.30024172662900606 
-0.6137947739897054 1.0213303070177868 -0.30024172662900606 
-0.6141627343522247 1.0230302100606177 -0.3012516285968051 
-0.6141627343522247 1.0230302100606177 -0.3012516285968051 
-0.6141627343522247 1.0230302100606177 -0.3012516285968051 
-0.6141627343522247 1.0230302100606177 -0.3012516285968051 
-0.6147461087364461 1.025724475451736 -0.30284323187167417 
-0.6147461087364461 1.025724475451736 -0.30284323187167417 
-0.615070830990767 1.027224522215962 -0.30373322530351854 
-0.615070830990767 1.027224522215962 -0.30373322530351854 
-0.615070830990767 1.027224522215962 -0.30373322530351854 
-0.615070830990767 1.027224522215962 -0.30373322530351854 
-0.615070830990767 1.027224522215962 -0.30373322530351854 
-0.6156404325705751 1.029856212331694 -0.3052994422391546 
-0.6156404325705751 1.029856212331694 -0.3052994422391546 
-0.6156404325705751 1.029856212331694 -0.3052994422391546 
-0.6160039731171452 1.031535193684636 -0.3062912792826007 
-0.6160039731171452 1.031535193684636 -0.3062912792826007 
-0.6162700520519879 1.0327630235436471 -0.30700502506016847 
-0.6162700520519879 1.0327630235436471 -0.30700502506016847 
-0.616988867818293 1.0360841837275028 -0.30898231356754413 
-0.616988867818293 1.0360841837275028 -0.30898231356754413 
-0.6172053707004391 1.037083402675884 -0.30956495398066974 
-0.6172053707004391 1.037083402675884 -0.30956495398066974 
-0.6175416236641116 1.0386348162257946 -0.31046414703950553 
-0.6175416236641116 1.0386348162257946 -0.31046414703950553 
-0.6175416236641116 1.0386348162257946 -0.31046414703950553 
-0.6175416236641116 1.0386348162257946 -0.31046414703950553 
-0.6175416236641116 1.0386348162257946 -0.31046414703950553 
-0.6181332142141112 1.041368914108543 -0.3121004255094101 
-0.6181332142141112 1.041368914108543 -0.3121004255094101 
-0.6181332142141112 1.041368914108543 -0.3121004255094101 
-0.6181332142141112 1.041368914108543 -0.3121004255094101 
-0.6187829513662024 1.0443674391029576 -0.31384676191314953 
-0.6187829513662024 1.0443674391029576 -0.31384676191314953 
-0.6187829513662024 1.0443674391029576 -0.31384676191314953 
-0.6187829513662021 1.0443674391029576 -0.3138467619131492 
-0.6187829513662021 1.0443674391029576 -0.3138467619131492 
-0.6194313496212849 1.0473635541603488 -0.31563396398368815 
-0.6194313496212849 1.0473635541603488 -0.31563396398368815 
-0.6197711770884647 1.048932674236052 -0.31655704212588154 
-0.6197711770884647 1.048932674236052 -0.31655704212588154 
-0.6197711770884647 1.048932674236052 -0.31655704212588154 
-0.6197711770884647 1.048932674236052 -0.31655704212588154 
-0.6202830612109653 1.0512974567230988 -0.31796172701026504 
-0.6202830612109653 1.0512974567230988 -0.31796172701026504 
-0.6202830612109653 1.0512974567230988 -0.31796172701026504 
-0.6206882547211074 1.0531681199351217 -0.3190590782160876 
-0.6206882547211074 1.0531681199351217 -0.3190590782160876 
-0.6206882547211074 1.0531681199351217 -0.3190590782160876 
-0.6206882547211074 1.0531681199351217 -0.3190590782160876 
-0.6213862025975565 1.056392566597028 -0.32097545860006094 
-0.6213862025975565 1.056392566597028 -0.32097545860006094 
-0.6213862025975565 1.056392566597028 -0.32097545860006094 
-0.6213862025975565 1.056392566597028 -0.32097545860006094 
-0.6219726000151076 1.0590997603524304 -0.32256311992803466 
-0.6219726000151076 1.0590997603524304 -0.32256311992803466 
-0.6219726000151076 1.0590997603524304 -0.32256311992803466 
-0.6219726000151076 1.0590997603524304 -0.32256311992803466 
-0.6225618828314481 1.0618209689189064 -0.32416677980538233 
-0.6225618828314481 1.0618209689189064 -0.32416677980538233 
-0.6225618828314481 1.0618209689189064 -0.32416677980538233 
-0.6225618828314481 1.0618209689189064 -0.32416677980538233 
-0.6225618828314481 1.0618209689189064 -0.32416677980538233 
-0.6230625784166985 1.064134078090316 -0.3255409393307339 
-0.6230625784166985 1.064134078090316 -0.3255409393307339 
-0.6230625784166985 1.064134078090316 -0.3255409393307339 
-0.6238282548225602 1.067669945572775 -0.32762584868070377 
-0.6238282548225602 1.067669945572775 -0.32762584868070377 
-0.6238282548225602 1.067669945572775 -0.32762584868070377 
-0.6243122587859022 1.069905621476127 -0.32895040574194556 
-0.6243122587859022 1.069905621476127 -0.32895040574194556 
-0.6246185182437017 1.0713197105316694 -0.3297819012656603 
-0.6246185182437016 1.0713197105316694 -0.32978190126566 
-0.6248589788864456 1.0724302577294789 -0.33043794300629836 
-0.6248589788864456 1.0724302577294789 -0.33043794300629836 
-0.6248589788864456 1.0724302577294789 -0.33043794300629836 
-0.6248589788864456 1.0724302577294789 -0.33043794300629836 
-0.6255165417679855 1.0754678452784485 -0.332240078989388 
-0.6255165417679854 1.0754678452784485 -0.3322400789893877 
-0.6255165417679854 1.0754678452784485 -0.3322400789893877 
-0.626133184294384 1.0783142143754596 -0.33390425069374563 
-0.626133184294384 1.0783142143754596 -0.33390425069374563 
-0.626133184294384 1.0783142143754596 -0.33390425069374563 
-0.6266027870607156 1.0804849219679153 -0.3352077134603362 
-0.6266027870607156 1.0804849219679153 -0.3352077134603362 
-0.626778509987485 1.0812961390644826 -0.3356830699832709 
-0.626778509987485 1.0812961390644826 -0.3356830699832709 
-0.626778509987485 1.0812961390644826 -0.3356830699832709 
-0.6269200618760109 1.0819505658757338 -0.33607729993160995 
-0.6269200618760109 1.0819505658757338 -0.33607729993160995 
-0.6269200618760109 1.0819505658757338 -0.33607729993160995 
-0.6277526284206104 1.0857950228897002 -0.33834072882158606 
-0.6283228398198316 1.088428496144775 -0.3398964199093587 
-0.6283228398198316 1.088428496144775 -0.3398964199093587 
-0.6283228398198316 1.088428496144775 -0.3398964199093587 
-0.6288732721240318 1.090969932477562 -0.3413900218702929 
-0.6288732721240318 1.090969932477562 -0.3413900218702929 
-0.6295831906748137 1.0942477778663122 -0.3433168022248513 
-0.6295831906748137 1.0942477778663122 -0.3433168022248513 
-0.6299561634951525 1.0959703213801275 -0.3443343730650261 
-0.6299561634951525 1.0959703213801275 -0.3443343730650261 
-0.6299561634951525 1.0959703213801275 -0.3443343730650261 
-0.6301506293792564 1.0968699880672867 -0.34488312472060045 
-0.6301506293792564 1.0968699880672867 -0.34488312472060045 
-0.6301506293792564 1.0968699880672867 -0.34488312472060045 
-0.6301506293792564 1.0968699880672867 -0.34488312472060045 
-0.6303511413956284 1.0977956914834457 -0.3454261125918755 
-0.6303511413956284 1.0977956914834457 -0.3454261125918755 
-0.6303511413956284 1.0977956914834457 -0.3454261125918755 
-0.6303511413956284 1.0977956914834457 -0.3454261125918755 
-0.6303511413956284 1.0977956914834457 -0.3454261125918755 
-0.6316499546584419 1.103793806574414 -0.348965563639987 
-0.6316499546584419 1.103793806574414 -0.348965563639987 
-0.6321848716070636 1.1062649642262885 -0.3504330883104081 
-0.6321848716070636 1.1062649642262885 -0.3504330883104081 
-0.6326015490631303 1.1081900352668472 -0.35157793530012194 
-0.6326015490631303 1.1081900352668472 -0.35157793530012194 
-0.6326015490631303 1.1081900352668472 -0.35157793530012194 
-0.6326015490631303 1.1081900352668472 -0.35157793530012194 
-0.6326015490631303 1.1081900352668472 -0.35157793530012194 
-0.6332144838444013 1.1110197970857933 -0.35323808607202933 
-0.6339417670118641 1.1143783486348333 -0.35521824827227666 
-0.6339417670118641 1.1143783486348333 -0.35521824827227666 
-0.6340705508758571 1.1149731260489182 -0.35556960552282657 
-0.6340705508758571 1.1149731260489182 -0.35556960552282657 
-0.6340705508758571 1.1149731260489182 -0.35556960552282657 
-0.6340705508758571 1.1149731260489182 -0.35556960552282657 
-0.6347622594319072 1.1181668701128495 -0.3574467040812108 
-0.6347622594319072 1.1181668701128495 -0.3574467040812108 
-0.6356403476534458 1.1222234444879637 -0.3598564993710892 
-0.6358308002678756 1.1231033782447957 -0.36038016887040214 
-0.6358308002678756 1.1231033782447957 -0.36038016887040214 
-0.6362037593758981 1.1248255140093735 -0.36139363909955324 
-0.6362037593758981 1.1248255140093735 -0.36139363909955324 
-0.6365124517540042 1.126251183722217 -0.36223583548871496 
-0.6365124517540042 1.126251183722217 -0.36223583548871496 
-0.6370875218009502 1.1289077850721474 -0.363812908683235 
-0.6370875218009502 1.1289077850721474 -0.363812908683235 
-0.6373334634243336 1.130043645716769 -0.3644839040230905 
-0.6373334634243336 1.130043645716769 -0.3644839040230905 
-0.6379292034433554 1.1327924525736084 -0.36607894675785235 
-0.6379292034433554 1.1327924525736084 -0.36607894675785235 
-0.6383483572886978 1.1347301585919982 -0.36724468287797485 
-0.6383483572886978 1.1347301585919982 -0.36724468287797485 
-0.6383483572886978 1.1347301585919982 -0.36724468287797485 
-0.6383483572886978 1.1347301585919982 -0.36724468287797485 
-0.6383483572886978 1.1347301585919982 -0.36724468287797485 
-0.6383483572886978 1.1347301585919982 -0.36724468287797485 
-0.639300553523435 1.1391281410129628 -0.36984659522353536 
-0.639300553523435 1.1391281410129628 -0.36984659522353536 
-0.6395124090859668 1.1401050356575122 -0.3704063984901621 
-0.6398711714689316 1.141762803027599 -0.371395269079399 
-0.6398711714689316 1.141762803027599 -0.371395269079399 
-0.6403537923619699 1.1439908933545835 -0.37270191988041657 
-0.6403537923619699 1.1439908933545835 -0.37270191988041657 
-0.6406070415977214 1.1451617015734163 -0.3734069852353804 
-0.6406070415977214 1.1451617015734163 -0.3734069852353804 
-0.6406070415977214 1.1451617015734163 -0.3734069852353804 
-0.6406070415977214 1.1451617015734163 -0.3734069852353804 
-0.6412161035090831 1.1479749470621803 -0.37507273423956666 
-0.6412161035090831 1.1479749470621803 -0.37507273423956666 
-0.6412161035090831 1.1479749470621803 -0.37507273423956666 
-0.6412161035090831 1.1479749470621803 -0.37507273423956666 
-0.6412161035090831 1.1479749470621803 -0.37507273423956666 
-0.6418913868917215 1.1510933419907248 -0.37691102694732803 
-0.6418913868917215 1.1510933419907248 -0.37691102694732803 
-0.6421575511715516 1.1523232881086667 -0.37764532156968955 
-0.6421575511715515 1.1523232881086667 -0.3776453215696892 
-0.6421575511715515 1.1523232881086667 -0.3776453215696892 
-0.642507016583267 1.1539365757982727 -0.3785906314340387 
-0.6430940870611992 1.1566472224463398 -0.3801841922530823 
-0.6430940870611992 1.1566472224463398 -0.3801841922530823 
-0.6430940870611992 1.1566472224463398 -0.3801841922530823 
-0.6430940870611992 1.1566472224463398 -0.3801841922530823 
-0.643458769256579 1.158332509668205 -0.38119133362393154 
-0.643458769256579 1.158332509668205 -0.38119133362393154 
-0.643458769256579 1.158332509668205 -0.38119133362393154 
-0.643458769256579 1.158332509668205 -0.38119133362393154 
-0.6444866103193041 1.1630788180870841 -0.3839874359415345 
-0.6444866103193041 1.1630788180870841 -0.38398743594153417 
-0.6444866103193041 1.1630788180870841 -0.38398743594153417 
-0.6449232090290697 1.1650952124049425 -0.38517859543543975 
-0.6449232090290697 1.1650952124049425 -0.38517859543543975 
-0.6449232090290697 1.1650952124049425 -0.38517859543543975 
-0.6449232090290697 1.1650952124049425 -0.38517859543543975 
-0.6455971463565549 1.1682068815485906 -0.38700720927055265 
-0.6462373791077167 1.1711642516546283 -0.3887599440351638 
-0.6462373791077167 1.1711642516546283 -0.3887599440351638 
-0.6462373791077167 1.1711642516546283 -0.3887599440351638 
-0.6462373791077167 1.1711642516546283 -0.3887599440351638 
-0.6464004213502311 1.1719179373406488 -0.3892128938183591 
-0.6465858108449838 1.1727741430862193 -0.38971868655618824 
-0.6465858108449838 1.1727741430862193 -0.38971868655618824 
-0.6465858108449838 1.1727741430862193 -0.38971868655618824 
-0.6465858108449838 1.1727741430862193 -0.38971868655618824 
-0.6465858108449838 1.1727741430862193 -0.38971868655618824 
-0.6465858108449838 1.1727741430862193 -0.38971868655618824 
-0.6465858108449838 1.1727741430862193 -0.38971868655618824 
-0.6479480431276425 1.1790654979915764 -0.3934352250619122 
-0.6479480431276424 1.1790654979915764 -0.39343522506191186 
-0.6479480431276424 1.1790654979915764 -0.39343522506191186 
-0.6484770081095668 1.1815084781471314 -0.39487838475540027 
-0.6484770081095667 1.1815084781471314 -0.39487838475539994 
-0.6484770081095667 1.1815084781471314 -0.39487838475539994 
-0.6486560713112379 1.1823361552817941 -0.3953750440530176 
-0.6493458500873223 1.1855218403824737 -0.3972569473189905 
-0.6493458500873223 1.1855218403824737 -0.3972569473189905 
-0.6493458500873223 1.1855218403824737 -0.3972569473189905 
-0.649866664476457 1.1879264888725374 -0.3986697435882661 
-0.649866664476457 1.1879264888725374 -0.3986697435882661 
-0.649866664476457 1.1879264888725374 -0.3986697435882661 
-0.6502163826899621 1.189541632946009 -0.3996238695645703 
-0.6505494277891334 1.1910797736471581 -0.4005325067705515 
-0.6505494277891334 1.1910797736471581 -0.4005325067705515 
-0.6510228965692162 1.193266793695177 -0.4018283209993513 
-0.6510228965692162 1.193266793695177 -0.4018283209993513 
-0.6510228965692162 1.193266793695177 -0.4018283209993513 
-0.6510228965692162 1.193266793695177 -0.4018283209993513 
-0.6518910356643289 1.1972758764661307 -0.40419277630844197 
-0.6518910356643289 1.1972758764661307 -0.40419277630844197 
-0.6518910356643289 1.1972758764661307 -0.40419277630844197 
-0.6518910356643289 1.1972758764661307 -0.40419277630844197 
-0.6523713226287554 1.1994947301435501 -0.40551125559033874 
-0.6523713226287554 1.1994947301435501 -0.40551125559033874 
-0.6523713226287554 1.1994947301435501 -0.40551125559033874 
-0.6523713226287554 1.1994947301435501 -0.40551125559033874 
-0.653104298441698 1.2028792282755536 -0.4075028856686861 
-0.653104298441698 1.2028792282755536 -0.4075028856686861 
-0.653481642813758 1.2046216170122306 -0.40852832008548623 
-0.653481642813758 1.2046216170122306 -0.40852832008548623 
-0.653481642813758 1.2046216170122306 -0.40852832008548623 
-0.6537427528909685 1.205828220721651 -0.40924882547462393 
-0.6537427528909685 1.205828220721651 -0.40924882547462393 
-0.6537427528909685 1.205828220721651 -0.40924882547462393 
-0.6537427528909685 1.205828220721651 -0.40924882547462393 
-0.6537427528909685 1.205828220721651 -0.40924882547462393 
-0.6543974029490861 1.2088509779610717 -0.4110267616862916 
-0.6543974029490861 1.2088509779610717 -0.4110267616862916 
-0.6543974029490861 1.2088509779610717 -0.4110267616862916 
-0.6549809955175763 1.211546251017833 -0.41261896022692157 
-0.6549809955175763 1.211546251017833 -0.41261896022692157 
-0.6549809955175763 1.211546251017833 -0.41261896022692157 
-0.6549809955175763 1.211546251017833 -0.41261896022692157 
-0.6555031471104154 1.2139574196904857 -0.4140394679500766 
-0.6555031471104154 1.2139574196904857 -0.4140394679500766 
-0.6555031471104154 1.2139574196904857 -0.4140394679500766 
-0.6555031471104154 1.2139574196904857 -0.4140394679500766 
-0.6564522808990436 1.2183416028824463 -0.4166370883135745 
-0.6564522808990436 1.2183416028824463 -0.4166370883135745 
-0.6564522808990436 1.2183416028824463 -0.4166370883135745 
-0.6570508100247757 1.2211062035891262 -0.4182741010267018 
-0.6574134432167503 1.2227803055612745 -0.4192553361609116 
-0.6574134432167503 1.2227803055612745 -0.4192553361609116 
-0.6580434854199928 1.2256889043557073 -0.4209601290119148 
-0.6580434854199928 1.2256889043557073 -0.4209601290119148 
-0.6580434854199928 1.2256889043557073 -0.4209601290119148 
-0.6580434854199928 1.2256889043557073 -0.4209601290119148 
-0.6584288241771182 1.2274701013084979 -0.4220296335459174 
-0.6584288241771182 1.2274701013084979 -0.4220296335459174 
-0.6584288241771182 1.2274701013084979 -0.4220296335459174 
-0.6584288241771182 1.2274701013084979 -0.4220296335459174 
-0.6589994606301898 1.2301051932188698 -0.4235824210955691 
-0.6589994606301898 1.2301051932188698 -0.4235824210955691 
-0.6589994606301898 1.2301051932188698 -0.4235824210955691 
-0.6596133441741262 1.2329407070110188 -0.4252613248189273 
-0.6596133441741262 1.2329407070110188 -0.4252613248189273 
-0.6596133441741262 1.2329407070110188 -0.4252613248189273 
-0.6602322634131073 1.2357991333159533 -0.42694990408172173 
-0.6602322634131071 1.2357991333159533 -0.4269499040817214 
-0.6605547548214445 1.2372881882660345 -0.427825684761474 
-0.6605547548214445 1.2372881882660345 -0.427825684761474 
-0.6605547548214445 1.2372881882660345 -0.427825684761474 
-0.6605547548214445 1.2372881882660345 -0.427825684761474 
-0.6613364868039839 1.2408988959153573 -0.42996252447206007 
-0.6613364868039839 1.2408988959153573 -0.42996252447206007 
-0.6613364868039839 1.2408988959153573 -0.42996252447206007 
-0.6617983318770938 1.2430322328530778 -0.4312266260809975 
-0.6623240025163241 1.2454599983647487 -0.4326607979156384 
-0.6624305839555067 1.2459512024922395 -0.4329393913394307 
-0.6624305839555067 1.2459512024922395 -0.4329393913394307 
-0.6624305839555067 1.2459512024922395 -0.4329393913394307 
-0.662806894653118 1.2476901949709016 -0.4339782584129065 
-0.662806894653118 1.2476901949709016 -0.4339782584129065 
-0.662806894653118 1.2476901949709016 -0.4339782584129065 
-0.662806894653118 1.2476901949709016 -0.4339782584129065 
-0.6634156876527446 1.2505011652533136 -0.4356310841527328 
-0.6634156876527446 1.2505011652533136 -0.4356310841527328 
-0.6640844563802949 1.2535908504770314 -0.4374678559179511 
-0.6646070258340964 1.2560036045852343 -0.4388854404788397 
-0.6646070258340964 1.2560036045852343 -0.4388854404788397 
-0.6646070258340964 1.2560036045852343 -0.4388854404788397 
-0.6646070258340964 1.2560036045852343 -0.4388854404788397 
-0.6646070258340964 1.2560036045852343 -0.4388854404788397 
-0.6646070258340964 1.2560036045852343 -0.4388854404788397 
-0.6652503276164045 1.2589753284501985 -0.440648668321883 
-0.6652503276164045 1.2589753284501985 -0.440648668321883 
-0.665969019027282 1.2622935108559643 -0.4425972634836327 
-0.665969019027282 1.2622935108559643 -0.4425972634836327 
-0.665969019027282 1.2622935108559643 -0.4425972634836327 
-0.6663229091158144 1.2639279223823894 -0.4435627714645901 
-0.6663229091158144 1.2639279223823894 -0.4435627714645901 
-0.6663229091158144 1.2639279223823894 -0.4435627714645901 
-0.6663229091158144 1.2639279223823894 -0.4435627714645901 
-0.6663229091158144 1.2639279223823894 -0.4435627714645901 
-0.6663229091158144 1.2639279223823894 -0.4435627714645901 
-0.6663229091158142 1.2639279223823894 -0.4435627714645901 
-0.667141694735419 1.2677094147092942 -0.44579664032963773 
-0.667141694735419 1.2677094147092942 -0.44579664032963773 
-0.667141694735419 1.2677094147092942 -0.44579664032963773 
-0.667141694735419 1.2677094147092942 -0.44579664032963773 
-0.667141694735419 1.2677094147092942 -0.44579664032963773 
-0.667141694735419 1.2677094147092942 -0.44579664032963773 
-0.6679238582912371 1.2713221155434056 -0.44793465748898165 
-0.6679238582912371 1.2713221155434056 -0.44793465748898165 
-0.6679238582912371 1.2713221155434056 -0.44793465748898165 
-0.6679238582912371 1.2713221155434056 -0.44793465748898165 
-0.6679238582912371 1.2713221155434056 -0.44793465748898165 
-0.6690961065478945 1.2767363896681896 -0.45113693133172517 
-0.6690961065478945 1.2767363896681896 -0.45113693133172517 
-0.6692639179713475 1.277510723733893 -0.4515866399313778 
-0.6692639179713475 1.277510723733893 -0.4515866399313778 
-0.6694885621268868 1.2785478793994662 -0.45219546681233014 
-0.6694885621268868 1.2785478793994662 -0.45219546681233014 
-0.6700800847062685 1.2812804653828267 -0.45381742697003 
-0.6700800847062685 1.2812804653828267 -0.45381742697003 
-0.6700800847062685 1.2812804653828267 -0.45381742697003 
-0.6700800847062685 1.2812804653828267 -0.45381742697003 
-0.6700800847062685 1.2812804653828267 -0.45381742697003 
-0.6706388720752103 1.2838608332975106 -0.45533788700991285 
-0.6706388720752103 1.2838608332975106 -0.45533788700991285 
-0.6706388720752103 1.2838608332975106 -0.45533788700991285 
-0.6706388720752103 1.2838608332975106 -0.45533788700991285 
-0.6713580368697751 1.2871818908260324 -0.4572959000907598 
-0.6713580368697751 1.2871818908260324 -0.4572959000907598 
-0.6713580368697751 1.2871818908260324 -0.4572959000907598 
-0.6713580368697751 1.2871818908260324 -0.4572959000907598 
-0.672012682198243 1.2902048059193871 -0.4590759433291548 
-0.672012682198243 1.2902048059193871 -0.4590759433291548 
-0.672470865729554 1.292322430317949 -0.46034418813062017 
-0.672470865729554 1.292322430317949 -0.46034418813062017 
-0.672470865729554 1.292322430317949 -0.46034418813062017 
-0.6732091293658709 1.295732038656348 -0.46235837122308976 
-0.6736472488460886 1.2977551121042161 -0.4635496165904419 
-0.6736472488460886 1.2977551121042161 -0.4635496165904419 
-0.6736472488460886 1.2977551121042161 -0.4635496165904419 
-0.6739350664125716 1.2990836844200597 -0.46432673444119754 
-0.6739350664125716 1.2990836844200597 -0.46432673444119754 
-0.6739350664125716 1.2990836844200597 -0.46432673444119754 
-0.6744034447139534 1.301246340958774 -0.46559859079595733 
-0.6744034447139534 1.301246340958774 -0.46559859079595733 
-0.6744034447139534 1.301246340958774 -0.46559859079595733 
-0.6744034447139534 1.301246340958774 -0.46559859079595733 
-0.6750252629984314 1.304119009823588 -0.4673051491096578 
-0.6750252629984312 1.304119009823588 -0.4673051491096575 
-0.6750252629984312 1.304119009823588 -0.4673051491096575 
-0.6750252629984312 1.304119009823588 -0.4673051491096575 
-0.6758021291403579 1.3077065561583088 -0.4694205870893503 
-0.6758021291403579 1.3077065561583088 -0.4694205870893503 
-0.6758021291403579 1.3077065561583088 -0.4694205870893503 
-0.6767371949870197 1.3120250789066807 -0.4719716998978968 
-0.6767371949870197 1.3120250789066807 -0.4719716998978968 
-0.6767371949870197 1.3120250789066807 -0.4719716998978968 
-0.6769822936955905 1.3131577354604542 -0.4726485219381401 
-0.6769822936955905 1.3131577354604542 -0.4726485219381401 
-0.6771102024248793 1.3137484711387182 -0.47299749158426574 
-0.6771102024248793 1.3137484711387182 -0.47299749158426574 
-0.6771102024248793 1.3137484711387182 -0.47299749158426574 
-0.6771102024248793 1.3137484711387182 -0.47299749158426574 
-0.6771102024248793 1.3137484711387182 -0.47299749158426574 
-0.6774976360211434 1.3155374561064468 -0.47405045213645847 
-0.6774976360211434 1.3155374561064468 -0.47405045213645847 
-0.6774976360211434 1.3155374561064468 -0.47405045213645847 
-0.6779542021879368 1.3176460684405118 -0.4752960882595335 
-0.6779542021879368 1.3176460684405118 -0.4752960882595335 
-0.6779542021879368 1.3176460684405118 -0.4752960882595335 
-0.6779542021879368 1.3176460684405118 -0.4752960882595335 
-0.6779542021879368 1.3176460684405118 -0.4752960882595335 
-0.6783102974219898 1.3192910086655998 -0.4762716756746491 
-0.6783102974219898 1.3192910086655998 -0.4762716756746491 
-0.678780697236535 1.321463854955124 -0.47755911693450803 
-0.678780697236535 1.321463854955124 -0.47755911693450803 
-0.678780697236535 1.321463854955124 -0.47755911693450803 
