-0.5916273027439217 1.3147308373534967 -0.5025855273387667 
-0.5916273027439217 1.3147308373534967 -0.5025855273387667 
-0.5916273027439217 1.3147308373534967 -0.5025855273387667 
-0.5916273027439217 1.3147308373534967 -0.5025855273387667 
-0.5916239625306579 1.3147152218044138 -0.5025724388690109 
-0.5916239625306579 1.3147152218044138 -0.5025724388690109 
-0.5916268476750794 1.3147284152047538 -0.5025802361962395 
-0.5916268476750794 1.3147284152047538 -0.5025802361962395 
-0.5916268476750794 1.3147284152047538 -0.5025802361962395 
-0.5916268476750794 1.3147284152047538 -0.5025802361962395 
-0.5916268476750794 1.3147284152047538 -0.5025802361962395 
-0.5916248677982101 1.3147197026548878 -0.5025789467085726 
-0.5916248677982101 1.3147197026548878 -0.5025789467085726 
-0.5916242381105341 1.3147173275207202 -0.5025832485652464 
-0.5916242381105341 1.3147173275207202 -0.5025832485652464 
-0.5916242381105341 1.3147173275207202 -0.5025832485652464 
-0.5916242381105341 1.3147173275207202 -0.5025832485652464 
-0.5916253850281095 1.3147232471658046 -0.5025943824776029 
-0.5916253850281095 1.3147232471658046 -0.5025943824776029 
-0.59162866748494 1.3147375824893626 -0.5025952192941296 
-0.59162866748494 1.3147375824893626 -0.5025952192941296 
-0.59162866748494 1.3147375824893626 -0.5025952192941296 
-0.59162866748494 1.3147375824893626 -0.5025952192941296 
-0.5916255358350058 1.3147227575026172 -0.5025807521299777 
-0.5916255358350058 1.3147227575026172 -0.5025807521299777 
-0.5916244801821371 1.314718775660042 -0.5025879640661672 
-0.5916244801821371 1.314718775660042 -0.5025879640661672 
-0.5916244801821371 1.314718775660042 -0.5025879640661672 
-0.5916244801821371 1.314718775660042 -0.5025879640661672 
-0.5916222436818397 1.3147082072506864 -0.5025778584665581 
-0.5916253466643471 1.3147223967970252 -0.5025862445181584 
-0.5916253466643471 1.3147223967970252 -0.5025862445181584 
-0.5916253466643471 1.3147223967970252 -0.5025862445181584 
-0.5916253466643471 1.3147223967970252 -0.5025862445181584 
-0.5916253850281095 1.3147232471658046 -0.5025943824776029 
-0.5916253850281095 1.3147232471658046 -0.5025943824776029 
-0.5916209750463748 1.3147034220539073 -0.5025865254425048 
-0.5916209750463748 1.3147034220539073 -0.5025865254425048 
-0.5916209750463748 1.3147034220539073 -0.5025865254425048 
-0.591626247091053 1.3147268555109213 -0.5025927392749563 
-0.591626247091053 1.3147268555109213 -0.5025927392749563 
-0.5916257197285955 1.314722916071703 -0.5025731265495428 
-0.5916257197285955 1.314722916071703 -0.5025731265495428 
-0.5916259763520231 1.3147247719311927 -0.5025819426614844 
-0.5916259763520231 1.3147247719311927 -0.5025819426614844 
-0.591626087009401 1.3147271395904474 -0.5026044022038141 
-0.591626087009401 1.3147271395904474 -0.5026044022038141 
-0.5916254044207807 1.3147236770225499 -0.5025984961713876 
-0.5916254044207807 1.3147236770225499 -0.5025984961713876 
-0.5916254044207807 1.3147236770225499 -0.5025984961713876 
-0.5916254044207807 1.3147236770225499 -0.5025984961713876 
-0.5916248677982101 1.3147197026548878 -0.5025789467085726 
-0.5916271135732631 1.3147304766479047 -0.5025910197269476 
-0.5916271135732631 1.3147304766479047 -0.5025910197269476 
-0.5916271135732631 1.3147304766479047 -0.5025910197269476 
-0.5916271135732631 1.3147304766479047 -0.5025910197269476 
-0.5916271135732631 1.3147304766479047 -0.5025910197269476 
-0.5916257920222108 1.3147244333621786 -0.5025874481324286 
-0.5916257920222108 1.3147244333621786 -0.5025874481324286 
-0.5916257920222108 1.3147244333621786 -0.5025874481324286 
-0.5916257920222108 1.3147244333621786 -0.5025874481324286 
-0.591621798323976 1.3147061706855332 -0.5025766548522876 
-0.591621798323976 1.3147061706855332 -0.5025766548522876 
-0.591621798323976 1.3147061706855332 -0.5025766548522876 
-0.591621798323976 1.3147061706855332 -0.5025766548522876 
-0.5916253850281095 1.3147232471658046 -0.5025943824776029 
-0.5916253850281095 1.3147232471658046 -0.5025943824776029 
-0.5916253850281095 1.3147232471658046 -0.5025943824776029 
-0.5916253850281095 1.3147232471658046 -0.5025943824776029 
-0.5916269534916113 1.3147307607274306 -0.5026026826558054 
-0.5916269534916113 1.3147307607274306 -0.5026026826558054 
-0.5916269534916113 1.3147307607274306 -0.5026026826558054 
-0.5916253660570181 1.3147228266537707 -0.502590358211944 
-0.5916253660570181 1.3147228266537707 -0.502590358211944 
-0.5916253660570181 1.3147228266537707 -0.502590358211944 
-0.5916249590629168 1.314721640457397 -0.5025972925571176 
-0.5916249590629168 1.314721640457397 -0.5025972925571176 
-0.5916249590629168 1.314721640457397 -0.5025972925571176 
-0.5916264217098868 1.3147268084963462 -0.5025831462757542 
-0.5916264217098868 1.3147268084963462 -0.5025831462757542 
-0.5916233522356528 1.3147132765269913 -0.5025808544194699 
-0.5916233522356528 1.3147132765269913 -0.5025808544194699 
-0.5916233522356528 1.3147132765269913 -0.5025808544194699 
-0.5916224134598271 1.3147081380995338 -0.5025682523845931 
-0.5916257920222108 1.3147244333621786 -0.5025874481324286 
-0.5916257920222108 1.3147244333621786 -0.5025874481324286 
-0.5916229068777891 1.3147112399618386 -0.5025796508051998 
-0.5916229068777891 1.3147112399618386 -0.5025796508051998 
-0.5916262276983819 1.3147264256541762 -0.5025886255811711 
-0.5916262276983818 1.3147264256541762 -0.5025886255811711 
-0.5916262276983818 1.3147264256541762 -0.5025886255811711 
-0.5916249590629168 1.314721640457397 -0.5025972925571176 
-0.5916244801821371 1.314718775660042 -0.5025879640661672 
-0.5916244801821371 1.314718775660042 -0.5025879640661672 
-0.5916244801821371 1.314718775660042 -0.5025879640661672 
-0.5916244078885213 1.3147172583695668 -0.502573642483281 
-0.5916249206991544 1.3147207900886175 -0.5025891545976733 
-0.5916249206991544 1.3147207900886175 -0.5025891545976733 
-0.5916249206991544 1.3147207900886175 -0.5025891545976733 
-0.5916239625306579 1.3147152218044138 -0.5025724388690109 
-0.5916239625306576 1.3147152218044138 -0.5025724388690109 
-0.5916239625306576 1.3147152218044138 -0.5025724388690109 
-0.5916233954402618 1.3147141490323486 -0.5025890054616786 
-0.5916233954402618 1.3147141490323486 -0.5025890054616786 
-0.5916240634770573 1.3147172038800783 -0.5025908108830837 
-0.5916240634770573 1.3147172038800783 -0.5025908108830837 
-0.5916240634770573 1.3147172038800783 -0.5025908108830837 
-0.5916240634770573 1.3147172038800783 -0.5025908108830837 
-0.5916240634770573 1.3147172038800783 -0.5025908108830837 
-0.5916237975935166 1.3147153130921447 -0.5025820580337401 
-0.5916237975935166 1.3147153130921447 -0.5025820580337401 
-0.5916249206991544 1.3147207900886175 -0.5025891545976733 
-0.5916249206991544 1.3147207900886175 -0.5025891545976733 
-0.5916249206991544 1.3147207900886175 -0.5025891545976733 
-0.5916249206991544 1.3147207900886175 -0.5025891545976733 
-0.5916249590629168 1.314721640457397 -0.5025972925571176 
-0.5916249590629168 1.314721640457397 -0.5025972925571176 
-0.5916255358350058 1.3147227575026172 -0.5025807521299777 
-0.5916255358350058 1.3147227575026172 -0.5025807521299777 
-0.5916255358350058 1.3147227575026172 -0.5025807521299777 
-0.5916255358350058 1.3147227575026172 -0.5025807521299777 
-0.5916233954402618 1.3147141490323486 -0.5025890054616786 
-0.5916229694750692 1.314712542323941 -0.5025919155411933 
-0.5916229694750692 1.314712542323941 -0.5025919155411933 
-0.5916229694750692 1.314712542323941 -0.5025919155411933 
-0.5916229694750692 1.314712542323941 -0.5025919155411933 
-0.5916249061473297 1.3147203823684497 -0.5025850539866519 
-0.5916262709029907 1.314727298159533 -0.5025967766233794 
-0.5916262709029907 1.314727298159533 -0.5025967766233794 
-0.5916262709029907 1.314727298159533 -0.5025967766233794 
-0.5916262709029907 1.314727298159533 -0.5025967766233794 
-0.5916268476750794 1.3147284152047538 -0.5025802361962395 
-0.5916273027439217 1.3147308373534967 -0.5025855273387667 
-0.5916273027439217 1.3147308373534967 -0.5025855273387667 
-0.5916273027439217 1.3147308373534967 -0.5025855273387667 
-0.5916273027439217 1.3147308373534967 -0.5025855273387667 
-0.5916245039940746 1.3147192183086536 -0.5025920014145902 
-0.5916233716283239 1.3147137063837369 -0.502584968113255 
-0.5916233716283239 1.3147137063837369 -0.502584968113255 
-0.5916253466643471 1.3147223967970252 -0.5025862445181584 
-0.5916253466643471 1.3147223967970252 -0.5025862445181584 
-0.5916253850281095 1.3147232471658046 -0.5025943824776029 
-0.5916253466643471 1.3147223967970252 -0.5025862445181584 
-0.5916253466643471 1.3147223967970252 -0.5025862445181584 
-0.5916253466643471 1.3147223967970252 -0.5025862445181584 
-0.5916253660570181 1.3147228266537707 -0.502590358211944 
-0.5916253660570181 1.3147228266537707 -0.502590358211944 
-0.591629297172616 1.3147399576235304 -0.502590917437455 
-0.5916214010115673 1.314705028762315 -0.5025836153629901 
-0.5916214010115673 1.314705028762315 -0.5025836153629901 
-0.5916209318417659 1.3147025495485505 -0.502578374400297 
-0.5916209318417659 1.3147025495485505 -0.502578374400297 
-0.5916209318417659 1.3147025495485505 -0.502578374400297 
-0.5916209318417659 1.3147025495485505 -0.502578374400297 
-0.5916259618001984 1.3147243642110251 -0.5025778420504625 
-0.5916259618001984 1.3147243642110251 -0.5025778420504625 
-0.5916259618001984 1.3147243642110251 -0.5025778420504625 
-0.5916259618001984 1.3147243642110251 -0.5025778420504625 
-0.5916257920222108 1.3147244333621786 -0.5025874481324286 
-0.5916257920222108 1.3147244333621786 -0.5025874481324286 
-0.5916248677982101 1.3147197026548878 -0.5025789467085726 
-0.5916248677982101 1.3147197026548878 -0.5025789467085726 
-0.5916248677982101 1.3147197026548878 -0.5025789467085726 
-0.5916248677982101 1.3147197026548878 -0.5025789467085726 
-0.5916213723587833 1.3147045639771255 -0.502579564931803 
-0.5916213723587833 1.3147045639771255 -0.502579564931803 
-0.5916213578069585 1.3147041562569581 -0.502575464320782 
-0.5916213578069585 1.3147041562569581 -0.502575464320782 
-0.5916213578069585 1.3147041562569581 -0.502575464320782 
-0.5916257920222108 1.3147244333621786 -0.5025874481324286 
-0.5916257920222108 1.3147244333621786 -0.5025874481324286 
-0.5916235365654652 1.3147136150960064 -0.5025753489485258 
-0.5916235365654652 1.3147136150960064 -0.5025753489485258 
-0.5916244801821371 1.314718775660042 -0.5025879640661672 
-0.5916244801821371 1.314718775660042 -0.5025879640661672 
-0.5916282221270763 1.3147355459242098 -0.5025940156798587 
-0.5916282221270763 1.3147355459242098 -0.5025940156798587 
-0.5916282221270763 1.3147355459242098 -0.5025940156798587 
-0.5916282221270763 1.3147355459242098 -0.5025940156798587 
-0.5916253660570181 1.3147228266537707 -0.502590358211944 
-0.5916253660570181 1.3147228266537707 -0.502590358211944 
-0.591621638242324 1.3147064547650593 -0.5025883177811463 
-0.5916237975935166 1.3147153130921447 -0.5025820580337401 
-0.5916237975935166 1.3147153130921447 -0.5025820580337401 
-0.5916237975935166 1.3147153130921447 -0.5025820580337401 
-0.5916237975935166 1.3147153130921447 -0.5025820580337401 
-0.5916248677982101 1.3147197026548878 -0.5025789467085726 
-0.5916248677982101 1.3147197026548878 -0.5025789467085726 
-0.5916214010115673 1.314705028762315 -0.5025836153629901 
-0.5916214010115673 1.314705028762315 -0.5025836153629901 
-0.5916214010115673 1.314705028762315 -0.5025836153629901 
-0.5916282221270763 1.3147355459242098 -0.5025940156798587 
-0.5916282221270763 1.3147355459242098 -0.5025940156798587 
-0.5916282221270763 1.3147355459242098 -0.5025940156798587 
-0.5916213723587833 1.3147045639771255 -0.502579564931803 
-0.5916213723587833 1.3147045639771255 -0.502579564931803 
-0.5916249061473297 1.3147203823684497 -0.5025850539866519 
-0.5916249061473297 1.3147203823684497 -0.5025850539866519 
-0.5916239819233288 1.314715651661159 -0.5025765525627957 
-0.5916239819233288 1.314715651661159 -0.5025765525627957 
-0.5916239819233288 1.314715651661159 -0.5025765525627957 
-0.5916239819233288 1.314715651661159 -0.5025765525627957 
-0.591624339507799 1.3147196602515308 -0.502605771370175 
-0.591624339507799 1.3147196602515308 -0.502605771370175 
-0.5916255358350058 1.3147227575026172 -0.5025807521299777 
-0.5916200697788223 1.3146989412034336 -0.5025800176029434 
-0.5916200697788223 1.3146989412034336 -0.5025800176029434 
-0.5916200697788223 1.3146989412034336 -0.5025800176029434 
-0.5916200697788223 1.3146989412034336 -0.5025800176029434 
-0.5916200697788223 1.3146989412034336 -0.5025800176029434 
-0.5916248677982101 1.3147197026548878 -0.5025789467085726 
-0.5916248677982101 1.3147197026548878 -0.5025789467085726 
-0.5916248677982101 1.3147197026548878 -0.5025789467085726 
-0.5916248677982101 1.3147197026548878 -0.5025789467085726 
-0.5916242381105341 1.3147173275207202 -0.5025832485652464 
-0.5916242381105341 1.3147173275207202 -0.5025832485652464 
-0.5916242381105341 1.3147173275207202 -0.5025832485652464 
-0.5916306090126897 1.3147456153256665 -0.5025904015037166 
-0.5916245233867459 1.3147196481653993 -0.5025961151083747 
-0.5916245233867459 1.3147196481653993 -0.5025961151083747 
