-0.6466273027439217 1.2447308373534967 -0.5025855273387669 
-0.6466273027439217 1.2447308373534967 -0.5025855273387669 
-0.6466273027439217 1.2447308373534967 -0.5025855273387669 
-0.6466273027439217 1.2447308373534967 -0.5025855273387669 
-0.6466239625306578 1.2447152218044137 -0.5025724388690107 
-0.6466239625306578 1.2447152218044137 -0.5025724388690107 
-0.6466268476750796 1.2447284152047537 -0.5025802361962393 
-0.6466268476750796 1.2447284152047537 -0.5025802361962393 
-0.6466268476750796 1.2447284152047537 -0.5025802361962393 
-0.6466268476750796 1.2447284152047537 -0.5025802361962393 
-0.6466268476750796 1.2447284152047537 -0.5025802361962393 
-0.6466248677982102 1.244719702654888 -0.5025789467085724 
-0.6466248677982102 1.244719702654888 -0.5025789467085724 
-0.6466242381105342 1.2447173275207202 -0.5025832485652464 
-0.6466242381105342 1.2447173275207202 -0.5025832485652464 
-0.6466242381105342 1.2447173275207202 -0.5025832485652464 
-0.6466242381105342 1.2447173275207202 -0.5025832485652464 
-0.6466253850281095 1.2447232471658043 -0.5025943824776029 
-0.6466253850281095 1.2447232471658043 -0.5025943824776029 
-0.6466286674849402 1.244737582489363 -0.5025952192941294 
-0.6466286674849402 1.244737582489363 -0.5025952192941294 
-0.6466286674849402 1.244737582489363 -0.5025952192941294 
-0.6466286674849402 1.244737582489363 -0.5025952192941294 
-0.6466255358350057 1.2447227575026176 -0.5025807521299777 
-0.6466255358350057 1.2447227575026176 -0.5025807521299777 
-0.646624480182137 1.2447187756600422 -0.502587964066167 
-0.646624480182137 1.2447187756600422 -0.502587964066167 
-0.646624480182137 1.2447187756600422 -0.502587964066167 
-0.646624480182137 1.2447187756600422 -0.502587964066167 
-0.6466222436818398 1.2447082072506863 -0.5025778584665583 
-0.6466253466643472 1.2447223967970253 -0.5025862445181577 
-0.6466253466643472 1.2447223967970253 -0.5025862445181577 
-0.6466253466643472 1.2447223967970253 -0.5025862445181577 
-0.6466253466643472 1.2447223967970253 -0.5025862445181577 
-0.6466253850281095 1.2447232471658043 -0.5025943824776029 
-0.6466253850281095 1.2447232471658043 -0.5025943824776029 
-0.6466209750463748 1.244703422053907 -0.5025865254425046 
-0.6466209750463748 1.244703422053907 -0.5025865254425046 
-0.6466209750463748 1.244703422053907 -0.5025865254425046 
-0.646626247091053 1.2447268555109214 -0.5025927392749563 
-0.646626247091053 1.2447268555109214 -0.5025927392749563 
-0.6466257197285955 1.2447229160717033 -0.5025731265495423 
-0.6466257197285955 1.2447229160717033 -0.5025731265495423 
-0.6466259763520232 1.244724771931193 -0.5025819426614841 
-0.6466259763520232 1.244724771931193 -0.5025819426614841 
-0.6466260870094013 1.2447271395904473 -0.5026044022038141 
-0.6466260870094013 1.2447271395904473 -0.5026044022038141 
-0.6466254044207806 1.2447236770225498 -0.5025984961713876 
-0.6466254044207806 1.2447236770225498 -0.5025984961713876 
-0.6466254044207806 1.2447236770225498 -0.5025984961713876 
-0.6466254044207806 1.2447236770225498 -0.5025984961713876 
-0.6466248677982102 1.244719702654888 -0.5025789467085724 
-0.6466271135732632 1.2447304766479044 -0.5025910197269472 
-0.6466271135732632 1.2447304766479044 -0.5025910197269472 
-0.6466271135732632 1.2447304766479044 -0.5025910197269472 
-0.6466271135732632 1.2447304766479044 -0.5025910197269472 
-0.6466271135732632 1.2447304766479044 -0.5025910197269472 
-0.6466257920222109 1.2447244333621785 -0.502587448132428 
-0.6466257920222109 1.2447244333621785 -0.502587448132428 
-0.6466257920222109 1.2447244333621785 -0.502587448132428 
-0.6466257920222109 1.2447244333621785 -0.502587448132428 
-0.646621798323976 1.2447061706855334 -0.5025766548522881 
-0.646621798323976 1.2447061706855334 -0.5025766548522881 
-0.646621798323976 1.2447061706855334 -0.5025766548522881 
-0.646621798323976 1.2447061706855334 -0.5025766548522881 
-0.6466253850281095 1.2447232471658043 -0.5025943824776029 
-0.6466253850281095 1.2447232471658043 -0.5025943824776029 
-0.6466253850281095 1.2447232471658043 -0.5025943824776029 
-0.6466253850281095 1.2447232471658043 -0.5025943824776029 
-0.6466269534916114 1.2447307607274305 -0.5026026826558054 
-0.6466269534916114 1.2447307607274305 -0.5026026826558054 
-0.6466269534916114 1.2447307607274305 -0.5026026826558054 
-0.6466253660570183 1.2447228266537707 -0.5025903582119435 
-0.6466253660570183 1.2447228266537707 -0.5025903582119435 
-0.6466253660570183 1.2447228266537707 -0.5025903582119435 
-0.646624959062917 1.2447216404573966 -0.5025972925571176 
-0.646624959062917 1.2447216404573966 -0.5025972925571176 
-0.646624959062917 1.2447216404573966 -0.5025972925571176 
-0.6466264217098869 1.2447268084963459 -0.5025831462757544 
-0.6466264217098869 1.2447268084963459 -0.5025831462757544 
-0.6466233522356529 1.2447132765269917 -0.5025808544194699 
-0.6466233522356529 1.2447132765269917 -0.5025808544194699 
-0.6466233522356529 1.2447132765269917 -0.5025808544194699 
-0.6466224134598273 1.2447081380995333 -0.5025682523845927 
-0.6466257920222109 1.2447244333621785 -0.502587448132428 
-0.6466257920222109 1.2447244333621785 -0.502587448132428 
-0.6466229068777891 1.2447112399618385 -0.5025796508051998 
-0.6466229068777891 1.2447112399618385 -0.5025796508051998 
-0.646626227698382 1.244726425654176 -0.5025886255811711 
-0.6466262276983819 1.244726425654176 -0.5025886255811711 
-0.6466262276983819 1.244726425654176 -0.5025886255811711 
-0.646624959062917 1.2447216404573966 -0.5025972925571176 
-0.646624480182137 1.2447187756600422 -0.502587964066167 
-0.646624480182137 1.2447187756600422 -0.502587964066167 
-0.646624480182137 1.2447187756600422 -0.502587964066167 
-0.6466244078885216 1.244717258369567 -0.502573642483281 
-0.6466249206991546 1.2447207900886175 -0.5025891545976731 
-0.6466249206991546 1.2447207900886175 -0.5025891545976731 
-0.6466249206991546 1.2447207900886175 -0.5025891545976731 
-0.6466239625306578 1.2447152218044137 -0.5025724388690107 
-0.6466239625306577 1.2447152218044137 -0.5025724388690107 
-0.6466239625306577 1.2447152218044137 -0.5025724388690107 
-0.6466233954402618 1.2447141490323486 -0.5025890054616784 
-0.6466233954402618 1.2447141490323486 -0.5025890054616784 
-0.6466240634770574 1.2447172038800782 -0.5025908108830834 
-0.6466240634770574 1.2447172038800782 -0.5025908108830834 
-0.6466240634770574 1.2447172038800782 -0.5025908108830834 
-0.6466240634770574 1.2447172038800782 -0.5025908108830834 
-0.6466240634770574 1.2447172038800782 -0.5025908108830834 
-0.6466237975935167 1.2447153130921447 -0.5025820580337401 
-0.6466237975935167 1.2447153130921447 -0.5025820580337401 
-0.6466249206991546 1.2447207900886175 -0.5025891545976731 
-0.6466249206991546 1.2447207900886175 -0.5025891545976731 
-0.6466249206991546 1.2447207900886175 -0.5025891545976731 
-0.6466249206991546 1.2447207900886175 -0.5025891545976731 
-0.646624959062917 1.2447216404573966 -0.5025972925571176 
-0.646624959062917 1.2447216404573966 -0.5025972925571176 
-0.6466255358350057 1.2447227575026176 -0.5025807521299777 
-0.6466255358350057 1.2447227575026176 -0.5025807521299777 
-0.6466255358350057 1.2447227575026176 -0.5025807521299777 
-0.6466255358350057 1.2447227575026176 -0.5025807521299777 
-0.6466233954402618 1.2447141490323486 -0.5025890054616784 
-0.6466229694750691 1.2447125423239411 -0.5025919155411929 
-0.6466229694750691 1.2447125423239411 -0.5025919155411929 
-0.6466229694750691 1.2447125423239411 -0.5025919155411929 
-0.6466229694750691 1.2447125423239411 -0.5025919155411929 
-0.6466249061473297 1.2447203823684498 -0.5025850539866514 
-0.6466262709029909 1.2447272981595328 -0.5025967766233792 
-0.6466262709029909 1.2447272981595328 -0.5025967766233792 
-0.6466262709029909 1.2447272981595328 -0.5025967766233792 
-0.6466262709029909 1.2447272981595328 -0.5025967766233792 
-0.6466268476750796 1.2447284152047537 -0.5025802361962393 
-0.6466273027439217 1.2447308373534967 -0.5025855273387669 
-0.6466273027439217 1.2447308373534967 -0.5025855273387669 
-0.6466273027439217 1.2447308373534967 -0.5025855273387669 
-0.6466273027439217 1.2447308373534967 -0.5025855273387669 
-0.6466245039940748 1.2447192183086535 -0.5025920014145899 
-0.6466233716283242 1.2447137063837372 -0.502584968113255 
-0.6466233716283242 1.2447137063837372 -0.502584968113255 
-0.6466253466643472 1.2447223967970253 -0.5025862445181577 
-0.6466253466643472 1.2447223967970253 -0.5025862445181577 
-0.6466253850281095 1.2447232471658043 -0.5025943824776029 
-0.6466253466643472 1.2447223967970253 -0.5025862445181577 
-0.6466253466643472 1.2447223967970253 -0.5025862445181577 
-0.6466253466643472 1.2447223967970253 -0.5025862445181577 
-0.6466253660570183 1.2447228266537707 -0.5025903582119435 
-0.6466253660570183 1.2447228266537707 -0.5025903582119435 
-0.6466292971726162 1.2447399576235307 -0.5025909174374548 
-0.6466214010115674 1.2447050287623147 -0.5025836153629899 
-0.6466214010115674 1.2447050287623147 -0.5025836153629899 
-0.646620931841766 1.2447025495485502 -0.5025783744002967 
-0.646620931841766 1.2447025495485502 -0.5025783744002967 
-0.646620931841766 1.2447025495485502 -0.5025783744002967 
-0.646620931841766 1.2447025495485502 -0.5025783744002967 
-0.6466259618001984 1.2447243642110253 -0.5025778420504625 
-0.6466259618001984 1.2447243642110253 -0.5025778420504625 
-0.6466259618001984 1.2447243642110253 -0.5025778420504625 
-0.6466259618001984 1.2447243642110253 -0.5025778420504625 
-0.6466257920222109 1.2447244333621785 -0.502587448132428 
-0.6466257920222109 1.2447244333621785 -0.502587448132428 
-0.6466248677982102 1.244719702654888 -0.5025789467085724 
-0.6466248677982102 1.244719702654888 -0.5025789467085724 
-0.6466248677982102 1.244719702654888 -0.5025789467085724 
-0.6466248677982102 1.244719702654888 -0.5025789467085724 
-0.6466213723587835 1.2447045639771257 -0.5025795649318028 
-0.6466213723587835 1.2447045639771257 -0.5025795649318028 
-0.6466213578069587 1.244704156256958 -0.5025754643207818 
-0.6466213578069587 1.244704156256958 -0.5025754643207818 
-0.6466213578069587 1.244704156256958 -0.5025754643207818 
-0.6466257920222109 1.2447244333621785 -0.502587448132428 
-0.6466257920222109 1.2447244333621785 -0.502587448132428 
-0.6466235365654652 1.2447136150960063 -0.5025753489485254 
-0.6466235365654652 1.2447136150960063 -0.5025753489485254 
-0.646624480182137 1.2447187756600422 -0.502587964066167 
-0.646624480182137 1.2447187756600422 -0.502587964066167 
-0.6466282221270764 1.2447355459242098 -0.502594015679859 
-0.6466282221270764 1.2447355459242098 -0.502594015679859 
-0.6466282221270764 1.2447355459242098 -0.502594015679859 
-0.6466282221270764 1.2447355459242098 -0.502594015679859 
-0.6466253660570183 1.2447228266537707 -0.5025903582119435 
-0.6466253660570183 1.2447228266537707 -0.5025903582119435 
-0.6466216382423242 1.2447064547650593 -0.5025883177811461 
-0.6466237975935167 1.2447153130921447 -0.5025820580337401 
-0.6466237975935167 1.2447153130921447 -0.5025820580337401 
-0.6466237975935167 1.2447153130921447 -0.5025820580337401 
-0.6466237975935167 1.2447153130921447 -0.5025820580337401 
-0.6466248677982102 1.244719702654888 -0.5025789467085724 
-0.6466248677982102 1.244719702654888 -0.5025789467085724 
-0.6466214010115674 1.2447050287623147 -0.5025836153629899 
-0.6466214010115674 1.2447050287623147 -0.5025836153629899 
-0.6466214010115674 1.2447050287623147 -0.5025836153629899 
-0.6466282221270764 1.2447355459242098 -0.502594015679859 
-0.6466282221270764 1.2447355459242098 -0.502594015679859 
-0.6466282221270764 1.2447355459242098 -0.502594015679859 
-0.6466213723587835 1.2447045639771257 -0.5025795649318028 
-0.6466213723587835 1.2447045639771257 -0.5025795649318028 
-0.6466249061473297 1.2447203823684498 -0.5025850539866514 
-0.6466249061473297 1.2447203823684498 -0.5025850539866514 
-0.6466239819233289 1.2447156516611593 -0.5025765525627959 
-0.6466239819233289 1.2447156516611593 -0.5025765525627959 
-0.6466239819233289 1.2447156516611593 -0.5025765525627959 
-0.6466239819233289 1.2447156516611593 -0.5025765525627959 
-0.6466243395077991 1.244719660251531 -0.5026057713701748 
-0.6466243395077991 1.244719660251531 -0.5026057713701748 
-0.6466255358350057 1.2447227575026176 -0.5025807521299777 
-0.6466200697788226 1.2446989412034333 -0.5025800176029438 
-0.6466200697788226 1.2446989412034333 -0.5025800176029438 
-0.6466200697788226 1.2446989412034333 -0.5025800176029438 
-0.6466200697788226 1.2446989412034333 -0.5025800176029438 
-0.6466200697788226 1.2446989412034333 -0.5025800176029438 
-0.6466248677982102 1.244719702654888 -0.5025789467085724 
-0.6466248677982102 1.244719702654888 -0.5025789467085724 
-0.6466248677982102 1.244719702654888 -0.5025789467085724 
-0.6466248677982102 1.244719702654888 -0.5025789467085724 
-0.6466242381105342 1.2447173275207202 -0.5025832485652464 
-0.6466242381105342 1.2447173275207202 -0.5025832485652464 
-0.6466242381105342 1.2447173275207202 -0.5025832485652464 
-0.64663060901269 1.2447456153256669 -0.502590401503717 
-0.6466245233867458 1.244719648165399 -0.5025961151083749 
-0.6466245233867458 1.244719648165399 -0.5025961151083749 
