-0.6578705167723087 0.9713642658183198 -0.27073702165557256 
-0.6579796053522641 0.9713813628284474 -0.2707350182660958 
-0.6579796053522641 0.9713813628284474 -0.2707350182660958 
-0.6579796053522641 0.9713813628284474 -0.2707350182660958 
-0.6579796053522641 0.9713813628284474 -0.2707350182660958 
-0.6572589967892505 0.9680548353599345 -0.2687871990639611 
-0.6572589967892505 0.9680548353599345 -0.2687871990639611 
-0.6572589967892505 0.9680548353599345 -0.2687871990639611 
-0.6572589967892505 0.9680548353599345 -0.2687871990639611 
-0.6572589967892505 0.9680548353599345 -0.2687871990639611 
-0.6572589967892505 0.9680548353599345 -0.2687871990639611 
-0.6572589967892505 0.9680548353599345 -0.2687871990639611 
-0.6576450925512412 0.9703190914922919 -0.27011592108310567 
-0.6576450925512412 0.9703190914922919 -0.27011592108310567 
-0.6576450925512412 0.9703190914922919 -0.27011592108310567 
-0.6576450925512412 0.9703190914922919 -0.27011592108310567 
-0.6576450925512412 0.9703190914922919 -0.27011592108310567 
-0.658382289649173 0.9732423242737256 -0.2718477829290027 
-0.658382289649173 0.9732423242737256 -0.2718477829290027 
-0.6588458578667618 0.9753829305687679 -0.27310845934241335 
-0.6592443137422885 0.9772238542638235 -0.27420368125716876 
-0.6592443137422884 0.9772238542638235 -0.27420368125716843 
-0.6592443137422884 0.9772238542638235 -0.27420368125716843 
-0.659721923376322 0.9794293096564479 -0.2755026664565009 
-0.659721923376322 0.9794293096564479 -0.2755026664565009 
-0.659721923376322 0.9794293096564479 -0.2755026664565009 
-0.659721923376322 0.9794293096564479 -0.2755026664565009 
-0.659721923376322 0.9794293096564479 -0.2755026664565009 
-0.6603089956524764 0.9821399646094513 -0.2770962321815813 
-0.6603089956524764 0.9821399646094513 -0.2770962321815813 
-0.660693865587078 0.9839184872022585 -0.27815845117106963 
-0.660693865587078 0.9839184872022585 -0.27815845117106963 
-0.660693865587078 0.9839184872022585 -0.27815845117106963 
-0.660693865587078 0.9839184872022585 -0.27815845117106963 
-0.660693865587078 0.9839184872022585 -0.27815845117106963 
-0.660693865587078 0.9839184872022585 -0.27815845117106963 
-0.6613410518251035 0.9869067734180899 -0.27991602406061844 
-0.6613410518251035 0.9869067734180899 -0.27991602406061844 
-0.6613410518251035 0.9869067734180899 -0.27991602406061844 
-0.6613410518251035 0.9869067734180899 -0.27991602406061844 
-0.6613410518251035 0.9869067734180899 -0.27991602406061844 
-0.6613410518251035 0.9869067734180899 -0.27991602406061844 
-0.661884935456102 0.98941865409614 -0.28139988586816156 
-0.661884935456102 0.98941865409614 -0.28139988586816156 
-0.661884935456102 0.98941865409614 -0.28139988586816156 
-0.661884935456102 0.98941865409614 -0.28139988586816156 
-0.6622324920586651 0.9910245037919108 -0.2823562407847614 
-0.6622324920586651 0.9910245037919108 -0.2823562407847614 
-0.6622324920586651 0.9910245037919108 -0.2823562407847614 
-0.6622324920586651 0.9910245037919108 -0.2823562407847614 
-0.6622324920586651 0.9910245037919108 -0.2823562407847614 
-0.6631644388117305 0.9953275880093918 -0.2848866542611129 
-0.6631644388117305 0.9953275880093918 -0.2848866542611129 
-0.6631644388117305 0.9953275880093918 -0.2848866542611129 
-0.6631644388117305 0.9953275880093918 -0.2848866542611129 
-0.6631644388117305 0.9953275880093918 -0.2848866542611129 
-0.6637399470254358 0.9979862129955447 -0.2864649228931908 
-0.6637399470254358 0.9979862129955447 -0.2864649228931908 
-0.6637399470254358 0.9979862129955447 -0.2864649228931908 
-0.6637399470254358 0.9979862129955447 -0.2864649228931908 
-0.6637399470254358 0.9979862129955447 -0.2864649228931908 
-0.6639404596412152 0.998911919180016 -0.2870079123998116 
-0.6639404596412152 0.998911919180016 -0.2870079123998116 
-0.66484501452994 1.0030891852224213 -0.2894717198538328 
-0.66484501452994 1.0030891852224213 -0.2894717198538328 
-0.66484501452994 1.0030891852224213 -0.2894717198538328 
-0.66484501452994 1.0030891852224213 -0.2894717198538328 
-0.6653729142169316 1.0055279342433 -0.2909200995345297 
-0.6653729142169316 1.0055279342433 -0.2909200995345297 
-0.6654861391907678 1.0060511986555103 -0.2912330711201121 
-0.6654861391907678 1.0060511986555103 -0.2912330711201121 
-0.6654861391907678 1.0060511986555103 -0.2912330711201121 
-0.6654861391907678 1.0060511986555103 -0.2912330711201121 
-0.666031948340272 1.0085709389181954 -0.2927099966631561 
-0.666031948340272 1.0085709389181954 -0.2927099966631561 
-0.666031948340272 1.0085709389181954 -0.2927099966631561 
-0.6664832952452729 1.0106564797920536 -0.2939535828272283 
-0.6664832952452729 1.0106564797920536 -0.2939535828272283 
-0.6664832952452729 1.0106564797920536 -0.2939535828272283 
-0.6664832952452729 1.0106564797920536 -0.2939535828272283 
-0.6670120235353536 1.0130980223862303 -0.29539203356116783 
-0.6670120235353536 1.0130980223862303 -0.29539203356116783 
-0.6670120235353536 1.0130980223862303 -0.29539203356116783 
-0.6672954844612463 1.014407162765074 -0.2961653917170127 
-0.6672954844612463 1.014407162765074 -0.2961653917170127 
-0.6672954844612463 1.014407162765074 -0.2961653917170127 
-0.6672954844612463 1.014407162765074 -0.2961653917170127 
-0.6672954844612463 1.014407162765074 -0.2961653917170127 
-0.6679284418199316 1.0173304229418734 -0.29789227077132785 
-0.6679284418199316 1.0173304229418734 -0.29789227077132785 
-0.6679284418199316 1.0173304229418734 -0.29789227077132785 
-0.6679284418199316 1.0173304229418734 -0.29789227077132785 
-0.6679284418199316 1.0173304229418734 -0.29789227077132785 
-0.6685238846713659 1.0200804255309475 -0.29951680009241766 
-0.6685238846713659 1.0200804255309475 -0.29951680009241766 
-0.6688741954611324 1.0216971083850825 -0.3004584099072529 
-0.6688741954611324 1.0216971083850825 -0.3004584099072529 
-0.6693799690115821 1.024034178853183 -0.3018524299663117 
-0.6693799690115821 1.024034178853183 -0.3018524299663117 
-0.6693799690115821 1.024034178853183 -0.3018524299663117 
-0.6693799690115821 1.024034178853183 -0.3018524299663117 
-0.6699512600174597 1.026672293760484 -0.3034070033132452 
-0.6699512600174597 1.026672293760484 -0.3034070033132452 
-0.6699512600174597 1.026672293760484 -0.3034070033132452 
-0.6699512600174597 1.026672293760484 -0.3034070033132452 
-0.6699512600174597 1.026672293760484 -0.3034070033132452 
-0.6702503132522153 1.0280537903227995 -0.3042269647095607 
-0.6702503132522153 1.0280537903227995 -0.3042269647095607 
-0.6702503132522153 1.0280537903227995 -0.3042269647095607 
-0.6702503132522153 1.0280537903227995 -0.3042269647095607 
-0.6712281462866264 1.032569485300701 -0.30689069478583797 
-0.6712281462866264 1.032569485300701 -0.30689069478583797 
-0.6712281462866264 1.032569485300701 -0.30689069478583797 
-0.6719324079426552 1.035822058360902 -0.30881211126969055 
-0.6719324079426552 1.035822058360902 -0.30881211126969055 
-0.6719324079426552 1.035822058360902 -0.30881211126969055 
-0.6725274108291082 1.0385700290088171 -0.31043544024718606 
-0.6725274108291082 1.0385700290088171 -0.31043544024718606 
-0.6725274108291082 1.0385700290088171 -0.31043544024718606 
-0.6727432981688889 1.0395670864794295 -0.3110244393638618 
-0.6727432981688889 1.0395670864794295 -0.3110244393638618 
-0.6732101890529155 1.0417237270692996 -0.3123023073111866 
-0.6732101890529155 1.0417237270692996 -0.3123023073111866 
-0.6732101890529155 1.0417237270692996 -0.3123023073111866 
-0.6738376952532233 1.0446225003710115 -0.3140224405297142 
-0.6738376952532233 1.0446225003710115 -0.3140224405297142 
-0.6738376952532233 1.0446225003710115 -0.3140224405297142 
-0.6738376952532233 1.0446225003710115 -0.3140224405297142 
-0.6744852880375242 1.0476119753464046 -0.3157729961873542 
-0.6744852880375242 1.0476119753464046 -0.3157729961873542 
-0.6749427293390216 1.0497246294162903 -0.31702101991485343 
-0.6754019591238916 1.0518462322859128 -0.3182820495094688 
-0.6754019591238916 1.0518462322859128 -0.3182820495094688 
-0.6755568692811914 1.0525620162021774 -0.31870874956223905 
-0.6755568692811914 1.0525620162021774 -0.31870874956223905 
-0.6755568692811914 1.0525620162021774 -0.31870874956223905 
-0.6755568692811914 1.0525620162021774 -0.31870874956223905 
-0.6755568692811914 1.0525620162021774 -0.31870874956223905 
-0.6755568692811914 1.0525620162021774 -0.31870874956223905 
-0.6760564172235586 1.0548687918215411 -0.32006758840673244 
-0.6760564172235586 1.0548687918215411 -0.32006758840673244 
-0.6768714745295612 1.0586330652465246 -0.3222912854227936 
-0.6768714745295612 1.0586330652465246 -0.3222912854227936 
-0.6768714745295612 1.0586330652465246 -0.3222912854227936 
-0.6768714745295612 1.0586330652465246 -0.3222912854227936 
-0.6771457040571935 1.0598992267710272 -0.32303539462457376 
-0.6771457040571935 1.0598992267710272 -0.32303539462457376 
-0.6771457040571935 1.0598992267710272 -0.32303539462457376 
-0.6779164596926781 1.0634592410872339 -0.3251422878884339 
-0.6779164596926781 1.0634592410872339 -0.3251422878884339 
-0.6780875719782535 1.0642491643263128 -0.3256050653338114 
-0.6780875719782535 1.0642491643263128 -0.3256050653338114 
-0.6780875719782535 1.0642491643263128 -0.3256050653338114 
-0.6780875719782535 1.0642491643263128 -0.3256050653338114 
-0.6790300992473781 1.0686021470250253 -0.3281765349230946 
-0.6790300992473781 1.0686021470250253 -0.3281765349230946 
-0.6790300992473781 1.0686021470250253 -0.3281765349230946 
-0.6790300992473781 1.0686021470250253 -0.3281765349230946 
-0.6790300992473781 1.0686021470250253 -0.3281765349230946 
-0.6792205655741245 1.0694824885310947 -0.32870430503343206 
-0.6792205655741245 1.0694824885310947 -0.32870430503343206 
-0.6792205655741245 1.0694824885310947 -0.32870430503343206 
-0.6800624615092319 1.0742225266951673 -0.33148575694882787 
-0.6800624615092319 1.0742225266951673 -0.33148575694882787 
-0.6809344893192233 1.0773981007937052 -0.3333803530728332 
-0.6809344893192233 1.0773981007937052 -0.3333803530728332 
-0.6809344893192233 1.0773981007937052 -0.3333803530728332 
-0.6814952684446756 1.0799880118879064 -0.33491031036387786 
-0.6814952684446756 1.0799880118879064 -0.33491031036387786 
-0.6818894766907052 1.081807596164073 -0.3359736275947133 
-0.6818894766907052 1.081807596164073 -0.3359736275947133 
-0.6818894766907052 1.081807596164073 -0.3359736275947134 
-0.6818894766907052 1.081807596164073 -0.3359736275947134 
-0.682490404119223 1.084582928809832 -0.33761312032709323 
-0.682490404119223 1.084582928809832 -0.33761312032709323 
-0.682490404119223 1.084582928809832 -0.33761312032709323 
-0.6830986320328297 1.087393355810488 -0.33928878355992753 
-0.6833932492760815 1.0887533318599965 -0.34008445276999255 
-0.6833932492760815 1.0887533318599965 -0.34008445276999255 
-0.6836832743857142 1.0900924439477513 -0.34087165659628893 
-0.6836832743857142 1.0900924439477513 -0.34087165659628893 
-0.6836832743857142 1.0900924439477513 -0.34087165659628893 
-0.6836832743857142 1.0900924439477513 -0.34087165659628893 
-0.6842306860542138 1.0926209629895032 -0.3423692070455001 
-0.6842306860542138 1.0926209629895032 -0.3423692070455001 
-0.6842306860542138 1.0926209629895032 -0.3423692070455001 
-0.6845884397588681 1.0942716758982434 -0.3433270599472842 
-0.6845884397588681 1.0942716758982434 -0.3433270599472842 
-0.6845884397588681 1.0942716758982434 -0.3433270599472842 
-0.6845884397588681 1.0942716758982434 -0.3433270599472842 
-0.6852877360880998 1.0975028594182947 -0.34525312574528755 
-0.6854759811593798 1.0983722534032152 -0.3457667092690606 
-0.6854759811593798 1.0983722534032152 -0.3457667092690606 
-0.6854759811593798 1.0983722534032152 -0.3457667092690606 
-0.6862965540635425 1.102162688993232 -0.34801358073053323 
-0.6862965540635425 1.102162688993232 -0.34801358073053323 
-0.6866030502131859 1.103578215610153 -0.34884978521379684 
-0.6866030502131859 1.103578215610153 -0.34884978521379684 
-0.6868943755113729 1.1049229880890257 -0.34963647310639656 
-0.6868943755113729 1.1049229880890257 -0.34963647310639656 
-0.6868943755113729 1.1049229880890257 -0.34963647310639656 
-0.6875119921641702 1.1077757429295936 -0.351325561761505 
-0.6875119921641702 1.1077757429295936 -0.351325561761505 
-0.6875119921641702 1.1077757429295936 -0.351325561761505 
-0.6875119921641702 1.1077757429295936 -0.351325561761505 
-0.6881473639355867 1.1107101538679587 -0.3530590279874789 
-0.6889500874590855 1.1144164314985083 -0.35523688550503185 
-0.6889500874590855 1.1144164314985083 -0.35523688550503185 
-0.6889500874590855 1.1144164314985083 -0.35523688550503185 
-0.6889500874590855 1.1144164314985083 -0.35523688550503185 
-0.6889500874590855 1.1144164314985083 -0.35523688550503196 
-0.6891341606553381 1.1152665580304746 -0.35573908702415147 
-0.6891341606553381 1.1152665580304746 -0.35573908702415147 
-0.6893417597677891 1.1162263702823856 -0.3563176632128843 
-0.6893417597677891 1.1162263702823856 -0.3563176632128843 
-0.6893417597677891 1.1162263702823856 -0.3563176632128843 
-0.6901500149993935 1.1199592289004552 -0.3585228023282546 
-0.6901500149993935 1.1199592289004552 -0.3585228023282546 
-0.6907976214960106 1.122949111625086 -0.3602774585969184 
-0.6907976214960106 1.122949111625086 -0.3602774585969184 
-0.6913797717172685 1.125639437935717 -0.36188594969389287 
-0.6913797717172684 1.125639437935717 -0.36188594969389254 
-0.6915572059030052 1.1264578769847664 -0.3623579369248435 
-0.6915572059030052 1.1264578769847664 -0.3623579369248435 
-0.6915572059030052 1.1264578769847664 -0.3623579369248435 
-0.6915572059030052 1.1264578769847664 -0.3623579369248435 
-0.6915572059030052 1.1264578769847664 -0.3623579369248435 
-0.6924240561242506 1.130461696040591 -0.3647270022372724 
-0.6924240561242506 1.130461696040591 -0.3647270022372724 
-0.6927177797252233 1.131817200458543 -0.36551617014912496 
-0.6934464597409147 1.1351839253336202 -0.3675204593301117 
-0.6936614534384162 1.1361765111726763 -0.3681029571485753 
-0.6936614534384162 1.1361765111726763 -0.3681029571485753 
-0.6936614534384162 1.1361765111726763 -0.3681029571485753 
-0.6940098207359008 1.1377847273143216 -0.3690452710599761 
-0.6940098207359008 1.1377847273143216 -0.3690452710599761 
-0.6943654610938412 1.1394272223123882 -0.3700155542497817 
-0.6943654610938412 1.1394272223123882 -0.3700155542497817 
-0.6943654610938412 1.1394272223123882 -0.3700155542497817 
-0.6943654610938412 1.1394272223123882 -0.3700155542497817 
-0.6943654610938412 1.1394272223123882 -0.3700155542497817 
-0.6946342394630961 1.140668896961803 -0.370752917615775 
-0.6946342394630961 1.140668896961803 -0.370752917615775 
-0.6946342394630961 1.140668896961803 -0.370752917615775 
-0.6946342394630961 1.140668896961803 -0.370752917615775 
-0.6955059322221205 1.144695425289997 -0.3731392578825451 
-0.6962005422212971 1.147903422987057 -0.37503434203321784 
-0.6962005422212971 1.147903422987057 -0.37503434203321784 
-0.696200542221297 1.147903422987057 -0.3750343420332175 
-0.6962840824426559 1.1482882131933492 -0.375250072776136 
-0.6962840824426559 1.1482882131933492 -0.375250072776136 
-0.6962840824426559 1.1482882131933492 -0.375250072776136 
-0.6963406856757866 1.1485496304515868 -0.3754045017220332 
-0.6963406856757866 1.1485496304515868 -0.3754045017220332 
-0.6963406856757866 1.1485496304515868 -0.3754045017220332 
-0.6963406856757866 1.1485496304515868 -0.3754045017220332 
-0.6969806841983429 1.151505754069927 -0.37715465417797045 
-0.6969806841983429 1.151505754069927 -0.37715465417797045 
-0.6969806841983428 1.151505754069927 -0.3771546541779701 
-0.6976323064278722 1.154515560798566 -0.3789365192537689 
-0.6976323064278722 1.154515560798566 -0.3789365192537689 
-0.6976323064278722 1.154515560798566 -0.3789365192537689 
-0.6976323064278722 1.154515560798566 -0.3789365192537689 
-0.6976323064278722 1.154515560798566 -0.3789365192537689 
-0.6982197995620253 1.1572278150286806 -0.3805271699933094 
-0.6982197995620253 1.1572278150286806 -0.3805271699933094 
-0.6986114557607833 1.1590373349900713 -0.3816038405487563 
-0.6986114557607833 1.1590373349900713 -0.3816038405487563 
-0.6986114557607833 1.1590373349900713 -0.3816038405487563 
-0.6986114557607832 1.1590373349900713 -0.38160384054875596 
-0.6996157870828648 1.1636745565119246 -0.38432979545864343 
-0.6996157870828648 1.1636745565119246 -0.38432979545864343 
-0.6996157870828648 1.1636745565119246 -0.38432979545864343 
-0.6996157870828648 1.1636745565119246 -0.38432979545864343 
-0.7006221905799674 1.1683230553248642 -0.38708154316273824 
-0.7006221905799674 1.1683230553248642 -0.38708154316273824 
-0.7006221905799674 1.1683230553248642 -0.38708154316273824 
-0.7006221905799674 1.1683230553248642 -0.38708154316273824 
-0.7006221905799674 1.1683230553248642 -0.38708154316273824 
-0.7011862753628006 1.1709285777389382 -0.38862458238227193 
-0.7011862753628006 1.1709285777389382 -0.38862458238227193 
-0.7011862753628006 1.1709285777389382 -0.38862458238227193 
-0.7011862753628006 1.1709285777389382 -0.38862458238227193 
-0.7011862753628006 1.1709285777389382 -0.38862458238227193 
-0.7011862753628006 1.1709285777389382 -0.38862458238227193 
-0.7020744230518902 1.175031101773811 -0.3910558161536043 
-0.7020744230518902 1.175031101773811 -0.3910558161536043 
-0.7024885963573182 1.1769428929929355 -0.3921736034722271 
-0.7024885963573182 1.1769428929929355 -0.3921736034722271 
-0.7024885963573182 1.1769428929929355 -0.3921736034722271 
-0.7024885963573182 1.1769428929929355 -0.3921736034722271 
-0.7024885963573182 1.1769428929929355 -0.3921736034722271 
-0.7024104918101027 1.177803877610253 -0.39265763681663446 
-0.7024104918101027 1.177803877610253 -0.39265763681663446 
-0.7024104918101027 1.177803877610253 -0.39265763681663446 
-0.7024104918101027 1.177803877610253 -0.39265763681663446 
-0.7035863780823525 1.1820117148065132 -0.39515460471448016 
-0.7035863780823525 1.1820117148065132 -0.39515460471448016 
-0.7035863780823525 1.1820117148065132 -0.39515460471448016 
-0.703936188365785 1.1836288190126698 -0.3961270896221064 
-0.7041770692671208 1.184740962719279 -0.39678021474185965 
-0.7041770692671208 1.184740962719279 -0.39678021474185965 
-0.704585099911824 1.1866245642753483 -0.3978833631493298 
-0.704585099911824 1.1866245642753483 -0.3978833631493298 
-0.704585099911824 1.1866245642753483 -0.3978833631493298 
-0.704585099911824 1.1866245642753483 -0.3978833631493298 
-0.704585099911824 1.1866245642753483 -0.3978833631493298 
-0.704585099911824 1.1866245642753483 -0.3978833631493298 
-0.7055682279624972 1.1911654026793912 -0.4005696658638759 
-0.7059261289230744 1.192819536062895 -0.4015602494597127 
-0.7059261289230744 1.192819536062895 -0.4015602494597127 
-0.7059261289230744 1.192819536062895 -0.4015602494597127 
-0.7059261289230744 1.192819536062895 -0.4015602494597127 
-0.706179295277077 1.1939884190964785 -0.4022468926207562 
-0.706179295277077 1.1939884190964785 -0.4022468926207562 
-0.706179295277077 1.1939884190964785 -0.4022468926207562 
-0.7066530445547028 1.1961777603715336 -0.40355557339270065 
-0.7066530445547028 1.1961777603715336 -0.40355557339270065 
-0.7066530445547028 1.1961777603715336 -0.40355557339270065 
-0.7066530445547028 1.1961777603715336 -0.40355557339270065 
-0.7066530445547028 1.1961777603715336 -0.40355557339270065 
-0.7066530445547028 1.1961777603715336 -0.40355557339270065 
-0.7074021602482554 1.1996352642653902 -0.4055731296957624 
-0.7074021602482554 1.1996352642653902 -0.4055731296957624 
-0.7089283444600443 1.2066850153103783 -0.40975110632580825 
-0.7089283444600443 1.2066850153103783 -0.40975110632580825 
-0.7089283444600443 1.2066850153103783 -0.40975110632580825 
-0.7091591224248592 1.2077501550366982 -0.4103726046991455 
-0.7091591224248592 1.2077501550366982 -0.4103726046991455 
-0.7091591224248592 1.2077501550366982 -0.4103726046991455 
-0.7091591224248592 1.2077501550366982 -0.4103726046991455 
-0.7091951197581017 1.207916750104287 -0.41047487837099783 
-0.709477966069323 1.209224085197291 -0.4112587492919416 
-0.7096630431833711 1.2100769614159799 -0.41174143050044787 
-0.7096630431833711 1.2100769614159799 -0.41174143050044787 
-0.709663043183371 1.2100769614159799 -0.41174143050044754 
-0.709663043183371 1.2100769614159799 -0.41174143050044754 
-0.7101846111170065 1.212486976910709 -0.4131785419133315 
-0.7101846111170065 1.212486976910709 -0.4131785419133315 
-0.7108551026893322 1.2155839301075928 -0.4150118876653507 
-0.7108551026893322 1.2155839301075928 -0.4150118876653507 
-0.7111898521257037 1.2171289088861728 -0.41591298516434494 
-0.711579973841693 1.2189313419683163 -0.4169854692353213 
-0.711579973841693 1.2189313419683163 -0.4169854692353213 
-0.7117703894409729 1.2198104159336773 -0.4175009113470586 
-0.7117703894409729 1.2198104159336773 -0.4175009113470586 
-0.7117703894409729 1.2198104159336773 -0.4175009113470586 
-0.7117703894409729 1.2198104159336773 -0.4175009113470586 
-0.7124762261913644 1.22307095227447 -0.41943475151502996 
-0.7124762261913644 1.22307095227447 -0.41943475151502996 
-0.7124762261913644 1.22307095227447 -0.41943475151502996 
-0.7126879046409678 1.2240478825006575 -0.4200041412394765 
-0.7126879046409678 1.2240478825006575 -0.4200041412394765 
-0.7126879046409678 1.2240478825006575 -0.4200041412394765 
-0.7135128377821645 1.227857766637547 -0.4222547822079329 
-0.7140293104418401 1.2302433964764734 -0.42366792266401254 
-0.7140293104418401 1.2302433964764734 -0.42366792266401254 
-0.71402931044184 1.2302433964764734 -0.4236679226640122 
-0.71402931044184 1.2302433964764734 -0.4236679226640122 
-0.7146811669655837 1.233254629693242 -0.42545449015797765 
-0.7146811669655837 1.233254629693242 -0.42545449015797765 
-0.7146811669655837 1.233254629693242 -0.42545449015797765 
-0.7146811669655837 1.233254629693242 -0.42545449015797765 
-0.7154386814639689 1.2367517688342213 -0.4275049420140934 
-0.7154386814639689 1.2367517688342213 -0.4275049420140934 
-0.7155961735564111 1.237478623637418 -0.4279286166151751 
-0.7155961735564111 1.237478623637418 -0.4279286166151751 
-0.7159445778690455 1.2390876995705342 -0.428879157914151 
-0.7159445778690455 1.2390876995705342 -0.428879157914151 
-0.7165383887468176 1.241832388782503 -0.4305254689090713 
-0.7168502761391934 1.2432710997863672 -0.4313561544921204 
-0.7168502761391934 1.2432710997863672 -0.4313561544921204 
-0.7168502761391934 1.2432710997863672 -0.4313561544921204 
-0.7173557313804739 1.2456049930448962 -0.43272916677789286 
-0.7173557313804739 1.2456049930448962 -0.43272916677789286 
-0.7175688299155305 1.2465903686389221 -0.4333246901501394 
-0.7175688299155305 1.2465903686389221 -0.4333246901501394 
-0.7179683839052886 1.2484363638819391 -0.43442290801784356 
-0.7179683839052886 1.2484363638819391 -0.43442290801784356 
-0.7179683839052886 1.2484363638819391 -0.43442290801784356 
-0.7185708135966836 1.251217945761972 -0.43605837292988203 
-0.719144771817082 1.2538690678147035 -0.43762834956042884 
-0.719144771817082 1.2538690678147035 -0.43762834956042884 
-0.719144771817082 1.2538690678147035 -0.43762834956042884 
-0.719144771817082 1.2538690678147035 -0.43762834956042884 
-0.7195054293624918 1.2555340454298207 -0.43860419459588307 
-0.7195054293624918 1.2555340454298207 -0.43860419459588307 
-0.7196704287439959 1.256296425577137 -0.43905842078404567 
-0.7196704287439959 1.256296425577137 -0.43905842078404567 
-0.720345092191349 1.2594126462269746 -0.44090314854071877 
-0.720345092191349 1.2594126462269746 -0.44090314854071877 
-0.720345092191349 1.2594126462269746 -0.44090314854071877 
-0.720345092191349 1.2594126462269746 -0.44090314854071877 
-0.720691874344207 1.261012687949096 -0.44183106807854056 
-0.720691874344207 1.261012687949096 -0.44183106807854056 
-0.7212711621327794 1.263689622145759 -0.4434297180840586 
-0.7212711621327794 1.263689622145759 -0.4434297180840586 
-0.7212711621327794 1.263689622145759 -0.4434297180840586 
-0.7212711621327794 1.263689622145759 -0.4434297180840586 
-0.7215962909333754 1.2651908576695465 -0.444312694283994 
-0.7215962909333754 1.2651908576695465 -0.444312694283994 
-0.7215962909333754 1.2651908576695465 -0.444312694283994 
-0.7215962909333754 1.2651908576695465 -0.444312694283994 
-0.7215962909333754 1.2651908576695465 -0.444312694283994 
-0.7225923798947259 1.2697918993664772 -0.4470384210722823 
-0.7225923798947259 1.2697918993664772 -0.4470384210722823 
-0.7225923798947259 1.2697918993664772 -0.4470384210722823 
-0.7225923798947259 1.2697918993664772 -0.4470384210722823 
-0.7225923798947259 1.2697918993664772 -0.4470384210722823 
-0.7231593041441411 1.272410191197414 -0.448585143925354 
-0.7231593041441411 1.272410191197414 -0.448585143925354 
-0.7235861992707734 1.2743807370747988 -0.4497376398167884 
-0.7235861992707734 1.2743807370747988 -0.4497376398167884 
-0.7235861992707734 1.2743807370747988 -0.4497376398167884 
-0.724086205685697 1.2766899745310571 -0.45110179269866413 
-0.724086205685697 1.2766899745310571 -0.45110179269866413 
-0.724086205685697 1.2766899745310571 -0.45110179269866413 
-0.724086205685697 1.2766899745310571 -0.45110179269866413 
-0.7247167486316508 1.2796020839462905 -0.4528220845813201 
-0.7247167486316508 1.2796020839462905 -0.4528220845813201 
-0.7247167486316508 1.2796020839462905 -0.4528220845813201 
-0.7250857588441733 1.281305982070055 -0.45382478115434177 
-0.7250857588441733 1.281305982070055 -0.45382478115434177 
-0.7254923145850232 1.2831839698898935 -0.4549380384947098 
-0.7257808350341493 1.2845168216701253 -0.4557292635999658 
-0.7257808350341493 1.2845168216701253 -0.4557292635999658 
-0.7257808350341493 1.2845168216701253 -0.4557292635999658 
-0.7263179183889716 1.2869972958461984 -0.45719457241285444 
-0.7268523554344778 1.2894652038458252 -0.45864859817729975 
-0.7271463616595019 1.2908233912193663 -0.4594547899645366 
-0.7271463616595019 1.2908233912193663 -0.4594547899645366 
-0.7271463616595019 1.2908233912193663 -0.4594547899645366 
-0.7271463616595019 1.2908233912193663 -0.4594547899645366 
-0.7271463616595019 1.2908233912193663 -0.4594547899645366 
-0.7274342803441878 1.2921546692714991 -0.4602585944938583 
-0.7274342803441878 1.2921546692714991 -0.4602585944938583 
-0.7278569854249474 1.294105347145322 -0.4613935640054855 
-0.7278569854249474 1.294105347145322 -0.4613935640054855 
-0.7278569854249474 1.294105347145322 -0.4613935640054855 
-0.7278569854249474 1.294105347145322 -0.4613935640054855 
-0.7285160320617895 1.2971487540328306 -0.46318755847444504 
-0.7285160320617895 1.2971487540328306 -0.46318755847444504 
-0.728871488852982 1.2987910900834763 -0.4641654672446852 
-0.728871488852982 1.2987910900834763 -0.4641654672446852 
-0.7290277177064111 1.2995129642865941 -0.46459576505754685 
-0.7290277177064111 1.2995129642865941 -0.46459576505754685 
-0.7300125500942848 1.304060640768068 -0.4672745280651064 
-0.7300125500942848 1.304060640768068 -0.4672745280651064 
-0.7300125500942848 1.304060640768068 -0.4672745280651064 
-0.7303629437658 1.3056792488074525 -0.46823456007386166 
-0.7303629437658 1.3056792488074525 -0.46823456007386166 
-0.7303629437658 1.3056792488074525 -0.46823456007386166 
-0.7307731705733573 1.3075728134590126 -0.469341580277738 
-0.7307731705733573 1.3075728134590126 -0.469341580277738 
-0.731607094824527 1.3114242222789918 -0.47161675142863724 
-0.731607094824527 1.3114242222789918 -0.47161675142863724 
-0.7322139766173715 1.3142277434943195 -0.4732806156793322 
-0.7322139766173715 1.3142277434943195 -0.4732806156793322 
-0.7322139766173715 1.3142277434943195 -0.4732806156793322 
-0.7322139766173715 1.3142277434943195 -0.4732806156793322 
-0.7322139766173715 1.3142277434943195 -0.4732806156793322 
-0.7331433409014959 1.3185199340569878 -0.475816173081519 
-0.7334820875632049 1.3200844069438409 -0.4767403656938606 
-0.7334820875632049 1.3200844069438409 -0.4767403656938606 
-0.7335968470198097 1.3206147582352987 -0.4770575237639133 
-0.7335968470198097 1.3206147582352987 -0.4770575237639133 
-0.7335968470198097 1.3206147582352987 -0.4770575237639133 
-0.7335968470198097 1.3206147582352987 -0.4770575237639133 
-0.7335968470198097 1.3206147582352987 -0.4770575237639133 
-0.7342117642381947 1.3234536682854623 -0.4787229948305963 
-0.7342117642381947 1.3234536682854623 -0.4787229948305963 
