-0.6028705167723086 1.0413642658183198 -0.2707370216555721 
-0.602979605352264 1.0413813628284474 -0.2707350182660959 
-0.602979605352264 1.0413813628284474 -0.2707350182660959 
-0.602979605352264 1.0413813628284474 -0.2707350182660959 
-0.602979605352264 1.0413813628284474 -0.2707350182660959 
-0.6022589967892504 1.0380548353599346 -0.26878719906396076 
-0.6022589967892504 1.0380548353599346 -0.26878719906396076 
-0.6022589967892504 1.0380548353599346 -0.26878719906396076 
-0.6022589967892504 1.0380548353599346 -0.26878719906396076 
-0.6022589967892504 1.0380548353599346 -0.26878719906396076 
-0.6022589967892504 1.0380548353599346 -0.26878719906396076 
-0.6022589967892504 1.0380548353599346 -0.26878719906396076 
-0.6026450925512412 1.040319091492292 -0.2701159210831058 
-0.6026450925512412 1.040319091492292 -0.2701159210831058 
-0.6026450925512412 1.040319091492292 -0.2701159210831058 
-0.6026450925512412 1.040319091492292 -0.2701159210831058 
-0.6026450925512412 1.040319091492292 -0.2701159210831058 
-0.6033822896491731 1.0432423242737257 -0.2718477829290026 
-0.6033822896491731 1.0432423242737257 -0.2718477829290026 
-0.6038458578667616 1.0453829305687679 -0.27310845934241335 
-0.6042443137422886 1.047223854263824 -0.27420368125716865 
-0.6042443137422886 1.047223854263824 -0.2742036812571683 
-0.6042443137422886 1.047223854263824 -0.2742036812571683 
-0.6047219233763219 1.049429309656448 -0.2755026664565011 
-0.6047219233763219 1.049429309656448 -0.2755026664565011 
-0.6047219233763219 1.049429309656448 -0.2755026664565011 
-0.6047219233763219 1.049429309656448 -0.2755026664565011 
-0.6047219233763219 1.049429309656448 -0.2755026664565011 
-0.6053089956524763 1.0521399646094514 -0.2770962321815813 
-0.6053089956524763 1.0521399646094514 -0.2770962321815813 
-0.6056938655870779 1.0539184872022587 -0.2781584511710695 
-0.6056938655870779 1.0539184872022587 -0.2781584511710695 
-0.6056938655870779 1.0539184872022587 -0.2781584511710695 
-0.6056938655870779 1.0539184872022587 -0.2781584511710695 
-0.6056938655870779 1.0539184872022587 -0.2781584511710695 
-0.6056938655870779 1.0539184872022587 -0.2781584511710695 
-0.6063410518251034 1.05690677341809 -0.27991602406061844 
-0.6063410518251034 1.05690677341809 -0.27991602406061844 
-0.6063410518251034 1.05690677341809 -0.27991602406061844 
-0.6063410518251034 1.05690677341809 -0.27991602406061844 
-0.6063410518251034 1.05690677341809 -0.27991602406061844 
-0.6063410518251034 1.05690677341809 -0.27991602406061844 
-0.6068849354561021 1.0594186540961401 -0.28139988586816167 
-0.6068849354561021 1.0594186540961401 -0.28139988586816167 
-0.6068849354561021 1.0594186540961401 -0.28139988586816167 
-0.6068849354561021 1.0594186540961401 -0.28139988586816167 
-0.6072324920586651 1.061024503791911 -0.28235624078476107 
-0.6072324920586651 1.061024503791911 -0.28235624078476107 
-0.6072324920586651 1.061024503791911 -0.28235624078476107 
-0.6072324920586651 1.061024503791911 -0.28235624078476107 
-0.6072324920586651 1.061024503791911 -0.28235624078476107 
-0.6081644388117304 1.065327588009392 -0.28488665426111304 
-0.6081644388117304 1.065327588009392 -0.28488665426111304 
-0.6081644388117304 1.065327588009392 -0.28488665426111304 
-0.6081644388117304 1.065327588009392 -0.28488665426111304 
-0.6081644388117304 1.065327588009392 -0.28488665426111304 
-0.6087399470254358 1.0679862129955449 -0.2864649228931908 
-0.6087399470254358 1.0679862129955449 -0.2864649228931908 
-0.6087399470254358 1.0679862129955449 -0.2864649228931908 
-0.6087399470254358 1.0679862129955449 -0.2864649228931908 
-0.6087399470254358 1.0679862129955449 -0.2864649228931908 
-0.6089404596412151 1.068911919180016 -0.2870079123998116 
-0.6089404596412151 1.068911919180016 -0.2870079123998116 
-0.60984501452994 1.0730891852224211 -0.2894717198538328 
-0.60984501452994 1.0730891852224211 -0.2894717198538328 
-0.60984501452994 1.0730891852224211 -0.2894717198538328 
-0.60984501452994 1.0730891852224211 -0.2894717198538328 
-0.6103729142169317 1.0755279342433004 -0.29092009953452946 
-0.6103729142169317 1.0755279342433004 -0.29092009953452946 
-0.6104861391907679 1.0760511986555104 -0.2912330711201121 
-0.6104861391907679 1.0760511986555104 -0.2912330711201121 
-0.6104861391907679 1.0760511986555104 -0.2912330711201121 
-0.6104861391907679 1.0760511986555104 -0.2912330711201121 
-0.6110319483402721 1.0785709389181954 -0.292709996663156 
-0.6110319483402721 1.0785709389181954 -0.292709996663156 
-0.6110319483402721 1.0785709389181954 -0.292709996663156 
-0.6114832952452731 1.0806564797920537 -0.2939535828272283 
-0.6114832952452731 1.0806564797920537 -0.2939535828272283 
-0.6114832952452731 1.0806564797920537 -0.2939535828272283 
-0.6114832952452731 1.0806564797920537 -0.2939535828272283 
-0.6120120235353534 1.08309802238623 -0.2953920335611677 
-0.6120120235353534 1.08309802238623 -0.2953920335611677 
-0.6120120235353534 1.08309802238623 -0.2953920335611677 
-0.6122954844612465 1.0844071627650742 -0.2961653917170124 
-0.6122954844612465 1.0844071627650742 -0.2961653917170124 
-0.6122954844612465 1.0844071627650742 -0.2961653917170124 
-0.6122954844612465 1.0844071627650742 -0.2961653917170124 
-0.6122954844612465 1.0844071627650742 -0.2961653917170124 
-0.6129284418199317 1.0873304229418737 -0.29789227077132774 
-0.6129284418199317 1.0873304229418737 -0.29789227077132774 
-0.6129284418199317 1.0873304229418737 -0.29789227077132774 
-0.6129284418199317 1.0873304229418737 -0.29789227077132774 
-0.6129284418199317 1.0873304229418737 -0.29789227077132774 
-0.6135238846713661 1.0900804255309475 -0.29951680009241755 
-0.6135238846713661 1.0900804255309475 -0.29951680009241755 
-0.6138741954611325 1.0916971083850828 -0.3004584099072528 
-0.6138741954611325 1.0916971083850828 -0.3004584099072528 
-0.6143799690115821 1.094034178853183 -0.3018524299663117 
-0.6143799690115821 1.094034178853183 -0.3018524299663117 
-0.6143799690115821 1.094034178853183 -0.3018524299663117 
-0.6143799690115821 1.094034178853183 -0.3018524299663117 
-0.6149512600174597 1.096672293760484 -0.30340700331324544 
-0.6149512600174597 1.096672293760484 -0.30340700331324544 
-0.6149512600174597 1.096672293760484 -0.30340700331324544 
-0.6149512600174597 1.096672293760484 -0.30340700331324544 
-0.6149512600174597 1.096672293760484 -0.30340700331324544 
-0.6152503132522152 1.0980537903227998 -0.30422696470956045 
-0.6152503132522152 1.0980537903227998 -0.30422696470956045 
-0.6152503132522152 1.0980537903227998 -0.30422696470956045 
-0.6152503132522152 1.0980537903227998 -0.30422696470956045 
-0.6162281462866264 1.102569485300701 -0.3068906947858381 
-0.6162281462866264 1.102569485300701 -0.3068906947858381 
-0.6162281462866264 1.102569485300701 -0.3068906947858381 
-0.616932407942655 1.105822058360902 -0.30881211126969044 
-0.616932407942655 1.105822058360902 -0.30881211126969044 
-0.616932407942655 1.105822058360902 -0.30881211126969044 
-0.6175274108291082 1.1085700290088172 -0.31043544024718595 
-0.6175274108291082 1.1085700290088172 -0.31043544024718595 
-0.6175274108291082 1.1085700290088172 -0.31043544024718595 
-0.6177432981688888 1.1095670864794294 -0.3110244393638619 
-0.6177432981688888 1.1095670864794294 -0.3110244393638619 
-0.6182101890529155 1.1117237270692997 -0.31230230731118636 
-0.6182101890529155 1.1117237270692997 -0.31230230731118636 
-0.6182101890529155 1.1117237270692997 -0.31230230731118636 
-0.6188376952532233 1.1146225003710115 -0.3140224405297143 
-0.6188376952532233 1.1146225003710115 -0.3140224405297143 
-0.6188376952532233 1.1146225003710115 -0.3140224405297143 
-0.6188376952532233 1.1146225003710115 -0.3140224405297143 
-0.6194852880375241 1.1176119753464044 -0.3157729961873543 
-0.6194852880375241 1.1176119753464044 -0.3157729961873543 
-0.6199427293390216 1.1197246294162906 -0.3170210199148533 
-0.6204019591238915 1.1218462322859128 -0.3182820495094687 
-0.6204019591238915 1.1218462322859128 -0.3182820495094687 
-0.6205568692811914 1.1225620162021774 -0.3187087495622388 
-0.6205568692811914 1.1225620162021774 -0.3187087495622388 
-0.6205568692811914 1.1225620162021774 -0.3187087495622388 
-0.6205568692811914 1.1225620162021774 -0.3187087495622388 
-0.6205568692811914 1.1225620162021774 -0.3187087495622388 
-0.6205568692811914 1.1225620162021774 -0.3187087495622388 
-0.6210564172235585 1.124868791821541 -0.32006758840673244 
-0.6210564172235585 1.124868791821541 -0.32006758840673244 
-0.6218714745295612 1.1286330652465246 -0.3222912854227937 
-0.6218714745295612 1.1286330652465246 -0.3222912854227937 
-0.6218714745295612 1.1286330652465246 -0.3222912854227937 
-0.6218714745295612 1.1286330652465246 -0.3222912854227937 
-0.6221457040571935 1.129899226771027 -0.32303539462457376 
-0.6221457040571935 1.129899226771027 -0.32303539462457376 
-0.6221457040571935 1.129899226771027 -0.32303539462457376 
-0.6229164596926781 1.133459241087234 -0.3251422878884337 
-0.6229164596926781 1.133459241087234 -0.3251422878884337 
-0.6230875719782535 1.134249164326313 -0.3256050653338113 
-0.6230875719782535 1.134249164326313 -0.3256050653338113 
-0.6230875719782535 1.134249164326313 -0.3256050653338113 
-0.6230875719782535 1.134249164326313 -0.3256050653338113 
-0.6240300992473781 1.1386021470250252 -0.3281765349230946 
-0.6240300992473781 1.1386021470250252 -0.3281765349230946 
-0.6240300992473781 1.1386021470250252 -0.3281765349230946 
-0.6240300992473781 1.1386021470250252 -0.3281765349230946 
-0.6240300992473781 1.1386021470250252 -0.3281765349230946 
-0.6242205655741244 1.1394824885310948 -0.32870430503343173 
-0.6242205655741244 1.1394824885310948 -0.32870430503343173 
-0.6242205655741244 1.1394824885310948 -0.32870430503343173 
-0.625062461509232 1.144222526695167 -0.33148575694882754 
-0.625062461509232 1.144222526695167 -0.33148575694882754 
-0.6259344893192234 1.1473981007937053 -0.333380353072833 
-0.6259344893192234 1.1473981007937053 -0.333380353072833 
-0.6259344893192234 1.1473981007937053 -0.333380353072833 
-0.6264952684446756 1.1499880118879064 -0.33491031036387786 
-0.6264952684446756 1.1499880118879064 -0.33491031036387786 
-0.6268894766907052 1.151807596164073 -0.33597362759471316 
-0.6268894766907052 1.151807596164073 -0.33597362759471316 
-0.6268894766907052 1.151807596164073 -0.3359736275947133 
-0.6268894766907052 1.151807596164073 -0.3359736275947133 
-0.627490404119223 1.1545829288098322 -0.33761312032709345 
-0.627490404119223 1.1545829288098322 -0.33761312032709345 
-0.627490404119223 1.1545829288098322 -0.33761312032709345 
-0.6280986320328298 1.1573933558104885 -0.33928878355992764 
-0.6283932492760814 1.1587533318599963 -0.34008445276999233 
-0.6283932492760814 1.1587533318599963 -0.34008445276999233 
-0.6286832743857143 1.1600924439477514 -0.3408716565962886 
-0.6286832743857143 1.1600924439477514 -0.3408716565962886 
-0.6286832743857143 1.1600924439477514 -0.3408716565962886 
-0.6286832743857143 1.1600924439477514 -0.3408716565962886 
-0.6292306860542138 1.1626209629895032 -0.3423692070455001 
-0.6292306860542138 1.1626209629895032 -0.3423692070455001 
-0.6292306860542138 1.1626209629895032 -0.3423692070455001 
-0.6295884397588681 1.1642716758982434 -0.34332705994728396 
-0.6295884397588681 1.1642716758982434 -0.34332705994728396 
-0.6295884397588681 1.1642716758982434 -0.34332705994728396 
-0.6295884397588681 1.1642716758982434 -0.34332705994728396 
-0.6302877360880997 1.167502859418295 -0.34525312574528777 
-0.6304759811593798 1.1683722534032153 -0.3457667092690607 
-0.6304759811593798 1.1683722534032153 -0.3457667092690607 
-0.6304759811593798 1.1683722534032153 -0.3457667092690607 
-0.6312965540635426 1.1721626889932322 -0.3480135807305331 
-0.6312965540635426 1.1721626889932322 -0.3480135807305331 
-0.631603050213186 1.1735782156101529 -0.34884978521379684 
-0.631603050213186 1.1735782156101529 -0.34884978521379684 
-0.631894375511373 1.1749229880890257 -0.3496364731063969 
-0.631894375511373 1.1749229880890257 -0.3496364731063969 
-0.631894375511373 1.1749229880890257 -0.3496364731063969 
-0.6325119921641701 1.1777757429295936 -0.35132556176150487 
-0.6325119921641701 1.1777757429295936 -0.35132556176150487 
-0.6325119921641701 1.1777757429295936 -0.35132556176150487 
-0.6325119921641701 1.1777757429295936 -0.35132556176150487 
-0.6331473639355869 1.1807101538679587 -0.3530590279874789 
-0.6339500874590854 1.1844164314985084 -0.35523688550503174 
-0.6339500874590854 1.1844164314985084 -0.35523688550503174 
-0.6339500874590854 1.1844164314985084 -0.35523688550503174 
-0.6339500874590854 1.1844164314985084 -0.35523688550503174 
-0.6339500874590854 1.1844164314985084 -0.35523688550503185 
-0.634134160655338 1.1852665580304746 -0.35573908702415136 
-0.634134160655338 1.1852665580304746 -0.35573908702415136 
-0.634341759767789 1.1862263702823856 -0.35631766321288405 
-0.634341759767789 1.1862263702823856 -0.35631766321288405 
-0.634341759767789 1.1862263702823856 -0.35631766321288405 
-0.6351500149993935 1.1899592289004552 -0.3585228023282544 
-0.6351500149993935 1.1899592289004552 -0.3585228023282544 
-0.6357976214960106 1.192949111625086 -0.3602774585969182 
-0.6357976214960106 1.192949111625086 -0.3602774585969182 
-0.6363797717172684 1.1956394379357174 -0.3618859496938923 
-0.6363797717172683 1.1956394379357174 -0.361885949693892 
-0.6365572059030052 1.1964578769847662 -0.3623579369248434 
-0.6365572059030052 1.1964578769847662 -0.3623579369248434 
-0.6365572059030052 1.1964578769847662 -0.3623579369248434 
-0.6365572059030052 1.1964578769847662 -0.3623579369248434 
-0.6365572059030052 1.1964578769847662 -0.3623579369248434 
-0.6374240561242507 1.2004616960405912 -0.36472700223727206 
-0.6374240561242507 1.2004616960405912 -0.36472700223727206 
-0.6377177797252233 1.201817200458543 -0.36551617014912463 
-0.6384464597409147 1.2051839253336203 -0.36752045933011157 
-0.6386614534384165 1.2061765111726765 -0.3681029571485751 
-0.6386614534384165 1.2061765111726765 -0.3681029571485751 
-0.6386614534384165 1.2061765111726765 -0.3681029571485751 
-0.6390098207359007 1.2077847273143216 -0.36904527105997575 
-0.6390098207359007 1.2077847273143216 -0.36904527105997575 
-0.6393654610938412 1.2094272223123883 -0.37001555424978183 
-0.6393654610938412 1.2094272223123883 -0.37001555424978183 
-0.6393654610938412 1.2094272223123883 -0.37001555424978183 
-0.6393654610938412 1.2094272223123883 -0.37001555424978183 
-0.6393654610938412 1.2094272223123883 -0.37001555424978183 
-0.6396342394630959 1.2106688969618034 -0.37075291761577456 
-0.6396342394630959 1.2106688969618034 -0.37075291761577456 
-0.6396342394630959 1.2106688969618034 -0.37075291761577456 
-0.6396342394630959 1.2106688969618034 -0.37075291761577456 
-0.6405059322221205 1.2146954252899973 -0.3731392578825449 
-0.6412005422212973 1.2179034229870571 -0.3750343420332176 
-0.6412005422212973 1.2179034229870571 -0.3750343420332176 
-0.6412005422212972 1.2179034229870571 -0.3750343420332173 
-0.641284082442656 1.2182882131933495 -0.37525007277613576 
-0.641284082442656 1.2182882131933495 -0.37525007277613576 
-0.641284082442656 1.2182882131933495 -0.37525007277613576 
-0.6413406856757866 1.2185496304515868 -0.3754045017220332 
-0.6413406856757866 1.2185496304515868 -0.3754045017220332 
-0.6413406856757866 1.2185496304515868 -0.3754045017220332 
-0.6413406856757866 1.2185496304515868 -0.3754045017220332 
-0.6419806841983429 1.221505754069927 -0.37715465417797045 
-0.6419806841983429 1.221505754069927 -0.37715465417797045 
-0.6419806841983429 1.221505754069927 -0.3771546541779701 
-0.6426323064278722 1.224515560798566 -0.3789365192537687 
-0.6426323064278722 1.224515560798566 -0.3789365192537687 
-0.6426323064278722 1.224515560798566 -0.3789365192537687 
-0.6426323064278722 1.224515560798566 -0.3789365192537687 
-0.6426323064278722 1.224515560798566 -0.3789365192537687 
-0.6432197995620254 1.2272278150286808 -0.3805271699933094 
-0.6432197995620254 1.2272278150286808 -0.3805271699933094 
-0.6436114557607835 1.2290373349900716 -0.38160384054875607 
-0.6436114557607835 1.2290373349900716 -0.38160384054875607 
-0.6436114557607835 1.2290373349900716 -0.38160384054875607 
-0.6436114557607834 1.2290373349900716 -0.38160384054875574 
-0.6446157870828647 1.2336745565119247 -0.384329795458643 
-0.6446157870828647 1.2336745565119247 -0.384329795458643 
-0.6446157870828647 1.2336745565119247 -0.384329795458643 
-0.6446157870828647 1.2336745565119247 -0.384329795458643 
-0.6456221905799674 1.238323055324864 -0.38708154316273824 
-0.6456221905799674 1.238323055324864 -0.38708154316273824 
-0.6456221905799674 1.238323055324864 -0.38708154316273824 
-0.6456221905799674 1.238323055324864 -0.38708154316273824 
-0.6456221905799674 1.238323055324864 -0.38708154316273824 
-0.6461862753628007 1.240928577738938 -0.38862458238227193 
-0.6461862753628007 1.240928577738938 -0.38862458238227193 
-0.6461862753628007 1.240928577738938 -0.38862458238227193 
-0.6461862753628007 1.240928577738938 -0.38862458238227193 
-0.6461862753628007 1.240928577738938 -0.38862458238227193 
-0.6461862753628007 1.240928577738938 -0.38862458238227193 
-0.6470744230518902 1.2450311017738114 -0.3910558161536043 
-0.6470744230518902 1.2450311017738114 -0.3910558161536043 
-0.6474885963573183 1.2469428929929358 -0.3921736034722271 
-0.6474885963573183 1.2469428929929358 -0.3921736034722271 
-0.6474885963573183 1.2469428929929358 -0.3921736034722271 
-0.6474885963573183 1.2469428929929358 -0.3921736034722271 
-0.6474885963573183 1.2469428929929358 -0.3921736034722271 
-0.6474104918101028 1.247803877610253 -0.39265763681663424 
-0.6474104918101028 1.247803877610253 -0.39265763681663424 
-0.6474104918101028 1.247803877610253 -0.39265763681663424 
-0.6474104918101028 1.247803877610253 -0.39265763681663424 
-0.6485863780823524 1.2520117148065135 -0.39515460471447994 
-0.6485863780823524 1.2520117148065135 -0.39515460471447994 
-0.6485863780823524 1.2520117148065135 -0.39515460471447994 
-0.6489361883657851 1.25362881901267 -0.3961270896221064 
-0.6491770692671206 1.2547409627192792 -0.39678021474185965 
-0.6491770692671206 1.2547409627192792 -0.39678021474185965 
-0.649585099911824 1.2566245642753482 -0.39788336314932937 
-0.649585099911824 1.2566245642753482 -0.39788336314932937 
-0.649585099911824 1.2566245642753482 -0.39788336314932937 
-0.649585099911824 1.2566245642753482 -0.39788336314932937 
-0.649585099911824 1.2566245642753482 -0.39788336314932937 
-0.649585099911824 1.2566245642753482 -0.39788336314932937 
-0.6505682279624974 1.2611654026793917 -0.40056966586387566 
-0.6509261289230743 1.262819536062895 -0.40156024945971247 
-0.6509261289230743 1.262819536062895 -0.40156024945971247 
-0.6509261289230743 1.262819536062895 -0.40156024945971247 
-0.6509261289230743 1.262819536062895 -0.40156024945971247 
-0.6511792952770769 1.2639884190964785 -0.40224689262075575 
-0.6511792952770769 1.2639884190964785 -0.40224689262075575 
-0.6511792952770769 1.2639884190964785 -0.40224689262075575 
-0.6516530445547029 1.2661777603715336 -0.40355557339270065 
-0.6516530445547029 1.2661777603715336 -0.40355557339270065 
-0.6516530445547029 1.2661777603715336 -0.40355557339270065 
-0.6516530445547029 1.2661777603715336 -0.40355557339270065 
-0.6516530445547029 1.2661777603715336 -0.40355557339270065 
-0.6516530445547029 1.2661777603715336 -0.40355557339270065 
-0.6524021602482555 1.2696352642653905 -0.40557312969576265 
-0.6524021602482555 1.2696352642653905 -0.40557312969576265 
-0.6539283444600442 1.2766850153103784 -0.40975110632580825 
-0.6539283444600442 1.2766850153103784 -0.40975110632580825 
-0.6539283444600442 1.2766850153103784 -0.40975110632580825 
-0.6541591224248592 1.2777501550366985 -0.4103726046991455 
-0.6541591224248592 1.2777501550366985 -0.4103726046991455 
-0.6541591224248592 1.2777501550366985 -0.4103726046991455 
-0.6541591224248592 1.2777501550366985 -0.4103726046991455 
-0.6541951197581017 1.2779167501042872 -0.4104748783709974 
-0.654477966069323 1.279224085197291 -0.4112587492919414 
-0.6546630431833712 1.28007696141598 -0.41174143050044787 
-0.6546630431833712 1.28007696141598 -0.41174143050044787 
-0.6546630431833711 1.28007696141598 -0.41174143050044754 
-0.6546630431833711 1.28007696141598 -0.41174143050044754 
-0.6551846111170064 1.2824869769107092 -0.4131785419133315 
-0.6551846111170064 1.2824869769107092 -0.4131785419133315 
-0.6558551026893322 1.2855839301075933 -0.41501188766535047 
-0.6558551026893322 1.2855839301075933 -0.41501188766535047 
-0.6561898521257038 1.287128908886173 -0.41591298516434516 
-0.6565799738416931 1.2889313419683164 -0.4169854692353211 
-0.6565799738416931 1.2889313419683164 -0.4169854692353211 
-0.6567703894409729 1.2898104159336774 -0.4175009113470586 
-0.6567703894409729 1.2898104159336774 -0.4175009113470586 
-0.6567703894409729 1.2898104159336774 -0.4175009113470586 
-0.6567703894409729 1.2898104159336774 -0.4175009113470586 
-0.6574762261913645 1.2930709522744699 -0.41943475151502996 
-0.6574762261913645 1.2930709522744699 -0.41943475151502996 
-0.6574762261913645 1.2930709522744699 -0.41943475151502996 
-0.6576879046409677 1.2940478825006574 -0.4200041412394765 
-0.6576879046409677 1.2940478825006574 -0.4200041412394765 
-0.6576879046409677 1.2940478825006574 -0.4200041412394765 
-0.6585128377821645 1.2978577666375473 -0.4222547822079331 
-0.6590293104418403 1.300243396476474 -0.42366792266401254 
-0.6590293104418403 1.300243396476474 -0.42366792266401254 
-0.6590293104418402 1.300243396476474 -0.4236679226640122 
-0.6590293104418402 1.300243396476474 -0.4236679226640122 
-0.6596811669655838 1.3032546296932421 -0.42545449015797787 
-0.6596811669655838 1.3032546296932421 -0.42545449015797787 
-0.6596811669655838 1.3032546296932421 -0.42545449015797787 
-0.6596811669655838 1.3032546296932421 -0.42545449015797787 
-0.6604386814639691 1.3067517688342212 -0.42750494201409295 
-0.6604386814639691 1.3067517688342212 -0.42750494201409295 
-0.6605961735564112 1.3074786236374183 -0.4279286166151749 
-0.6605961735564112 1.3074786236374183 -0.4279286166151749 
-0.6609445778690455 1.3090876995705338 -0.428879157914151 
-0.6609445778690455 1.3090876995705338 -0.428879157914151 
-0.6615383887468176 1.311832388782503 -0.4305254689090713 
-0.6618502761391933 1.3132710997863672 -0.4313561544921204 
-0.6618502761391933 1.3132710997863672 -0.4313561544921204 
-0.6618502761391933 1.3132710997863672 -0.4313561544921204 
-0.6623557313804738 1.315604993044896 -0.43272916677789286 
-0.6623557313804738 1.315604993044896 -0.43272916677789286 
-0.6625688299155305 1.3165903686389218 -0.4333246901501394 
-0.6625688299155305 1.3165903686389218 -0.4333246901501394 
-0.6629683839052887 1.3184363638819394 -0.43442290801784356 
-0.6629683839052887 1.3184363638819394 -0.43442290801784356 
-0.6629683839052887 1.3184363638819394 -0.43442290801784356 
-0.6635708135966837 1.3212179457619722 -0.4360583729298818 
-0.6641447718170821 1.3238690678147038 -0.43762834956042884 
-0.6641447718170821 1.3238690678147038 -0.43762834956042884 
-0.6641447718170821 1.3238690678147038 -0.43762834956042884 
-0.6641447718170821 1.3238690678147038 -0.43762834956042884 
-0.6645054293624919 1.325534045429821 -0.43860419459588307 
-0.6645054293624919 1.325534045429821 -0.43860419459588307 
-0.6646704287439958 1.326296425577137 -0.43905842078404567 
-0.6646704287439958 1.326296425577137 -0.43905842078404567 
-0.6653450921913491 1.3294126462269749 -0.44090314854071855 
-0.6653450921913491 1.3294126462269749 -0.44090314854071855 
-0.6653450921913491 1.3294126462269749 -0.44090314854071855 
-0.6653450921913491 1.3294126462269749 -0.44090314854071855 
-0.665691874344207 1.331012687949096 -0.4418310680785408 
-0.665691874344207 1.331012687949096 -0.4418310680785408 
-0.6662711621327794 1.333689622145759 -0.4434297180840586 
-0.6662711621327794 1.333689622145759 -0.4434297180840586 
-0.6662711621327794 1.333689622145759 -0.4434297180840586 
-0.6662711621327794 1.333689622145759 -0.4434297180840586 
-0.6665962909333754 1.3351908576695464 -0.444312694283994 
-0.6665962909333754 1.3351908576695464 -0.444312694283994 
-0.6665962909333754 1.3351908576695464 -0.444312694283994 
-0.6665962909333754 1.3351908576695464 -0.444312694283994 
-0.6665962909333754 1.3351908576695464 -0.444312694283994 
-0.6675923798947259 1.339791899366477 -0.4470384210722821 
-0.6675923798947259 1.339791899366477 -0.4470384210722821 
-0.6675923798947259 1.339791899366477 -0.4470384210722821 
-0.6675923798947259 1.339791899366477 -0.4470384210722821 
-0.6675923798947259 1.339791899366477 -0.4470384210722821 
-0.668159304144141 1.342410191197414 -0.44858514392535376 
-0.668159304144141 1.342410191197414 -0.44858514392535376 
-0.6685861992707733 1.3443807370747987 -0.4497376398167886 
-0.6685861992707733 1.3443807370747987 -0.4497376398167886 
-0.6685861992707733 1.3443807370747987 -0.4497376398167886 
-0.6690862056856971 1.3466899745310572 -0.4511017926986637 
-0.6690862056856971 1.3466899745310572 -0.4511017926986637 
-0.6690862056856971 1.3466899745310572 -0.4511017926986637 
-0.6690862056856971 1.3466899745310572 -0.4511017926986637 
-0.6697167486316509 1.3496020839462903 -0.45282208458132034 
-0.6697167486316509 1.3496020839462903 -0.45282208458132034 
-0.6697167486316509 1.3496020839462903 -0.45282208458132034 
-0.6700857588441732 1.351305982070055 -0.45382478115434155 
-0.6700857588441732 1.351305982070055 -0.45382478115434155 
-0.6704923145850232 1.3531839698898933 -0.45493803849470915 
-0.6707808350341492 1.354516821670125 -0.4557292635999658 
-0.6707808350341492 1.354516821670125 -0.4557292635999658 
-0.6707808350341492 1.354516821670125 -0.4557292635999658 
-0.6713179183889717 1.3569972958461989 -0.4571945724128542 
-0.6718523554344777 1.3594652038458253 -0.4586485981772995 
-0.6721463616595018 1.3608233912193666 -0.4594547899645366 
-0.6721463616595018 1.3608233912193666 -0.4594547899645366 
-0.6721463616595018 1.3608233912193666 -0.4594547899645366 
-0.6721463616595018 1.3608233912193666 -0.4594547899645366 
-0.6721463616595018 1.3608233912193666 -0.4594547899645366 
-0.6724342803441876 1.362154669271499 -0.46025859449385853 
-0.6724342803441876 1.362154669271499 -0.46025859449385853 
-0.6728569854249474 1.3641053471453222 -0.4613935640054855 
-0.6728569854249474 1.3641053471453222 -0.4613935640054855 
-0.6728569854249474 1.3641053471453222 -0.4613935640054855 
-0.6728569854249474 1.3641053471453222 -0.4613935640054855 
-0.6735160320617896 1.3671487540328309 -0.46318755847444504 
-0.6735160320617896 1.3671487540328309 -0.46318755847444504 
-0.673871488852982 1.368791090083476 -0.46416546724468455 
-0.673871488852982 1.368791090083476 -0.46416546724468455 
-0.6740277177064111 1.3695129642865942 -0.46459576505754685 
-0.6740277177064111 1.3695129642865942 -0.46459576505754685 
-0.6750125500942846 1.374060640768068 -0.46727452806510617 
-0.6750125500942846 1.374060640768068 -0.46727452806510617 
-0.6750125500942846 1.374060640768068 -0.46727452806510617 
-0.6753629437658001 1.3756792488074525 -0.46823456007386166 
-0.6753629437658001 1.3756792488074525 -0.46823456007386166 
-0.6753629437658001 1.3756792488074525 -0.46823456007386166 
-0.6757731705733573 1.3775728134590126 -0.46934158027773776 
-0.6757731705733573 1.3775728134590126 -0.46934158027773776 
-0.676607094824527 1.381424222278992 -0.47161675142863746 
-0.676607094824527 1.381424222278992 -0.47161675142863746 
-0.6772139766173717 1.3842277434943198 -0.47328061567933244 
-0.6772139766173717 1.3842277434943198 -0.47328061567933244 
-0.6772139766173717 1.3842277434943198 -0.47328061567933244 
-0.6772139766173717 1.3842277434943198 -0.47328061567933244 
-0.6772139766173717 1.3842277434943198 -0.47328061567933244 
-0.6781433409014959 1.388519934056988 -0.47581617308151924 
-0.6784820875632047 1.390084406943841 -0.4767403656938606 
-0.6784820875632047 1.390084406943841 -0.4767403656938606 
-0.6785968470198097 1.3906147582352983 -0.4770575237639131 
-0.6785968470198097 1.3906147582352983 -0.4770575237639131 
-0.6785968470198097 1.3906147582352983 -0.4770575237639131 
-0.6785968470198097 1.3906147582352983 -0.4770575237639131 
-0.6785968470198097 1.3906147582352983 -0.4770575237639131 
-0.679211764238195 1.393453668285463 -0.47872299483059655 
-0.679211764238195 1.393453668285463 -0.47872299483059655 
