-0.6578705167723087 1.0413642658183195 -0.27073702165557245 
-0.6579796053522642 1.0413813628284476 -0.2707350182660959 
-0.6579796053522642 1.0413813628284476 -0.2707350182660959 
-0.6579796053522642 1.0413813628284476 -0.2707350182660959 
-0.6579796053522642 1.0413813628284476 -0.2707350182660959 
-0.6572589967892506 1.0380548353599348 -0.2687871990639611 
-0.6572589967892506 1.0380548353599348 -0.2687871990639611 
-0.6572589967892506 1.0380548353599348 -0.2687871990639611 
-0.6572589967892506 1.0380548353599348 -0.2687871990639611 
-0.6572589967892506 1.0380548353599348 -0.2687871990639611 
-0.6572589967892506 1.0380548353599348 -0.2687871990639611 
-0.6572589967892506 1.0380548353599348 -0.2687871990639611 
-0.6576450925512413 1.040319091492292 -0.27011592108310556 
-0.6576450925512413 1.040319091492292 -0.27011592108310556 
-0.6576450925512413 1.040319091492292 -0.27011592108310556 
-0.6576450925512413 1.040319091492292 -0.27011592108310556 
-0.6576450925512413 1.040319091492292 -0.27011592108310556 
-0.6583822896491731 1.0432423242737257 -0.27184778292900214 
-0.6583822896491731 1.0432423242737257 -0.27184778292900214 
-0.6588458578667618 1.045382930568768 -0.27310845934241323 
-0.6592443137422886 1.0472238542638237 -0.27420368125716876 
-0.6592443137422885 1.0472238542638237 -0.27420368125716843 
-0.6592443137422885 1.0472238542638237 -0.27420368125716843 
-0.6597219233763221 1.049429309656448 -0.275502666456501 
-0.6597219233763221 1.049429309656448 -0.275502666456501 
-0.6597219233763221 1.049429309656448 -0.275502666456501 
-0.6597219233763221 1.049429309656448 -0.275502666456501 
-0.6597219233763221 1.049429309656448 -0.275502666456501 
-0.6603089956524764 1.0521399646094514 -0.2770962321815815 
-0.6603089956524764 1.0521399646094514 -0.2770962321815815 
-0.6606938655870781 1.053918487202259 -0.2781584511710695 
-0.6606938655870781 1.053918487202259 -0.2781584511710695 
-0.6606938655870781 1.053918487202259 -0.2781584511710695 
-0.6606938655870781 1.053918487202259 -0.2781584511710695 
-0.6606938655870781 1.053918487202259 -0.2781584511710695 
-0.6606938655870781 1.053918487202259 -0.2781584511710695 
-0.6613410518251035 1.0569067734180901 -0.27991602406061866 
-0.6613410518251035 1.0569067734180901 -0.27991602406061866 
-0.6613410518251035 1.0569067734180901 -0.27991602406061866 
-0.6613410518251035 1.0569067734180901 -0.27991602406061866 
-0.6613410518251035 1.0569067734180901 -0.27991602406061866 
-0.6613410518251035 1.0569067734180901 -0.27991602406061866 
-0.661884935456102 1.0594186540961401 -0.28139988586816145 
-0.661884935456102 1.0594186540961401 -0.28139988586816145 
-0.661884935456102 1.0594186540961401 -0.28139988586816145 
-0.661884935456102 1.0594186540961401 -0.28139988586816145 
-0.6622324920586651 1.0610245037919108 -0.2823562407847613 
-0.6622324920586651 1.0610245037919108 -0.2823562407847613 
-0.6622324920586651 1.0610245037919108 -0.2823562407847613 
-0.6622324920586651 1.0610245037919108 -0.2823562407847613 
-0.6622324920586651 1.0610245037919108 -0.2823562407847613 
-0.6631644388117306 1.065327588009392 -0.2848866542611127 
-0.6631644388117306 1.065327588009392 -0.2848866542611127 
-0.6631644388117306 1.065327588009392 -0.2848866542611127 
-0.6631644388117306 1.065327588009392 -0.2848866542611127 
-0.6631644388117306 1.065327588009392 -0.2848866542611127 
-0.6637399470254359 1.0679862129955449 -0.2864649228931909 
-0.6637399470254359 1.0679862129955449 -0.2864649228931909 
-0.6637399470254359 1.0679862129955449 -0.2864649228931909 
-0.6637399470254359 1.0679862129955449 -0.2864649228931909 
-0.6637399470254359 1.0679862129955449 -0.2864649228931909 
-0.6639404596412152 1.068911919180016 -0.2870079123998114 
-0.6639404596412152 1.068911919180016 -0.2870079123998114 
-0.66484501452994 1.0730891852224214 -0.2894717198538328 
-0.66484501452994 1.0730891852224214 -0.2894717198538328 
-0.66484501452994 1.0730891852224214 -0.2894717198538328 
-0.66484501452994 1.0730891852224214 -0.2894717198538328 
-0.6653729142169316 1.0755279342433 -0.2909200995345296 
-0.6653729142169316 1.0755279342433 -0.2909200995345296 
-0.6654861391907678 1.0760511986555104 -0.29123307112011176 
-0.6654861391907678 1.0760511986555104 -0.29123307112011176 
-0.6654861391907678 1.0760511986555104 -0.29123307112011176 
-0.6654861391907678 1.0760511986555104 -0.29123307112011176 
-0.6660319483402721 1.0785709389181954 -0.2927099966631562 
-0.6660319483402721 1.0785709389181954 -0.2927099966631562 
-0.6660319483402721 1.0785709389181954 -0.2927099966631562 
-0.666483295245273 1.0806564797920537 -0.2939535828272284 
-0.666483295245273 1.0806564797920537 -0.2939535828272284 
-0.666483295245273 1.0806564797920537 -0.2939535828272284 
-0.666483295245273 1.0806564797920537 -0.2939535828272284 
-0.6670120235353536 1.0830980223862303 -0.29539203356116805 
-0.6670120235353536 1.0830980223862303 -0.29539203356116805 
-0.6670120235353536 1.0830980223862303 -0.29539203356116805 
-0.6672954844612465 1.0844071627650744 -0.2961653917170127 
-0.6672954844612465 1.0844071627650744 -0.2961653917170127 
-0.6672954844612465 1.0844071627650744 -0.2961653917170127 
-0.6672954844612465 1.0844071627650744 -0.2961653917170127 
-0.6672954844612465 1.0844071627650744 -0.2961653917170127 
-0.6679284418199316 1.0873304229418732 -0.2978922707713276 
-0.6679284418199316 1.0873304229418732 -0.2978922707713276 
-0.6679284418199316 1.0873304229418732 -0.2978922707713276 
-0.6679284418199316 1.0873304229418732 -0.2978922707713276 
-0.6679284418199316 1.0873304229418732 -0.2978922707713276 
-0.6685238846713661 1.0900804255309477 -0.29951680009241743 
-0.6685238846713661 1.0900804255309477 -0.29951680009241743 
-0.6688741954611325 1.0916971083850826 -0.3004584099072529 
-0.6688741954611325 1.0916971083850826 -0.3004584099072529 
-0.6693799690115821 1.0940341788531833 -0.30185242996631156 
-0.6693799690115821 1.0940341788531833 -0.30185242996631156 
-0.6693799690115821 1.0940341788531833 -0.30185242996631156 
-0.6693799690115821 1.0940341788531833 -0.30185242996631156 
-0.6699512600174597 1.096672293760484 -0.3034070033132453 
-0.6699512600174597 1.096672293760484 -0.3034070033132453 
-0.6699512600174597 1.096672293760484 -0.3034070033132453 
-0.6699512600174597 1.096672293760484 -0.3034070033132453 
-0.6699512600174597 1.096672293760484 -0.3034070033132453 
-0.6702503132522153 1.0980537903227998 -0.30422696470956057 
-0.6702503132522153 1.0980537903227998 -0.30422696470956057 
-0.6702503132522153 1.0980537903227998 -0.30422696470956057 
-0.6702503132522153 1.0980537903227998 -0.30422696470956057 
-0.6712281462866263 1.1025694853007009 -0.30689069478583797 
-0.6712281462866263 1.1025694853007009 -0.30689069478583797 
-0.6712281462866263 1.1025694853007009 -0.30689069478583797 
-0.6719324079426552 1.105822058360902 -0.3088121112696901 
-0.6719324079426552 1.105822058360902 -0.3088121112696901 
-0.6719324079426552 1.105822058360902 -0.3088121112696901 
-0.6725274108291083 1.1085700290088172 -0.3104354402471857 
-0.6725274108291083 1.1085700290088172 -0.3104354402471857 
-0.6725274108291083 1.1085700290088172 -0.3104354402471857 
-0.6727432981688889 1.1095670864794291 -0.3110244393638618 
-0.6727432981688889 1.1095670864794291 -0.3110244393638618 
-0.6732101890529155 1.1117237270692997 -0.31230230731118647 
-0.6732101890529155 1.1117237270692997 -0.31230230731118647 
-0.6732101890529155 1.1117237270692997 -0.31230230731118647 
-0.6738376952532233 1.1146225003710113 -0.31402244052971406 
-0.6738376952532233 1.1146225003710113 -0.31402244052971406 
-0.6738376952532233 1.1146225003710113 -0.31402244052971406 
-0.6738376952532233 1.1146225003710113 -0.31402244052971406 
-0.6744852880375241 1.1176119753464047 -0.3157729961873539 
-0.6744852880375241 1.1176119753464047 -0.3157729961873539 
-0.6749427293390216 1.1197246294162904 -0.31702101991485343 
-0.6754019591238916 1.1218462322859126 -0.3182820495094687 
-0.6754019591238916 1.1218462322859126 -0.3182820495094687 
-0.6755568692811914 1.1225620162021774 -0.31870874956223894 
-0.6755568692811914 1.1225620162021774 -0.31870874956223894 
-0.6755568692811914 1.1225620162021774 -0.31870874956223894 
-0.6755568692811914 1.1225620162021774 -0.31870874956223894 
-0.6755568692811914 1.1225620162021774 -0.31870874956223894 
-0.6755568692811914 1.1225620162021774 -0.31870874956223894 
-0.6760564172235587 1.1248687918215412 -0.32006758840673233 
-0.6760564172235587 1.1248687918215412 -0.32006758840673233 
-0.6768714745295612 1.1286330652465246 -0.3222912854227936 
-0.6768714745295612 1.1286330652465246 -0.3222912854227936 
-0.6768714745295612 1.1286330652465246 -0.3222912854227936 
-0.6768714745295612 1.1286330652465246 -0.3222912854227936 
-0.6771457040571935 1.1298992267710273 -0.32303539462457387 
-0.6771457040571935 1.1298992267710273 -0.32303539462457387 
-0.6771457040571935 1.1298992267710273 -0.32303539462457387 
-0.6779164596926781 1.1334592410872337 -0.3251422878884338 
-0.6779164596926781 1.1334592410872337 -0.3251422878884338 
-0.6780875719782535 1.1342491643263128 -0.32560506533381117 
-0.6780875719782535 1.1342491643263128 -0.32560506533381117 
-0.6780875719782535 1.1342491643263128 -0.32560506533381117 
-0.6780875719782535 1.1342491643263128 -0.32560506533381117 
-0.6790300992473781 1.1386021470250252 -0.32817653492309473 
-0.6790300992473781 1.1386021470250252 -0.32817653492309473 
-0.6790300992473781 1.1386021470250252 -0.32817653492309473 
-0.6790300992473781 1.1386021470250252 -0.32817653492309473 
-0.6790300992473781 1.1386021470250252 -0.32817653492309473 
-0.6792205655741244 1.1394824885310946 -0.32870430503343184 
-0.6792205655741244 1.1394824885310946 -0.32870430503343184 
-0.6792205655741244 1.1394824885310946 -0.32870430503343184 
-0.680062461509232 1.1442225266951676 -0.3314857569488281 
-0.680062461509232 1.1442225266951676 -0.3314857569488281 
-0.6809344893192234 1.1473981007937053 -0.3333803530728333 
-0.6809344893192234 1.1473981007937053 -0.3333803530728333 
-0.6809344893192234 1.1473981007937053 -0.3333803530728333 
-0.6814952684446757 1.1499880118879062 -0.33491031036387775 
-0.6814952684446757 1.1499880118879062 -0.33491031036387775 
-0.6818894766907052 1.151807596164073 -0.3359736275947135 
-0.6818894766907052 1.151807596164073 -0.3359736275947135 
-0.6818894766907052 1.151807596164073 -0.3359736275947136 
-0.6818894766907052 1.151807596164073 -0.3359736275947136 
-0.6824904041192231 1.1545829288098324 -0.3376131203270931 
-0.6824904041192231 1.1545829288098324 -0.3376131203270931 
-0.6824904041192231 1.1545829288098324 -0.3376131203270931 
-0.6830986320328298 1.1573933558104883 -0.33928878355992764 
-0.6833932492760816 1.1587533318599963 -0.3400844527699928 
-0.6833932492760816 1.1587533318599963 -0.3400844527699928 
-0.6836832743857143 1.1600924439477514 -0.3408716565962886 
-0.6836832743857143 1.1600924439477514 -0.3408716565962886 
-0.6836832743857143 1.1600924439477514 -0.3408716565962886 
-0.6836832743857143 1.1600924439477514 -0.3408716565962886 
-0.684230686054214 1.1626209629895035 -0.34236920704549967 
-0.684230686054214 1.1626209629895035 -0.34236920704549967 
-0.684230686054214 1.1626209629895035 -0.34236920704549967 
-0.6845884397588681 1.1642716758982432 -0.3433270599472845 
-0.6845884397588681 1.1642716758982432 -0.3433270599472845 
-0.6845884397588681 1.1642716758982432 -0.3433270599472845 
-0.6845884397588681 1.1642716758982432 -0.3433270599472845 
-0.6852877360880998 1.1675028594182948 -0.34525312574528766 
-0.6854759811593799 1.168372253403215 -0.3457667092690607 
-0.6854759811593799 1.168372253403215 -0.3457667092690607 
-0.6854759811593799 1.168372253403215 -0.3457667092690607 
-0.6862965540635425 1.172162688993232 -0.3480135807305328 
-0.6862965540635425 1.172162688993232 -0.3480135807305328 
-0.686603050213186 1.173578215610153 -0.3488497852137967 
-0.686603050213186 1.173578215610153 -0.3488497852137967 
-0.6868943755113731 1.174922988089026 -0.34963647310639645 
-0.6868943755113731 1.174922988089026 -0.34963647310639645 
-0.6868943755113731 1.174922988089026 -0.34963647310639645 
-0.6875119921641702 1.1777757429295939 -0.3513255617615052 
-0.6875119921641702 1.1777757429295939 -0.3513255617615052 
-0.6875119921641702 1.1777757429295939 -0.3513255617615052 
-0.6875119921641702 1.1777757429295939 -0.3513255617615052 
-0.6881473639355868 1.1807101538679585 -0.35305902798747857 
-0.6889500874590854 1.1844164314985084 -0.35523688550503163 
-0.6889500874590854 1.1844164314985084 -0.35523688550503163 
-0.6889500874590854 1.1844164314985084 -0.35523688550503163 
-0.6889500874590854 1.1844164314985084 -0.35523688550503163 
-0.6889500874590854 1.1844164314985084 -0.35523688550503174 
-0.6891341606553382 1.1852665580304746 -0.3557390870241516 
-0.6891341606553382 1.1852665580304746 -0.3557390870241516 
-0.6893417597677891 1.1862263702823856 -0.35631766321288416 
-0.6893417597677891 1.1862263702823856 -0.35631766321288416 
-0.6893417597677891 1.1862263702823856 -0.35631766321288416 
-0.6901500149993934 1.1899592289004552 -0.35852280232825406 
-0.6901500149993934 1.1899592289004552 -0.35852280232825406 
-0.6907976214960105 1.1929491116250859 -0.3602774585969182 
-0.6907976214960105 1.1929491116250859 -0.3602774585969182 
-0.6913797717172686 1.1956394379357176 -0.3618859496938923 
-0.6913797717172685 1.1956394379357176 -0.361885949693892 
-0.6915572059030052 1.196457876984766 -0.3623579369248431 
-0.6915572059030052 1.196457876984766 -0.3623579369248431 
-0.6915572059030052 1.196457876984766 -0.3623579369248431 
-0.6915572059030052 1.196457876984766 -0.3623579369248431 
-0.6915572059030052 1.196457876984766 -0.3623579369248431 
-0.6924240561242506 1.2004616960405912 -0.36472700223727217 
-0.6924240561242506 1.2004616960405912 -0.36472700223727217 
-0.6927177797252233 1.201817200458543 -0.36551617014912485 
-0.6934464597409148 1.2051839253336203 -0.36752045933011146 
-0.6936614534384166 1.2061765111726765 -0.3681029571485751 
-0.6936614534384166 1.2061765111726765 -0.3681029571485751 
-0.6936614534384166 1.2061765111726765 -0.3681029571485751 
-0.6940098207359008 1.2077847273143214 -0.36904527105997564 
-0.6940098207359008 1.2077847273143214 -0.36904527105997564 
-0.6943654610938411 1.209427222312388 -0.37001555424978183 
-0.6943654610938411 1.209427222312388 -0.37001555424978183 
-0.6943654610938411 1.209427222312388 -0.37001555424978183 
-0.6943654610938411 1.209427222312388 -0.37001555424978183 
-0.6943654610938411 1.209427222312388 -0.37001555424978183 
-0.694634239463096 1.2106688969618034 -0.3707529176157748 
-0.694634239463096 1.2106688969618034 -0.3707529176157748 
-0.694634239463096 1.2106688969618034 -0.3707529176157748 
-0.694634239463096 1.2106688969618034 -0.3707529176157748 
-0.6955059322221205 1.2146954252899973 -0.3731392578825451 
-0.6962005422212973 1.2179034229870571 -0.37503434203321784 
-0.6962005422212973 1.2179034229870571 -0.37503434203321784 
-0.6962005422212972 1.2179034229870571 -0.3750343420332175 
-0.696284082442656 1.2182882131933495 -0.3752500727761362 
-0.696284082442656 1.2182882131933495 -0.3752500727761362 
-0.696284082442656 1.2182882131933495 -0.3752500727761362 
-0.6963406856757867 1.2185496304515868 -0.3754045017220332 
-0.6963406856757867 1.2185496304515868 -0.3754045017220332 
-0.6963406856757867 1.2185496304515868 -0.3754045017220332 
-0.6963406856757867 1.2185496304515868 -0.3754045017220332 
-0.696980684198343 1.221505754069927 -0.3771546541779702 
-0.696980684198343 1.221505754069927 -0.3771546541779702 
-0.6969806841983429 1.221505754069927 -0.3771546541779699 
-0.6976323064278723 1.224515560798566 -0.3789365192537685 
-0.6976323064278723 1.224515560798566 -0.3789365192537685 
-0.6976323064278723 1.224515560798566 -0.3789365192537685 
-0.6976323064278723 1.224515560798566 -0.3789365192537685 
-0.6976323064278723 1.224515560798566 -0.3789365192537685 
-0.6982197995620254 1.2272278150286808 -0.3805271699933094 
-0.6982197995620254 1.2272278150286808 -0.3805271699933094 
-0.6986114557607835 1.2290373349900716 -0.3816038405487563 
-0.6986114557607835 1.2290373349900716 -0.3816038405487563 
-0.6986114557607835 1.2290373349900716 -0.3816038405487563 
-0.6986114557607834 1.2290373349900716 -0.38160384054875596 
-0.6996157870828648 1.2336745565119247 -0.3843297954586432 
-0.6996157870828648 1.2336745565119247 -0.3843297954586432 
-0.6996157870828648 1.2336745565119247 -0.3843297954586432 
-0.6996157870828648 1.2336745565119247 -0.3843297954586432 
-0.7006221905799677 1.2383230553248643 -0.387081543162738 
-0.7006221905799677 1.2383230553248643 -0.387081543162738 
-0.7006221905799677 1.2383230553248643 -0.387081543162738 
-0.7006221905799677 1.2383230553248643 -0.387081543162738 
-0.7006221905799677 1.2383230553248643 -0.387081543162738 
-0.701186275362801 1.2409285777389383 -0.38862458238227193 
-0.701186275362801 1.2409285777389383 -0.38862458238227193 
-0.701186275362801 1.2409285777389383 -0.38862458238227193 
-0.701186275362801 1.2409285777389383 -0.38862458238227193 
-0.701186275362801 1.2409285777389383 -0.38862458238227193 
-0.701186275362801 1.2409285777389383 -0.38862458238227193 
-0.7020744230518903 1.2450311017738112 -0.39105581615360363 
-0.7020744230518903 1.2450311017738112 -0.39105581615360363 
-0.7024885963573184 1.246942892992936 -0.3921736034722273 
-0.7024885963573184 1.246942892992936 -0.3921736034722273 
-0.7024885963573184 1.246942892992936 -0.3921736034722273 
-0.7024885963573184 1.246942892992936 -0.3921736034722273 
-0.7024885963573184 1.246942892992936 -0.3921736034722273 
-0.7024104918101028 1.247803877610253 -0.39265763681663424 
-0.7024104918101028 1.247803877610253 -0.39265763681663424 
-0.7024104918101028 1.247803877610253 -0.39265763681663424 
-0.7024104918101028 1.247803877610253 -0.39265763681663424 
-0.7035863780823525 1.2520117148065133 -0.39515460471448016 
-0.7035863780823525 1.2520117148065133 -0.39515460471448016 
-0.7035863780823525 1.2520117148065133 -0.39515460471448016 
-0.7039361883657852 1.2536288190126703 -0.3961270896221064 
-0.7041770692671208 1.2547409627192794 -0.3967802147418594 
-0.7041770692671208 1.2547409627192794 -0.3967802147418594 
-0.7045850999118242 1.2566245642753482 -0.3978833631493296 
-0.7045850999118242 1.2566245642753482 -0.3978833631493296 
-0.7045850999118242 1.2566245642753482 -0.3978833631493296 
-0.7045850999118242 1.2566245642753482 -0.3978833631493296 
-0.7045850999118242 1.2566245642753482 -0.3978833631493296 
-0.7045850999118242 1.2566245642753482 -0.3978833631493296 
-0.7055682279624974 1.2611654026793915 -0.40056966586387566 
-0.7059261289230745 1.262819536062895 -0.40156024945971247 
-0.7059261289230745 1.262819536062895 -0.40156024945971247 
-0.7059261289230745 1.262819536062895 -0.40156024945971247 
-0.7059261289230745 1.262819536062895 -0.40156024945971247 
-0.706179295277077 1.2639884190964785 -0.4022468926207562 
-0.706179295277077 1.2639884190964785 -0.4022468926207562 
-0.706179295277077 1.2639884190964785 -0.4022468926207562 
-0.7066530445547029 1.2661777603715338 -0.4035555733927009 
-0.7066530445547029 1.2661777603715338 -0.4035555733927009 
-0.7066530445547029 1.2661777603715338 -0.4035555733927009 
-0.7066530445547029 1.2661777603715338 -0.4035555733927009 
-0.7066530445547029 1.2661777603715338 -0.4035555733927009 
-0.7066530445547029 1.2661777603715338 -0.4035555733927009 
-0.7074021602482556 1.2696352642653903 -0.4055731296957624 
-0.7074021602482556 1.2696352642653903 -0.4055731296957624 
-0.7089283444600444 1.2766850153103788 -0.409751106325808 
-0.7089283444600444 1.2766850153103788 -0.409751106325808 
-0.7089283444600444 1.2766850153103788 -0.409751106325808 
-0.7091591224248593 1.2777501550366983 -0.41037260469914527 
-0.7091591224248593 1.2777501550366983 -0.41037260469914527 
-0.7091591224248593 1.2777501550366983 -0.41037260469914527 
-0.7091591224248593 1.2777501550366983 -0.41037260469914527 
-0.7091951197581018 1.2779167501042872 -0.4104748783709976 
-0.7094779660693231 1.279224085197291 -0.4112587492919416 
-0.7096630431833713 1.28007696141598 -0.4117414305004481 
-0.7096630431833713 1.28007696141598 -0.4117414305004481 
-0.7096630431833711 1.28007696141598 -0.41174143050044776 
-0.7096630431833711 1.28007696141598 -0.41174143050044776 
-0.7101846111170066 1.282486976910709 -0.4131785419133317 
-0.7101846111170066 1.282486976910709 -0.4131785419133317 
-0.7108551026893322 1.285583930107593 -0.41501188766535047 
-0.7108551026893322 1.285583930107593 -0.41501188766535047 
-0.7111898521257038 1.2871289088861728 -0.41591298516434516 
-0.7115799738416931 1.2889313419683162 -0.4169854692353213 
-0.7115799738416931 1.2889313419683162 -0.4169854692353213 
-0.7117703894409728 1.289810415933677 -0.4175009113470586 
-0.7117703894409728 1.289810415933677 -0.4175009113470586 
-0.7117703894409728 1.289810415933677 -0.4175009113470586 
-0.7117703894409728 1.289810415933677 -0.4175009113470586 
-0.7124762261913644 1.2930709522744699 -0.4194347515150302 
-0.7124762261913644 1.2930709522744699 -0.4194347515150302 
-0.7124762261913644 1.2930709522744699 -0.4194347515150302 
-0.7126879046409679 1.2940478825006578 -0.4200041412394765 
-0.7126879046409679 1.2940478825006578 -0.4200041412394765 
-0.7126879046409679 1.2940478825006578 -0.4200041412394765 
-0.7135128377821646 1.2978577666375473 -0.4222547822079329 
-0.7140293104418403 1.3002433964764737 -0.42366792266401276 
-0.7140293104418403 1.3002433964764737 -0.42366792266401276 
-0.7140293104418401 1.3002433964764737 -0.42366792266401243 
-0.7140293104418401 1.3002433964764737 -0.42366792266401243 
-0.7146811669655839 1.3032546296932424 -0.42545449015797765 
-0.7146811669655839 1.3032546296932424 -0.42545449015797765 
-0.7146811669655839 1.3032546296932424 -0.42545449015797765 
-0.7146811669655839 1.3032546296932424 -0.42545449015797765 
-0.7154386814639689 1.3067517688342214 -0.4275049420140934 
-0.7154386814639689 1.3067517688342214 -0.4275049420140934 
-0.7155961735564114 1.3074786236374183 -0.4279286166151747 
-0.7155961735564114 1.3074786236374183 -0.4279286166151747 
-0.7159445778690456 1.3090876995705338 -0.428879157914151 
-0.7159445778690456 1.3090876995705338 -0.428879157914151 
-0.7165383887468175 1.311832388782503 -0.4305254689090715 
-0.7168502761391935 1.3132710997863675 -0.43135615449212017 
-0.7168502761391935 1.3132710997863675 -0.43135615449212017 
-0.7168502761391935 1.3132710997863675 -0.43135615449212017 
-0.717355731380474 1.3156049930448963 -0.4327291667778931 
-0.717355731380474 1.3156049930448963 -0.4327291667778931 
-0.7175688299155305 1.3165903686389224 -0.4333246901501392 
-0.7175688299155305 1.3165903686389224 -0.4333246901501392 
-0.7179683839052887 1.3184363638819392 -0.43442290801784356 
-0.7179683839052887 1.3184363638819392 -0.43442290801784356 
-0.7179683839052887 1.3184363638819392 -0.43442290801784356 
-0.7185708135966838 1.3212179457619726 -0.43605837292988203 
-0.719144771817082 1.3238690678147038 -0.43762834956042884 
-0.719144771817082 1.3238690678147038 -0.43762834956042884 
-0.719144771817082 1.3238690678147038 -0.43762834956042884 
-0.719144771817082 1.3238690678147038 -0.43762834956042884 
-0.7195054293624921 1.325534045429821 -0.4386041945958833 
-0.7195054293624921 1.325534045429821 -0.4386041945958833 
-0.719670428743996 1.326296425577137 -0.4390584207840459 
-0.719670428743996 1.326296425577137 -0.4390584207840459 
-0.7203450921913491 1.3294126462269746 -0.44090314854071877 
-0.7203450921913491 1.3294126462269746 -0.44090314854071877 
-0.7203450921913491 1.3294126462269746 -0.44090314854071877 
-0.7203450921913491 1.3294126462269746 -0.44090314854071877 
-0.7206918743442072 1.3310126879490958 -0.44183106807854033 
-0.7206918743442072 1.3310126879490958 -0.44183106807854033 
-0.7212711621327794 1.333689622145759 -0.4434297180840582 
-0.7212711621327794 1.333689622145759 -0.4434297180840582 
-0.7212711621327794 1.333689622145759 -0.4434297180840582 
-0.7212711621327794 1.333689622145759 -0.4434297180840582 
-0.7215962909333756 1.3351908576695466 -0.444312694283994 
-0.7215962909333756 1.3351908576695466 -0.444312694283994 
-0.7215962909333756 1.3351908576695466 -0.444312694283994 
-0.7215962909333756 1.3351908576695466 -0.444312694283994 
-0.7215962909333756 1.3351908576695466 -0.444312694283994 
-0.722592379894726 1.339791899366477 -0.4470384210722823 
-0.722592379894726 1.339791899366477 -0.4470384210722823 
-0.722592379894726 1.339791899366477 -0.4470384210722823 
-0.722592379894726 1.339791899366477 -0.4470384210722823 
-0.722592379894726 1.339791899366477 -0.4470384210722823 
-0.7231593041441412 1.3424101911974138 -0.44858514392535354 
-0.7231593041441412 1.3424101911974138 -0.44858514392535354 
-0.7235861992707734 1.3443807370747987 -0.4497376398167884 
-0.7235861992707734 1.3443807370747987 -0.4497376398167884 
-0.7235861992707734 1.3443807370747987 -0.4497376398167884 
-0.724086205685697 1.346689974531057 -0.4511017926986639 
-0.724086205685697 1.346689974531057 -0.4511017926986639 
-0.724086205685697 1.346689974531057 -0.4511017926986639 
-0.724086205685697 1.346689974531057 -0.4511017926986639 
-0.7247167486316509 1.3496020839462903 -0.45282208458132034 
-0.7247167486316509 1.3496020839462903 -0.45282208458132034 
-0.7247167486316509 1.3496020839462903 -0.45282208458132034 
-0.7250857588441733 1.351305982070055 -0.45382478115434177 
-0.7250857588441733 1.351305982070055 -0.45382478115434177 
-0.7254923145850233 1.3531839698898935 -0.4549380384947096 
-0.7257808350341493 1.3545168216701253 -0.4557292635999656 
-0.7257808350341493 1.3545168216701253 -0.4557292635999656 
-0.7257808350341493 1.3545168216701253 -0.4557292635999656 
-0.7263179183889719 1.3569972958461984 -0.45719457241285444 
-0.7268523554344777 1.3594652038458253 -0.4586485981772995 
-0.727146361659502 1.3608233912193668 -0.4594547899645368 
-0.727146361659502 1.3608233912193668 -0.4594547899645368 
-0.727146361659502 1.3608233912193668 -0.4594547899645368 
-0.727146361659502 1.3608233912193668 -0.4594547899645368 
-0.727146361659502 1.3608233912193668 -0.4594547899645368 
-0.7274342803441879 1.3621546692714992 -0.46025859449385875 
-0.7274342803441879 1.3621546692714992 -0.46025859449385875 
-0.7278569854249475 1.364105347145322 -0.4613935640054855 
-0.7278569854249475 1.364105347145322 -0.4613935640054855 
-0.7278569854249475 1.364105347145322 -0.4613935640054855 
-0.7278569854249475 1.364105347145322 -0.4613935640054855 
-0.7285160320617896 1.3671487540328309 -0.46318755847444504 
-0.7285160320617896 1.3671487540328309 -0.46318755847444504 
-0.7288714888529821 1.3687910900834765 -0.46416546724468477 
-0.7288714888529821 1.3687910900834765 -0.46416546724468477 
-0.7290277177064113 1.3695129642865942 -0.46459576505754707 
-0.7290277177064113 1.3695129642865942 -0.46459576505754707 
-0.7300125500942848 1.374060640768068 -0.46727452806510617 
-0.7300125500942848 1.374060640768068 -0.46727452806510617 
-0.7300125500942848 1.374060640768068 -0.46727452806510617 
-0.7303629437658001 1.3756792488074527 -0.46823456007386166 
-0.7303629437658001 1.3756792488074527 -0.46823456007386166 
-0.7303629437658001 1.3756792488074527 -0.46823456007386166 
-0.7307731705733574 1.3775728134590126 -0.469341580277738 
-0.7307731705733574 1.3775728134590126 -0.469341580277738 
-0.7316070948245271 1.381424222278992 -0.47161675142863746 
-0.7316070948245271 1.381424222278992 -0.47161675142863746 
-0.7322139766173718 1.3842277434943195 -0.4732806156793322 
-0.7322139766173718 1.3842277434943195 -0.4732806156793322 
-0.7322139766173718 1.3842277434943195 -0.4732806156793322 
-0.7322139766173718 1.3842277434943195 -0.4732806156793322 
-0.7322139766173718 1.3842277434943195 -0.4732806156793322 
-0.7331433409014961 1.3885199340569883 -0.475816173081519 
-0.7334820875632047 1.3900844069438407 -0.47674036569386036 
-0.7334820875632047 1.3900844069438407 -0.47674036569386036 
-0.7335968470198099 1.3906147582352983 -0.4770575237639135 
-0.7335968470198099 1.3906147582352983 -0.4770575237639135 
-0.7335968470198099 1.3906147582352983 -0.4770575237639135 
-0.7335968470198099 1.3906147582352983 -0.4770575237639135 
-0.7335968470198099 1.3906147582352983 -0.4770575237639135 
-0.7342117642381949 1.393453668285463 -0.47872299483059655 
-0.7342117642381949 1.393453668285463 -0.47872299483059655 
