-0.7047399140154679 1.212187755606339 -0.4895384570698562 
-0.7047450857512609 1.2122097016782287 -0.48953036240230396 
-0.7047450857512609 1.2122097016782287 -0.48953036240230396 
-0.7047499083498273 1.2122315706010873 -0.4895394230517893 
-0.7047499083498273 1.2122315706010873 -0.4895394230517893 
-0.7047499083498273 1.2122315706010873 -0.4895394230517893 
-0.7047407379840798 1.2121905276115037 -0.4895285995624188 
-0.7047407379840798 1.2121905276115037 -0.4895285995624188 
-0.7047407379840798 1.2121905276115037 -0.4895285995624188 
-0.7047407379840798 1.2121905276115037 -0.4895285995624188 
-0.703048575112737 1.213151103980826 -0.4895582970879312 
-0.703048575112737 1.213151103980826 -0.4895582970879312 
-0.703048575112737 1.213151103980826 -0.4895582970879312 
-0.703048575112737 1.213151103980826 -0.4895582970879312 
-0.704270429057046 1.2125095711005707 -0.4895468604328419 
-0.704270429057046 1.2125095711005707 -0.4895468604328419 
-0.7047488586605132 1.2122275871822124 -0.4895466349879567 
-0.7047488586605132 1.2122275871822124 -0.4895466349879567 
-0.7047488586605132 1.2122275871822124 -0.4895466349879567 
-0.7047488586605132 1.2122275871822124 -0.4895466349879567 
-0.7047488586605132 1.2122275871822124 -0.4895466349879567 
-0.7047477625063533 1.2122225383954637 -0.4895436521177816 
-0.7047477625063533 1.2122225383954637 -0.4895436521177816 
-0.7047477625063533 1.2122225383954637 -0.4895436521177816 
-0.7047477625063533 1.2122225383954637 -0.4895436521177816 
-0.704741787673394 1.212194511030379 -0.4895213876262514 
-0.704741787673394 1.212194511030379 -0.4895213876262514 
-0.704741787673394 1.212194511030379 -0.4895213876262514 
-0.704741787673394 1.212194511030379 -0.4895213876262514 
-0.704746407867024 1.2122157912236498 -0.4895339601623834 
-0.704746407867024 1.2122157912236498 -0.4895339601623834 
-0.704746407867024 1.2122157912236498 -0.4895339601623834 
-0.704745965559205 1.2122137539939088 -0.4895327565481027 
-0.704745965559205 1.2122137539939088 -0.4895327565481027 
-0.7047492357545136 1.2122281291587969 -0.489533530102108 
-0.7047492357545136 1.2122281291587969 -0.489533530102108 
-0.7047492357545136 1.2122281291587969 -0.489533530102108 
-0.7047450670022881 1.2122092717929465 -0.48952624870851635 
-0.7047450670022881 1.2122092717929465 -0.48952624870851635 
-0.7047450670022881 1.2122092717929465 -0.48952624870851635 
-0.7047422251735193 1.2121965261163181 -0.4895225781577688 
-0.7047422251735193 1.2121965261163181 -0.4895225781577688 
-0.7047422251735193 1.2121965261163181 -0.4895225781577688 
-0.7047422251735193 1.2121965261163181 -0.4895225781577688 
-0.7047424788509953 1.2121982023575817 -0.48952927416022773 
-0.704741175484205 1.212192542697443 -0.48952979009393593 
-0.704741175484205 1.212192542697443 -0.48952979009393593 
-0.704741175484205 1.212192542697443 -0.48952979009393593 
-0.704741175484205 1.212192542697443 -0.48952979009393593 
-0.704744897120918 1.2122093406897514 -0.4895358547904822 
-0.704744897120918 1.2122093406897514 -0.4895358547904822 
-0.704744897120918 1.2122093406897514 -0.4895358547904822 
-0.7047506370253742 1.2122361216988553 -0.48955553697334087 
-0.7047435798128486 1.212203273288132 -0.4895322701131666 
-0.7047435798128486 1.212203273288132 -0.4895322701131666 
-0.7047412034409788 1.2121930075249965 -0.4895338405251253 
-0.7047412034409788 1.2121930075249965 -0.4895338405251253 
-0.7047412034409788 1.2121930075249965 -0.4895338405251253 
-0.7047412034409788 1.2121930075249965 -0.4895338405251253 
-0.7047449438266646 1.2122102354025874 -0.48954401891545873 
-0.7047449438266646 1.2122102354025874 -0.48954401891545873 
-0.7047449438266646 1.2122102354025874 -0.48954401891545873 
-0.7047449438266646 1.2122102354025874 -0.48954401891545873 
-0.7047464403905904 1.2122164488500429 -0.4895400543577024 
-0.7047422251735193 1.2121965261163181 -0.4895225781577688 
-0.7047422251735193 1.2121965261163181 -0.4895225781577688 
-0.7047442059433168 1.2122056493625484 -0.48952796825650613 
-0.7047442059433168 1.2122056493625484 -0.48952796825650613 
-0.704745965559205 1.2122137539939088 -0.4895327565481027 
-0.704745965559205 1.2122137539939088 -0.4895327565481027 
-0.704745965559205 1.2122137539939088 -0.4895327565481027 
-0.7047472549847161 1.2122190059125664 -0.4895281400033713 
-0.7047472549847161 1.2122190059125664 -0.4895281400033713 
-0.7047472549847161 1.2122190059125664 -0.4895281400033713 
-0.7047449438266646 1.2122102354025874 -0.48954401891545873 
-0.7047442059433168 1.2122056493625484 -0.48952796825650613 
-0.7047468314258701 1.2122173985681082 -0.48953105008287734 
-0.7047468314258701 1.2122173985681082 -0.48953105008287734 
-0.7047468314258701 1.2122173985681082 -0.48953105008287734 
-0.7047455232513862 1.212211716764168 -0.48953155293382156 
-0.7047455232513862 1.212211716764168 -0.48953155293382156 
-0.7047455232513862 1.212211716764168 -0.48953155293382156 
-0.7047455232513862 1.212211716764168 -0.48953155293382156 
-0.7047463703690784 1.2122149314530846 -0.48952573277480926 
-0.7047463703690784 1.2122149314530846 -0.48952573277480926 
-0.7047440779599996 1.212206590828388 -0.4895457253806834 
-0.7047440779599996 1.212206590828388 -0.4895457253806834 
-0.7047440779599996 1.212206590828388 -0.4895457253806834 
-0.7047440779599996 1.212206590828388 -0.4895457253806834 
-0.7047442059433165 1.2122056493625484 -0.4895279682565058 
-0.7047442059433165 1.2122056493625484 -0.4895279682565058 
-0.7047442059433165 1.2122056493625484 -0.4895279682565058 
-0.7047503645989255 1.2122340155723095 -0.48954472727709386 
-0.7047503645989255 1.2122340155723095 -0.48954472727709386 
-0.7047503645989255 1.2122340155723095 -0.48954472727709386 
-0.7047499222911064 1.2122319783425684 -0.4895435236628125 
-0.7047499222911064 1.2122319783425684 -0.4895435236628125 
-0.7047435424815885 1.2122025935179372 -0.489526162835084 
-0.7047435424815885 1.2122025935179372 -0.489526162835084 
-0.7047483886368214 1.21222491446988 -0.4895393502611205 
-0.704741175484205 1.212192542697443 -0.48952979009393593 
-0.704741175484205 1.212192542697443 -0.48952979009393593 
-0.7047413453655752 1.212192473800638 -0.4895201840119705 
-0.7047413453655752 1.212192473800638 -0.4895201840119705 
-0.704741345365575 1.212192473800638 -0.48952018401197017 
-0.7047422251735193 1.2121965261163181 -0.4895225781577688 
-0.7047422251735193 1.2121965261163181 -0.4895225781577688 
-0.7047422251735193 1.2121965261163181 -0.4895225781577688 
-0.7047422251735193 1.2121965261163181 -0.4895225781577688 
-0.7047422251735193 1.2121965261163181 -0.4895225781577688 
-0.7047470665210586 1.2122188249244594 -0.4895357525010413 
-0.7047470665210586 1.2122188249244594 -0.4895357525010413 
-0.704745965559205 1.2122137539939088 -0.4895327565481027 
-0.704745965559205 1.2122137539939088 -0.4895327565481027 
-0.704745965559205 1.2122137539939088 -0.4895327565481027 
-0.7047470665210586 1.2122188249244594 -0.4895357525010413 
-0.7047470665210586 1.2122188249244594 -0.4895357525010413 
-0.7047460168317442 1.212214841505584 -0.4895429644372087 
-0.7047460168317442 1.212214841505584 -0.4895429644372087 
-0.7047460168317442 1.212214841505584 -0.4895429644372087 
-0.704745965559205 1.2122137539939088 -0.4895327565481027 
-0.7047445202678186 1.212208628058129 -0.48954692899496477 
-0.7047445202678186 1.212208628058129 -0.48954692899496477 
-0.7047453394287368 1.2122113779194923 -0.48953705840476336 
-0.7047453394287368 1.2122113779194923 -0.48953705840476336 
-0.7047453394287368 1.2122113779194923 -0.48953705840476336 
-0.7047429163511204 1.212200217443521 -0.4895304646917451 
-0.7047429163511202 1.212200217443521 -0.48953046469174477 
-0.7047464822886433 1.212217321419077 -0.48954820539991495 
-0.7047444735620719 1.212207733345293 -0.48953876486998826 
-0.7047444735620719 1.212207733345293 -0.48953876486998826 
-0.7047444735620719 1.212207733345293 -0.48953876486998826 
-0.7047460168317442 1.212214841505584 -0.4895429644372087 
-0.7047460168317442 1.212214841505584 -0.4895429644372087 
-0.7047439660404345 1.2122042008623957 -0.48952325275557795 
-0.7047439660404345 1.2122042008623957 -0.48952325275557795 
-0.7047439660404345 1.2122042008623957 -0.48952325275557795 
-0.7047439660404345 1.2122042008623957 -0.48952325275557795 
-0.7047473201985345 1.2122205011657228 -0.4895424485035005 
-0.7047473201985345 1.2122205011657228 -0.4895424485035005 
-0.7047435937541275 1.2122036810296128 -0.4895363707241901 
-0.7047435937541275 1.2122036810296128 -0.4895363707241901 
-0.7047435937541275 1.2122036810296128 -0.4895363707241901 
-0.7047453581777098 1.2122118078047748 -0.4895411720985512 
-0.7047453581777098 1.2122118078047748 -0.4895411720985512 
-0.7047479323877236 1.2122224694986583 -0.4895340460358162 
-0.7047455232513862 1.212211716764168 -0.48953155293382156 
-0.7047455232513862 1.212211716764168 -0.48953155293382156 
-0.7047455232513862 1.212211716764168 -0.48953155293382156 
-0.7047455232513862 1.212211716764168 -0.48953155293382156 
-0.7047497384684571 1.212231639497893 -0.48954902913375464 
-0.7047497384684571 1.212231639497893 -0.48954902913375464 
-0.7047499083498273 1.2122315706010873 -0.4895394230517893 
-0.7047499083498273 1.2122315706010873 -0.4895394230517893 
-0.7031976401342704 1.213046331413707 -0.489544940471753 
-0.704741787673394 1.212194511030379 -0.4895213876262514 
-0.7047435424815885 1.2122025935179372 -0.489526162835084 
-0.7047435424815883 1.2122025935179372 -0.48952616283508366 
-0.7047407192351071 1.2121900977262214 -0.4895244858686312 
-0.7047407192351071 1.2121900977262214 -0.4895244858686312 
-0.7047407192351068 1.2121900977262214 -0.48952448586863084 
-0.7047473201985345 1.2122205011657228 -0.4895424485035005 
-0.7047473201985345 1.2122205011657228 -0.4895424485035005 
-0.7047429163511204 1.212200217443521 -0.4895304646917451 
-0.704744643443442 1.2122076644484878 -0.48952915878802283 
-0.704744643443442 1.2122076644484878 -0.48952915878802283 
-0.704744643443442 1.2122076644484878 -0.48952915878802283 
-0.704744643443442 1.2122076644484878 -0.48952915878802283 
-0.7047482000064786 1.2122245534814031 -0.48954484264929854 
-0.7047482000064786 1.212224553481403 -0.48954484264929854 
-0.7047482000064786 1.212224553481403 -0.48954484264929854 
-0.7047435937541278 1.2122036810296128 -0.48953637072419043 
-0.7047435937541278 1.2122036810296128 -0.48953637072419043 
-0.7047435937541278 1.2122036810296128 -0.48953637072419043 
-0.7047435937541278 1.2122036810296128 -0.48953637072419043 
-0.704746459139563 1.2122168787353251 -0.4895441680514897 
-0.704746459139563 1.2122168787353251 -0.4895441680514897 
-0.7047456024806992 1.2122132691033969 -0.48954581125411667 
-0.7047456024806992 1.2122132691033969 -0.48954581125411667 
-0.7047456024806992 1.2122132691033969 -0.48954581125411667 
-0.7030019635923661 1.2131937981280498 -0.48955811802066296 
-0.7030019635923661 1.2131937981280498 -0.48955811802066296 
-0.7030019635923661 1.2131937981280498 -0.48955811802066296 
-0.7030019635923661 1.2131937981280498 -0.48955811802066296 
-0.7047488726017922 1.2122279949236934 -0.4895507355989799 
-0.7047499222911064 1.2122319783425684 -0.4895435236628125 
-0.7047499222911064 1.2122319783425684 -0.4895435236628125 
-0.7047499222911064 1.2122319783425684 -0.4895435236628125 
-0.7047499222911064 1.2122319783425684 -0.4895435236628125 
-0.7047488586605132 1.2122275871822124 -0.4895466349879567 
-0.7047508020990506 1.2122360306582485 -0.48954591780861123 
-0.7047496732546389 1.2122301442447363 -0.4895347206336256 
-0.7047496732546389 1.2122301442447363 -0.4895347206336256 
-0.7047496732546389 1.2122301442447363 -0.4895347206336256 
-0.7047496732546389 1.2122301442447363 -0.4895347206336256 
-0.7047415990430512 1.2121941500419013 -0.4895268800144301 
-0.7047512444068695 1.2122380678879896 -0.48954712142289214 
-0.7047512444068695 1.2122380678879896 -0.48954712142289214 
-0.7047512444068695 1.2122380678879896 -0.48954712142289214 
-0.7047412034409788 1.2121930075249965 -0.4895338405251253 
-0.7029936822423637 1.2131568423964174 -0.48954962541449265 
-0.704666397457869 1.2122799668942383 -0.48954137205702375 
-0.704666397457869 1.2122799668942383 -0.48954137205702375 
-0.704666397457869 1.2122799668942383 -0.48954137205702375 
-0.7047422251735193 1.2121965261163181 -0.4895225781577688 
-0.7047422251735193 1.2121965261163181 -0.4895225781577688 
-0.7047424788509953 1.2121982023575817 -0.48952927416022773 
-0.7047424788509953 1.2121982023575817 -0.48952927416022773 
-0.7047415990430512 1.2121941500419013 -0.4895268800144301 
-0.7047415990430512 1.2121941500419013 -0.4895268800144301 
-0.7047415990430512 1.2121941500419013 -0.4895268800144301 
-0.7030579257971666 1.2131547841805728 -0.4895705644447089 
-0.7030579257971666 1.2131547841805728 -0.4895705644447089 
-0.7030519276484419 1.2131261341313655 -0.4895421424952623 
-0.7047415990430512 1.2121941500419013 -0.4895268800144301 
-0.7047488261369467 1.2122269295558195 -0.4895405407926381 
-0.7047488261369467 1.2122269295558195 -0.4895405407926381 
-0.7047488261369467 1.2122269295558195 -0.4895405407926381 
-0.7047488261369467 1.2122269295558195 -0.4895405407926381 
-0.7047417689244213 1.2121940811450964 -0.489517273932464 
-0.7047430910401843 1.2122001706905172 -0.4895208716925439 
-0.7047430910401843 1.2122001706905172 -0.4895208716925439 
-0.7047442059433168 1.2122056493625484 -0.48952796825650613 
-0.7047442059433168 1.2122056493625484 -0.48952796825650613 
-0.7047442059433168 1.2122056493625484 -0.48952796825650613 
-0.7047442059433168 1.2122056493625484 -0.48952796825650613 
-0.7047399000741886 1.2121873478648584 -0.4895343564588326 
-0.704741787673394 1.212194511030379 -0.4895213876262514 
-0.7047494847909812 1.212229963256629 -0.4895423331312956 
-0.7047420552921491 1.2121965950131233 -0.489532184239734 
-0.704746407867024 1.2122157912236498 -0.4895339601623834 
-0.7047444735620719 1.212207733345293 -0.48953876486998826 
-0.7047469245964622 1.2122193586488177 -0.4895494090141961 
-0.7047416177920239 1.2121945799271838 -0.48953099370821707 
-0.7040063505272538 1.2126341432225407 -0.4895515445933827 
-0.7047445202678186 1.212208628058129 -0.48954692899496477 
-0.7029951275337503 1.2131619683321975 -0.4895354529676301 
-0.704394484509361 1.2124074518787158 -0.48954143586130316 
-0.7047396370222262 1.2121854566809533 -0.48952560360947994 
-0.7047426674813381 1.2121985633460588 -0.48952378177205014 
-0.7047497524097364 1.2122320472393735 -0.48955312974477816 
-0.7047435285403094 1.2122021857764564 -0.489522062224061 
-0.7047440779599996 1.212206590828388 -0.4895457253806834 
-0.7047494847909812 1.212229963256629 -0.4895423331312956 
-0.7047422112322401 1.212196118374837 -0.4895184775467454 
-0.7047503645989255 1.2122340155723095 -0.48954472727709386 
-0.7047488261369467 1.2122269295558195 -0.4895405407926381 
-0.7047450857512609 1.2122097016782287 -0.48953036240230396 
-0.704744643443442 1.2122076644484878 -0.48952915878802283 
-0.7035005554726144 1.2129085041180954 -0.489553711045156 
-0.7047508020990506 1.2122360306582485 -0.48954591780861123 
-0.7047396370222262 1.2121854566809533 -0.48952560360947994 
-0.7047460168317442 1.212214841505584 -0.4895429644372087 
-0.7047483698878487 1.2122244845845978 -0.48953523656733355 
-0.7047449438266644 1.2122102354025874 -0.4895440189154584 
-0.7047440173129739 1.2122052883740715 -0.48953346064468417 
-0.7047483886368214 1.21222491446988 -0.4895393502611205 
-0.7047460168317442 1.212214841505584 -0.4895429644372087 
-0.7047407798821328 1.2121914001805383 -0.4895367506046313 
-0.7047440360619465 1.2122057182593535 -0.4895375743384708 
-0.7047453394287368 1.2122113779194923 -0.48953705840476336 
-0.7047473389475072 1.212220931051005 -0.48954656219728787 
-0.704744897120918 1.2122093406897514 -0.4895358547904822 
-0.7047444596207928 1.2122073256038122 -0.4895346642589653 
-0.7047449158698905 1.2122097705750339 -0.4895399684842695 
-0.7029974226280493 1.2131740702740084 -0.48955980380482633 
-0.7047464403905904 1.2122164488500429 -0.4895400543577024 
-0.7047477764476325 1.2122229461369445 -0.489547752728805 
-0.7047468826984093 1.2122184860797836 -0.48954125797198333 
-0.7047468826984093 1.2122184860797836 -0.48954125797198333 
-0.7047468826984093 1.2122184860797836 -0.48954125797198333 
-0.7047489633280649 1.2122260230322508 -0.48952272040586187 
-0.7047475088288775 1.2122208621542 -0.48953695611532244 
-0.7047454905611342 1.2122108791374047 -0.48952333862901054 
-0.7047439660404345 1.2122042008623957 -0.48952325275557795 
-0.7047488586605132 1.2122275871822124 -0.4895466349879567 
-0.7047494847909812 1.212229963256629 -0.4895423331312956 
-0.7047494847909812 1.212229963256629 -0.4895423331312956 
-0.7047435424815885 1.2122025935179372 -0.489526162835084 
-0.7047407192351071 1.2121900977262214 -0.4895244858686312 
-0.7047507881577716 1.212235622916768 -0.4895418171975878 
-0.7047483886368214 1.21222491446988 -0.4895393502611205 
-0.7047442059433168 1.2122056493625484 -0.48952796825650613 
-0.7047450857512609 1.2122097016782287 -0.48953036240230396 
-0.7047442059433168 1.2122056493625484 -0.48952796825650613 
-0.7047499222911064 1.2122319783425684 -0.4895435236628125 
-0.7047470665210586 1.2122188249244594 -0.4895357525010413 
-0.7047435798128486 1.212203273288132 -0.4895322701131666 
-0.704746407867024 1.2122157912236498 -0.4895339601623834 
-0.7047536160452613 1.212247960851915 -0.4895413871373122 
-0.704748034691901 1.2122248151770478 -0.48955649249539357 
-0.7047413453655752 1.212192473800638 -0.4895201840119705 
-0.7047411615429259 1.2121921349559623 -0.4895256894829123 
-0.7047417689244211 1.2121940811450964 -0.4895172739324637 
-0.7047468966396884 1.2122188938212644 -0.48954535858300674 
-0.7047416177920239 1.2121945799271838 -0.48953099370821707 
-0.7047416177920239 1.2121945799271838 -0.48953099370821707 
-0.7047492357545136 1.2122281291587969 -0.489533530102108 
-0.704748900558566 1.212228459751247 -0.4895547860301689 
-0.7047444735620719 1.212207733345293 -0.48953876486998826 
-0.7047453581777098 1.2122118078047748 -0.4895411720985512 
-0.704745965559205 1.2122137539939088 -0.4895327565481027 
-0.7047424927922742 1.212198610099062 -0.48953337477125136 
-0.704748020750622 1.2122244074355668 -0.48955239188437094 
-0.7047463703690784 1.2122149314530846 -0.48952573277480926 
-0.7047460168317442 1.212214841505584 -0.4895429644372087 
-0.7047449438266646 1.2122102354025874 -0.48954401891545873 
-0.7047435937541278 1.2122036810296128 -0.48953637072419043 
-0.704745490561134 1.2122108791374047 -0.4895233386290102 
-0.7047429163511204 1.212200217443521 -0.4895304646917451 
-0.7047436217109017 1.2122041458571664 -0.4895404211553793 
-0.7047442059433168 1.2122056493625484 -0.48952796825650613 
-0.7047479463290026 1.2122228772401393 -0.48953814664683937 
-0.7047455232513862 1.212211716764168 -0.48953155293382156 
-0.7047435798128486 1.212203273288132 -0.4895322701131666 
-0.7047475088288773 1.2122208621542 -0.4895369561153221 
-0.7047496732546389 1.2122301442447363 -0.4895347206336256 
-0.7047455232513862 1.212211716764168 -0.48953155293382156 
-0.7036133107920645 1.2128145943180166 -0.48953587800827836 
-0.7047421924832673 1.2121956884895548 -0.489514363852958 
-0.7047456539199239 1.2122145366154429 -0.4895581392527142 
-0.7047402304624426 1.2121869951286066 -0.48951308744800826 
-0.7047468966396884 1.2122188938212644 -0.48954535858300674 
-0.7047442059433168 1.2122056493625484 -0.48952796825650613 
-0.7047431049814633 1.212200578431998 -0.48952497230356684 
-0.7047474900799047 1.2122204322689176 -0.4895328424215353 
-0.7047400605810724 1.2121870640254118 -0.48952269352997413 
-0.7047435798128486 1.212203273288132 -0.4895322701131666 
-0.704746389118051 1.212215361338367 -0.489529846468596 
-0.7047444735620719 1.212207733345293 -0.48953876486998826 
-0.7039145896922893 1.2126469054626015 -0.48951883450666633 
-0.7047456539199239 1.2122145366154429 -0.4895581392527142 
-0.7047426674813381 1.2121985633460588 -0.48952378177205014 
-0.704748020750622 1.2122244074355668 -0.48955239188437094 
-0.7047517379872277 1.2122411926294059 -0.4895585329262795 
-0.70474204135087 1.2121961872716425 -0.48952808362871125 
-0.7047412034409788 1.2121930075249965 -0.4895338405251253 
-0.7030026547699674 1.2131974894552529 -0.4895660045546393 
-0.7043396318257307 1.2124461122402923 -0.48955024565097904 
-0.704745965559205 1.2122137539939088 -0.4895327565481027 
-0.7047431049814633 1.212200578431998 -0.48952497230356684 
-0.704744643443442 1.2122076644484878 -0.48952915878802283 
-0.7047440173129739 1.2122052883740715 -0.48953346064468417 
-0.7047439660404345 1.2122042008623957 -0.48952325275557795 
-0.7047510605842203 1.2122377290433137 -0.4895526268938344 
-0.7047435285403094 1.2122021857764564 -0.489522062224061 
-0.7047496593133598 1.2122297365032553 -0.4895306200226024 
-0.7047426487323651 1.2121981334607765 -0.4895196680782624 
-0.7035473599651533 1.2128620332863482 -0.4895500199559426 
-0.7047483698878487 1.2122244845845978 -0.48953523656733355 
-0.7047470665210586 1.2122188249244594 -0.4895357525010413 
-0.7047457817365559 1.2122134151492332 -0.4895382620190445 
-0.7047450857512607 1.2122097016782287 -0.48953036240230363 
-0.7047431049814633 1.212200578431998 -0.48952497230356684 
-0.7047431049814633 1.212200578431998 -0.48952497230356684 
-0.7047503645989255 1.2122340155723095 -0.48954472727709386 
-0.7047492496957928 1.2122285369002779 -0.48953763071313183 
-0.7047435424815885 1.2122025935179372 -0.489526162835084 
-0.7047435424815885 1.2122025935179372 -0.489526162835084 
-0.7047450857512609 1.2122097016782287 -0.48953036240230396 
-0.7047483698878487 1.2122244845845978 -0.48953523656733355 
-0.704745965559205 1.2122137539939088 -0.4895327565481027 
-0.7047450857512609 1.2122097016782287 -0.48953036240230396 
-0.7047449158698907 1.2122097705750337 -0.48953996848426984 
-0.7029973759223029 1.2131731755611723 -0.4895516396798496 
-0.7047479136387507 1.212222039613376 -0.4895299323420288 
-0.7047477764476325 1.2122229461369445 -0.489547752728805 
-0.7047483698878487 1.2122244845845978 -0.48953523656733355 
-0.7047489144998452 1.2122288674927277 -0.4895588866411924 
-0.704746407867024 1.2122157912236498 -0.4895339601623834 
-0.7047506182764014 1.212235691813573 -0.4895514232795535 
-0.7047422112322401 1.212196118374837 -0.4895184775467454 
-0.7047469245964622 1.2122193586488177 -0.4895494090141961 
-0.7047503458499526 1.2122335856870268 -0.48954061358330647 
-0.7047439520991555 1.2122037931209149 -0.489519152144555 
-0.7047488586605132 1.2122275871822124 -0.4895466349879567 
-0.7047460168317442 1.212214841505584 -0.4895429644372087 
-0.7047444735620719 1.212207733345293 -0.48953876486998826 
-0.7047492961606384 1.212229602268152 -0.4895478255194736 
-0.7047488261369467 1.2122269295558195 -0.4895405407926381 
-0.7047460168317442 1.212214841505584 -0.4895429644372087 
-0.7047444735620719 1.212207733345293 -0.48953876486998826 
-0.704746389118051 1.212215361338367 -0.489529846468596 
-0.7047457817365559 1.2122134151492332 -0.4895382620190445 
-0.7047436731501264 1.2122054133692124 -0.48955274915397706 
-0.7047420552921491 1.2121965950131233 -0.489532184239734 
-0.7047513815979877 1.2122371613644207 -0.4895293010361159 
-0.7047450857512609 1.2122097016782287 -0.48953036240230396 
-0.704745523251386 1.212211716764168 -0.4895315529338212 
-0.7047464591395632 1.2122168787353251 -0.48954416805149004 
-0.7047435285403094 1.2122021857764564 -0.489522062224061 
-0.7047494847909812 1.212229963256629 -0.4895423331312956 
-0.7047453394287368 1.2122113779194923 -0.48953705840476336 
-0.7047435424815883 1.2122025935179372 -0.48952616283508366 
-0.7047449158698907 1.2122097705750339 -0.48953996848426984 
-0.7047464403905904 1.2122164488500429 -0.4895400543577024 
-0.7046196714272731 1.2122960269972223 -0.48954051321323533 
-0.704745965559205 1.2122137539939088 -0.4895327565481027 
-0.7047473389475072 1.212220931051005 -0.48954656219728787 
-0.7047488586605132 1.2122275871822124 -0.4895466349879567 
-0.7047444596207928 1.2122073256038122 -0.4895346642589653 
-0.7047450857512609 1.2122097016782287 -0.48953036240230396 
-0.7047415990430512 1.2121941500419013 -0.4895268800144301 
-0.7047479463290026 1.2122228772401393 -0.48953814664683937 
-0.7047473201985345 1.2122205011657228 -0.4895424485035005 
-0.7047474900799047 1.2122204322689176 -0.4895328424215353 
-0.7047424927922742 1.212198610099062 -0.48953337477125136 
-0.7047431562540025 1.2122016659436734 -0.48953518019267284 
-0.7047499222911064 1.2122319783425684 -0.4895435236628125 
-0.7047503458499526 1.2122335856870268 -0.48954061358330647 
-0.7047483886368214 1.21222491446988 -0.4895393502611205 
-0.704741787673394 1.212194511030379 -0.4895213876262514 
-0.7047494847909812 1.212229963256629 -0.4895423331312956 
-0.7047488726017922 1.2122279949236934 -0.4895507355989799 
-0.7047488726017922 1.2122279949236932 -0.4895507355989799 
-0.7047489005585662 1.212228459751247 -0.4895547860301692 
-0.704741787673394 1.212194511030379 -0.4895213876262514 
-0.7047400605810724 1.2121870640254118 -0.48952269352997413 
-0.7047479463290026 1.2122228772401393 -0.48953814664683937 
-0.704741787673394 1.212194511030379 -0.4895213876262514 
-0.7047454905611342 1.2122108791374044 -0.48952333862901054 
-0.7047501947175553 1.2122340844691146 -0.4895543333590595 
-0.7047506370253742 1.2122361216988553 -0.48955553697334087 
-0.7047445015188456 1.2122081981728463 -0.4895428153011776 
-0.7047416548823832 1.2121954303524165 -0.48953913166766516 
