-0.6497399140154677 1.212187755606339 -0.489538457069856 
-0.6497450857512608 1.2122097016782285 -0.48953036240230396 
-0.6497450857512608 1.2122097016782285 -0.48953036240230396 
-0.6497499083498274 1.2122315706010873 -0.4895394230517893 
-0.6497499083498274 1.2122315706010873 -0.4895394230517893 
-0.6497499083498274 1.2122315706010873 -0.4895394230517893 
-0.6497407379840796 1.2121905276115035 -0.48952859956241856 
-0.6497407379840796 1.2121905276115035 -0.48952859956241856 
-0.6497407379840796 1.2121905276115035 -0.48952859956241856 
-0.6497407379840796 1.2121905276115035 -0.48952859956241856 
-0.6480485751127371 1.2131511039808265 -0.4895582970879305 
-0.6480485751127371 1.2131511039808265 -0.4895582970879305 
-0.6480485751127371 1.2131511039808265 -0.4895582970879305 
-0.6480485751127371 1.2131511039808265 -0.4895582970879305 
-0.6492704290570458 1.2125095711005707 -0.4895468604328417 
-0.6492704290570458 1.2125095711005707 -0.4895468604328417 
-0.6497488586605131 1.2122275871822124 -0.4895466349879565 
-0.6497488586605131 1.2122275871822124 -0.4895466349879565 
-0.6497488586605131 1.2122275871822124 -0.4895466349879565 
-0.6497488586605131 1.2122275871822124 -0.4895466349879565 
-0.6497488586605131 1.2122275871822124 -0.4895466349879565 
-0.6497477625063532 1.2122225383954637 -0.4895436521177816 
-0.6497477625063532 1.2122225383954637 -0.4895436521177816 
-0.6497477625063532 1.2122225383954637 -0.4895436521177816 
-0.6497477625063532 1.2122225383954637 -0.4895436521177816 
-0.6497417876733939 1.2121945110303787 -0.48952138762625164 
-0.6497417876733939 1.2121945110303787 -0.48952138762625164 
-0.6497417876733939 1.2121945110303787 -0.48952138762625164 
-0.6497417876733939 1.2121945110303787 -0.48952138762625164 
-0.6497464078670239 1.2122157912236495 -0.4895339601623834 
-0.6497464078670239 1.2122157912236495 -0.4895339601623834 
-0.6497464078670239 1.2122157912236495 -0.4895339601623834 
-0.6497459655592048 1.2122137539939088 -0.4895327565481018 
-0.6497459655592048 1.2122137539939088 -0.4895327565481018 
-0.6497492357545136 1.2122281291587969 -0.4895335301021084 
-0.6497492357545136 1.2122281291587969 -0.4895335301021084 
-0.6497492357545136 1.2122281291587969 -0.4895335301021084 
-0.6497450670022881 1.212209271792946 -0.4895262487085168 
-0.6497450670022881 1.212209271792946 -0.4895262487085168 
-0.6497450670022881 1.212209271792946 -0.4895262487085168 
-0.6497422251735192 1.212196526116318 -0.48952257815776834 
-0.6497422251735192 1.212196526116318 -0.48952257815776834 
-0.6497422251735192 1.212196526116318 -0.48952257815776834 
-0.6497422251735192 1.212196526116318 -0.48952257815776834 
-0.6497424788509951 1.2121982023575815 -0.4895292741602275 
-0.649741175484205 1.212192542697443 -0.48952979009393593 
-0.649741175484205 1.212192542697443 -0.48952979009393593 
-0.649741175484205 1.212192542697443 -0.48952979009393593 
-0.649741175484205 1.212192542697443 -0.48952979009393593 
-0.6497448971209179 1.2122093406897514 -0.489535854790482 
-0.6497448971209179 1.2122093406897514 -0.489535854790482 
-0.6497448971209179 1.2122093406897514 -0.489535854790482 
-0.6497506370253741 1.2122361216988553 -0.48955553697334064 
-0.6497435798128487 1.212203273288132 -0.4895322701131668 
-0.6497435798128487 1.212203273288132 -0.4895322701131668 
-0.6497412034409787 1.2121930075249967 -0.48953384052512483 
-0.6497412034409787 1.2121930075249967 -0.48953384052512483 
-0.6497412034409787 1.2121930075249967 -0.48953384052512483 
-0.6497412034409787 1.2121930075249967 -0.48953384052512483 
-0.6497449438266645 1.212210235402587 -0.4895440189154585 
-0.6497449438266645 1.212210235402587 -0.4895440189154585 
-0.6497449438266645 1.212210235402587 -0.4895440189154585 
-0.6497449438266645 1.212210235402587 -0.4895440189154585 
-0.6497464403905904 1.2122164488500426 -0.4895400543577022 
-0.6497422251735192 1.212196526116318 -0.48952257815776834 
-0.6497422251735192 1.212196526116318 -0.48952257815776834 
-0.6497442059433168 1.2122056493625488 -0.4895279682565057 
-0.6497442059433168 1.2122056493625488 -0.4895279682565057 
-0.6497459655592048 1.2122137539939088 -0.4895327565481018 
-0.6497459655592048 1.2122137539939088 -0.4895327565481018 
-0.6497459655592048 1.2122137539939088 -0.4895327565481018 
-0.6497472549847161 1.2122190059125661 -0.48952814000337086 
-0.6497472549847161 1.2122190059125661 -0.48952814000337086 
-0.6497472549847161 1.2122190059125661 -0.48952814000337086 
-0.6497449438266645 1.212210235402587 -0.4895440189154585 
-0.6497442059433168 1.2122056493625488 -0.4895279682565057 
-0.64974683142587 1.212217398568108 -0.4895310500828769 
-0.64974683142587 1.212217398568108 -0.4895310500828769 
-0.64974683142587 1.212217398568108 -0.4895310500828769 
-0.649745523251386 1.212211716764168 -0.4895315529338209 
-0.649745523251386 1.212211716764168 -0.4895315529338209 
-0.649745523251386 1.212211716764168 -0.4895315529338209 
-0.649745523251386 1.212211716764168 -0.4895315529338209 
-0.6497463703690782 1.2122149314530846 -0.4895257327748086 
-0.6497463703690782 1.2122149314530846 -0.4895257327748086 
-0.6497440779599994 1.212206590828388 -0.48954572538068364 
-0.6497440779599994 1.212206590828388 -0.48954572538068364 
-0.6497440779599994 1.212206590828388 -0.48954572538068364 
-0.6497440779599994 1.212206590828388 -0.48954572538068364 
-0.6497442059433166 1.2122056493625488 -0.48952796825650535 
-0.6497442059433166 1.2122056493625488 -0.48952796825650535 
-0.6497442059433166 1.2122056493625488 -0.48952796825650535 
-0.6497503645989253 1.2122340155723093 -0.48954472727709364 
-0.6497503645989253 1.2122340155723093 -0.48954472727709364 
-0.6497503645989253 1.2122340155723093 -0.48954472727709364 
-0.6497499222911064 1.2122319783425686 -0.4895435236628123 
-0.6497499222911064 1.2122319783425686 -0.4895435236628123 
-0.6497435424815885 1.212202593517937 -0.48952616283508377 
-0.6497435424815885 1.212202593517937 -0.48952616283508377 
-0.6497483886368214 1.2122249144698802 -0.4895393502611203 
-0.649741175484205 1.212192542697443 -0.48952979009393593 
-0.649741175484205 1.212192542697443 -0.48952979009393593 
-0.6497413453655752 1.2121924738006378 -0.4895201840119703 
-0.6497413453655752 1.2121924738006378 -0.4895201840119703 
-0.6497413453655749 1.2121924738006378 -0.48952018401196995 
-0.6497422251735192 1.212196526116318 -0.48952257815776834 
-0.6497422251735192 1.212196526116318 -0.48952257815776834 
-0.6497422251735192 1.212196526116318 -0.48952257815776834 
-0.6497422251735192 1.212196526116318 -0.48952257815776834 
-0.6497422251735192 1.212196526116318 -0.48952257815776834 
-0.6497470665210585 1.2122188249244594 -0.4895357525010411 
-0.6497470665210585 1.2122188249244594 -0.4895357525010411 
-0.6497459655592048 1.2122137539939088 -0.4895327565481018 
-0.6497459655592048 1.2122137539939088 -0.4895327565481018 
-0.6497459655592048 1.2122137539939088 -0.4895327565481018 
-0.6497470665210585 1.2122188249244594 -0.4895357525010411 
-0.6497470665210585 1.2122188249244594 -0.4895357525010411 
-0.6497460168317443 1.2122148415055842 -0.489542964437208 
-0.6497460168317443 1.2122148415055842 -0.489542964437208 
-0.6497460168317443 1.2122148415055842 -0.489542964437208 
-0.6497459655592048 1.2122137539939088 -0.4895327565481018 
-0.6497445202678185 1.2122086280581288 -0.48954692899496455 
-0.6497445202678185 1.2122086280581288 -0.48954692899496455 
-0.6497453394287367 1.212211377919492 -0.48953705840476314 
-0.6497453394287367 1.212211377919492 -0.48953705840476314 
-0.6497453394287367 1.212211377919492 -0.48953705840476314 
-0.6497429163511205 1.2122002174435207 -0.4895304646917451 
-0.6497429163511202 1.2122002174435207 -0.48953046469174477 
-0.6497464822886433 1.212217321419077 -0.4895482053999147 
-0.6497444735620718 1.212207733345293 -0.48953876486998826 
-0.6497444735620718 1.212207733345293 -0.48953876486998826 
-0.6497444735620718 1.212207733345293 -0.48953876486998826 
-0.6497460168317443 1.2122148415055842 -0.489542964437208 
-0.6497460168317443 1.2122148415055842 -0.489542964437208 
-0.6497439660404346 1.2122042008623957 -0.4895232527555775 
-0.6497439660404346 1.2122042008623957 -0.4895232527555775 
-0.6497439660404346 1.2122042008623957 -0.4895232527555775 
-0.6497439660404346 1.2122042008623957 -0.4895232527555775 
-0.6497473201985345 1.2122205011657228 -0.4895424485035007 
-0.6497473201985345 1.2122205011657228 -0.4895424485035007 
-0.6497435937541275 1.2122036810296126 -0.4895363707241899 
-0.6497435937541275 1.2122036810296126 -0.4895363707241899 
-0.6497435937541275 1.2122036810296126 -0.4895363707241899 
-0.6497453581777096 1.2122118078047743 -0.48954117209855075 
-0.6497453581777096 1.2122118078047743 -0.48954117209855075 
-0.6497479323877233 1.2122224694986585 -0.4895340460358162 
-0.649745523251386 1.212211716764168 -0.4895315529338209 
-0.649745523251386 1.212211716764168 -0.4895315529338209 
-0.649745523251386 1.212211716764168 -0.4895315529338209 
-0.649745523251386 1.212211716764168 -0.4895315529338209 
-0.649749738468457 1.2122316394978927 -0.4895490291337544 
-0.649749738468457 1.2122316394978927 -0.4895490291337544 
-0.6497499083498274 1.2122315706010873 -0.4895394230517893 
-0.6497499083498274 1.2122315706010873 -0.4895394230517893 
-0.6481976401342703 1.213046331413707 -0.489544940471753 
-0.6497417876733939 1.2121945110303787 -0.48952138762625164 
-0.6497435424815885 1.212202593517937 -0.48952616283508377 
-0.6497435424815883 1.212202593517937 -0.48952616283508343 
-0.649740719235107 1.2121900977262214 -0.4895244858686312 
-0.649740719235107 1.2121900977262214 -0.4895244858686312 
-0.6497407192351068 1.2121900977262214 -0.48952448586863084 
-0.6497473201985345 1.2122205011657228 -0.4895424485035007 
-0.6497473201985345 1.2122205011657228 -0.4895424485035007 
-0.6497429163511205 1.2122002174435207 -0.4895304646917451 
-0.649744643443442 1.2122076644484878 -0.48952915878802306 
-0.649744643443442 1.2122076644484878 -0.48952915878802306 
-0.649744643443442 1.2122076644484878 -0.48952915878802306 
-0.649744643443442 1.2122076644484878 -0.48952915878802306 
-0.6497482000064785 1.212224553481403 -0.48954484264929854 
-0.6497482000064785 1.2122245534814025 -0.48954484264929854 
-0.6497482000064785 1.2122245534814025 -0.48954484264929854 
-0.6497435937541277 1.2122036810296126 -0.4895363707241902 
-0.6497435937541277 1.2122036810296126 -0.4895363707241902 
-0.6497435937541277 1.2122036810296126 -0.4895363707241902 
-0.6497435937541277 1.2122036810296126 -0.4895363707241902 
-0.6497464591395629 1.2122168787353251 -0.48954416805148926 
-0.6497464591395629 1.2122168787353251 -0.48954416805148926 
-0.6497456024806992 1.2122132691033969 -0.48954581125411667 
-0.6497456024806992 1.2122132691033969 -0.48954581125411667 
-0.6497456024806992 1.2122132691033969 -0.48954581125411667 
-0.6480019635923662 1.2131937981280498 -0.48955811802066274 
-0.6480019635923662 1.2131937981280498 -0.48955811802066274 
-0.6480019635923662 1.2131937981280498 -0.48955811802066274 
-0.6480019635923662 1.2131937981280498 -0.48955811802066274 
-0.6497488726017921 1.2122279949236934 -0.4895507355989799 
-0.6497499222911064 1.2122319783425686 -0.4895435236628123 
-0.6497499222911064 1.2122319783425686 -0.4895435236628123 
-0.6497499222911064 1.2122319783425686 -0.4895435236628123 
-0.6497499222911064 1.2122319783425686 -0.4895435236628123 
-0.6497488586605131 1.2122275871822124 -0.4895466349879565 
-0.6497508020990507 1.2122360306582485 -0.489545917808611 
-0.6497496732546387 1.212230144244736 -0.48953472063362535 
-0.6497496732546387 1.212230144244736 -0.48953472063362535 
-0.6497496732546387 1.212230144244736 -0.48953472063362535 
-0.6497496732546387 1.212230144244736 -0.48953472063362535 
-0.6497415990430511 1.2121941500419013 -0.48952688001442946 
-0.6497512444068695 1.2122380678879896 -0.4895471214228919 
-0.6497512444068695 1.2122380678879896 -0.4895471214228919 
-0.6497512444068695 1.2122380678879896 -0.4895471214228919 
-0.6497412034409787 1.2121930075249967 -0.48953384052512483 
-0.6479936822423636 1.2131568423964176 -0.4895496254144922 
-0.6496663974578689 1.2122799668942383 -0.4895413720570235 
-0.6496663974578689 1.2122799668942383 -0.4895413720570235 
-0.6496663974578689 1.2122799668942383 -0.4895413720570235 
-0.6497422251735192 1.212196526116318 -0.48952257815776834 
-0.6497422251735192 1.212196526116318 -0.48952257815776834 
-0.6497424788509951 1.2121982023575815 -0.4895292741602275 
-0.6497424788509951 1.2121982023575815 -0.4895292741602275 
-0.6497415990430511 1.2121941500419013 -0.48952688001442946 
-0.6497415990430511 1.2121941500419013 -0.48952688001442946 
-0.6497415990430511 1.2121941500419013 -0.48952688001442946 
-0.6480579257971666 1.2131547841805723 -0.48957056444470914 
-0.6480579257971666 1.2131547841805723 -0.48957056444470914 
-0.6480519276484418 1.2131261341313655 -0.4895421424952616 
-0.6497415990430511 1.2121941500419013 -0.48952688001442946 
-0.6497488261369465 1.2122269295558195 -0.48954054079263765 
-0.6497488261369465 1.2122269295558195 -0.48954054079263765 
-0.6497488261369465 1.2122269295558195 -0.48954054079263765 
-0.6497488261369465 1.2122269295558195 -0.48954054079263765 
-0.6497417689244213 1.2121940811450962 -0.48951727393246425 
-0.6497430910401841 1.2122001706905172 -0.48952087169254344 
-0.6497430910401841 1.2122001706905172 -0.48952087169254344 
-0.6497442059433168 1.2122056493625488 -0.4895279682565057 
-0.6497442059433168 1.2122056493625488 -0.4895279682565057 
-0.6497442059433168 1.2122056493625488 -0.4895279682565057 
-0.6497442059433168 1.2122056493625488 -0.4895279682565057 
-0.6497399000741886 1.212187347864858 -0.48953435645883303 
-0.6497417876733939 1.2121945110303787 -0.48952138762625164 
-0.6497494847909813 1.212229963256629 -0.48954233313129536 
-0.649742055292149 1.212196595013123 -0.489532184239734 
-0.6497464078670239 1.2122157912236495 -0.4895339601623834 
-0.6497444735620718 1.212207733345293 -0.48953876486998826 
-0.6497469245964622 1.212219358648818 -0.48954940901419586 
-0.6497416177920238 1.2121945799271838 -0.48953099370821707 
-0.6490063505272536 1.2126341432225405 -0.4895515445933827 
-0.6497445202678185 1.2122086280581288 -0.48954692899496455 
-0.6479951275337502 1.2131619683321972 -0.4895354529676297 
-0.6493944845093609 1.2124074518787156 -0.48954143586130294 
-0.6497396370222261 1.2121854566809531 -0.4895256036094797 
-0.649742667481338 1.212198563346059 -0.48952378177204925 
-0.6497497524097364 1.2122320472393735 -0.48955312974477794 
-0.6497435285403093 1.2122021857764562 -0.4895220622240608 
-0.6497440779599994 1.212206590828388 -0.48954572538068364 
-0.6497494847909813 1.212229963256629 -0.48954233313129536 
-0.64974221123224 1.2121961183748369 -0.48951847754674516 
-0.6497503645989253 1.2122340155723093 -0.48954472727709364 
-0.6497488261369465 1.2122269295558195 -0.48954054079263765 
-0.6497450857512608 1.2122097016782285 -0.48953036240230396 
-0.649744643443442 1.2122076644484878 -0.48952915878802306 
-0.6485005554726144 1.2129085041180954 -0.4895537110451562 
-0.6497508020990507 1.2122360306582485 -0.489545917808611 
-0.6497396370222261 1.2121854566809531 -0.4895256036094797 
-0.6497460168317443 1.2122148415055842 -0.489542964437208 
-0.6497483698878488 1.212224484584598 -0.48953523656733355 
-0.6497449438266643 1.212210235402587 -0.4895440189154582 
-0.6497440173129739 1.2122052883740713 -0.48953346064468395 
-0.6497483886368214 1.2122249144698802 -0.4895393502611203 
-0.6497460168317443 1.2122148415055842 -0.489542964437208 
-0.6497407798821327 1.2121914001805383 -0.48953675060463064 
-0.6497440360619463 1.2122057182593535 -0.4895375743384708 
-0.6497453394287367 1.212211377919492 -0.48953705840476314 
-0.6497473389475071 1.212220931051005 -0.48954656219728787 
-0.6497448971209179 1.2122093406897514 -0.489535854790482 
-0.6497444596207926 1.2122073256038122 -0.48953466425896486 
-0.6497449158698905 1.2122097705750339 -0.48953996848426906 
-0.6479974226280492 1.213174070274008 -0.4895598038048261 
-0.6497464403905904 1.2122164488500426 -0.4895400543577022 
-0.6497477764476323 1.2122229461369443 -0.4895477527288048 
-0.6497468826984092 1.2122184860797836 -0.48954125797198333 
-0.6497468826984092 1.2122184860797836 -0.48954125797198333 
-0.6497468826984092 1.2122184860797836 -0.48954125797198333 
-0.6497489633280649 1.212226023032251 -0.48952272040586187 
-0.6497475088288773 1.2122208621542 -0.4895369561153222 
-0.6497454905611342 1.2122108791374047 -0.489523338629011 
-0.6497439660404346 1.2122042008623957 -0.4895232527555775 
-0.6497488586605131 1.2122275871822124 -0.4895466349879565 
-0.6497494847909813 1.212229963256629 -0.48954233313129536 
-0.6497494847909813 1.212229963256629 -0.48954233313129536 
-0.6497435424815885 1.212202593517937 -0.48952616283508377 
-0.649740719235107 1.2121900977262214 -0.4895244858686312 
-0.6497507881577714 1.2122356229167677 -0.4895418171975876 
-0.6497483886368214 1.2122249144698802 -0.4895393502611203 
-0.6497442059433168 1.2122056493625488 -0.4895279682565057 
-0.6497450857512608 1.2122097016782285 -0.48953036240230396 
-0.6497442059433168 1.2122056493625488 -0.4895279682565057 
-0.6497499222911064 1.2122319783425686 -0.4895435236628123 
-0.6497470665210585 1.2122188249244594 -0.4895357525010411 
-0.6497435798128487 1.212203273288132 -0.4895322701131668 
-0.6497464078670239 1.2122157912236495 -0.4895339601623834 
-0.6497536160452613 1.212247960851915 -0.4895413871373122 
-0.6497480346919008 1.2122248151770478 -0.48955649249539335 
-0.6497413453655752 1.2121924738006378 -0.4895201840119703 
-0.6497411615429258 1.2121921349559621 -0.4895256894829121 
-0.649741768924421 1.2121940811450962 -0.4895172739324639 
-0.6497468966396884 1.2122188938212646 -0.4895453585830072 
-0.6497416177920238 1.2121945799271838 -0.48953099370821707 
-0.6497416177920238 1.2121945799271838 -0.48953099370821707 
-0.6497492357545136 1.2122281291587969 -0.4895335301021084 
-0.6497489005585658 1.212228459751247 -0.48955478603016866 
-0.6497444735620718 1.212207733345293 -0.48953876486998826 
-0.6497453581777096 1.2122118078047743 -0.48954117209855075 
-0.6497459655592048 1.2122137539939088 -0.4895327565481018 
-0.6497424927922743 1.212198610099062 -0.4895333747712516 
-0.6497480207506219 1.2122244074355664 -0.48955239188437094 
-0.6497463703690782 1.2122149314530846 -0.4895257327748086 
-0.6497460168317443 1.2122148415055842 -0.489542964437208 
-0.6497449438266645 1.212210235402587 -0.4895440189154585 
-0.6497435937541277 1.2122036810296126 -0.4895363707241902 
-0.649745490561134 1.2122108791374047 -0.48952333862901065 
-0.6497429163511205 1.2122002174435207 -0.4895304646917451 
-0.6497436217109015 1.2122041458571662 -0.4895404211553793 
-0.6497442059433168 1.2122056493625488 -0.4895279682565057 
-0.6497479463290026 1.2122228772401393 -0.4895381466468398 
-0.649745523251386 1.212211716764168 -0.4895315529338209 
-0.6497435798128487 1.212203273288132 -0.4895322701131668 
-0.6497475088288771 1.2122208621542 -0.4895369561153219 
-0.6497496732546387 1.212230144244736 -0.48953472063362535 
-0.649745523251386 1.212211716764168 -0.4895315529338209 
-0.6486133107920644 1.2128145943180164 -0.48953587800827814 
-0.6497421924832674 1.2121956884895544 -0.489514363852958 
-0.6497456539199239 1.2122145366154429 -0.4895581392527142 
-0.6497402304624424 1.2121869951286064 -0.4895130874480078 
-0.6497468966396884 1.2122188938212646 -0.4895453585830072 
-0.6497442059433168 1.2122056493625488 -0.4895279682565057 
-0.6497431049814633 1.2122005784319978 -0.48952497230356706 
-0.6497474900799046 1.2122204322689176 -0.48953284242153505 
-0.6497400605810723 1.2121870640254115 -0.48952269352997346 
-0.6497435798128487 1.212203273288132 -0.4895322701131668 
-0.6497463891180509 1.212215361338367 -0.489529846468596 
-0.6497444735620718 1.212207733345293 -0.48953876486998826 
-0.6489145896922893 1.2126469054626015 -0.48951883450666656 
-0.6497456539199239 1.2122145366154429 -0.4895581392527142 
-0.649742667481338 1.212198563346059 -0.48952378177204925 
-0.6497480207506219 1.2122244074355664 -0.48955239188437094 
-0.6497517379872276 1.2122411926294057 -0.4895585329262795 
-0.6497420413508699 1.2121961872716422 -0.4895280836287108 
-0.6497412034409787 1.2121930075249967 -0.48953384052512483 
-0.6480026547699674 1.213197489455253 -0.4895660045546393 
-0.6493396318257306 1.2124461122402925 -0.48955024565097904 
-0.6497459655592048 1.2122137539939088 -0.4895327565481018 
-0.6497431049814633 1.2122005784319978 -0.48952497230356706 
-0.649744643443442 1.2122076644484878 -0.48952915878802306 
-0.6497440173129739 1.2122052883740713 -0.48953346064468395 
-0.6497439660404346 1.2122042008623957 -0.4895232527555775 
-0.6497510605842202 1.2122377290433137 -0.48955262689383394 
-0.6497435285403093 1.2122021857764562 -0.4895220622240608 
-0.6497496593133597 1.2122297365032553 -0.48953062002260217 
-0.6497426487323651 1.2121981334607763 -0.48951966807826197 
-0.6485473599651532 1.2128620332863482 -0.4895500199559426 
-0.6497483698878488 1.212224484584598 -0.48953523656733355 
-0.6497470665210585 1.2122188249244594 -0.4895357525010411 
-0.6497457817365557 1.212213415149233 -0.48953826201904427 
-0.6497450857512606 1.2122097016782285 -0.48953036240230363 
-0.6497431049814633 1.2122005784319978 -0.48952497230356706 
-0.6497431049814633 1.2122005784319978 -0.48952497230356706 
-0.6497503645989253 1.2122340155723093 -0.48954472727709364 
-0.6497492496957926 1.2122285369002777 -0.4895376307131316 
-0.6497435424815885 1.212202593517937 -0.48952616283508377 
-0.6497435424815885 1.212202593517937 -0.48952616283508377 
-0.6497450857512608 1.2122097016782285 -0.48953036240230396 
-0.6497483698878488 1.212224484584598 -0.48953523656733355 
-0.6497459655592048 1.2122137539939088 -0.4895327565481018 
-0.6497450857512608 1.2122097016782285 -0.48953036240230396 
-0.6497449158698907 1.2122097705750337 -0.4895399684842694 
-0.6479973759223028 1.2131731755611723 -0.4895516396798494 
-0.6497479136387507 1.212222039613376 -0.489529932342029 
-0.6497477764476323 1.2122229461369443 -0.4895477527288048 
-0.6497483698878488 1.212224484584598 -0.48953523656733355 
-0.6497489144998453 1.212228867492728 -0.4895588866411924 
-0.6497464078670239 1.2122157912236495 -0.4895339601623834 
-0.6497506182764013 1.212235691813573 -0.48955142327955325 
-0.64974221123224 1.2121961183748369 -0.48951847754674516 
-0.6497469245964622 1.212219358648818 -0.48954940901419586 
-0.6497503458499525 1.2122335856870268 -0.48954061358330625 
-0.6497439520991555 1.2122037931209149 -0.48951915214455455 
-0.6497488586605131 1.2122275871822124 -0.4895466349879565 
-0.6497460168317443 1.2122148415055842 -0.489542964437208 
-0.6497444735620718 1.212207733345293 -0.48953876486998826 
-0.6497492961606384 1.2122296022681518 -0.4895478255194734 
-0.6497488261369465 1.2122269295558195 -0.48954054079263765 
-0.6497460168317443 1.2122148415055842 -0.489542964437208 
-0.6497444735620718 1.212207733345293 -0.48953876486998826 
-0.6497463891180509 1.212215361338367 -0.489529846468596 
-0.6497457817365557 1.212213415149233 -0.48953826201904427 
-0.6497436731501263 1.2122054133692122 -0.48955274915397684 
-0.649742055292149 1.212196595013123 -0.489532184239734 
-0.6497513815979876 1.2122371613644205 -0.48952930103611614 
-0.6497450857512608 1.2122097016782285 -0.48953036240230396 
-0.6497455232513858 1.212211716764168 -0.48953155293382056 
-0.6497464591395631 1.2122168787353251 -0.4895441680514896 
-0.6497435285403093 1.2122021857764562 -0.4895220622240608 
-0.6497494847909813 1.212229963256629 -0.48954233313129536 
-0.6497453394287367 1.212211377919492 -0.48953705840476314 
-0.6497435424815883 1.212202593517937 -0.48952616283508343 
-0.6497449158698907 1.2122097705750339 -0.4895399684842694 
-0.6497464403905904 1.2122164488500426 -0.4895400543577022 
-0.6496196714272731 1.2122960269972225 -0.4895405132132351 
-0.6497459655592048 1.2122137539939088 -0.4895327565481018 
-0.6497473389475071 1.212220931051005 -0.48954656219728787 
-0.6497488586605131 1.2122275871822124 -0.4895466349879565 
-0.6497444596207926 1.2122073256038122 -0.48953466425896486 
-0.6497450857512608 1.2122097016782285 -0.48953036240230396 
-0.6497415990430511 1.2121941500419013 -0.48952688001442946 
-0.6497479463290026 1.2122228772401393 -0.4895381466468398 
-0.6497473201985345 1.2122205011657228 -0.4895424485035007 
-0.6497474900799046 1.2122204322689176 -0.48953284242153505 
-0.6497424927922743 1.212198610099062 -0.4895333747712516 
-0.6497431562540026 1.2122016659436736 -0.48953518019267306 
-0.6497499222911064 1.2122319783425686 -0.4895435236628123 
-0.6497503458499525 1.2122335856870268 -0.48954061358330625 
-0.6497483886368214 1.2122249144698802 -0.4895393502611203 
-0.6497417876733939 1.2121945110303787 -0.48952138762625164 
-0.6497494847909813 1.212229963256629 -0.48954233313129536 
-0.6497488726017921 1.2122279949236934 -0.4895507355989799 
-0.6497488726017921 1.2122279949236932 -0.4895507355989799 
-0.649748900558566 1.212228459751247 -0.489554786030169 
-0.6497417876733939 1.2121945110303787 -0.48952138762625164 
-0.6497400605810723 1.2121870640254115 -0.48952269352997346 
-0.6497479463290026 1.2122228772401393 -0.4895381466468398 
-0.6497417876733939 1.2121945110303787 -0.48952138762625164 
-0.6497454905611342 1.2122108791374044 -0.489523338629011 
-0.6497501947175552 1.2122340844691144 -0.4895543333590593 
-0.6497506370253741 1.2122361216988553 -0.48955553697334064 
-0.6497445015188456 1.212208198172846 -0.4895428153011778 
-0.6497416548823831 1.2121954303524165 -0.48953913166766494 
