-0.5947399140154676 1.282187755606339 -0.489538457069856 
-0.5947450857512607 1.2822097016782288 -0.4895303624023044 
-0.5947450857512607 1.2822097016782288 -0.4895303624023044 
-0.5947499083498272 1.2822315706010876 -0.4895394230517889 
-0.5947499083498272 1.2822315706010876 -0.4895394230517889 
-0.5947499083498272 1.2822315706010876 -0.4895394230517889 
-0.5947407379840797 1.2821905276115038 -0.48952859956241856 
-0.5947407379840797 1.2821905276115038 -0.48952859956241856 
-0.5947407379840797 1.2821905276115038 -0.48952859956241856 
-0.5947407379840797 1.2821905276115038 -0.48952859956241856 
-0.593048575112737 1.2831511039808265 -0.4895582970879312 
-0.593048575112737 1.2831511039808265 -0.4895582970879312 
-0.593048575112737 1.2831511039808265 -0.4895582970879312 
-0.593048575112737 1.2831511039808265 -0.4895582970879312 
-0.5942704290570457 1.282509571100571 -0.48954686043284146 
-0.5942704290570457 1.282509571100571 -0.48954686043284146 
-0.594748858660513 1.2822275871822126 -0.4895466349879567 
-0.594748858660513 1.2822275871822126 -0.4895466349879567 
-0.594748858660513 1.2822275871822126 -0.4895466349879567 
-0.594748858660513 1.2822275871822126 -0.4895466349879567 
-0.594748858660513 1.2822275871822126 -0.4895466349879567 
-0.5947477625063532 1.282222538395464 -0.48954365211778206 
-0.5947477625063532 1.282222538395464 -0.48954365211778206 
-0.5947477625063532 1.282222538395464 -0.48954365211778206 
-0.5947477625063532 1.282222538395464 -0.48954365211778206 
-0.5947417876733939 1.282194511030379 -0.48952138762625164 
-0.5947417876733939 1.282194511030379 -0.48952138762625164 
-0.5947417876733939 1.282194511030379 -0.48952138762625164 
-0.5947417876733939 1.282194511030379 -0.48952138762625164 
-0.5947464078670237 1.28221579122365 -0.4895339601623836 
-0.5947464078670237 1.28221579122365 -0.4895339601623836 
-0.5947464078670237 1.28221579122365 -0.4895339601623836 
-0.5947459655592049 1.2822137539939091 -0.48953275654810247 
-0.5947459655592049 1.2822137539939091 -0.48953275654810247 
-0.5947492357545134 1.2822281291587974 -0.4895335301021082 
-0.5947492357545134 1.2822281291587974 -0.4895335301021082 
-0.5947492357545134 1.2822281291587974 -0.4895335301021082 
-0.5947450670022879 1.2822092717929463 -0.489526248708517 
-0.5947450670022879 1.2822092717929463 -0.489526248708517 
-0.5947450670022879 1.2822092717929463 -0.489526248708517 
-0.594742225173519 1.282196526116318 -0.48952257815776856 
-0.594742225173519 1.282196526116318 -0.48952257815776856 
-0.594742225173519 1.282196526116318 -0.48952257815776856 
-0.594742225173519 1.282196526116318 -0.48952257815776856 
-0.594742478850995 1.282198202357582 -0.48952927416022773 
-0.5947411754842048 1.282192542697443 -0.48952979009393593 
-0.5947411754842048 1.282192542697443 -0.48952979009393593 
-0.5947411754842048 1.282192542697443 -0.48952979009393593 
-0.5947411754842048 1.282192542697443 -0.48952979009393593 
-0.5947448971209177 1.2822093406897517 -0.489535854790482 
-0.5947448971209177 1.2822093406897517 -0.489535854790482 
-0.5947448971209177 1.2822093406897517 -0.489535854790482 
-0.5947506370253739 1.2822361216988556 -0.48955553697334064 
-0.5947435798128485 1.282203273288132 -0.4895322701131666 
-0.5947435798128485 1.282203273288132 -0.4895322701131666 
-0.5947412034409786 1.2821930075249965 -0.48953384052512505 
-0.5947412034409786 1.2821930075249965 -0.48953384052512505 
-0.5947412034409786 1.2821930075249965 -0.48953384052512505 
-0.5947412034409786 1.2821930075249965 -0.48953384052512505 
-0.5947449438266643 1.2822102354025875 -0.48954401891545873 
-0.5947449438266643 1.2822102354025875 -0.48954401891545873 
-0.5947449438266643 1.2822102354025875 -0.48954401891545873 
-0.5947449438266643 1.2822102354025875 -0.48954401891545873 
-0.5947464403905903 1.2822164488500432 -0.4895400543577024 
-0.594742225173519 1.282196526116318 -0.48952257815776856 
-0.594742225173519 1.282196526116318 -0.48952257815776856 
-0.5947442059433166 1.2822056493625489 -0.4895279682565057 
-0.5947442059433166 1.2822056493625489 -0.4895279682565057 
-0.5947459655592049 1.2822137539939091 -0.48953275654810247 
-0.5947459655592049 1.2822137539939091 -0.48953275654810247 
-0.5947459655592049 1.2822137539939091 -0.48953275654810247 
-0.5947472549847159 1.2822190059125667 -0.4895281400033713 
-0.5947472549847159 1.2822190059125667 -0.4895281400033713 
-0.5947472549847159 1.2822190059125667 -0.4895281400033713 
-0.5947449438266643 1.2822102354025875 -0.48954401891545873 
-0.5947442059433166 1.2822056493625489 -0.4895279682565057 
-0.5947468314258698 1.2822173985681085 -0.48953105008287734 
-0.5947468314258698 1.2822173985681085 -0.48953105008287734 
-0.5947468314258698 1.2822173985681085 -0.48953105008287734 
-0.5947455232513859 1.282211716764168 -0.48953155293382133 
-0.5947455232513859 1.282211716764168 -0.48953155293382133 
-0.5947455232513859 1.282211716764168 -0.48953155293382133 
-0.5947455232513859 1.282211716764168 -0.48953155293382133 
-0.5947463703690781 1.2822149314530848 -0.4895257327748088 
-0.5947463703690781 1.2822149314530848 -0.4895257327748088 
-0.5947440779599994 1.2822065908283882 -0.48954572538068364 
-0.5947440779599994 1.2822065908283882 -0.48954572538068364 
-0.5947440779599994 1.2822065908283882 -0.48954572538068364 
-0.5947440779599994 1.2822065908283882 -0.48954572538068364 
-0.5947442059433163 1.2822056493625489 -0.48952796825650535 
-0.5947442059433163 1.2822056493625489 -0.48952796825650535 
-0.5947442059433163 1.2822056493625489 -0.48952796825650535 
-0.5947503645989253 1.2822340155723095 -0.48954472727709386 
-0.5947503645989253 1.2822340155723095 -0.48954472727709386 
-0.5947503645989253 1.2822340155723095 -0.48954472727709386 
-0.5947499222911062 1.2822319783425689 -0.48954352366281295 
-0.5947499222911062 1.2822319783425689 -0.48954352366281295 
-0.5947435424815882 1.2822025935179375 -0.48952616283508377 
-0.5947435424815882 1.2822025935179375 -0.48952616283508377 
-0.5947483886368213 1.2822249144698805 -0.4895393502611205 
-0.5947411754842048 1.282192542697443 -0.48952979009393593 
-0.5947411754842048 1.282192542697443 -0.48952979009393593 
-0.594741345365575 1.282192473800638 -0.4895201840119707 
-0.594741345365575 1.282192473800638 -0.4895201840119707 
-0.5947413453655748 1.282192473800638 -0.4895201840119704 
-0.594742225173519 1.282196526116318 -0.48952257815776856 
-0.594742225173519 1.282196526116318 -0.48952257815776856 
-0.594742225173519 1.282196526116318 -0.48952257815776856 
-0.594742225173519 1.282196526116318 -0.48952257815776856 
-0.594742225173519 1.282196526116318 -0.48952257815776856 
-0.5947470665210584 1.2822188249244597 -0.4895357525010411 
-0.5947470665210584 1.2822188249244597 -0.4895357525010411 
-0.5947459655592049 1.2822137539939091 -0.48953275654810247 
-0.5947459655592049 1.2822137539939091 -0.48953275654810247 
-0.5947459655592049 1.2822137539939091 -0.48953275654810247 
-0.5947470665210584 1.2822188249244597 -0.4895357525010411 
-0.5947470665210584 1.2822188249244597 -0.4895357525010411 
-0.5947460168317442 1.2822148415055845 -0.4895429644372087 
-0.5947460168317442 1.2822148415055845 -0.4895429644372087 
-0.5947460168317442 1.2822148415055845 -0.4895429644372087 
-0.5947459655592049 1.2822137539939091 -0.48953275654810247 
-0.5947445202678183 1.2822086280581293 -0.489546928994965 
-0.5947445202678183 1.2822086280581293 -0.489546928994965 
-0.5947453394287366 1.2822113779194924 -0.48953705840476314 
-0.5947453394287366 1.2822113779194924 -0.48953705840476314 
-0.5947453394287366 1.2822113779194924 -0.48953705840476314 
-0.5947429163511202 1.282200217443521 -0.4895304646917451 
-0.59474291635112 1.282200217443521 -0.48953046469174477 
-0.594746482288643 1.2822173214190773 -0.4895482053999147 
-0.5947444735620715 1.2822077333452928 -0.4895387648699885 
-0.5947444735620715 1.2822077333452928 -0.4895387648699885 
-0.5947444735620715 1.2822077333452928 -0.4895387648699885 
-0.5947460168317442 1.2822148415055845 -0.4895429644372087 
-0.5947460168317442 1.2822148415055845 -0.4895429644372087 
-0.5947439660404343 1.2822042008623957 -0.48952325275557773 
-0.5947439660404343 1.2822042008623957 -0.48952325275557773 
-0.5947439660404343 1.2822042008623957 -0.48952325275557773 
-0.5947439660404343 1.2822042008623957 -0.48952325275557773 
-0.5947473201985344 1.282220501165723 -0.4895424485035005 
-0.5947473201985344 1.282220501165723 -0.4895424485035005 
-0.5947435937541273 1.2822036810296131 -0.4895363707241901 
-0.5947435937541273 1.2822036810296131 -0.4895363707241901 
-0.5947435937541273 1.2822036810296131 -0.4895363707241901 
-0.5947453581777095 1.2822118078047748 -0.4895411720985512 
-0.5947453581777095 1.2822118078047748 -0.4895411720985512 
-0.5947479323877233 1.2822224694986588 -0.4895340460358162 
-0.5947455232513859 1.282211716764168 -0.48953155293382133 
-0.5947455232513859 1.282211716764168 -0.48953155293382133 
-0.5947455232513859 1.282211716764168 -0.48953155293382133 
-0.5947455232513859 1.282211716764168 -0.48953155293382133 
-0.5947497384684569 1.2822316394978928 -0.48954902913375464 
-0.5947497384684569 1.2822316394978928 -0.48954902913375464 
-0.5947499083498272 1.2822315706010876 -0.4895394230517889 
-0.5947499083498272 1.2822315706010876 -0.4895394230517889 
-0.5931976401342701 1.283046331413707 -0.489544940471753 
-0.5947417876733939 1.282194511030379 -0.48952138762625164 
-0.5947435424815882 1.2822025935179375 -0.48952616283508377 
-0.594743542481588 1.2822025935179375 -0.48952616283508343 
-0.5947407192351069 1.2821900977262215 -0.4895244858686312 
-0.5947407192351069 1.2821900977262215 -0.4895244858686312 
-0.5947407192351066 1.2821900977262215 -0.48952448586863084 
-0.5947473201985344 1.282220501165723 -0.4895424485035005 
-0.5947473201985344 1.282220501165723 -0.4895424485035005 
-0.5947429163511202 1.282200217443521 -0.4895304646917451 
-0.5947446434434418 1.282207664448488 -0.48952915878802306 
-0.5947446434434418 1.282207664448488 -0.48952915878802306 
-0.5947446434434418 1.282207664448488 -0.48952915878802306 
-0.5947446434434418 1.282207664448488 -0.48952915878802306 
-0.5947482000064783 1.282224553481403 -0.4895448426492983 
-0.5947482000064783 1.2822245534814027 -0.4895448426492983 
-0.5947482000064783 1.2822245534814027 -0.4895448426492983 
-0.5947435937541276 1.2822036810296131 -0.48953637072419043 
-0.5947435937541276 1.2822036810296131 -0.48953637072419043 
-0.5947435937541276 1.2822036810296131 -0.48953637072419043 
-0.5947435937541276 1.2822036810296131 -0.48953637072419043 
-0.5947464591395627 1.2822168787353254 -0.48954416805148926 
-0.5947464591395627 1.2822168787353254 -0.48954416805148926 
-0.5947456024806992 1.2822132691033974 -0.48954581125411645 
-0.5947456024806992 1.2822132691033974 -0.48954581125411645 
-0.5947456024806992 1.2822132691033974 -0.48954581125411645 
-0.593001963592366 1.2831937981280501 -0.4895581180206625 
-0.593001963592366 1.2831937981280501 -0.4895581180206625 
-0.593001963592366 1.2831937981280501 -0.4895581180206625 
-0.593001963592366 1.2831937981280501 -0.4895581180206625 
-0.594748872601792 1.2822279949236937 -0.48955073559898055 
-0.5947499222911062 1.2822319783425689 -0.48954352366281295 
-0.5947499222911062 1.2822319783425689 -0.48954352366281295 
-0.5947499222911062 1.2822319783425689 -0.48954352366281295 
-0.5947499222911062 1.2822319783425689 -0.48954352366281295 
-0.594748858660513 1.2822275871822126 -0.4895466349879567 
-0.5947508020990504 1.2822360306582488 -0.489545917808611 
-0.5947496732546386 1.2822301442447361 -0.48953472063362535 
-0.5947496732546386 1.2822301442447361 -0.48953472063362535 
-0.5947496732546386 1.2822301442447361 -0.48953472063362535 
-0.5947496732546386 1.2822301442447361 -0.48953472063362535 
-0.5947415990430509 1.2821941500419016 -0.4895268800144297 
-0.5947512444068692 1.2822380678879897 -0.4895471214228917 
-0.5947512444068692 1.2822380678879897 -0.4895471214228917 
-0.5947512444068692 1.2822380678879897 -0.4895471214228917 
-0.5947412034409786 1.2821930075249965 -0.48953384052512505 
-0.5929936822423635 1.2831568423964175 -0.48954962541449243 
-0.5946663974578686 1.2822799668942384 -0.48954137205702375 
-0.5946663974578686 1.2822799668942384 -0.48954137205702375 
-0.5946663974578686 1.2822799668942384 -0.48954137205702375 
-0.594742225173519 1.282196526116318 -0.48952257815776856 
-0.594742225173519 1.282196526116318 -0.48952257815776856 
-0.594742478850995 1.282198202357582 -0.48952927416022773 
-0.594742478850995 1.282198202357582 -0.48952927416022773 
-0.5947415990430509 1.2821941500419016 -0.4895268800144297 
-0.5947415990430509 1.2821941500419016 -0.4895268800144297 
-0.5947415990430509 1.2821941500419016 -0.4895268800144297 
-0.5930579257971664 1.2831547841805726 -0.4895705644447087 
-0.5930579257971664 1.2831547841805726 -0.4895705644447087 
-0.5930519276484416 1.2831261341313658 -0.48954214249526184 
-0.5947415990430509 1.2821941500419016 -0.4895268800144297 
-0.5947488261369464 1.2822269295558193 -0.4895405407926381 
-0.5947488261369464 1.2822269295558193 -0.4895405407926381 
-0.5947488261369464 1.2822269295558193 -0.4895405407926381 
-0.5947488261369464 1.2822269295558193 -0.4895405407926381 
-0.594741768924421 1.2821940811450965 -0.48951727393246425 
-0.594743091040184 1.2822001706905173 -0.4895208716925439 
-0.594743091040184 1.2822001706905173 -0.4895208716925439 
-0.5947442059433166 1.2822056493625489 -0.4895279682565057 
-0.5947442059433166 1.2822056493625489 -0.4895279682565057 
-0.5947442059433166 1.2822056493625489 -0.4895279682565057 
-0.5947442059433166 1.2822056493625489 -0.4895279682565057 
-0.5947399000741885 1.2821873478648582 -0.48953435645883303 
-0.5947417876733939 1.282194511030379 -0.48952138762625164 
-0.5947494847909811 1.2822299632566292 -0.48954233313129514 
-0.5947420552921487 1.282196595013123 -0.48953218423973377 
-0.5947464078670237 1.28221579122365 -0.4895339601623836 
-0.5947444735620715 1.2822077333452928 -0.4895387648699885 
-0.594746924596462 1.2822193586488182 -0.48954940901419586 
-0.5947416177920236 1.2821945799271839 -0.48953099370821707 
-0.5940063505272535 1.2826341432225405 -0.48955154459338246 
-0.5947445202678183 1.2822086280581293 -0.489546928994965 
-0.5929951275337499 1.2831619683321973 -0.4895354529676301 
-0.5943944845093607 1.2824074518787159 -0.48954143586130316 
-0.594739637022226 1.2821854566809534 -0.48952560360947994 
-0.5947426674813379 1.2821985633460589 -0.4895237817720497 
-0.594749752409736 1.2822320472393738 -0.48955312974477816 
-0.5947435285403091 1.2822021857764565 -0.489522062224061 
-0.5947440779599994 1.2822065908283882 -0.48954572538068364 
-0.5947494847909811 1.2822299632566292 -0.48954233313129514 
-0.59474221123224 1.282196118374837 -0.4895184775467454 
-0.5947503645989253 1.2822340155723095 -0.48954472727709386 
-0.5947488261369464 1.2822269295558193 -0.4895405407926381 
-0.5947450857512607 1.2822097016782288 -0.4895303624023044 
-0.5947446434434418 1.282207664448488 -0.48952915878802306 
-0.5935005554726143 1.2829085041180956 -0.489553711045156 
-0.5947508020990504 1.2822360306582488 -0.489545917808611 
-0.594739637022226 1.2821854566809534 -0.48952560360947994 
-0.5947460168317442 1.2822148415055845 -0.4895429644372087 
-0.5947483698878485 1.282224484584598 -0.48953523656733355 
-0.5947449438266641 1.2822102354025875 -0.4895440189154584 
-0.5947440173129737 1.2822052883740716 -0.48953346064468417 
-0.5947483886368213 1.2822249144698805 -0.4895393502611205 
-0.5947460168317442 1.2822148415055845 -0.4895429644372087 
-0.5947407798821325 1.2821914001805381 -0.4895367506046311 
-0.5947440360619463 1.2822057182593536 -0.4895375743384708 
-0.5947453394287366 1.2822113779194924 -0.48953705840476314 
-0.594747338947507 1.2822209310510055 -0.4895465621972881 
-0.5947448971209177 1.2822093406897517 -0.489535854790482 
-0.5947444596207926 1.282207325603812 -0.4895346642589653 
-0.5947449158698903 1.282209770575034 -0.4895399684842693 
-0.592997422628049 1.2831740702740084 -0.48955980380482633 
-0.5947464403905903 1.2822164488500432 -0.4895400543577024 
-0.5947477764476322 1.2822229461369445 -0.489547752728805 
-0.594746882698409 1.2822184860797838 -0.48954125797198333 
-0.594746882698409 1.2822184860797838 -0.48954125797198333 
-0.594746882698409 1.2822184860797838 -0.48954125797198333 
-0.5947489633280648 1.282226023032251 -0.48952272040586164 
-0.5947475088288772 1.2822208621542006 -0.4895369561153222 
-0.594745490561134 1.2822108791374047 -0.48952333862901076 
-0.5947439660404343 1.2822042008623957 -0.48952325275557773 
-0.594748858660513 1.2822275871822126 -0.4895466349879567 
-0.5947494847909811 1.2822299632566292 -0.48954233313129514 
-0.5947494847909811 1.2822299632566292 -0.48954233313129514 
-0.5947435424815882 1.2822025935179375 -0.48952616283508377 
-0.5947407192351069 1.2821900977262215 -0.4895244858686312 
-0.5947507881577714 1.2822356229167677 -0.4895418171975878 
-0.5947483886368213 1.2822249144698805 -0.4895393502611205 
-0.5947442059433166 1.2822056493625489 -0.4895279682565057 
-0.5947450857512607 1.2822097016782288 -0.4895303624023044 
-0.5947442059433166 1.2822056493625489 -0.4895279682565057 
-0.5947499222911062 1.2822319783425689 -0.48954352366281295 
-0.5947470665210584 1.2822188249244597 -0.4895357525010411 
-0.5947435798128485 1.282203273288132 -0.4895322701131666 
-0.5947464078670237 1.28221579122365 -0.4895339601623836 
-0.5947536160452611 1.282247960851915 -0.4895413871373122 
-0.5947480346919006 1.282224815177048 -0.48955649249539357 
-0.594741345365575 1.282192473800638 -0.4895201840119707 
-0.5947411615429258 1.2821921349559622 -0.48952568948291253 
-0.5947417689244208 1.2821940811450965 -0.4895172739324639 
-0.5947468966396883 1.2822188938212649 -0.4895453585830063 
-0.5947416177920236 1.2821945799271839 -0.48953099370821707 
-0.5947416177920236 1.2821945799271839 -0.48953099370821707 
-0.5947492357545134 1.2822281291587974 -0.4895335301021082 
-0.5947489005585658 1.282228459751247 -0.4895547860301689 
-0.5947444735620715 1.2822077333452928 -0.4895387648699885 
-0.5947453581777095 1.2822118078047748 -0.4895411720985512 
-0.5947459655592049 1.2822137539939091 -0.48953275654810247 
-0.594742492792274 1.2821986100990623 -0.4895333747712516 
-0.5947480207506218 1.2822244074355666 -0.48955239188437094 
-0.5947463703690781 1.2822149314530848 -0.4895257327748088 
-0.5947460168317442 1.2822148415055845 -0.4895429644372087 
-0.5947449438266643 1.2822102354025875 -0.48954401891545873 
-0.5947435937541276 1.2822036810296131 -0.48953637072419043 
-0.5947454905611338 1.2822108791374047 -0.48952333862901043 
-0.5947429163511202 1.282200217443521 -0.4895304646917451 
-0.5947436217109013 1.2822041458571662 -0.48954042115537955 
-0.5947442059433166 1.2822056493625489 -0.4895279682565057 
-0.5947479463290024 1.2822228772401396 -0.4895381466468396 
-0.5947455232513859 1.282211716764168 -0.48953155293382133 
-0.5947435798128485 1.282203273288132 -0.4895322701131666 
-0.594747508828877 1.2822208621542006 -0.4895369561153219 
-0.5947496732546386 1.2822301442447361 -0.48953472063362535 
-0.5947455232513859 1.282211716764168 -0.48953155293382133 
-0.5936133107920644 1.2828145943180165 -0.4895358780082786 
-0.5947421924832671 1.2821956884895547 -0.4895143638529582 
-0.5947456539199237 1.2822145366154432 -0.48955813925271396 
-0.5947402304624423 1.2821869951286067 -0.48951308744800803 
-0.5947468966396883 1.2822188938212649 -0.4895453585830063 
-0.5947442059433166 1.2822056493625489 -0.4895279682565057 
-0.594743104981463 1.282200578431998 -0.48952497230356706 
-0.5947474900799045 1.282220432268918 -0.48953284242153483 
-0.5947400605810722 1.2821870640254116 -0.4895226935299737 
-0.5947435798128485 1.282203273288132 -0.4895322701131666 
-0.5947463891180509 1.282215361338367 -0.489529846468596 
-0.5947444735620715 1.2822077333452928 -0.4895387648699885 
-0.5939145896922892 1.282646905462602 -0.4895188345066668 
-0.5947456539199237 1.2822145366154432 -0.48955813925271396 
-0.5947426674813379 1.2821985633460589 -0.4895237817720497 
-0.5947480207506218 1.2822244074355666 -0.48955239188437094 
-0.5947517379872274 1.282241192629406 -0.48955853292627993 
-0.5947420413508697 1.2821961872716423 -0.4895280836287108 
-0.5947412034409786 1.2821930075249965 -0.48953384052512505 
-0.5930026547699672 1.2831974894552531 -0.4895660045546393 
-0.5943396318257305 1.2824461122402928 -0.48955024565097927 
-0.5947459655592049 1.2822137539939091 -0.48953275654810247 
-0.594743104981463 1.282200578431998 -0.48952497230356706 
-0.5947446434434418 1.282207664448488 -0.48952915878802306 
-0.5947440173129737 1.2822052883740716 -0.48953346064468417 
-0.5947439660404343 1.2822042008623957 -0.48952325275557773 
-0.59475106058422 1.2822377290433138 -0.48955262689383416 
-0.5947435285403091 1.2822021857764565 -0.489522062224061 
-0.5947496593133597 1.2822297365032558 -0.4895306200226017 
-0.5947426487323648 1.2821981334607764 -0.4895196680782624 
-0.5935473599651531 1.2828620332863485 -0.48955001995594305 
-0.5947483698878485 1.282224484584598 -0.48953523656733355 
-0.5947470665210584 1.2822188249244597 -0.4895357525010411 
-0.5947457817365556 1.2822134151492333 -0.4895382620190445 
-0.5947450857512605 1.2822097016782288 -0.4895303624023041 
-0.594743104981463 1.282200578431998 -0.48952497230356706 
-0.594743104981463 1.282200578431998 -0.48952497230356706 
-0.5947503645989253 1.2822340155723095 -0.48954472727709386 
-0.5947492496957925 1.282228536900278 -0.4895376307131316 
-0.5947435424815882 1.2822025935179375 -0.48952616283508377 
-0.5947435424815882 1.2822025935179375 -0.48952616283508377 
-0.5947444596207926 1.282207325603812 -0.4895346642589653 
-0.5947483698878485 1.282224484584598 -0.48953523656733355 
-0.5947459655592049 1.2822137539939091 -0.48953275654810247 
-0.5947450857512607 1.2822097016782288 -0.4895303624023044 
-0.5947449158698905 1.2822097705750335 -0.4895399684842696 
-0.5929973759223026 1.2831731755611726 -0.4895516396798494 
-0.5947479136387506 1.2822220396133763 -0.489529932342029 
-0.5947477764476322 1.2822229461369445 -0.489547752728805 
-0.5947483698878485 1.282224484584598 -0.48953523656733355 
-0.594748914499845 1.282228867492728 -0.48955888664119196 
-0.5947464078670237 1.28221579122365 -0.4895339601623836 
-0.5947506182764011 1.2822356918135733 -0.48955142327955325 
-0.59474221123224 1.282196118374837 -0.4895184775467454 
-0.594746924596462 1.2822193586488182 -0.48954940901419586 
-0.5947503458499522 1.2822335856870268 -0.48954061358330647 
-0.5947439520991552 1.282203793120915 -0.48951915214455477 
-0.594748858660513 1.2822275871822126 -0.4895466349879567 
-0.5947460168317442 1.2822148415055845 -0.4895429644372087 
-0.5947444735620715 1.2822077333452928 -0.4895387648699885 
-0.5947492961606381 1.282229602268152 -0.48954782551947384 
-0.5947488261369464 1.2822269295558193 -0.4895405407926381 
-0.5947460168317442 1.2822148415055845 -0.4895429644372087 
-0.5947444735620715 1.2822077333452928 -0.4895387648699885 
-0.5947463891180509 1.282215361338367 -0.489529846468596 
-0.5947457817365556 1.2822134151492333 -0.4895382620190445 
-0.5947436731501261 1.2822054133692125 -0.48955274915397684 
-0.5947420552921487 1.282196595013123 -0.48953218423973377 
-0.5947513815979876 1.282237161364421 -0.4895293010361159 
-0.5947450857512607 1.2822097016782288 -0.4895303624023044 
-0.5947455232513856 1.282211716764168 -0.489531552933821 
-0.5947464591395629 1.2822168787353254 -0.4895441680514896 
-0.5947435285403091 1.2822021857764565 -0.489522062224061 
-0.5947494847909811 1.2822299632566292 -0.48954233313129514 
-0.5947453394287366 1.2822113779194924 -0.48953705840476314 
-0.594743542481588 1.2822025935179375 -0.48952616283508343 
-0.5947449158698905 1.282209770575034 -0.4895399684842696 
-0.5947464403905903 1.2822164488500432 -0.4895400543577024 
-0.594619671427273 1.2822960269972228 -0.48954051321323533 
-0.5947459655592049 1.2822137539939091 -0.48953275654810247 
-0.594747338947507 1.2822209310510055 -0.4895465621972881 
-0.594748858660513 1.2822275871822126 -0.4895466349879567 
-0.5947444596207926 1.282207325603812 -0.4895346642589653 
-0.5947450857512607 1.2822097016782288 -0.4895303624023044 
-0.5947415990430509 1.2821941500419016 -0.4895268800144297 
-0.5947479463290024 1.2822228772401396 -0.4895381466468396 
-0.5947473201985344 1.282220501165723 -0.4895424485035005 
-0.5947474900799045 1.282220432268918 -0.48953284242153483 
-0.594742492792274 1.2821986100990623 -0.4895333747712516 
-0.5947431562540024 1.2822016659436737 -0.4895351801926726 
-0.5947499222911062 1.2822319783425689 -0.48954352366281295 
-0.5947503458499522 1.2822335856870268 -0.48954061358330647 
-0.5947483886368213 1.2822249144698805 -0.4895393502611205 
-0.5947417876733939 1.282194511030379 -0.48952138762625164 
-0.5947494847909811 1.2822299632566292 -0.48954233313129514 
-0.594748872601792 1.2822279949236937 -0.48955073559898055 
-0.594748872601792 1.2822279949236934 -0.48955073559898055 
-0.594748900558566 1.282228459751247 -0.4895547860301692 
-0.5947417876733939 1.282194511030379 -0.48952138762625164 
-0.5947400605810722 1.2821870640254116 -0.4895226935299737 
-0.5947479463290024 1.2822228772401396 -0.4895381466468396 
-0.5947417876733939 1.282194511030379 -0.48952138762625164 
-0.594745490561134 1.2822108791374045 -0.48952333862901076 
-0.5947501947175551 1.2822340844691147 -0.48955433335905973 
-0.5947506370253739 1.2822361216988556 -0.48955553697334064 
-0.5947445015188455 1.2822081981728466 -0.4895428153011776 
-0.594741654882383 1.2821954303524168 -0.4895391316676654 
