-0.5947399140154676 1.212187755606339 -0.4895384570698562 
-0.5947450857512606 1.212209701678229 -0.4895303624023042 
-0.5947450857512606 1.212209701678229 -0.4895303624023042 
-0.5947499083498271 1.2122315706010873 -0.4895394230517891 
-0.5947499083498271 1.2122315706010873 -0.4895394230517891 
-0.5947499083498271 1.2122315706010873 -0.4895394230517891 
-0.5947407379840796 1.2121905276115037 -0.48952859956241945 
-0.5947407379840796 1.2121905276115037 -0.48952859956241945 
-0.5947407379840796 1.2121905276115037 -0.48952859956241945 
-0.5947407379840796 1.2121905276115037 -0.48952859956241945 
-0.5930485751127368 1.213151103980826 -0.4895582970879314 
-0.5930485751127368 1.213151103980826 -0.4895582970879314 
-0.5930485751127368 1.213151103980826 -0.4895582970879314 
-0.5930485751127368 1.213151103980826 -0.4895582970879314 
-0.5942704290570459 1.212509571100571 -0.4895468604328421 
-0.5942704290570459 1.212509571100571 -0.4895468604328421 
-0.594748858660513 1.2122275871822128 -0.4895466349879567 
-0.594748858660513 1.2122275871822128 -0.4895466349879567 
-0.594748858660513 1.2122275871822128 -0.4895466349879567 
-0.594748858660513 1.2122275871822128 -0.4895466349879567 
-0.594748858660513 1.2122275871822128 -0.4895466349879567 
-0.5947477625063533 1.212222538395464 -0.48954365211778184 
-0.5947477625063533 1.212222538395464 -0.48954365211778184 
-0.5947477625063533 1.212222538395464 -0.48954365211778184 
-0.5947477625063533 1.212222538395464 -0.48954365211778184 
-0.5947417876733938 1.2121945110303787 -0.4895213876262514 
-0.5947417876733938 1.2121945110303787 -0.4895213876262514 
-0.5947417876733938 1.2121945110303787 -0.4895213876262514 
-0.5947417876733938 1.2121945110303787 -0.4895213876262514 
-0.5947464078670237 1.2122157912236498 -0.4895339601623836 
-0.5947464078670237 1.2122157912236498 -0.4895339601623836 
-0.5947464078670237 1.2122157912236498 -0.4895339601623836 
-0.5947459655592049 1.212213753993909 -0.489532756548102 
-0.5947459655592049 1.212213753993909 -0.489532756548102 
-0.5947492357545135 1.212228129158797 -0.4895335301021084 
-0.5947492357545135 1.212228129158797 -0.4895335301021084 
-0.5947492357545135 1.212228129158797 -0.4895335301021084 
-0.594745067002288 1.2122092717929462 -0.489526248708517 
-0.594745067002288 1.2122092717929462 -0.489526248708517 
-0.594745067002288 1.2122092717929462 -0.489526248708517 
-0.594742225173519 1.212196526116318 -0.489522578157769 
-0.594742225173519 1.212196526116318 -0.489522578157769 
-0.594742225173519 1.212196526116318 -0.489522578157769 
-0.594742225173519 1.212196526116318 -0.489522578157769 
-0.594742478850995 1.2121982023575817 -0.48952927416022773 
-0.5947411754842048 1.212192542697443 -0.48952979009393593 
-0.5947411754842048 1.212192542697443 -0.48952979009393593 
-0.5947411754842048 1.212192542697443 -0.48952979009393593 
-0.5947411754842048 1.212192542697443 -0.48952979009393593 
-0.5947448971209178 1.2122093406897514 -0.4895358547904822 
-0.5947448971209178 1.2122093406897514 -0.4895358547904822 
-0.5947448971209178 1.2122093406897514 -0.4895358547904822 
-0.5947506370253739 1.2122361216988553 -0.48955553697334064 
-0.5947435798128486 1.2122032732881323 -0.48953227011316636 
-0.5947435798128486 1.2122032732881323 -0.48953227011316636 
-0.5947412034409786 1.2121930075249965 -0.48953384052512483 
-0.5947412034409786 1.2121930075249965 -0.48953384052512483 
-0.5947412034409786 1.2121930075249965 -0.48953384052512483 
-0.5947412034409786 1.2121930075249965 -0.48953384052512483 
-0.5947449438266643 1.2122102354025872 -0.4895440189154585 
-0.5947449438266643 1.2122102354025872 -0.4895440189154585 
-0.5947449438266643 1.2122102354025872 -0.4895440189154585 
-0.5947449438266643 1.2122102354025872 -0.4895440189154585 
-0.5947464403905902 1.2122164488500426 -0.489540054357702 
-0.594742225173519 1.212196526116318 -0.489522578157769 
-0.594742225173519 1.212196526116318 -0.489522578157769 
-0.5947442059433168 1.2122056493625488 -0.48952796825650546 
-0.5947442059433168 1.2122056493625488 -0.48952796825650546 
-0.5947459655592049 1.212213753993909 -0.489532756548102 
-0.5947459655592049 1.212213753993909 -0.489532756548102 
-0.5947459655592049 1.212213753993909 -0.489532756548102 
-0.5947472549847158 1.2122190059125661 -0.48952814000337086 
-0.5947472549847158 1.2122190059125661 -0.48952814000337086 
-0.5947472549847158 1.2122190059125661 -0.48952814000337086 
-0.5947449438266643 1.2122102354025872 -0.4895440189154585 
-0.5947442059433168 1.2122056493625488 -0.48952796825650546 
-0.5947468314258697 1.2122173985681082 -0.48953105008287756 
-0.5947468314258697 1.2122173985681082 -0.48953105008287756 
-0.5947468314258697 1.2122173985681082 -0.48953105008287756 
-0.594745523251386 1.2122117167641682 -0.4895315529338211 
-0.594745523251386 1.2122117167641682 -0.4895315529338211 
-0.594745523251386 1.2122117167641682 -0.4895315529338211 
-0.594745523251386 1.2122117167641682 -0.4895315529338211 
-0.5947463703690781 1.2122149314530848 -0.4895257327748088 
-0.5947463703690781 1.2122149314530848 -0.4895257327748088 
-0.5947440779599995 1.2122065908283886 -0.48954572538068386 
-0.5947440779599995 1.2122065908283886 -0.48954572538068386 
-0.5947440779599995 1.2122065908283886 -0.48954572538068386 
-0.5947440779599995 1.2122065908283886 -0.48954572538068386 
-0.5947442059433166 1.2122056493625488 -0.48952796825650513 
-0.5947442059433166 1.2122056493625488 -0.48952796825650513 
-0.5947442059433166 1.2122056493625488 -0.48952796825650513 
-0.5947503645989252 1.2122340155723093 -0.48954472727709364 
-0.5947503645989252 1.2122340155723093 -0.48954472727709364 
-0.5947503645989252 1.2122340155723093 -0.48954472727709364 
-0.5947499222911063 1.2122319783425686 -0.48954352366281273 
-0.5947499222911063 1.2122319783425686 -0.48954352366281273 
-0.5947435424815883 1.2122025935179375 -0.48952616283508377 
-0.5947435424815883 1.2122025935179375 -0.48952616283508377 
-0.5947483886368213 1.2122249144698802 -0.4895393502611205 
-0.5947411754842048 1.212192542697443 -0.48952979009393593 
-0.5947411754842048 1.212192542697443 -0.48952979009393593 
-0.594741345365575 1.2121924738006382 -0.4895201840119703 
-0.594741345365575 1.2121924738006382 -0.4895201840119703 
-0.5947413453655748 1.2121924738006382 -0.48952018401196995 
-0.594742225173519 1.212196526116318 -0.489522578157769 
-0.594742225173519 1.212196526116318 -0.489522578157769 
-0.594742225173519 1.212196526116318 -0.489522578157769 
-0.594742225173519 1.212196526116318 -0.489522578157769 
-0.594742225173519 1.212196526116318 -0.489522578157769 
-0.5947470665210584 1.2122188249244592 -0.48953575250104087 
-0.5947470665210584 1.2122188249244592 -0.48953575250104087 
-0.5947459655592049 1.212213753993909 -0.489532756548102 
-0.5947459655592049 1.212213753993909 -0.489532756548102 
-0.5947459655592049 1.212213753993909 -0.489532756548102 
-0.5947470665210584 1.2122188249244592 -0.48953575250104087 
-0.5947470665210584 1.2122188249244592 -0.48953575250104087 
-0.594746016831744 1.212214841505584 -0.4895429644372089 
-0.594746016831744 1.212214841505584 -0.4895429644372089 
-0.594746016831744 1.212214841505584 -0.4895429644372089 
-0.5947459655592049 1.212213753993909 -0.489532756548102 
-0.5947445202678182 1.212208628058129 -0.48954692899496477 
-0.5947445202678182 1.212208628058129 -0.48954692899496477 
-0.5947453394287366 1.2122113779194923 -0.48953705840476336 
-0.5947453394287366 1.2122113779194923 -0.48953705840476336 
-0.5947453394287366 1.2122113779194923 -0.48953705840476336 
-0.5947429163511203 1.212200217443521 -0.4895304646917451 
-0.5947429163511201 1.212200217443521 -0.48953046469174477 
-0.5947464822886431 1.212217321419077 -0.48954820539991495 
-0.5947444735620717 1.2122077333452932 -0.4895387648699885 
-0.5947444735620717 1.2122077333452932 -0.4895387648699885 
-0.5947444735620717 1.2122077333452932 -0.4895387648699885 
-0.594746016831744 1.212214841505584 -0.4895429644372089 
-0.594746016831744 1.212214841505584 -0.4895429644372089 
-0.5947439660404343 1.2122042008623957 -0.4895232527555782 
-0.5947439660404343 1.2122042008623957 -0.4895232527555782 
-0.5947439660404343 1.2122042008623957 -0.4895232527555782 
-0.5947439660404343 1.2122042008623957 -0.4895232527555782 
-0.5947473201985344 1.212220501165723 -0.4895424485035005 
-0.5947473201985344 1.212220501165723 -0.4895424485035005 
-0.5947435937541274 1.212203681029613 -0.4895363707241899 
-0.5947435937541274 1.212203681029613 -0.4895363707241899 
-0.5947435937541274 1.212203681029613 -0.4895363707241899 
-0.5947453581777093 1.2122118078047748 -0.48954117209855075 
-0.5947453581777093 1.2122118078047748 -0.48954117209855075 
-0.5947479323877234 1.2122224694986588 -0.4895340460358162 
-0.594745523251386 1.2122117167641682 -0.4895315529338211 
-0.594745523251386 1.2122117167641682 -0.4895315529338211 
-0.594745523251386 1.2122117167641682 -0.4895315529338211 
-0.594745523251386 1.2122117167641682 -0.4895315529338211 
-0.5947497384684569 1.212231639497893 -0.4895490291337542 
-0.5947497384684569 1.212231639497893 -0.4895490291337542 
-0.5947499083498271 1.2122315706010873 -0.4895394230517891 
-0.5947499083498271 1.2122315706010873 -0.4895394230517891 
-0.5931976401342702 1.2130463314137072 -0.489544940471753 
-0.5947417876733938 1.2121945110303787 -0.4895213876262514 
-0.5947435424815883 1.2122025935179375 -0.48952616283508377 
-0.5947435424815881 1.2122025935179375 -0.48952616283508343 
-0.594740719235107 1.2121900977262217 -0.4895244858686312 
-0.594740719235107 1.2121900977262217 -0.4895244858686312 
-0.5947407192351067 1.2121900977262217 -0.48952448586863084 
-0.5947473201985344 1.212220501165723 -0.4895424485035005 
-0.5947473201985344 1.212220501165723 -0.4895424485035005 
-0.5947429163511203 1.212200217443521 -0.4895304646917451 
-0.5947446434434418 1.212207664448488 -0.48952915878802306 
-0.5947446434434418 1.212207664448488 -0.48952915878802306 
-0.5947446434434418 1.212207664448488 -0.48952915878802306 
-0.5947446434434418 1.212207664448488 -0.48952915878802306 
-0.5947482000064784 1.2122245534814031 -0.489544842649299 
-0.5947482000064784 1.212224553481403 -0.489544842649299 
-0.5947482000064784 1.212224553481403 -0.489544842649299 
-0.5947435937541277 1.212203681029613 -0.4895363707241902 
-0.5947435937541277 1.212203681029613 -0.4895363707241902 
-0.5947435937541277 1.212203681029613 -0.4895363707241902 
-0.5947435937541277 1.212203681029613 -0.4895363707241902 
-0.5947464591395628 1.2122168787353254 -0.4895441680514897 
-0.5947464591395628 1.2122168787353254 -0.4895441680514897 
-0.594745602480699 1.2122132691033967 -0.48954581125411667 
-0.594745602480699 1.2122132691033967 -0.48954581125411667 
-0.594745602480699 1.2122132691033967 -0.48954581125411667 
-0.593001963592366 1.2131937981280503 -0.48955811802066274 
-0.593001963592366 1.2131937981280503 -0.48955811802066274 
-0.593001963592366 1.2131937981280503 -0.48955811802066274 
-0.593001963592366 1.2131937981280503 -0.48955811802066274 
-0.5947488726017921 1.2122279949236934 -0.48955073559897966 
-0.5947499222911063 1.2122319783425686 -0.48954352366281273 
-0.5947499222911063 1.2122319783425686 -0.48954352366281273 
-0.5947499222911063 1.2122319783425686 -0.48954352366281273 
-0.5947499222911063 1.2122319783425686 -0.48954352366281273 
-0.594748858660513 1.2122275871822128 -0.4895466349879567 
-0.5947508020990504 1.2122360306582487 -0.489545917808611 
-0.5947496732546387 1.2122301442447363 -0.4895347206336256 
-0.5947496732546387 1.2122301442447363 -0.4895347206336256 
-0.5947496732546387 1.2122301442447363 -0.4895347206336256 
-0.5947496732546387 1.2122301442447363 -0.4895347206336256 
-0.5947415990430509 1.2121941500419016 -0.48952688001442946 
-0.5947512444068693 1.2122380678879896 -0.4895471214228919 
-0.5947512444068693 1.2122380678879896 -0.4895471214228919 
-0.5947512444068693 1.2122380678879896 -0.4895471214228919 
-0.5947412034409786 1.2121930075249965 -0.48953384052512483 
-0.5929936822423635 1.2131568423964174 -0.4895496254144922 
-0.5946663974578689 1.2122799668942386 -0.48954137205702397 
-0.5946663974578689 1.2122799668942386 -0.48954137205702397 
-0.5946663974578689 1.2122799668942386 -0.48954137205702397 
-0.594742225173519 1.212196526116318 -0.489522578157769 
-0.594742225173519 1.212196526116318 -0.489522578157769 
-0.594742478850995 1.2121982023575817 -0.48952927416022773 
-0.594742478850995 1.2121982023575817 -0.48952927416022773 
-0.5947415990430509 1.2121941500419016 -0.48952688001442946 
-0.5947415990430509 1.2121941500419016 -0.48952688001442946 
-0.5947415990430509 1.2121941500419016 -0.48952688001442946 
-0.5930579257971664 1.2131547841805728 -0.4895705644447089 
-0.5930579257971664 1.2131547841805728 -0.4895705644447089 
-0.5930519276484416 1.2131261341313657 -0.4895421424952616 
-0.5947415990430509 1.2121941500419016 -0.48952688001442946 
-0.5947488261369465 1.2122269295558197 -0.48954054079263765 
-0.5947488261369465 1.2122269295558197 -0.48954054079263765 
-0.5947488261369465 1.2122269295558197 -0.48954054079263765 
-0.5947488261369465 1.2122269295558197 -0.48954054079263765 
-0.5947417689244212 1.2121940811450966 -0.489517273932464 
-0.594743091040184 1.212200170690517 -0.48952087169254344 
-0.594743091040184 1.212200170690517 -0.48952087169254344 
-0.5947442059433168 1.2122056493625488 -0.48952796825650546 
-0.5947442059433168 1.2122056493625488 -0.48952796825650546 
-0.5947442059433168 1.2122056493625488 -0.48952796825650546 
-0.5947442059433168 1.2122056493625488 -0.48952796825650546 
-0.5947399000741884 1.2121873478648582 -0.4895343564588328 
-0.5947417876733938 1.2121945110303787 -0.4895213876262514 
-0.5947494847909811 1.2122299632566294 -0.48954233313129536 
-0.5947420552921489 1.2121965950131233 -0.48953218423973466 
-0.5947464078670237 1.2122157912236498 -0.4895339601623836 
-0.5947444735620717 1.2122077333452932 -0.4895387648699885 
-0.5947469245964621 1.212219358648818 -0.48954940901419586 
-0.5947416177920237 1.212194579927184 -0.48953099370821707 
-0.5940063505272536 1.2126341432225407 -0.4895515445933831 
-0.5947445202678182 1.212208628058129 -0.48954692899496477 
-0.59299512753375 1.2131619683321975 -0.4895354529676301 
-0.5943944845093607 1.2124074518787158 -0.48954143586130294 
-0.5947396370222261 1.2121854566809536 -0.48952560360947994 
-0.5947426674813379 1.2121985633460588 -0.4895237817720497 
-0.5947497524097362 1.2122320472393735 -0.4895531297447784 
-0.5947435285403091 1.2122021857764564 -0.489522062224061 
-0.5947440779599995 1.2122065908283886 -0.48954572538068386 
-0.5947494847909811 1.2122299632566294 -0.48954233313129536 
-0.5947422112322399 1.2121961183748373 -0.48951847754674516 
-0.5947503645989252 1.2122340155723093 -0.48954472727709364 
-0.5947488261369465 1.2122269295558197 -0.48954054079263765 
-0.5947450857512606 1.212209701678229 -0.4895303624023042 
-0.5947446434434418 1.212207664448488 -0.48952915878802306 
-0.5935005554726143 1.2129085041180956 -0.489553711045156 
-0.5947508020990504 1.2122360306582487 -0.489545917808611 
-0.5947396370222261 1.2121854566809536 -0.48952560360947994 
-0.594746016831744 1.212214841505584 -0.4895429644372089 
-0.5947483698878485 1.2122244845845978 -0.48953523656733333 
-0.5947449438266641 1.2122102354025872 -0.4895440189154582 
-0.5947440173129739 1.2122052883740715 -0.48953346064468417 
-0.5947483886368213 1.2122249144698802 -0.4895393502611205 
-0.594746016831744 1.212214841505584 -0.4895429644372089 
-0.5947407798821325 1.2121914001805383 -0.48953675060463087 
-0.5947440360619463 1.212205718259354 -0.489537574338471 
-0.5947453394287366 1.2122113779194923 -0.48953705840476336 
-0.5947473389475071 1.2122209310510055 -0.48954656219728787 
-0.5947448971209178 1.2122093406897514 -0.4895358547904822 
-0.5947444596207926 1.2122073256038122 -0.48953466425896464 
-0.5947449158698904 1.2122097705750339 -0.4895399684842693 
-0.592997422628049 1.2131740702740081 -0.4895598038048261 
-0.5947464403905902 1.2122164488500426 -0.489540054357702 
-0.5947477764476323 1.2122229461369447 -0.489547752728805 
-0.5947468826984093 1.2122184860797838 -0.4895412579719831 
-0.5947468826984093 1.2122184860797838 -0.4895412579719831 
-0.5947468826984093 1.2122184860797838 -0.4895412579719831 
-0.5947489633280647 1.2122260230322508 -0.48952272040586164 
-0.5947475088288772 1.2122208621542 -0.4895369561153222 
-0.5947454905611341 1.2122108791374047 -0.48952333862901076 
-0.5947439660404343 1.2122042008623957 -0.4895232527555782 
-0.594748858660513 1.2122275871822128 -0.4895466349879567 
-0.5947494847909811 1.2122299632566294 -0.48954233313129536 
-0.5947494847909811 1.2122299632566294 -0.48954233313129536 
-0.5947435424815883 1.2122025935179375 -0.48952616283508377 
-0.594740719235107 1.2121900977262217 -0.4895244858686312 
-0.5947507881577712 1.2122356229167675 -0.4895418171975874 
-0.5947483886368213 1.2122249144698802 -0.4895393502611205 
-0.5947442059433168 1.2122056493625488 -0.48952796825650546 
-0.5947450857512606 1.212209701678229 -0.4895303624023042 
-0.5947442059433168 1.2122056493625488 -0.48952796825650546 
-0.5947499222911063 1.2122319783425686 -0.48954352366281273 
-0.5947470665210584 1.2122188249244592 -0.48953575250104087 
-0.5947435798128486 1.2122032732881323 -0.48953227011316636 
-0.5947464078670237 1.2122157912236498 -0.4895339601623836 
-0.5947536160452612 1.212247960851915 -0.48954138713731243 
-0.5947480346919007 1.2122248151770478 -0.489556492495394 
-0.594741345365575 1.2121924738006382 -0.4895201840119703 
-0.5947411615429257 1.2121921349559623 -0.48952568948291253 
-0.594741768924421 1.2121940811450966 -0.4895172739324637 
-0.5947468966396883 1.2122188938212644 -0.48954535858300674 
-0.5947416177920237 1.212194579927184 -0.48953099370821707 
-0.5947416177920237 1.212194579927184 -0.48953099370821707 
-0.5947492357545135 1.212228129158797 -0.4895335301021084 
-0.5947489005585657 1.212228459751247 -0.4895547860301689 
-0.5947444735620717 1.2122077333452932 -0.4895387648699885 
-0.5947453581777093 1.2122118078047748 -0.48954117209855075 
-0.5947459655592049 1.212213753993909 -0.489532756548102 
-0.5947424927922742 1.2121986100990625 -0.4895333747712516 
-0.5947480207506217 1.2122244074355666 -0.48955239188437094 
-0.5947463703690781 1.2122149314530848 -0.4895257327748088 
-0.594746016831744 1.212214841505584 -0.4895429644372089 
-0.5947449438266643 1.2122102354025872 -0.4895440189154585 
-0.5947435937541277 1.212203681029613 -0.4895363707241902 
-0.5947454905611339 1.2122108791374047 -0.48952333862901043 
-0.5947429163511203 1.212200217443521 -0.4895304646917451 
-0.5947436217109013 1.2122041458571664 -0.48954042115538 
-0.5947442059433168 1.2122056493625488 -0.48952796825650546 
-0.5947479463290025 1.2122228772401396 -0.4895381466468396 
-0.594745523251386 1.2122117167641682 -0.4895315529338211 
-0.5947435798128486 1.2122032732881323 -0.48953227011316636 
-0.594747508828877 1.2122208621542 -0.4895369561153219 
-0.5947496732546387 1.2122301442447363 -0.4895347206336256 
-0.594745523251386 1.2122117167641682 -0.4895315529338211 
-0.5936133107920643 1.2128145943180166 -0.4895358780082786 
-0.5947421924832672 1.2121956884895548 -0.489514363852958 
-0.5947456539199237 1.2122145366154429 -0.48955813925271396 
-0.5947402304624423 1.2121869951286066 -0.48951308744800826 
-0.5947468966396883 1.2122188938212644 -0.48954535858300674 
-0.5947442059433168 1.2122056493625488 -0.48952796825650546 
-0.5947431049814631 1.2122005784319982 -0.4895249723035666 
-0.5947474900799044 1.2122204322689174 -0.48953284242153505 
-0.5947400605810722 1.212187064025412 -0.48952269352997346 
-0.5947435798128486 1.2122032732881323 -0.48953227011316636 
-0.5947463891180509 1.212215361338367 -0.4895298464685962 
-0.5947444735620717 1.2122077333452932 -0.4895387648699885 
-0.5939145896922892 1.212646905462602 -0.48951883450666656 
-0.5947456539199237 1.2122145366154429 -0.48955813925271396 
-0.5947426674813379 1.2121985633460588 -0.4895237817720497 
-0.5947480207506217 1.2122244074355666 -0.48955239188437094 
-0.5947517379872276 1.2122411926294059 -0.48955853292627927 
-0.5947420413508698 1.2121961872716425 -0.4895280836287106 
-0.5947412034409786 1.2121930075249965 -0.48953384052512483 
-0.5930026547699672 1.213197489455253 -0.4895660045546395 
-0.5943396318257306 1.2124461122402928 -0.48955024565097904 
-0.5947459655592049 1.212213753993909 -0.489532756548102 
-0.5947431049814631 1.2122005784319982 -0.4895249723035666 
-0.5947446434434418 1.212207664448488 -0.48952915878802306 
-0.5947440173129739 1.2122052883740715 -0.48953346064468417 
-0.5947439660404343 1.2122042008623957 -0.4895232527555782 
-0.5947510605842201 1.2122377290433137 -0.48955262689383416 
-0.5947435285403091 1.2122021857764564 -0.489522062224061 
-0.5947496593133595 1.2122297365032555 -0.48953062002260195 
-0.5947426487323649 1.2121981334607765 -0.4895196680782624 
-0.5935473599651532 1.2128620332863485 -0.48955001995594283 
-0.5947483698878485 1.2122244845845978 -0.48953523656733333 
-0.5947470665210584 1.2122188249244592 -0.48953575250104087 
-0.5947457817365556 1.2122134151492332 -0.48953826201904427 
-0.5947450857512604 1.212209701678229 -0.48953036240230385 
-0.5947431049814631 1.2122005784319982 -0.4895249723035666 
-0.5947431049814631 1.2122005784319982 -0.4895249723035666 
-0.5947503645989252 1.2122340155723093 -0.48954472727709364 
-0.5947492496957926 1.212228536900278 -0.4895376307131316 
-0.5947435424815883 1.2122025935179375 -0.48952616283508377 
-0.5947435424815883 1.2122025935179375 -0.48952616283508377 
-0.5947450857512606 1.212209701678229 -0.4895303624023042 
-0.5947483698878485 1.2122244845845978 -0.48953523656733333 
-0.5947459655592049 1.212213753993909 -0.489532756548102 
-0.5947450857512606 1.212209701678229 -0.4895303624023042 
-0.5947449158698906 1.2122097705750337 -0.4895399684842696 
-0.5929973759223027 1.2131731755611723 -0.4895516396798496 
-0.5947479136387506 1.2122220396133758 -0.489529932342029 
-0.5947477764476323 1.2122229461369447 -0.489547752728805 
-0.5947483698878485 1.2122244845845978 -0.48953523656733333 
-0.594748914499845 1.212228867492728 -0.4895588866411924 
-0.5947464078670237 1.2122157912236498 -0.4895339601623836 
-0.5947506182764012 1.2122356918135728 -0.48955142327955303 
-0.5947422112322399 1.2121961183748373 -0.48951847754674516 
-0.5947469245964621 1.212219358648818 -0.48954940901419586 
-0.5947503458499525 1.212233585687027 -0.4895406135833067 
-0.5947439520991553 1.2122037931209149 -0.48951915214455455 
-0.594748858660513 1.2122275871822128 -0.4895466349879567 
-0.594746016831744 1.212214841505584 -0.4895429644372089 
-0.5947444735620717 1.2122077333452932 -0.4895387648699885 
-0.5947492961606382 1.212229602268152 -0.4895478255194736 
-0.5947488261369465 1.2122269295558197 -0.48954054079263765 
-0.594746016831744 1.212214841505584 -0.4895429644372089 
-0.5947444735620717 1.2122077333452932 -0.4895387648699885 
-0.5947463891180509 1.212215361338367 -0.4895298464685962 
-0.5947457817365556 1.2122134151492332 -0.48953826201904427 
-0.594743673150126 1.2122054133692122 -0.48955274915397706 
-0.5947420552921489 1.2121965950131233 -0.48953218423973466 
-0.5947513815979875 1.2122371613644207 -0.48952930103611614 
-0.5947450857512606 1.212209701678229 -0.4895303624023042 
-0.5947455232513857 1.2122117167641682 -0.4895315529338208 
-0.594746459139563 1.2122168787353254 -0.48954416805149004 
-0.5947435285403091 1.2122021857764564 -0.489522062224061 
-0.5947494847909811 1.2122299632566294 -0.48954233313129536 
-0.5947453394287366 1.2122113779194923 -0.48953705840476336 
-0.5947435424815881 1.2122025935179375 -0.48952616283508343 
-0.5947449158698906 1.2122097705750339 -0.4895399684842696 
-0.5947464403905902 1.2122164488500426 -0.489540054357702 
-0.594619671427273 1.2122960269972225 -0.48954051321323533 
-0.5947459655592049 1.212213753993909 -0.489532756548102 
-0.5947473389475071 1.2122209310510055 -0.48954656219728787 
-0.594748858660513 1.2122275871822128 -0.4895466349879567 
-0.5947444596207926 1.2122073256038122 -0.48953466425896464 
-0.5947450857512606 1.212209701678229 -0.4895303624023042 
-0.5947415990430509 1.2121941500419016 -0.48952688001442946 
-0.5947479463290025 1.2122228772401396 -0.4895381466468396 
-0.5947473201985344 1.212220501165723 -0.4895424485035005 
-0.5947474900799044 1.2122204322689174 -0.48953284242153505 
-0.5947424927922742 1.2121986100990625 -0.4895333747712516 
-0.5947431562540025 1.2122016659436738 -0.48953518019267306 
-0.5947499222911063 1.2122319783425686 -0.48954352366281273 
-0.5947503458499525 1.212233585687027 -0.4895406135833067 
-0.5947483886368213 1.2122249144698802 -0.4895393502611205 
-0.5947417876733938 1.2121945110303787 -0.4895213876262514 
-0.5947494847909811 1.2122299632566294 -0.48954233313129536 
-0.5947488726017921 1.2122279949236934 -0.48955073559897966 
-0.5947488726017921 1.2122279949236932 -0.48955073559897966 
-0.5947489005585659 1.212228459751247 -0.4895547860301692 
-0.5947417876733938 1.2121945110303787 -0.4895213876262514 
-0.5947400605810722 1.212187064025412 -0.48952269352997346 
-0.5947479463290025 1.2122228772401396 -0.4895381466468396 
-0.5947417876733938 1.2121945110303787 -0.4895213876262514 
-0.5947454905611341 1.2122108791374044 -0.48952333862901076 
-0.594750194717555 1.2122340844691144 -0.48955433335905973 
-0.5947506370253739 1.2122361216988553 -0.48955553697334064 
-0.5947445015188455 1.2122081981728465 -0.4895428153011776 
-0.594741654882383 1.2121954303524167 -0.4895391316676656 
