-0.6609799317208622 1.0552396595140228 -0.2789389170394293 
-0.6609783635196839 1.055231728069022 -0.2789265121617831 
-0.6609783635196839 1.055231728069022 -0.2789265121617831 
-0.6609783635196839 1.055231728069022 -0.2789265121617831 
-0.6613057132405185 1.056743220725616 -0.27981554763346705 
-0.6613057132405185 1.056743220725616 -0.27981554763346705 
-0.6615157398786098 1.057714588720018 -0.2804048099695369 
-0.6615157398786098 1.057714588720018 -0.2804048099695369 
-0.6615157398786098 1.057714588720018 -0.2804048099695369 
-0.6615157398786098 1.057714588720018 -0.2804048099695369 
-0.6615157398786098 1.057714588720018 -0.2804048099695369 
-0.6615157398786098 1.057714588720018 -0.2804048099695369 
-0.6615157398786098 1.057714588720018 -0.2804048099695369 
-0.6615157398786098 1.057714588720018 -0.2804048099695369 
-0.6619727101940491 1.0598243787403958 -0.28164342231932094 
-0.6623562152006102 1.061595564267983 -0.2826897278152093 
-0.6623562152006102 1.061595564267983 -0.2826897278152093 
-0.6623562152006102 1.061595564267983 -0.2826897278152093 
-0.6623562152006102 1.061595564267983 -0.2826897278152093 
-0.6623562152006102 1.061595564267983 -0.2826897278152093 
-0.6623562152006102 1.061595564267983 -0.2826897278152093 
-0.6623562152006102 1.061595564267983 -0.2826897278152093 
-0.6628939877257594 1.064079910159207 -0.28416504327157377 
-0.6628939877257594 1.064079910159207 -0.28416504327157377 
-0.6628939877257594 1.064079910159207 -0.28416504327157377 
-0.6628939877257594 1.064079910159207 -0.28416504327157377 
-0.6628939877257594 1.064079910159207 -0.28416504327157377 
-0.6628939877257594 1.064079910159207 -0.28416504327157377 
-0.6628939877257594 1.064079910159207 -0.28416504327157377 
-0.6628939877257594 1.064079910159207 -0.28416504327157377 
-0.6628939877257594 1.064079910159207 -0.28416504327157377 
-0.663958059816534 1.068994237365492 -0.2870681200438493 
-0.663958059816534 1.068994237365492 -0.2870681200438493 
-0.6641157414041887 1.0697210987988002 -0.28748206530846077 
-0.6641157414041887 1.0697210987988002 -0.28748206530846077 
-0.6641157414041887 1.0697210987988002 -0.28748206530846077 
-0.6641157414041887 1.0697210987988002 -0.28748206530846077 
-0.6641157414041887 1.0697210987988002 -0.28748206530846077 
-0.6641157414041887 1.0697210987988002 -0.28748206530846077 
-0.6647087853534301 1.0724603666804828 -0.2891041129749523 
-0.6650749907168915 1.0741523441056067 -0.29011134676062966 
-0.6650749907168915 1.0741523441056067 -0.29011134676062966 
-0.6650749907168915 1.0741523441056067 -0.29011134676062966 
-0.665539232294565 1.0762964046774695 -0.2913779234827838 
-0.665539232294565 1.0762964046774695 -0.2913779234827838 
-0.665539232294565 1.0762964046774695 -0.2913779234827838 
-0.6660826777588043 1.078806261719297 -0.29286058985276875 
-0.6660826777588043 1.078806261719297 -0.29286058985276875 
-0.6660826777588043 1.078806261719297 -0.29286058985276875 
-0.6660826777588043 1.078806261719297 -0.29286058985276875 
-0.6660826777588043 1.078806261719297 -0.29286058985276875 
-0.6666436416498193 1.0813963372975437 -0.29438292483407125 
-0.6666436416498193 1.0813963372975437 -0.29438292483407125 
-0.6666436416498193 1.0813963372975437 -0.29438292483407125 
-0.6666436416498193 1.0813963372975437 -0.29438292483407125 
-0.6669813248148174 1.0829565873546567 -0.29531234233965753 
-0.6669813248148174 1.0829565873546567 -0.29531234233965753 
-0.6669813248148174 1.0829565873546567 -0.29531234233965753 
-0.6669813248148174 1.0829565873546567 -0.29531234233965753 
-0.6669813248148174 1.0829565873546567 -0.29531234233965753 
-0.6674863746430284 1.0852891173898167 -0.2966902550185381 
-0.6674863746430284 1.0852891173898167 -0.2966902550185381 
-0.667866117317874 1.0870422380655729 -0.2977181694545914 
-0.667866117317874 1.0870422380655729 -0.2977181694545914 
-0.667866117317874 1.0870422380655729 -0.2977181694545914 
-0.667866117317874 1.0870422380655729 -0.2977181694545914 
-0.667866117317874 1.0870422380655729 -0.2977181694545914 
-0.6687526821943578 1.0911364187537391 -0.30013289528423537 
-0.6687526821943578 1.0911364187537391 -0.30013289528423537 
-0.6694104322390896 1.094174181860003 -0.3019274154989645 
-0.6694104322390896 1.094174181860003 -0.3019274154989645 
-0.6694104322390896 1.094174181860003 -0.3019274154989645 
-0.6697753374139965 1.0958604988940088 -0.3029351652183383 
-0.6697753374139965 1.0958604988940088 -0.3029351652183383 
-0.6697753374139965 1.0958604988940088 -0.3029351652183383 
-0.6697753374139965 1.0958604988940088 -0.3029351652183383 
-0.6705493342670794 1.0994344492401424 -0.30503871180106346 
-0.6705493342670794 1.0994344492401424 -0.30503871180106346 
-0.6709269326397435 1.1011786998973088 -0.30607296560050967 
-0.6709269326397435 1.1011786998973088 -0.30607296560050967 
-0.6709269326397435 1.1011786998973088 -0.30607296560050967 
-0.6709269326397435 1.1011786998973088 -0.30607296560050967 
-0.6715017176650087 1.103832607218401 -0.30763300837826324 
-0.6715017176650087 1.103832607218401 -0.30763300837826324 
-0.6715017176650087 1.103832607218401 -0.30763300837826324 
-0.6715017176650087 1.103832607218401 -0.30763300837826324 
-0.6715017176650087 1.103832607218401 -0.30763300837826324 
-0.6721057486765847 1.106622962340877 -0.30928909492577805 
-0.6727527477514181 1.109611072999414 -0.31105428358368714 
-0.6727527477514181 1.109611072999414 -0.31105428358368714 
-0.6727527477514181 1.109611072999414 -0.31105428358368714 
-0.6727527477514181 1.109611072999414 -0.31105428358368714 
-0.6727527477514181 1.109611072999414 -0.31105428358368714 
-0.6732119130965056 1.1117310005790901 -0.3122988845686784 
-0.6732119130965056 1.1117310005790901 -0.3122988845686784 
-0.6732119130965056 1.1117310005790901 -0.3122988845686784 
-0.67380588230851 1.11447557496899 -0.313935646202849 
-0.67380588230851 1.11447557496899 -0.313935646202849 
-0.6742654691110037 1.1165971045940903 -0.31517733383764623 
-0.6742654691110037 1.1165971045940903 -0.31517733383764623 
-0.6742654691110037 1.1165971045940903 -0.31517733383764623 
-0.6742654691110037 1.1165971045940903 -0.31517733383764623 
-0.6742654691110037 1.1165971045940903 -0.31517733383764623 
-0.6744833458096655 1.1176036941709708 -0.31577582366410195 
-0.6744833458096655 1.1176036941709708 -0.31577582366410195 
-0.6747433464579576 1.1188048296564412 -0.3164892390306485 
-0.6747433464579575 1.1188048296564412 -0.3164892390306482 
-0.6747433464579575 1.1188048296564412 -0.3164892390306482 
-0.6747433464579575 1.1188048296564412 -0.3164892390306482 
-0.6747433464579575 1.1188048296564412 -0.3164892390306482 
-0.6757159316071288 1.123296632139036 -0.3191427146551842 
-0.6757159316071288 1.123296632139036 -0.3191427146551842 
-0.6757159316071288 1.123296632139036 -0.3191427146551842 
-0.6762169991211339 1.1256100813517853 -0.32050163610243265 
-0.6762169991211339 1.1256100813517853 -0.32050163610243265 
-0.6762169991211339 1.1256100813517853 -0.32050163610243265 
-0.6762169991211339 1.1256100813517853 -0.32050163610243265 
-0.6762169991211339 1.1256100813517853 -0.32050163610243265 
-0.6769636041098762 1.1290582135228429 -0.32253857666282737 
-0.6769636041098762 1.1290582135228429 -0.32253857666282737 
-0.6769636041098762 1.1290582135228429 -0.32253857666282737 
-0.6779157681247221 1.133455358298834 -0.325132274703576 
-0.6779157681247221 1.133455358298834 -0.325132274703576 
-0.6779157681247221 1.133455358298834 -0.325132274703576 
-0.6783986119972878 1.1356844784379592 -0.32643953385311764 
-0.6783986119972878 1.1356844784379592 -0.32643953385311764 
-0.6786580039593727 1.136883656320279 -0.3271613582287265 
-0.6786580039593727 1.136883656320279 -0.3271613582287265 
-0.6786580039593727 1.136883656320279 -0.3271613582287265 
-0.6786580039593727 1.136883656320279 -0.3271613582287265 
-0.6793590070890428 1.1401218689914427 -0.32908201097061673 
-0.6793590070890428 1.1401218689914427 -0.32908201097061673 
-0.679857223821779 1.1424221521113398 -0.3304331547146856 
-0.6802361372941284 1.144172476445486 -0.3314709964621504 
-0.6802361372941284 1.144172476445486 -0.3314709964621504 
-0.6802361372941284 1.144172476445486 -0.3314709964621504 
-0.6802361372941284 1.144172476445486 -0.3314709964621504 
-0.680732426710137 1.1464648916758122 -0.3328290715646819 
-0.680732426710137 1.1464648916758122 -0.3328290715646819 
-0.680732426710137 1.1464648916758122 -0.3328290715646819 
-0.680732426710137 1.1464648916758122 -0.3328290715646819 
-0.680732426710137 1.1464648916758122 -0.3328290715646819 
-0.6812734106306224 1.148962347025239 -0.33429283257648135 
-0.6812734106306224 1.148962347025239 -0.33429283257648135 
-0.6812734106306224 1.148962347025239 -0.33429283257648135 
-0.6819022492393758 1.1518676183630414 -0.33602066416612475 
-0.6825476828103639 1.1548478100339827 -0.33777345530544267 
-0.6830382014944024 1.1571123756425932 -0.3391016534187178 
-0.6830382014944024 1.1571123756425932 -0.3391016534187178 
-0.6830382014944024 1.1571123756425932 -0.3391016534187178 
-0.6831431196677251 1.1575977849399348 -0.3393979682730772 
-0.6831431196677251 1.1575977849399348 -0.3393979682730772 
-0.6831431196677251 1.1575977849399348 -0.3393979682730772 
-0.6834980893629139 1.159236838118586 -0.3403623585131961 
-0.683720167758865 1.1602635217201451 -0.34098043810773515 
-0.683720167758865 1.1602635217201451 -0.34098043810773515 
-0.683720167758865 1.1602635217201451 -0.34098043810773515 
-0.683720167758865 1.1602635217201451 -0.34098043810773526 
-0.6841028095448164 1.1620310649562124 -0.3420284517041863 
-0.6841028095448164 1.1620310649562124 -0.3420284517041863 
-0.6846183450276347 1.1644109888426213 -0.34342278248759917 
-0.6846183450276347 1.1644109888426213 -0.34342278248759917 
-0.6846183450276347 1.1644109888426213 -0.34342278248759917 
-0.6846183450276347 1.1644109888426213 -0.3434227824875993 
-0.6849294631331592 1.1658482059930193 -0.3442756601180621 
-0.6849294631331592 1.1658482059930193 -0.3442756601180621 
-0.6849294631331592 1.1658482059930193 -0.3442756601180621 
-0.6849294631331592 1.1658482059930193 -0.3442756601180621 
-0.6858241463825412 1.1699798807017037 -0.3467125350671063 
-0.6858241463825412 1.1699798807017037 -0.3467125350671063 
-0.6858241463825412 1.1699798807017037 -0.3467125350671063 
-0.6860551699562576 1.1710468435921422 -0.3473428299282526 
-0.6860551699562576 1.1710468435921422 -0.3473428299282526 
-0.6860551699562576 1.1710468435921422 -0.3473428299282526 
-0.6860551699562576 1.1710468435921422 -0.3473428299282526 
-0.6867539309252573 1.174273667773172 -0.3492451758484084 
-0.6867539309252573 1.174273667773172 -0.3492451758484084 
-0.6869551643318474 1.1752040805494548 -0.34980638466797154 
-0.6869551643318474 1.1752040805494548 -0.34980638466797154 
-0.6873436847276558 1.1769977403891556 -0.35085824710347124 
-0.6873436847276558 1.1769977403891556 -0.35085824710347124 
-0.6873436847276558 1.1769977403891556 -0.35085824710347124 
-0.687913050814435 1.1796279984801339 -0.35241975835024975 
-0.687913050814435 1.1796279984801339 -0.35241975835024975 
-0.687913050814435 1.1796279984801339 -0.35241975835024975 
-0.687913050814435 1.1796279984801339 -0.35241975835024975 
-0.687913050814435 1.1796279984801339 -0.35241975835024975 
-0.687913050814435 1.1796279984801339 -0.35241975835024975 
-0.687913050814435 1.1796279984801339 -0.35241975835024975 
-0.6888320843872529 1.1838721331038748 -0.3549230675747319 
-0.6888320843872529 1.1838721331038748 -0.3549230675747319 
-0.6891988846589963 1.185565480382479 -0.35591567163083115 
-0.6891988846589963 1.185565480382479 -0.35591567163083115 
-0.6891988846589963 1.185565480382479 -0.35591567163083115 
-0.6891988846589963 1.185565480382479 -0.35591567163083115 
-0.6898243805952186 1.1884542806089378 -0.3576221939044094 
-0.6898243805952186 1.1884542806089378 -0.3576221939044094 
-0.6898243805952186 1.1884542806089378 -0.3576221939044094 
-0.6898243805952186 1.1884542806089378 -0.3576221939044094 
-0.6905216715212323 1.1916756932006662 -0.35953678194971916 
-0.6905216715212323 1.1916756932006662 -0.35953678194971916 
-0.6912789952599815 1.1951726401744778 -0.36159483976212214 
-0.6912789952599815 1.1951726401744778 -0.36159483976212214 
-0.6917338039644787 1.1972731358171547 -0.362835681052202 
-0.6917338039644787 1.1972731358171547 -0.362835681052202 
-0.6917338039644787 1.1972731358171547 -0.362835681052202 
-0.6921603593822478 1.1992441792981725 -0.3640116293265513 
-0.6921603593822478 1.1992441792981725 -0.3640116293265513 
-0.6921603593822478 1.1992441792981725 -0.3640116293265513 
-0.6921603593822478 1.1992441792981725 -0.3640116293265513 
-0.6927959332279874 1.202179179079694 -0.36574158366587994 
-0.6927959332279874 1.202179179079694 -0.36574158366587994 
-0.6927959332279874 1.202179179079694 -0.36574158366587994 
-0.6927959332279874 1.202179179079694 -0.36574158366587994 
-0.6935960563743773 1.2058741359280076 -0.3679204730508254 
-0.6935960563743773 1.2058741359280076 -0.3679204730508254 
-0.6941561898640813 1.20846140962802 -0.36945273207284834 
-0.6941561898640813 1.20846140962802 -0.36945273207284834 
-0.6945787182342511 1.2104121324290407 -0.3705973774704202 
-0.6952312317084303 1.2134263997159866 -0.3723857373030498 
-0.6952312317084303 1.2134263997159866 -0.3723857373030498 
-0.6952312317084303 1.2134263997159866 -0.3723857373030498 
-0.6952312317084303 1.2134263997159866 -0.3723857373030498 
-0.6952312317084303 1.2134263997159866 -0.3723857373030498 
-0.6952312317084303 1.2134263997159866 -0.3723857373030498 
-0.6952312317084303 1.2134263997159866 -0.3723857373030498 
-0.6961366522153941 1.2176073191231604 -0.37484784319789 
-0.6961366522153941 1.2176073191231604 -0.37484784319789 
-0.6964236656063841 1.2189338995226204 -0.3756430830407237 
-0.6964236656063841 1.2189338995226204 -0.3756430830407237 
-0.6964236656063841 1.2189338995226204 -0.3756430830407237 
-0.6964236656063841 1.2189338995226204 -0.3756430830407237 
-0.6966151978274704 1.2198184749316785 -0.37616563479919807 
-0.6966151978274704 1.2198184749316785 -0.37616563479919807 
-0.6966151978274704 1.2198184749316785 -0.37616563479919807 
-0.6972344937904645 1.2226772634244505 -0.37783898906665325 
-0.6972344937904645 1.2226772634244505 -0.37783898906665325 
-0.6972344937904645 1.2226772634244505 -0.37783898906665325 
-0.6981607980261093 1.2269556658313645 -0.3803702610281601 
-0.6981607980261093 1.2269556658313645 -0.3803702610281601 
-0.6981607980261093 1.2269556658313645 -0.3803702610281601 
-0.6981607980261092 1.2269556658313645 -0.38037026102815974 
-0.6987411517746303 1.2296370139314474 -0.38196581279130626 
-0.6987411517746303 1.2296370139314474 -0.38196581279130626 
-0.6987411517746303 1.2296370139314474 -0.38196581279130626 
-0.6987411517746303 1.2296370139314474 -0.38196581279130626 
-0.6991048967931525 1.2313165952007947 -0.38295414448948895 
-0.6991048967931525 1.2313165952007947 -0.38295414448948895 
-0.6991048967931525 1.2313165952007947 -0.38295414448948895 
-0.6991048967931525 1.2313165952007947 -0.38295414448948895 
-0.6995778832724903 1.2335003545233172 -0.3842364532709318 
-0.6995778832724903 1.2335003545233172 -0.3842364532709318 
-0.7002540764073535 1.2366236399059045 -0.38608535442931113 
-0.7002540764073535 1.2366236399059045 -0.38608535442931113 
-0.7002540764073535 1.2366236399059045 -0.38608535442931113 
-0.7002540764073535 1.2366236399059045 -0.38608535442931113 
-0.7002540764073535 1.2366236399059045 -0.38608535442931113 
-0.7008573836310821 1.2394092745950076 -0.3877232134871559 
-0.7013284774112127 1.2415860147461804 -0.3890206744732546 
-0.7013284774112127 1.2415860147461804 -0.3890206744732546 
-0.7013284774112127 1.2415860147461804 -0.3890206744732546 
-0.7013284774112127 1.2415860147461804 -0.3890206744732546 
-0.7015691192230752 1.242696709818162 -0.3896690840920777 
-0.7015691192230752 1.242696709818162 -0.3896690840920777 
-0.7015691192230752 1.242696709818162 -0.3896690840920777 
-0.7025941716779026 1.2474318763617507 -0.392478070993726 
-0.7025941716779026 1.2474318763617507 -0.392478070993726 
-0.7025941716779026 1.2474318763617507 -0.392478070993726 
-0.7025941716779026 1.2474318763617507 -0.392478070993726 
-0.7033331017239546 1.250844203062459 -0.394489832371404 
-0.7033331017239546 1.250844203062459 -0.394489832371404 
-0.7033331017239546 1.250844203062459 -0.394489832371404 
-0.7035560230347186 1.2518740907548658 -0.39510208526555557 
-0.7035560230347186 1.2518740907548658 -0.39510208526555557 
-0.7035560230347185 1.2518740907548658 -0.39510208526555524 
-0.7039348696696558 1.2536227287258168 -0.39612349186201434 
-0.7039348696696558 1.2536227287258168 -0.39612349186201434 
-0.7039348696696558 1.2536227287258168 -0.39612349186201434 
-0.7046261877237676 1.2568155228522415 -0.3980095946952217 
-0.7046261877237676 1.2568155228522415 -0.3980095946952217 
-0.7046261877237676 1.2568155228522415 -0.3980095946952217 
-0.7046261877237676 1.2568155228522415 -0.3980095946952217 
-0.7046261877237676 1.2568155228522415 -0.3980095946952217 
-0.7053028220224268 1.2599408457126127 -0.39985969946788613 
-0.7053028220224268 1.2599408457126127 -0.39985969946788613 
-0.7056518832854964 1.2615529557159062 -0.4008120331055264 
-0.7056518832854964 1.2615529557159062 -0.4008120331055264 
-0.7062429050565581 1.2642818510780351 -0.40241637412208064 
-0.7062429050565578 1.2642818510780351 -0.40241637412208064 
-0.7068741556804137 1.2671982621041546 -0.40415078634200097 
-0.7068741556804137 1.2671982621041546 -0.40415078634200097 
-0.7070608453637206 1.268060128240843 -0.4046560631461339 
-0.7071731742976485 1.2685789099482485 -0.4049625268921221 
-0.7071731742976485 1.2685789099482485 -0.4049625268921221 
-0.7071731742976485 1.2685789099482485 -0.4049625268921221 
-0.7077078641449439 1.2710486743317402 -0.4064253687685221 
-0.7077078641449439 1.2710486743317402 -0.4064253687685221 
-0.7077078641449439 1.2710486743317402 -0.4064253687685221 
-0.7083962968002664 1.274227453647091 -0.4082954730523555 
-0.7083962968002664 1.274227453647091 -0.4082954730523555 
-0.7083962968002664 1.274227453647091 -0.4082954730523555 
-0.7083962968002664 1.274227453647091 -0.4082954730523555 
-0.7090755636959256 1.277364934934671 -0.41015276026243896 
-0.7090755636959256 1.277364934934671 -0.41015276026243896 
-0.7090755636959256 1.277364934934671 -0.41015276026243896 
-0.7097596594170476 1.2805247177453825 -0.41202322181584006 
-0.7097596594170476 1.2805247177453825 -0.41202322181584006 
-0.7097596594170476 1.2805247177453825 -0.41202322181584006 
-0.7097596594170476 1.2805247177453825 -0.41202322181584006 
-0.7097596594170476 1.2805247177453825 -0.41202322181584006 
-0.7097596594170476 1.2805247177453825 -0.41202322181584006 
-0.7103136316728431 1.283083191886172 -0.41353460812342957 
-0.7103136316728431 1.283083191886172 -0.41353460812342957 
-0.7105402377626306 1.284129064159538 -0.4141447244921136 
-0.7105402377626306 1.284129064159538 -0.4141447244921136 
-0.7112141702948573 1.2872407111566886 -0.4159733252444625 
-0.7112141702948573 1.2872407111566886 -0.4159733252444625 
-0.7115204852097732 1.2886559098990051 -0.4168150417400499 
-0.7115204852097732 1.2886559098990051 -0.4168150417400499 
-0.7115204852097732 1.2886559098990051 -0.4168150417400499 
-0.7121543314154787 1.2915836195608628 -0.4185484090098134 
-0.7121543314154787 1.2915836195608628 -0.4185484090098134 
-0.7121543314154787 1.2915836195608628 -0.4185484090098134 
-0.7121543314154787 1.2915836195608628 -0.4185484090098134 
-0.7121543314154787 1.2915836195608628 -0.4185484090098134 
-0.7121543314154787 1.2915836195608628 -0.4185484090098134 
-0.7126903536712199 1.2940598819804454 -0.4200189492573291 
-0.7126903536712199 1.2940598819804454 -0.4200189492573291 
-0.7130654881025008 1.2957917198719617 -0.42103429115720803 
-0.7130654881025008 1.2957917198719617 -0.42103429115720803 
-0.713669282422233 1.298580637433059 -0.422685668745174 
-0.713669282422233 1.298580637433059 -0.422685668745174 
-0.713669282422233 1.298580637433059 -0.422685668745174 
-0.7142969954921224 1.3014800217244251 -0.4244023031598204 
-0.7142969954921224 1.3014800217244251 -0.4244023031598204 
-0.7142969954921224 1.3014800217244251 -0.4244023031598204 
-0.7149082279314838 1.3043029471936298 -0.42606991075197065 
-0.7149082279314838 1.3043029471936298 -0.42606991075197065 
-0.7155517365833736 1.307275282048248 -0.42782963979113287 
-0.7155517365833736 1.307275282048248 -0.42782963979113287 
-0.7155517365833736 1.307275282048248 -0.42782963979113287 
-0.7160657142805895 1.3096476670131767 -0.42921565731352385 
-0.7160657142805895 1.3096476670131767 -0.42921565731352385 
-0.7163070822779289 1.3107630935917798 -0.42988230096339863 
-0.7163070822779289 1.3107630935917798 -0.42988230096339863 
-0.7169521302078459 1.3137425374721434 -0.43164622956979526 
-0.7169521302078459 1.3137425374721434 -0.43164622956979526 
-0.7169521302078459 1.3137425374721434 -0.43164622956979526 
-0.7169521302078459 1.3137425374721434 -0.43164622956979526 
-0.7174795374041678 1.316177978706218 -0.43308107600226087 
-0.7174795374041678 1.316177978706218 -0.43308107600226087 
-0.7174795374041678 1.316177978706218 -0.43308107600226087 
-0.7181350972145102 1.3192056263996812 -0.4348696206645467 
-0.7181350972145102 1.3192056263996812 -0.4348696206645467 
-0.7181350972145102 1.3192056263996812 -0.4348696206645467 
-0.7185688105254865 1.3212080059064664 -0.43604478160907834 
-0.7185688105254865 1.3212080059064664 -0.43604478160907834 
-0.7185688105254865 1.3212080059064664 -0.43604478160907834 
-0.7185688105254865 1.3212080059064664 -0.43604478160907834 
-0.7190027903505684 1.3232126495463534 -0.43723285927658884 
-0.7190027903505682 1.3232126495463534 -0.4372328592765885 
-0.7190027903505682 1.3232126495463534 -0.4372328592765885 
-0.7190027903505682 1.3232126495463534 -0.4372328592765885 
-0.719884119855314 1.3272833399518265 -0.43964142799482364 
-0.719884119855314 1.3272833399518265 -0.43964142799482364 
-0.7198841198553138 1.3272833399518265 -0.43964142799482364 
-0.7202476490871969 1.3289619246287796 -0.4406291709686282 
-0.7208303504110374 1.3316527371272338 -0.4422148747524276 
-0.7208303504110374 1.3316527371272338 -0.4422148747524276 
-0.7208303504110374 1.3316527371272338 -0.4422148747524276 
-0.7208303504110374 1.3316527371272338 -0.4422148747524276 
-0.7213317303713558 1.3339696958672962 -0.4435990278384906 
-0.7213317303713558 1.3339696958672962 -0.4435990278384906 
-0.7213317303713558 1.3339696958672962 -0.4435990278384906 
-0.7219837293248985 1.3369798647837727 -0.44536566791895094 
-0.7219837293248985 1.3369798647837727 -0.44536566791895094 
-0.7219837293248985 1.3369798647837727 -0.44536566791895094 
-0.7219837293248985 1.3369798647837727 -0.44536566791895094 
-0.7226112033053148 1.3398778004405114 -0.4470775868326665 
-0.7226112033053148 1.3398778004405114 -0.4470775868326665 
-0.7230116163198311 1.3417274185968626 -0.4481740851523893 
-0.7230116163198311 1.3417274185968626 -0.4481740851523893 
-0.7230116163198311 1.3417274185968626 -0.4481740851523893 
-0.7234968560975532 1.343967259601818 -0.44948381777980206 
-0.7238617450969058 1.3456529778129052 -0.45048534023727804 
-0.7238617450969058 1.3456529778129052 -0.45048534023727804 
-0.724408527239603 1.3481792782829547 -0.45198929956987366 
-0.724408527239603 1.3481792782829547 -0.45198929956987366 
-0.724408527239603 1.3481792782829547 -0.45198929956987366 
-0.724408527239603 1.3481792782829547 -0.45198929956987366 
-0.7247964342195543 1.3499711383734398 -0.45305167804116364 
-0.7247964342195543 1.3499711383734398 -0.45305167804116364 
-0.7247964342195543 1.3499711383734398 -0.45305167804116364 
-0.7247964342195543 1.3499711383734398 -0.45305167804116364 
-0.7247964342195543 1.3499711383734398 -0.45305167804116364 
-0.7256399010200091 1.3538643874094596 -0.4553265613799661 
-0.7256399010200091 1.3538643874094596 -0.4553265613799661 
-0.7256399010200091 1.3538643874094596 -0.4553265613799661 
-0.7256399010200091 1.3538643874094596 -0.4553265613799661 
-0.7262522870307184 1.3566934941134003 -0.45700738589693757 
-0.7262522870307184 1.3566934941134003 -0.45700738589693757 
-0.7262522870307184 1.3566934941134003 -0.45700738589693757 
-0.7262522870307184 1.3566934941134003 -0.45700738589693757 
-0.7262522870307184 1.3566934941134003 -0.45700738589693757 
-0.7269483054639312 1.359909711157182 -0.4589265403071342 
-0.7275893188822403 1.3628691517931064 -0.4606632972034653 
-0.727953959940671 1.3645532157672584 -0.46165813674124323 
-0.727953959940671 1.3645532157672584 -0.46165813674124323 
-0.7282413548509328 1.3658801805010534 -0.4624381646715018 
-0.7282413548509328 1.3658801805010534 -0.4624381646715018 
-0.7282413548509328 1.3658801805010534 -0.4624381646715018 
-0.7286667429194292 1.367844454997666 -0.4635946753005137 
-0.7286667429194292 1.367844454997666 -0.4635946753005137 
-0.7286667429194292 1.367844454997666 -0.4635946753005137 
-0.7286667429194292 1.367844454997666 -0.4635946753005137 
-0.7296450606522147 1.3723634217743133 -0.46627191736553064 
-0.7296450606522147 1.3723634217743133 -0.46627191736553064 
-0.7296450606522147 1.3723634217743133 -0.46627191736553064 
-0.7296450606522147 1.3723634217743133 -0.46627191736553064 
-0.7296450606522147 1.3723634217743133 -0.46627191736553064 
-0.729960371537971 1.3738203473466495 -0.4671402972358166 
-0.729960371537971 1.3738203473466495 -0.4671402972358166 
-0.729960371537971 1.3738203473466495 -0.4671402972358166 
-0.729960371537971 1.3738203473466495 -0.4671402972358166 
-0.729960371537971 1.3738203473466495 -0.4671402972358166 
-0.7306733750986272 1.3771126053159486 -0.46907743760223075 
-0.7306733750986272 1.3771126053159486 -0.46907743760223075 
-0.7306733750986272 1.3771126053159486 -0.46907743760223075 
-0.7312644428018966 1.3798427460722882 -0.470694093534621 
-0.7312644428018966 1.3798427460722882 -0.470694093534621 
-0.7316380290380925 1.3815670893353198 -0.4717011483390058 
-0.7316380290380925 1.3815670893353198 -0.4717011483390058 
-0.7316380290380925 1.3815670893353198 -0.4717011483390058 
-0.7319072759957761 1.382811616960994 -0.47244791654133167 
-0.7319072759957761 1.382811616960994 -0.47244791654133167 
-0.7319072759957761 1.382811616960994 -0.47244791654133167 
-0.7319072759957761 1.382811616960994 -0.47244791654133167 
-0.7326817301226007 1.3863880236073973 -0.4745567738907486 
-0.7326817301226007 1.3863880236073973 -0.4745567738907486 
-0.7326817301226006 1.3863880236073973 -0.47455677389074824 
-0.7326817301226006 1.3863880236073973 -0.47455677389074824 
-0.7332740980144243 1.3891238247548547 -0.4761729138894425 
-0.7332740980144243 1.3891238247548547 -0.4761729138894425 
-0.7332740980144243 1.3891238247548547 -0.4761729138894425 
-0.7332740980144243 1.3891238247548547 -0.4761729138894425 
-0.7332740980144243 1.3891238247548547 -0.4761729138894425 
-0.7339389795210329 1.3921926445807709 -0.4779647197233464 
-0.7339389795210329 1.3921926445807709 -0.4779647197233464 
-0.7341189801050738 1.3930254970122156 -0.47847391779328063 
-0.7341189801050738 1.3930254970122156 -0.4784739177932803 
