-0.5509799317208619 0.9852396595140226 -0.2789389170394291 
-0.5509783635196834 0.9852317280690217 -0.2789265121617831 
-0.5509783635196834 0.9852317280690217 -0.2789265121617831 
-0.5509783635196834 0.9852317280690217 -0.2789265121617831 
-0.5513057132405181 0.9867432207256157 -0.2798155476334666 
-0.5513057132405181 0.9867432207256157 -0.2798155476334666 
-0.5515157398786095 0.9877145887200178 -0.28040480996953665 
-0.5515157398786095 0.9877145887200178 -0.28040480996953665 
-0.5515157398786095 0.9877145887200178 -0.28040480996953665 
-0.5515157398786095 0.9877145887200178 -0.28040480996953665 
-0.5515157398786095 0.9877145887200178 -0.28040480996953665 
-0.5515157398786095 0.9877145887200178 -0.28040480996953665 
-0.5515157398786095 0.9877145887200178 -0.28040480996953665 
-0.5515157398786095 0.9877145887200178 -0.28040480996953665 
-0.5519727101940488 0.9898243787403955 -0.2816434223193208 
-0.5523562152006098 0.991595564267983 -0.2826897278152093 
-0.5523562152006098 0.991595564267983 -0.2826897278152093 
-0.5523562152006098 0.991595564267983 -0.2826897278152093 
-0.5523562152006098 0.991595564267983 -0.2826897278152093 
-0.5523562152006098 0.991595564267983 -0.2826897278152093 
-0.5523562152006098 0.991595564267983 -0.2826897278152093 
-0.5523562152006098 0.991595564267983 -0.2826897278152093 
-0.552893987725759 0.9940799101592068 -0.28416504327157344 
-0.552893987725759 0.9940799101592068 -0.28416504327157344 
-0.552893987725759 0.9940799101592068 -0.28416504327157344 
-0.552893987725759 0.9940799101592068 -0.28416504327157344 
-0.552893987725759 0.9940799101592068 -0.28416504327157344 
-0.552893987725759 0.9940799101592068 -0.28416504327157344 
-0.552893987725759 0.9940799101592068 -0.28416504327157344 
-0.552893987725759 0.9940799101592068 -0.28416504327157344 
-0.552893987725759 0.9940799101592068 -0.28416504327157344 
-0.5539580598165337 0.9989942373654919 -0.2870681200438492 
-0.5539580598165337 0.9989942373654919 -0.2870681200438492 
-0.5541157414041884 0.9997210987988002 -0.28748206530846065 
-0.5541157414041884 0.9997210987988002 -0.28748206530846065 
-0.5541157414041884 0.9997210987988002 -0.28748206530846065 
-0.5541157414041884 0.9997210987988002 -0.28748206530846065 
-0.5541157414041884 0.9997210987988002 -0.28748206530846065 
-0.5541157414041884 0.9997210987988002 -0.28748206530846065 
-0.5547087853534298 1.0024603666804826 -0.28910411297495253 
-0.5550749907168913 1.0041523441056064 -0.2901113467606299 
-0.5550749907168913 1.0041523441056064 -0.2901113467606299 
-0.5550749907168913 1.0041523441056064 -0.2901113467606299 
-0.5555392322945647 1.0062964046774692 -0.2913779234827837 
-0.5555392322945647 1.0062964046774692 -0.2913779234827837 
-0.5555392322945647 1.0062964046774692 -0.2913779234827837 
-0.5560826777588039 1.008806261719297 -0.2928605898527691 
-0.5560826777588039 1.008806261719297 -0.2928605898527691 
-0.5560826777588039 1.008806261719297 -0.2928605898527691 
-0.5560826777588039 1.008806261719297 -0.2928605898527691 
-0.5560826777588039 1.008806261719297 -0.2928605898527691 
-0.5566436416498188 1.0113963372975434 -0.2943829248340709 
-0.5566436416498188 1.0113963372975434 -0.2943829248340709 
-0.5566436416498188 1.0113963372975434 -0.2943829248340709 
-0.5566436416498188 1.0113963372975434 -0.2943829248340709 
-0.556981324814817 1.0129565873546567 -0.2953123423396572 
-0.556981324814817 1.0129565873546567 -0.2953123423396572 
-0.556981324814817 1.0129565873546567 -0.2953123423396572 
-0.556981324814817 1.0129565873546567 -0.2953123423396572 
-0.556981324814817 1.0129565873546567 -0.2953123423396572 
-0.5574863746430282 1.0152891173898166 -0.29669025501853774 
-0.5574863746430282 1.0152891173898166 -0.29669025501853774 
-0.5578661173178737 1.0170422380655726 -0.2977181694545913 
-0.5578661173178737 1.0170422380655726 -0.2977181694545913 
-0.5578661173178737 1.0170422380655726 -0.2977181694545913 
-0.5578661173178737 1.0170422380655726 -0.2977181694545913 
-0.5578661173178737 1.0170422380655726 -0.2977181694545913 
-0.5587526821943575 1.0211364187537388 -0.30013289528423526 
-0.5587526821943575 1.0211364187537388 -0.30013289528423526 
-0.5594104322390892 1.0241741818600028 -0.3019274154989643 
-0.5594104322390892 1.0241741818600028 -0.3019274154989643 
-0.5594104322390892 1.0241741818600028 -0.3019274154989643 
-0.5597753374139963 1.0258604988940085 -0.3029351652183384 
-0.5597753374139963 1.0258604988940085 -0.3029351652183384 
-0.5597753374139963 1.0258604988940085 -0.3029351652183384 
-0.5597753374139963 1.0258604988940085 -0.3029351652183384 
-0.5605493342670792 1.0294344492401424 -0.30503871180106357 
-0.5605493342670792 1.0294344492401424 -0.30503871180106357 
-0.5609269326397432 1.0311786998973087 -0.3060729656005099 
-0.5609269326397432 1.0311786998973087 -0.3060729656005099 
-0.5609269326397432 1.0311786998973087 -0.3060729656005099 
-0.5609269326397432 1.0311786998973087 -0.3060729656005099 
-0.5615017176650084 1.033832607218401 -0.30763300837826335 
-0.5615017176650084 1.033832607218401 -0.30763300837826335 
-0.5615017176650084 1.033832607218401 -0.30763300837826335 
-0.5615017176650084 1.033832607218401 -0.30763300837826335 
-0.5615017176650084 1.033832607218401 -0.30763300837826335 
-0.5621057486765844 1.036622962340877 -0.30928909492577805 
-0.562752747751418 1.0396110729994141 -0.31105428358368703 
-0.562752747751418 1.0396110729994141 -0.31105428358368703 
-0.562752747751418 1.0396110729994141 -0.31105428358368703 
-0.562752747751418 1.0396110729994141 -0.31105428358368703 
-0.562752747751418 1.0396110729994141 -0.31105428358368703 
-0.5632119130965053 1.0417310005790905 -0.31229888456867816 
-0.5632119130965053 1.0417310005790905 -0.31229888456867816 
-0.5632119130965053 1.0417310005790905 -0.31229888456867816 
-0.5638058823085098 1.04447557496899 -0.31393564620284886 
-0.5638058823085098 1.04447557496899 -0.31393564620284886 
-0.5642654691110035 1.0465971045940903 -0.31517733383764635 
-0.5642654691110035 1.0465971045940903 -0.31517733383764635 
-0.5642654691110035 1.0465971045940903 -0.31517733383764635 
-0.5642654691110035 1.0465971045940903 -0.31517733383764635 
-0.5642654691110035 1.0465971045940903 -0.31517733383764635 
-0.5644833458096652 1.0476036941709708 -0.3157758236641022 
-0.5644833458096652 1.0476036941709708 -0.3157758236641022 
-0.5647433464579574 1.0488048296564414 -0.3164892390306483 
-0.5647433464579572 1.0488048296564414 -0.31648923903064796 
-0.5647433464579572 1.0488048296564414 -0.31648923903064796 
-0.5647433464579572 1.0488048296564414 -0.31648923903064796 
-0.5647433464579572 1.0488048296564414 -0.31648923903064796 
-0.5657159316071285 1.053296632139036 -0.31914271465518407 
-0.5657159316071285 1.053296632139036 -0.31914271465518407 
-0.5657159316071285 1.053296632139036 -0.31914271465518407 
-0.5662169991211337 1.0556100813517852 -0.32050163610243265 
-0.5662169991211337 1.0556100813517852 -0.32050163610243265 
-0.5662169991211337 1.0556100813517852 -0.32050163610243265 
-0.5662169991211337 1.0556100813517852 -0.32050163610243265 
-0.5662169991211337 1.0556100813517852 -0.32050163610243265 
-0.566963604109876 1.059058213522843 -0.3225385766628276 
-0.566963604109876 1.059058213522843 -0.3225385766628276 
-0.566963604109876 1.059058213522843 -0.3225385766628276 
-0.5679157681247218 1.0634553582988342 -0.325132274703576 
-0.5679157681247218 1.0634553582988342 -0.325132274703576 
-0.5679157681247218 1.0634553582988342 -0.325132274703576 
-0.5683986119972874 1.065684478437959 -0.3264395338531181 
-0.5683986119972874 1.065684478437959 -0.3264395338531181 
-0.5686580039593724 1.0668836563202793 -0.3271613582287263 
-0.5686580039593724 1.0668836563202793 -0.3271613582287263 
-0.5686580039593724 1.0668836563202793 -0.3271613582287263 
-0.5686580039593724 1.0668836563202793 -0.3271613582287263 
-0.5693590070890425 1.0701218689914427 -0.3290820109706166 
-0.5693590070890425 1.0701218689914427 -0.3290820109706166 
-0.5698572238217787 1.07242215211134 -0.33043315471468515 
-0.570236137294128 1.0741724764454863 -0.3314709964621505 
-0.570236137294128 1.0741724764454863 -0.3314709964621505 
-0.570236137294128 1.0741724764454863 -0.3314709964621505 
-0.570236137294128 1.0741724764454863 -0.3314709964621505 
-0.5707324267101366 1.0764648916758124 -0.3328290715646818 
-0.5707324267101366 1.0764648916758124 -0.3328290715646818 
-0.5707324267101366 1.0764648916758124 -0.3328290715646818 
-0.5707324267101366 1.0764648916758124 -0.3328290715646818 
-0.5707324267101366 1.0764648916758124 -0.3328290715646818 
-0.5712734106306221 1.078962347025239 -0.33429283257648124 
-0.5712734106306221 1.078962347025239 -0.33429283257648124 
-0.5712734106306221 1.078962347025239 -0.33429283257648124 
-0.5719022492393756 1.0818676183630416 -0.33602066416612486 
-0.5725476828103637 1.0848478100339827 -0.33777345530544256 
-0.5730382014944022 1.0871123756425933 -0.3391016534187178 
-0.5730382014944022 1.0871123756425933 -0.3391016534187178 
-0.5730382014944022 1.0871123756425933 -0.3391016534187178 
-0.5731431196677248 1.0875977849399348 -0.33939796827307755 
-0.5731431196677248 1.0875977849399348 -0.33939796827307755 
-0.5731431196677248 1.0875977849399348 -0.33939796827307755 
-0.5734980893629137 1.089236838118586 -0.34036235851319596 
-0.5737201677588648 1.090263521720145 -0.34098043810773493 
-0.5737201677588648 1.090263521720145 -0.34098043810773493 
-0.5737201677588648 1.090263521720145 -0.34098043810773493 
-0.5737201677588648 1.090263521720145 -0.34098043810773504 
-0.5741028095448163 1.0920310649562126 -0.34202845170418605 
-0.5741028095448163 1.0920310649562126 -0.34202845170418605 
-0.5746183450276345 1.0944109888426212 -0.34342278248759905 
-0.5746183450276345 1.0944109888426212 -0.34342278248759905 
-0.5746183450276345 1.0944109888426212 -0.34342278248759905 
-0.5746183450276345 1.0944109888426212 -0.34342278248759917 
-0.574929463133159 1.0958482059930192 -0.3442756601180619 
-0.574929463133159 1.0958482059930192 -0.3442756601180619 
-0.574929463133159 1.0958482059930192 -0.3442756601180619 
-0.574929463133159 1.0958482059930192 -0.3442756601180619 
-0.5758241463825409 1.0999798807017038 -0.3467125350671063 
-0.5758241463825409 1.0999798807017038 -0.3467125350671063 
-0.5758241463825409 1.0999798807017038 -0.3467125350671063 
-0.5760551699562573 1.101046843592142 -0.3473428299282523 
-0.5760551699562573 1.101046843592142 -0.3473428299282523 
-0.5760551699562573 1.101046843592142 -0.3473428299282523 
-0.5760551699562573 1.101046843592142 -0.3473428299282523 
-0.576753930925257 1.1042736677731717 -0.349245175848408 
-0.576753930925257 1.1042736677731717 -0.349245175848408 
-0.5769551643318471 1.1052040805494547 -0.349806384667971 
-0.5769551643318471 1.1052040805494547 -0.349806384667971 
-0.5773436847276556 1.1069977403891558 -0.3508582471034716 
-0.5773436847276556 1.1069977403891558 -0.3508582471034716 
-0.5773436847276556 1.1069977403891558 -0.3508582471034716 
-0.5779130508144348 1.109627998480134 -0.3524197583502495 
-0.5779130508144348 1.109627998480134 -0.3524197583502495 
-0.5779130508144348 1.109627998480134 -0.3524197583502495 
-0.5779130508144348 1.109627998480134 -0.3524197583502495 
-0.5779130508144348 1.109627998480134 -0.3524197583502495 
-0.5779130508144348 1.109627998480134 -0.3524197583502495 
-0.5779130508144348 1.109627998480134 -0.3524197583502495 
-0.5788320843872525 1.1138721331038748 -0.354923067574732 
-0.5788320843872525 1.1138721331038748 -0.354923067574732 
-0.579198884658996 1.1155654803824788 -0.35591567163083104 
-0.579198884658996 1.1155654803824788 -0.35591567163083104 
-0.579198884658996 1.1155654803824788 -0.35591567163083104 
-0.579198884658996 1.1155654803824788 -0.35591567163083104 
-0.5798243805952183 1.1184542806089377 -0.3576221939044095 
-0.5798243805952183 1.1184542806089377 -0.3576221939044095 
-0.5798243805952183 1.1184542806089377 -0.3576221939044095 
-0.5798243805952183 1.1184542806089377 -0.3576221939044095 
-0.580521671521232 1.1216756932006662 -0.3595367819497193 
-0.580521671521232 1.1216756932006662 -0.3595367819497193 
-0.5812789952599814 1.1251726401744777 -0.36159483976212203 
-0.5812789952599814 1.1251726401744777 -0.36159483976212203 
-0.5817338039644785 1.1272731358171548 -0.3628356810522021 
-0.5817338039644785 1.1272731358171548 -0.3628356810522021 
-0.5817338039644785 1.1272731358171548 -0.3628356810522021 
-0.5821603593822476 1.1292441792981724 -0.3640116293265513 
-0.5821603593822476 1.1292441792981724 -0.3640116293265513 
-0.5821603593822476 1.1292441792981724 -0.3640116293265513 
-0.5821603593822476 1.1292441792981724 -0.3640116293265513 
-0.5827959332279872 1.132179179079694 -0.3657415836658796 
-0.5827959332279872 1.132179179079694 -0.3657415836658796 
-0.5827959332279872 1.132179179079694 -0.3657415836658796 
-0.5827959332279872 1.132179179079694 -0.3657415836658796 
-0.5835960563743771 1.1358741359280076 -0.3679204730508254 
-0.5835960563743771 1.1358741359280076 -0.3679204730508254 
-0.5841561898640811 1.13846140962802 -0.3694527320728479 
-0.5841561898640811 1.13846140962802 -0.3694527320728479 
-0.5845787182342511 1.1404121324290408 -0.37059737747042065 
-0.58523123170843 1.1434263997159873 -0.3723857373030498 
-0.58523123170843 1.1434263997159873 -0.3723857373030498 
-0.58523123170843 1.1434263997159873 -0.3723857373030498 
-0.58523123170843 1.1434263997159873 -0.3723857373030498 
-0.58523123170843 1.1434263997159873 -0.3723857373030498 
-0.58523123170843 1.1434263997159873 -0.3723857373030498 
-0.58523123170843 1.1434263997159873 -0.3723857373030498 
-0.5861366522153938 1.1476073191231606 -0.3748478431978902 
-0.5861366522153938 1.1476073191231606 -0.3748478431978902 
-0.5864236656063837 1.1489338995226204 -0.37564308304072325 
-0.5864236656063837 1.1489338995226204 -0.37564308304072325 
-0.5864236656063837 1.1489338995226204 -0.37564308304072325 
-0.5864236656063837 1.1489338995226204 -0.37564308304072325 
-0.5866151978274701 1.1498184749316782 -0.3761656347991983 
-0.5866151978274701 1.1498184749316782 -0.3761656347991983 
-0.5866151978274701 1.1498184749316782 -0.3761656347991983 
-0.5872344937904643 1.1526772634244502 -0.3778389890666535 
-0.5872344937904643 1.1526772634244502 -0.3778389890666535 
-0.5872344937904643 1.1526772634244502 -0.3778389890666535 
-0.588160798026109 1.1569556658313642 -0.38037026102815963 
-0.588160798026109 1.1569556658313642 -0.38037026102815963 
-0.588160798026109 1.1569556658313642 -0.38037026102815963 
-0.588160798026109 1.1569556658313642 -0.3803702610281593 
-0.5887411517746299 1.1596370139314476 -0.38196581279130604 
-0.5887411517746299 1.1596370139314476 -0.38196581279130604 
-0.5887411517746299 1.1596370139314476 -0.38196581279130604 
-0.5887411517746299 1.1596370139314476 -0.38196581279130604 
-0.5891048967931523 1.1613165952007949 -0.3829541444894894 
-0.5891048967931523 1.1613165952007949 -0.3829541444894894 
-0.5891048967931523 1.1613165952007949 -0.3829541444894894 
-0.5891048967931523 1.1613165952007949 -0.3829541444894894 
-0.5895778832724899 1.163500354523317 -0.38423645327093203 
-0.5895778832724899 1.163500354523317 -0.38423645327093203 
-0.5902540764073531 1.1666236399059042 -0.38608535442931113 
-0.5902540764073531 1.1666236399059042 -0.38608535442931113 
-0.5902540764073531 1.1666236399059042 -0.38608535442931113 
-0.5902540764073531 1.1666236399059042 -0.38608535442931113 
-0.5902540764073531 1.1666236399059042 -0.38608535442931113 
-0.5908573836310818 1.1694092745950073 -0.3877232134871561 
-0.5913284774112123 1.1715860147461805 -0.38902067447325506 
-0.5913284774112123 1.1715860147461805 -0.38902067447325506 
-0.5913284774112123 1.1715860147461805 -0.38902067447325506 
-0.5913284774112123 1.1715860147461805 -0.38902067447325506 
-0.591569119223075 1.1726967098181624 -0.3896690840920779 
-0.591569119223075 1.1726967098181624 -0.3896690840920779 
-0.591569119223075 1.1726967098181624 -0.3896690840920779 
-0.5925941716779024 1.1774318763617506 -0.3924780709937262 
-0.5925941716779024 1.1774318763617506 -0.3924780709937262 
-0.5925941716779024 1.1774318763617506 -0.3924780709937262 
-0.5925941716779024 1.1774318763617506 -0.3924780709937262 
-0.5933331017239544 1.1808442030624589 -0.3944898323714042 
-0.5933331017239544 1.1808442030624589 -0.3944898323714042 
-0.5933331017239544 1.1808442030624589 -0.3944898323714042 
-0.5935560230347184 1.1818740907548657 -0.395102085265556 
-0.5935560230347184 1.1818740907548657 -0.395102085265556 
-0.5935560230347183 1.1818740907548657 -0.3951020852655557 
-0.5939348696696555 1.183622728725817 -0.3961234918620148 
-0.5939348696696555 1.183622728725817 -0.3961234918620148 
-0.5939348696696555 1.183622728725817 -0.3961234918620148 
-0.5946261877237673 1.1868155228522415 -0.3980095946952219 
-0.5946261877237673 1.1868155228522415 -0.3980095946952219 
-0.5946261877237673 1.1868155228522415 -0.3980095946952219 
-0.5946261877237673 1.1868155228522415 -0.3980095946952219 
-0.5946261877237673 1.1868155228522415 -0.3980095946952219 
-0.5953028220224266 1.1899408457126124 -0.3998596994678866 
-0.5953028220224266 1.1899408457126124 -0.3998596994678866 
-0.5956518832854961 1.1915529557159064 -0.4008120331055266 
-0.5956518832854961 1.1915529557159064 -0.4008120331055266 
-0.5962429050565579 1.194281851078035 -0.40241637412208087 
-0.5962429050565576 1.194281851078035 -0.40241637412208087 
-0.5968741556804134 1.1971982621041546 -0.4041507863420012 
-0.5968741556804134 1.1971982621041546 -0.4041507863420012 
-0.5970608453637204 1.1980601282408432 -0.40465606314613434 
-0.5971731742976483 1.1985789099482484 -0.40496252689212275 
-0.5971731742976483 1.1985789099482484 -0.40496252689212275 
-0.5971731742976483 1.1985789099482484 -0.40496252689212275 
-0.5977078641449436 1.2010486743317401 -0.4064253687685221 
-0.5977078641449436 1.2010486743317401 -0.4064253687685221 
-0.5977078641449436 1.2010486743317401 -0.4064253687685221 
-0.598396296800266 1.2042274536470914 -0.4082954730523557 
-0.598396296800266 1.2042274536470914 -0.4082954730523557 
-0.598396296800266 1.2042274536470914 -0.4082954730523557 
-0.598396296800266 1.2042274536470914 -0.4082954730523557 
-0.5990755636959253 1.207364934934671 -0.4101527602624394 
-0.5990755636959253 1.207364934934671 -0.4101527602624394 
-0.5990755636959253 1.207364934934671 -0.4101527602624394 
-0.5997596594170473 1.2105247177453824 -0.41202322181584006 
-0.5997596594170473 1.2105247177453824 -0.41202322181584006 
-0.5997596594170473 1.2105247177453824 -0.41202322181584006 
-0.5997596594170473 1.2105247177453824 -0.41202322181584006 
-0.5997596594170473 1.2105247177453824 -0.41202322181584006 
-0.5997596594170473 1.2105247177453824 -0.41202322181584006 
-0.6003136316728428 1.213083191886172 -0.4135346081234298 
-0.6003136316728428 1.213083191886172 -0.4135346081234298 
-0.6005402377626304 1.214129064159538 -0.4141447244921136 
-0.6005402377626304 1.214129064159538 -0.4141447244921136 
-0.601214170294857 1.2172407111566885 -0.4159733252444625 
-0.601214170294857 1.2172407111566885 -0.4159733252444625 
-0.601520485209773 1.218655909899005 -0.41681504174005013 
-0.601520485209773 1.218655909899005 -0.41681504174005013 
-0.601520485209773 1.218655909899005 -0.41681504174005013 
-0.6021543314154785 1.221583619560863 -0.4185484090098138 
-0.6021543314154785 1.221583619560863 -0.4185484090098138 
-0.6021543314154785 1.221583619560863 -0.4185484090098138 
-0.6021543314154785 1.221583619560863 -0.4185484090098138 
-0.6021543314154785 1.221583619560863 -0.4185484090098138 
-0.6021543314154785 1.221583619560863 -0.4185484090098138 
-0.6026903536712196 1.2240598819804454 -0.4200189492573291 
-0.6026903536712196 1.2240598819804454 -0.4200189492573291 
-0.6030654881025006 1.2257917198719617 -0.42103429115720825 
-0.6030654881025006 1.2257917198719617 -0.42103429115720825 
-0.6036692824222326 1.2285806374330592 -0.422685668745174 
-0.6036692824222326 1.2285806374330592 -0.422685668745174 
-0.6036692824222326 1.2285806374330592 -0.422685668745174 
-0.6042969954921222 1.231480021724425 -0.4244023031598202 
-0.6042969954921222 1.231480021724425 -0.4244023031598202 
-0.6042969954921222 1.231480021724425 -0.4244023031598202 
-0.6049082279314836 1.2343029471936298 -0.42606991075197087 
-0.6049082279314836 1.2343029471936298 -0.42606991075197087 
-0.6055517365833734 1.2372752820482482 -0.4278296397911333 
-0.6055517365833734 1.2372752820482482 -0.4278296397911333 
-0.6055517365833734 1.2372752820482482 -0.4278296397911333 
-0.6060657142805893 1.2396476670131766 -0.42921565731352385 
-0.6060657142805893 1.2396476670131766 -0.42921565731352385 
-0.6063070822779286 1.24076309359178 -0.42988230096339863 
-0.6063070822779286 1.24076309359178 -0.42988230096339863 
-0.6069521302078459 1.2437425374721436 -0.4316462295697955 
-0.6069521302078459 1.2437425374721436 -0.4316462295697955 
-0.6069521302078459 1.2437425374721436 -0.4316462295697955 
-0.6069521302078459 1.2437425374721436 -0.4316462295697955 
-0.6074795374041676 1.246177978706218 -0.43308107600226087 
-0.6074795374041676 1.246177978706218 -0.43308107600226087 
-0.6074795374041676 1.246177978706218 -0.43308107600226087 
-0.6081350972145099 1.2492056263996811 -0.43486962066454693 
-0.6081350972145099 1.2492056263996811 -0.43486962066454693 
-0.6081350972145099 1.2492056263996811 -0.43486962066454693 
-0.6085688105254862 1.251208005906466 -0.4360447816090781 
-0.6085688105254862 1.251208005906466 -0.4360447816090781 
-0.6085688105254862 1.251208005906466 -0.4360447816090781 
-0.6085688105254862 1.251208005906466 -0.4360447816090781 
-0.609002790350568 1.2532126495463536 -0.4372328592765886 
-0.6090027903505679 1.2532126495463536 -0.4372328592765883 
-0.6090027903505679 1.2532126495463536 -0.4372328592765883 
-0.6090027903505679 1.2532126495463536 -0.4372328592765883 
-0.6098841198553138 1.2572833399518266 -0.43964142799482364 
-0.6098841198553138 1.2572833399518266 -0.43964142799482364 
-0.6098841198553135 1.2572833399518266 -0.43964142799482364 
-0.6102476490871968 1.2589619246287795 -0.44062917096862797 
-0.6108303504110372 1.261652737127234 -0.4422148747524276 
-0.6108303504110372 1.261652737127234 -0.4422148747524276 
-0.6108303504110372 1.261652737127234 -0.4422148747524276 
-0.6108303504110372 1.261652737127234 -0.4422148747524276 
-0.6113317303713555 1.2639696958672961 -0.4435990278384908 
-0.6113317303713555 1.2639696958672961 -0.4435990278384908 
-0.6113317303713555 1.2639696958672961 -0.4435990278384908 
-0.611983729324898 1.2669798647837727 -0.44536566791895094 
-0.611983729324898 1.2669798647837727 -0.44536566791895094 
-0.611983729324898 1.2669798647837727 -0.44536566791895094 
-0.611983729324898 1.2669798647837727 -0.44536566791895094 
-0.6126112033053145 1.2698778004405114 -0.44707758683266674 
-0.6126112033053145 1.2698778004405114 -0.44707758683266674 
-0.6130116163198309 1.2717274185968623 -0.4481740851523893 
-0.6130116163198309 1.2717274185968623 -0.4481740851523893 
-0.6130116163198309 1.2717274185968623 -0.4481740851523893 
-0.6134968560975531 1.273967259601818 -0.44948381777980206 
-0.6138617450969057 1.2756529778129053 -0.45048534023727826 
-0.6138617450969057 1.2756529778129053 -0.45048534023727826 
-0.6144085272396026 1.2781792782829549 -0.4519892995698739 
-0.6144085272396026 1.2781792782829549 -0.4519892995698739 
-0.6144085272396026 1.2781792782829549 -0.4519892995698739 
-0.6144085272396026 1.2781792782829549 -0.4519892995698739 
-0.6147964342195542 1.27997113837344 -0.45305167804116364 
-0.6147964342195542 1.27997113837344 -0.45305167804116364 
-0.6147964342195542 1.27997113837344 -0.45305167804116364 
-0.6147964342195542 1.27997113837344 -0.45305167804116364 
-0.6147964342195542 1.27997113837344 -0.45305167804116364 
-0.615639901020009 1.28386438740946 -0.45532656137996586 
-0.615639901020009 1.28386438740946 -0.45532656137996586 
-0.615639901020009 1.28386438740946 -0.45532656137996586 
-0.615639901020009 1.28386438740946 -0.45532656137996586 
-0.616252287030718 1.2866934941134003 -0.457007385896938 
-0.616252287030718 1.2866934941134003 -0.457007385896938 
-0.616252287030718 1.2866934941134003 -0.457007385896938 
-0.616252287030718 1.2866934941134003 -0.457007385896938 
-0.616252287030718 1.2866934941134003 -0.457007385896938 
-0.6169483054639311 1.289909711157182 -0.4589265403071342 
-0.6175893188822401 1.2928691517931061 -0.4606632972034653 
-0.6179539599406707 1.2945532157672583 -0.46165813674124323 
-0.6179539599406707 1.2945532157672583 -0.46165813674124323 
-0.6182413548509327 1.2958801805010538 -0.4624381646715018 
-0.6182413548509327 1.2958801805010538 -0.4624381646715018 
-0.6182413548509327 1.2958801805010538 -0.4624381646715018 
-0.6186667429194289 1.2978444549976662 -0.4635946753005139 
-0.6186667429194289 1.2978444549976662 -0.4635946753005139 
-0.6186667429194289 1.2978444549976662 -0.4635946753005139 
-0.6186667429194289 1.2978444549976662 -0.4635946753005139 
-0.6196450606522144 1.302363421774313 -0.4662719173655304 
-0.6196450606522144 1.302363421774313 -0.4662719173655304 
-0.6196450606522144 1.302363421774313 -0.4662719173655304 
-0.6196450606522144 1.302363421774313 -0.4662719173655304 
-0.6196450606522144 1.302363421774313 -0.4662719173655304 
-0.6199603715379708 1.3038203473466492 -0.46714029723581685 
-0.6199603715379708 1.3038203473466492 -0.46714029723581685 
-0.6199603715379708 1.3038203473466492 -0.46714029723581685 
-0.6199603715379708 1.3038203473466492 -0.46714029723581685 
-0.6199603715379708 1.3038203473466492 -0.46714029723581685 
-0.620673375098627 1.3071126053159485 -0.46907743760223053 
-0.620673375098627 1.3071126053159485 -0.46907743760223053 
-0.620673375098627 1.3071126053159485 -0.46907743760223053 
-0.6212644428018963 1.3098427460722881 -0.470694093534621 
-0.6212644428018963 1.3098427460722881 -0.470694093534621 
-0.6216380290380922 1.3115670893353197 -0.47170114833900556 
-0.6216380290380922 1.3115670893353197 -0.47170114833900556 
-0.6216380290380922 1.3115670893353197 -0.47170114833900556 
-0.6219072759957757 1.3128116169609936 -0.47244791654133167 
-0.6219072759957757 1.3128116169609936 -0.47244791654133167 
-0.6219072759957757 1.3128116169609936 -0.47244791654133167 
-0.6219072759957757 1.3128116169609936 -0.47244791654133167 
-0.6226817301226004 1.3163880236073975 -0.47455677389074835 
-0.6226817301226004 1.3163880236073975 -0.47455677389074835 
-0.6226817301226004 1.3163880236073975 -0.474556773890748 
-0.6226817301226004 1.3163880236073975 -0.474556773890748 
-0.623274098014424 1.319123824754855 -0.4761729138894423 
-0.623274098014424 1.319123824754855 -0.4761729138894423 
-0.623274098014424 1.319123824754855 -0.4761729138894423 
-0.623274098014424 1.319123824754855 -0.4761729138894423 
-0.623274098014424 1.319123824754855 -0.4761729138894423 
-0.6239389795210327 1.3221926445807708 -0.4779647197233462 
-0.6239389795210327 1.3221926445807708 -0.4779647197233462 
-0.6241189801050737 1.3230254970122155 -0.47847391779328063 
-0.6241189801050736 1.3230254970122155 -0.4784739177932803 
