-0.6609799317208622 0.9852396595140226 -0.2789389170394293 
-0.6609783635196838 0.9852317280690216 -0.2789265121617832 
-0.6609783635196838 0.9852317280690216 -0.2789265121617832 
-0.6609783635196838 0.9852317280690216 -0.2789265121617832 
-0.6613057132405182 0.9867432207256156 -0.27981554763346705 
-0.6613057132405182 0.9867432207256156 -0.27981554763346705 
-0.6615157398786097 0.9877145887200179 -0.2804048099695369 
-0.6615157398786097 0.9877145887200179 -0.2804048099695369 
-0.6615157398786097 0.9877145887200179 -0.2804048099695369 
-0.6615157398786097 0.9877145887200179 -0.2804048099695369 
-0.6615157398786097 0.9877145887200179 -0.2804048099695369 
-0.6615157398786097 0.9877145887200179 -0.2804048099695369 
-0.6615157398786097 0.9877145887200179 -0.2804048099695369 
-0.6615157398786097 0.9877145887200179 -0.2804048099695369 
-0.661972710194049 0.9898243787403956 -0.2816434223193207 
-0.6623562152006102 0.9915955642679828 -0.2826897278152094 
-0.6623562152006102 0.9915955642679828 -0.2826897278152094 
-0.6623562152006102 0.9915955642679828 -0.2826897278152094 
-0.6623562152006102 0.9915955642679828 -0.2826897278152094 
-0.6623562152006102 0.9915955642679828 -0.2826897278152094 
-0.6623562152006102 0.9915955642679828 -0.2826897278152094 
-0.6623562152006102 0.9915955642679828 -0.2826897278152094 
-0.6628939877257592 0.9940799101592069 -0.28416504327157366 
-0.6628939877257592 0.9940799101592069 -0.28416504327157366 
-0.6628939877257592 0.9940799101592069 -0.28416504327157366 
-0.6628939877257592 0.9940799101592069 -0.28416504327157366 
-0.6628939877257592 0.9940799101592069 -0.28416504327157366 
-0.6628939877257592 0.9940799101592069 -0.28416504327157366 
-0.6628939877257592 0.9940799101592069 -0.28416504327157366 
-0.6628939877257592 0.9940799101592069 -0.28416504327157366 
-0.6628939877257592 0.9940799101592069 -0.28416504327157366 
-0.6639580598165339 0.998994237365492 -0.2870681200438492 
-0.6639580598165339 0.998994237365492 -0.2870681200438492 
-0.6641157414041887 0.9997210987988001 -0.28748206530846065 
-0.6641157414041887 0.9997210987988001 -0.28748206530846065 
-0.6641157414041887 0.9997210987988001 -0.28748206530846065 
-0.6641157414041887 0.9997210987988001 -0.28748206530846065 
-0.6641157414041887 0.9997210987988001 -0.28748206530846065 
-0.6641157414041887 0.9997210987988001 -0.28748206530846065 
-0.6647087853534299 1.0024603666804826 -0.2891041129749524 
-0.6650749907168914 1.0041523441056066 -0.2901113467606302 
-0.6650749907168914 1.0041523441056066 -0.2901113467606302 
-0.6650749907168914 1.0041523441056066 -0.2901113467606302 
-0.6655392322945649 1.0062964046774694 -0.2913779234827836 
-0.6655392322945649 1.0062964046774694 -0.2913779234827836 
-0.6655392322945649 1.0062964046774694 -0.2913779234827836 
-0.6660826777588043 1.0088062617192972 -0.29286058985276897 
-0.6660826777588043 1.0088062617192972 -0.29286058985276897 
-0.6660826777588043 1.0088062617192972 -0.29286058985276897 
-0.6660826777588043 1.0088062617192972 -0.29286058985276897 
-0.6660826777588043 1.0088062617192972 -0.29286058985276897 
-0.6666436416498192 1.0113963372975434 -0.29438292483407114 
-0.6666436416498192 1.0113963372975434 -0.29438292483407114 
-0.6666436416498192 1.0113963372975434 -0.29438292483407114 
-0.6666436416498192 1.0113963372975434 -0.29438292483407114 
-0.6669813248148173 1.0129565873546567 -0.2953123423396573 
-0.6669813248148173 1.0129565873546567 -0.2953123423396573 
-0.6669813248148173 1.0129565873546567 -0.2953123423396573 
-0.6669813248148173 1.0129565873546567 -0.2953123423396573 
-0.6669813248148173 1.0129565873546567 -0.2953123423396573 
-0.6674863746430283 1.0152891173898164 -0.29669025501853785 
-0.6674863746430283 1.0152891173898164 -0.29669025501853785 
-0.6678661173178739 1.0170422380655728 -0.2977181694545916 
-0.6678661173178739 1.0170422380655728 -0.2977181694545916 
-0.6678661173178739 1.0170422380655728 -0.2977181694545916 
-0.6678661173178739 1.0170422380655728 -0.2977181694545916 
-0.6678661173178739 1.0170422380655728 -0.2977181694545916 
-0.6687526821943578 1.0211364187537388 -0.3001328952842356 
-0.6687526821943578 1.0211364187537388 -0.3001328952842356 
-0.6694104322390895 1.024174181860003 -0.30192741549896474 
-0.6694104322390895 1.024174181860003 -0.30192741549896474 
-0.6694104322390895 1.024174181860003 -0.30192741549896474 
-0.6697753374139965 1.0258604988940085 -0.3029351652183383 
-0.6697753374139965 1.0258604988940085 -0.3029351652183383 
-0.6697753374139965 1.0258604988940085 -0.3029351652183383 
-0.6697753374139965 1.0258604988940085 -0.3029351652183383 
-0.6705493342670794 1.0294344492401422 -0.30503871180106346 
-0.6705493342670794 1.0294344492401422 -0.30503871180106346 
-0.6709269326397435 1.0311786998973087 -0.3060729656005102 
-0.6709269326397435 1.0311786998973087 -0.3060729656005102 
-0.6709269326397435 1.0311786998973087 -0.3060729656005102 
-0.6709269326397435 1.0311786998973087 -0.3060729656005102 
-0.6715017176650087 1.0338326072184012 -0.30763300837826324 
-0.6715017176650087 1.0338326072184012 -0.30763300837826324 
-0.6715017176650087 1.0338326072184012 -0.30763300837826324 
-0.6715017176650087 1.0338326072184012 -0.30763300837826324 
-0.6715017176650087 1.0338326072184012 -0.30763300837826324 
-0.6721057486765846 1.036622962340877 -0.30928909492577816 
-0.6727527477514181 1.039611072999414 -0.31105428358368714 
-0.6727527477514181 1.039611072999414 -0.31105428358368714 
-0.6727527477514181 1.039611072999414 -0.31105428358368714 
-0.6727527477514181 1.039611072999414 -0.31105428358368714 
-0.6727527477514181 1.039611072999414 -0.31105428358368714 
-0.6732119130965055 1.0417310005790905 -0.31229888456867827 
-0.6732119130965055 1.0417310005790905 -0.31229888456867827 
-0.6732119130965055 1.0417310005790905 -0.31229888456867827 
-0.67380588230851 1.0444755749689902 -0.31393564620284875 
-0.67380588230851 1.0444755749689902 -0.31393564620284875 
-0.6742654691110036 1.04659710459409 -0.31517733383764635 
-0.6742654691110036 1.04659710459409 -0.31517733383764635 
-0.6742654691110036 1.04659710459409 -0.31517733383764635 
-0.6742654691110036 1.04659710459409 -0.31517733383764635 
-0.6742654691110036 1.04659710459409 -0.31517733383764635 
-0.6744833458096655 1.0476036941709712 -0.3157758236641023 
-0.6744833458096655 1.0476036941709712 -0.3157758236641023 
-0.6747433464579576 1.0488048296564414 -0.3164892390306484 
-0.6747433464579575 1.0488048296564414 -0.3164892390306481 
-0.6747433464579575 1.0488048296564414 -0.3164892390306481 
-0.6747433464579575 1.0488048296564414 -0.3164892390306481 
-0.6747433464579575 1.0488048296564414 -0.3164892390306481 
-0.6757159316071288 1.053296632139036 -0.3191427146551843 
-0.6757159316071288 1.053296632139036 -0.3191427146551843 
-0.6757159316071288 1.053296632139036 -0.3191427146551843 
-0.6762169991211338 1.055610081351785 -0.3205016361024329 
-0.6762169991211338 1.055610081351785 -0.3205016361024329 
-0.6762169991211338 1.055610081351785 -0.3205016361024329 
-0.6762169991211338 1.055610081351785 -0.3205016361024329 
-0.6762169991211338 1.055610081351785 -0.3205016361024329 
-0.6769636041098762 1.059058213522843 -0.3225385766628278 
-0.6769636041098762 1.059058213522843 -0.3225385766628278 
-0.6769636041098762 1.059058213522843 -0.3225385766628278 
-0.6779157681247221 1.0634553582988342 -0.32513227470357586 
-0.6779157681247221 1.0634553582988342 -0.32513227470357586 
-0.6779157681247221 1.0634553582988342 -0.32513227470357586 
-0.6783986119972877 1.065684478437959 -0.3264395338531182 
-0.6783986119972877 1.065684478437959 -0.3264395338531182 
-0.6786580039593726 1.0668836563202793 -0.3271613582287267 
-0.6786580039593726 1.0668836563202793 -0.3271613582287267 
-0.6786580039593726 1.0668836563202793 -0.3271613582287267 
-0.6786580039593726 1.0668836563202793 -0.3271613582287267 
-0.6793590070890426 1.0701218689914422 -0.3290820109706164 
-0.6793590070890426 1.0701218689914422 -0.3290820109706164 
-0.6798572238217789 1.07242215211134 -0.3304331547146854 
-0.6802361372941282 1.074172476445486 -0.3314709964621507 
-0.6802361372941282 1.074172476445486 -0.3314709964621507 
-0.6802361372941282 1.074172476445486 -0.3314709964621507 
-0.6802361372941282 1.074172476445486 -0.3314709964621507 
-0.6807324267101368 1.0764648916758122 -0.3328290715646819 
-0.6807324267101368 1.0764648916758122 -0.3328290715646819 
-0.6807324267101368 1.0764648916758122 -0.3328290715646819 
-0.6807324267101368 1.0764648916758122 -0.3328290715646819 
-0.6807324267101368 1.0764648916758122 -0.3328290715646819 
-0.6812734106306223 1.0789623470252387 -0.33429283257648124 
-0.6812734106306223 1.0789623470252387 -0.33429283257648124 
-0.6812734106306223 1.0789623470252387 -0.33429283257648124 
-0.6819022492393758 1.0818676183630416 -0.33602066416612497 
-0.682547682810364 1.0848478100339827 -0.33777345530544245 
-0.6830382014944025 1.0871123756425933 -0.3391016534187178 
-0.6830382014944025 1.0871123756425933 -0.3391016534187178 
-0.6830382014944025 1.0871123756425933 -0.3391016534187178 
-0.683143119667725 1.0875977849399345 -0.33939796827307767 
-0.683143119667725 1.0875977849399345 -0.33939796827307767 
-0.683143119667725 1.0875977849399345 -0.33939796827307767 
-0.6834980893629137 1.0892368381185857 -0.34036235851319585 
-0.6837201677588651 1.090263521720145 -0.3409804381077348 
-0.6837201677588651 1.090263521720145 -0.3409804381077348 
-0.6837201677588651 1.090263521720145 -0.3409804381077348 
-0.6837201677588651 1.090263521720145 -0.34098043810773493 
-0.6841028095448164 1.0920310649562126 -0.34202845170418616 
-0.6841028095448164 1.0920310649562126 -0.34202845170418616 
-0.6846183450276347 1.094410988842621 -0.34342278248759917 
-0.6846183450276347 1.094410988842621 -0.34342278248759917 
-0.6846183450276347 1.094410988842621 -0.34342278248759917 
-0.6846183450276347 1.094410988842621 -0.3434227824875993 
-0.6849294631331592 1.0958482059930192 -0.3442756601180621 
-0.6849294631331592 1.0958482059930192 -0.3442756601180621 
-0.6849294631331592 1.0958482059930192 -0.3442756601180621 
-0.6849294631331592 1.0958482059930192 -0.3442756601180621 
-0.6858241463825411 1.0999798807017036 -0.3467125350671064 
-0.6858241463825411 1.0999798807017036 -0.3467125350671064 
-0.6858241463825411 1.0999798807017036 -0.3467125350671064 
-0.6860551699562575 1.101046843592142 -0.3473428299282525 
-0.6860551699562575 1.101046843592142 -0.3473428299282525 
-0.6860551699562575 1.101046843592142 -0.3473428299282525 
-0.6860551699562575 1.101046843592142 -0.3473428299282525 
-0.6867539309252572 1.1042736677731717 -0.34924517584840853 
-0.6867539309252572 1.1042736677731717 -0.34924517584840853 
-0.6869551643318473 1.1052040805494547 -0.34980638466797154 
-0.6869551643318473 1.1052040805494547 -0.34980638466797154 
-0.6873436847276558 1.1069977403891558 -0.35085824710347113 
-0.6873436847276558 1.1069977403891558 -0.35085824710347113 
-0.6873436847276558 1.1069977403891558 -0.35085824710347113 
-0.687913050814435 1.1096279984801336 -0.35241975835024963 
-0.687913050814435 1.1096279984801336 -0.35241975835024963 
-0.687913050814435 1.1096279984801336 -0.35241975835024963 
-0.687913050814435 1.1096279984801336 -0.35241975835024963 
-0.687913050814435 1.1096279984801336 -0.35241975835024963 
-0.687913050814435 1.1096279984801336 -0.35241975835024963 
-0.687913050814435 1.1096279984801336 -0.35241975835024963 
-0.6888320843872527 1.1138721331038748 -0.354923067574732 
-0.6888320843872527 1.1138721331038748 -0.354923067574732 
-0.6891988846589961 1.115565480382479 -0.35591567163083127 
-0.6891988846589961 1.115565480382479 -0.35591567163083127 
-0.6891988846589961 1.115565480382479 -0.35591567163083127 
-0.6891988846589961 1.115565480382479 -0.35591567163083127 
-0.6898243805952186 1.1184542806089377 -0.35762219390440986 
-0.6898243805952186 1.1184542806089377 -0.35762219390440986 
-0.6898243805952186 1.1184542806089377 -0.35762219390440986 
-0.6898243805952186 1.1184542806089377 -0.35762219390440986 
-0.6905216715212322 1.1216756932006662 -0.3595367819497194 
-0.6905216715212322 1.1216756932006662 -0.3595367819497194 
-0.6912789952599814 1.1251726401744775 -0.36159483976212214 
-0.6912789952599814 1.1251726401744775 -0.36159483976212214 
-0.6917338039644788 1.1272731358171548 -0.3628356810522021 
-0.6917338039644788 1.1272731358171548 -0.3628356810522021 
-0.6917338039644788 1.1272731358171548 -0.3628356810522021 
-0.6921603593822478 1.1292441792981724 -0.3640116293265516 
-0.6921603593822478 1.1292441792981724 -0.3640116293265516 
-0.6921603593822478 1.1292441792981724 -0.3640116293265516 
-0.6921603593822478 1.1292441792981724 -0.3640116293265516 
-0.6927959332279874 1.1321791790796938 -0.36574158366587983 
-0.6927959332279874 1.1321791790796938 -0.36574158366587983 
-0.6927959332279874 1.1321791790796938 -0.36574158366587983 
-0.6927959332279874 1.1321791790796938 -0.36574158366587983 
-0.6935960563743773 1.1358741359280078 -0.36792047305082554 
-0.6935960563743773 1.1358741359280078 -0.36792047305082554 
-0.6941561898640812 1.13846140962802 -0.369452732072848 
-0.6941561898640812 1.13846140962802 -0.369452732072848 
-0.6945787182342512 1.1404121324290408 -0.37059737747042054 
-0.6952312317084302 1.1434263997159868 -0.37238573730305 
-0.6952312317084302 1.1434263997159868 -0.37238573730305 
-0.6952312317084302 1.1434263997159868 -0.37238573730305 
-0.6952312317084302 1.1434263997159868 -0.37238573730305 
-0.6952312317084302 1.1434263997159868 -0.37238573730305 
-0.6952312317084302 1.1434263997159868 -0.37238573730305 
-0.6952312317084302 1.1434263997159868 -0.37238573730305 
-0.696136652215394 1.1476073191231604 -0.37484784319789066 
-0.696136652215394 1.1476073191231604 -0.37484784319789066 
-0.696423665606384 1.1489338995226202 -0.3756430830407237 
-0.696423665606384 1.1489338995226202 -0.3756430830407237 
-0.696423665606384 1.1489338995226202 -0.3756430830407237 
-0.696423665606384 1.1489338995226202 -0.3756430830407237 
-0.6966151978274702 1.1498184749316782 -0.37616563479919807 
-0.6966151978274702 1.1498184749316782 -0.37616563479919807 
-0.6966151978274702 1.1498184749316782 -0.37616563479919807 
-0.6972344937904644 1.1526772634244504 -0.37783898906665325 
-0.6972344937904644 1.1526772634244504 -0.37783898906665325 
-0.6972344937904644 1.1526772634244504 -0.37783898906665325 
-0.6981607980261092 1.1569556658313642 -0.3803702610281601 
-0.6981607980261092 1.1569556658313642 -0.3803702610281601 
-0.6981607980261092 1.1569556658313642 -0.3803702610281601 
-0.6981607980261091 1.1569556658313642 -0.38037026102815974 
-0.6987411517746301 1.1596370139314476 -0.3819658127913067 
-0.6987411517746301 1.1596370139314476 -0.3819658127913067 
-0.6987411517746301 1.1596370139314476 -0.3819658127913067 
-0.6987411517746301 1.1596370139314476 -0.3819658127913067 
-0.6991048967931525 1.1613165952007947 -0.3829541444894894 
-0.6991048967931525 1.1613165952007947 -0.3829541444894894 
-0.6991048967931525 1.1613165952007947 -0.3829541444894894 
-0.6991048967931525 1.1613165952007947 -0.3829541444894894 
-0.6995778832724902 1.163500354523317 -0.38423645327093225 
-0.6995778832724902 1.163500354523317 -0.38423645327093225 
-0.7002540764073533 1.1666236399059042 -0.3860853544293116 
-0.7002540764073533 1.1666236399059042 -0.3860853544293116 
-0.7002540764073533 1.1666236399059042 -0.3860853544293116 
-0.7002540764073533 1.1666236399059042 -0.3860853544293116 
-0.7002540764073533 1.1666236399059042 -0.3860853544293116 
-0.700857383631082 1.1694092745950073 -0.38772321348715566 
-0.7013284774112125 1.17158601474618 -0.3890206744732553 
-0.7013284774112125 1.17158601474618 -0.3890206744732553 
-0.7013284774112125 1.17158601474618 -0.3890206744732553 
-0.7013284774112125 1.17158601474618 -0.3890206744732553 
-0.7015691192230751 1.1726967098181622 -0.3896690840920777 
-0.7015691192230751 1.1726967098181622 -0.3896690840920777 
-0.7015691192230751 1.1726967098181622 -0.3896690840920777 
-0.7025941716779026 1.1774318763617504 -0.3924780709937262 
-0.7025941716779026 1.1774318763617504 -0.3924780709937262 
-0.7025941716779026 1.1774318763617504 -0.3924780709937262 
-0.7025941716779026 1.1774318763617504 -0.3924780709937262 
-0.7033331017239546 1.1808442030624589 -0.3944898323714042 
-0.7033331017239546 1.1808442030624589 -0.3944898323714042 
-0.7033331017239546 1.1808442030624589 -0.3944898323714042 
-0.7035560230347185 1.1818740907548653 -0.3951020852655558 
-0.7035560230347185 1.1818740907548653 -0.3951020852655558 
-0.7035560230347184 1.1818740907548653 -0.39510208526555546 
-0.7039348696696557 1.1836227287258168 -0.39612349186201457 
-0.7039348696696557 1.1836227287258168 -0.39612349186201457 
-0.7039348696696557 1.1836227287258168 -0.39612349186201457 
-0.7046261877237675 1.1868155228522412 -0.3980095946952221 
-0.7046261877237675 1.1868155228522412 -0.3980095946952221 
-0.7046261877237675 1.1868155228522412 -0.3980095946952221 
-0.7046261877237675 1.1868155228522412 -0.3980095946952221 
-0.7046261877237675 1.1868155228522412 -0.3980095946952221 
-0.7053028220224268 1.1899408457126128 -0.39985969946788635 
-0.7053028220224268 1.1899408457126128 -0.39985969946788635 
-0.7056518832854963 1.1915529557159061 -0.4008120331055266 
-0.7056518832854963 1.1915529557159061 -0.4008120331055266 
-0.706242905056558 1.1942818510780349 -0.40241637412208064 
-0.7062429050565577 1.1942818510780349 -0.40241637412208064 
-0.7068741556804137 1.1971982621041546 -0.4041507863420012 
-0.7068741556804137 1.1971982621041546 -0.4041507863420012 
-0.7070608453637206 1.1980601282408432 -0.4046560631461339 
-0.7071731742976485 1.1985789099482482 -0.40496252689212253 
-0.7071731742976485 1.1985789099482482 -0.40496252689212253 
-0.7071731742976485 1.1985789099482482 -0.40496252689212253 
-0.7077078641449439 1.20104867433174 -0.4064253687685223 
-0.7077078641449439 1.20104867433174 -0.4064253687685223 
-0.7077078641449439 1.20104867433174 -0.4064253687685223 
-0.7083962968002664 1.204227453647091 -0.4082954730523555 
-0.7083962968002664 1.204227453647091 -0.4082954730523555 
-0.7083962968002664 1.204227453647091 -0.4082954730523555 
-0.7083962968002664 1.204227453647091 -0.4082954730523555 
-0.7090755636959255 1.2073649349346707 -0.41015276026243896 
-0.7090755636959255 1.2073649349346707 -0.41015276026243896 
-0.7090755636959255 1.2073649349346707 -0.41015276026243896 
-0.7097596594170474 1.2105247177453822 -0.4120232218158405 
-0.7097596594170474 1.2105247177453822 -0.4120232218158405 
-0.7097596594170474 1.2105247177453822 -0.4120232218158405 
-0.7097596594170474 1.2105247177453822 -0.4120232218158405 
-0.7097596594170474 1.2105247177453822 -0.4120232218158405 
-0.7097596594170474 1.2105247177453822 -0.4120232218158405 
-0.710313631672843 1.2130831918861718 -0.41353460812343 
-0.710313631672843 1.2130831918861718 -0.41353460812343 
-0.7105402377626306 1.214129064159538 -0.4141447244921136 
-0.7105402377626306 1.214129064159538 -0.4141447244921136 
-0.7112141702948571 1.217240711156688 -0.4159733252444625 
-0.7112141702948571 1.217240711156688 -0.4159733252444625 
-0.7115204852097731 1.218655909899005 -0.41681504174005013 
-0.7115204852097731 1.218655909899005 -0.41681504174005013 
-0.7115204852097731 1.218655909899005 -0.41681504174005013 
-0.7121543314154786 1.2215836195608627 -0.4185484090098136 
-0.7121543314154786 1.2215836195608627 -0.4185484090098136 
-0.7121543314154786 1.2215836195608627 -0.4185484090098136 
-0.7121543314154786 1.2215836195608627 -0.4185484090098136 
-0.7121543314154786 1.2215836195608627 -0.4185484090098136 
-0.7121543314154786 1.2215836195608627 -0.4185484090098136 
-0.7126903536712198 1.2240598819804451 -0.4200189492573293 
-0.7126903536712198 1.2240598819804451 -0.4200189492573293 
-0.7130654881025008 1.2257917198719617 -0.42103429115720825 
-0.7130654881025008 1.2257917198719617 -0.42103429115720825 
-0.7136692824222328 1.228580637433059 -0.42268566874517377 
-0.7136692824222328 1.228580637433059 -0.42268566874517377 
-0.7136692824222328 1.228580637433059 -0.42268566874517377 
-0.7142969954921223 1.231480021724425 -0.4244023031598202 
-0.7142969954921223 1.231480021724425 -0.4244023031598202 
-0.7142969954921223 1.231480021724425 -0.4244023031598202 
-0.7149082279314838 1.2343029471936298 -0.42606991075197087 
-0.7149082279314838 1.2343029471936298 -0.42606991075197087 
-0.7155517365833735 1.2372752820482482 -0.42782963979113353 
-0.7155517365833735 1.2372752820482482 -0.42782963979113353 
-0.7155517365833735 1.2372752820482482 -0.42782963979113353 
-0.7160657142805894 1.2396476670131764 -0.4292156573135236 
-0.7160657142805894 1.2396476670131764 -0.4292156573135236 
-0.7163070822779287 1.24076309359178 -0.42988230096339863 
-0.7163070822779287 1.24076309359178 -0.42988230096339863 
-0.716952130207846 1.2437425374721434 -0.43164622956979526 
-0.716952130207846 1.2437425374721434 -0.43164622956979526 
-0.716952130207846 1.2437425374721434 -0.43164622956979526 
-0.716952130207846 1.2437425374721434 -0.43164622956979526 
-0.7174795374041678 1.2461779787062177 -0.43308107600226087 
-0.7174795374041678 1.2461779787062177 -0.43308107600226087 
-0.7174795374041678 1.2461779787062177 -0.43308107600226087 
-0.7181350972145102 1.2492056263996811 -0.4348696206645474 
-0.7181350972145102 1.2492056263996811 -0.4348696206645474 
-0.7181350972145102 1.2492056263996811 -0.4348696206645474 
-0.7185688105254864 1.251208005906466 -0.4360447816090781 
-0.7185688105254864 1.251208005906466 -0.4360447816090781 
-0.7185688105254864 1.251208005906466 -0.4360447816090781 
-0.7185688105254864 1.251208005906466 -0.4360447816090781 
-0.7190027903505684 1.2532126495463534 -0.43723285927658884 
-0.7190027903505682 1.2532126495463534 -0.4372328592765885 
-0.7190027903505682 1.2532126495463534 -0.4372328592765885 
-0.7190027903505682 1.2532126495463534 -0.4372328592765885 
-0.7198841198553139 1.2572833399518264 -0.43964142799482386 
-0.7198841198553139 1.2572833399518264 -0.43964142799482386 
-0.7198841198553136 1.2572833399518264 -0.43964142799482386 
-0.7202476490871969 1.2589619246287795 -0.4406291709686284 
-0.7208303504110373 1.2616527371272335 -0.44221487475242716 
-0.7208303504110373 1.2616527371272335 -0.44221487475242716 
-0.7208303504110373 1.2616527371272335 -0.44221487475242716 
-0.7208303504110373 1.2616527371272335 -0.44221487475242716 
-0.7213317303713557 1.2639696958672961 -0.4435990278384906 
-0.7213317303713557 1.2639696958672961 -0.4435990278384906 
-0.7213317303713557 1.2639696958672961 -0.4435990278384906 
-0.7219837293248983 1.2669798647837724 -0.4453656679189505 
-0.7219837293248983 1.2669798647837724 -0.4453656679189505 
-0.7219837293248983 1.2669798647837724 -0.4453656679189505 
-0.7219837293248983 1.2669798647837724 -0.4453656679189505 
-0.7226112033053147 1.2698778004405114 -0.44707758683266674 
-0.7226112033053147 1.2698778004405114 -0.44707758683266674 
-0.7230116163198312 1.2717274185968623 -0.44817408515238955 
-0.7230116163198312 1.2717274185968623 -0.44817408515238955 
-0.7230116163198312 1.2717274185968623 -0.44817408515238955 
-0.7234968560975532 1.273967259601818 -0.44948381777980206 
-0.7238617450969058 1.2756529778129053 -0.45048534023727804 
-0.7238617450969058 1.2756529778129053 -0.45048534023727804 
-0.7244085272396027 1.2781792782829544 -0.4519892995698739 
-0.7244085272396027 1.2781792782829544 -0.4519892995698739 
-0.7244085272396027 1.2781792782829544 -0.4519892995698739 
-0.7244085272396027 1.2781792782829544 -0.4519892995698739 
-0.7247964342195543 1.2799711383734398 -0.4530516780411634 
-0.7247964342195543 1.2799711383734398 -0.4530516780411634 
-0.7247964342195543 1.2799711383734398 -0.4530516780411634 
-0.7247964342195543 1.2799711383734398 -0.4530516780411634 
-0.7247964342195543 1.2799711383734398 -0.4530516780411634 
-0.7256399010200092 1.2838643874094597 -0.4553265613799661 
-0.7256399010200092 1.2838643874094597 -0.4553265613799661 
-0.7256399010200092 1.2838643874094597 -0.4553265613799661 
-0.7256399010200092 1.2838643874094597 -0.4553265613799661 
-0.7262522870307183 1.2866934941134003 -0.45700738589693757 
-0.7262522870307183 1.2866934941134003 -0.45700738589693757 
-0.7262522870307183 1.2866934941134003 -0.45700738589693757 
-0.7262522870307183 1.2866934941134003 -0.45700738589693757 
-0.7262522870307183 1.2866934941134003 -0.45700738589693757 
-0.7269483054639312 1.2899097111571818 -0.458926540307134 
-0.7275893188822401 1.2928691517931061 -0.46066329720346577 
-0.7279539599406709 1.2945532157672581 -0.4616581367412428 
-0.7279539599406709 1.2945532157672581 -0.4616581367412428 
-0.7282413548509328 1.2958801805010534 -0.46243816467150134 
-0.7282413548509328 1.2958801805010534 -0.46243816467150134 
-0.7282413548509328 1.2958801805010534 -0.46243816467150134 
-0.7286667429194292 1.2978444549976658 -0.4635946753005139 
-0.7286667429194292 1.2978444549976658 -0.4635946753005139 
-0.7286667429194292 1.2978444549976658 -0.4635946753005139 
-0.7286667429194292 1.2978444549976658 -0.4635946753005139 
-0.7296450606522148 1.3023634217743127 -0.46627191736553086 
-0.7296450606522148 1.3023634217743127 -0.46627191736553086 
-0.7296450606522148 1.3023634217743127 -0.46627191736553086 
-0.7296450606522148 1.3023634217743127 -0.46627191736553086 
-0.7296450606522148 1.3023634217743127 -0.46627191736553086 
-0.729960371537971 1.303820347346649 -0.46714029723581685 
-0.729960371537971 1.303820347346649 -0.46714029723581685 
-0.729960371537971 1.303820347346649 -0.46714029723581685 
-0.729960371537971 1.303820347346649 -0.46714029723581685 
-0.729960371537971 1.303820347346649 -0.46714029723581685 
-0.7306733750986272 1.3071126053159488 -0.46907743760223075 
-0.7306733750986272 1.3071126053159488 -0.46907743760223075 
-0.7306733750986272 1.3071126053159488 -0.46907743760223075 
-0.7312644428018965 1.3098427460722883 -0.470694093534621 
-0.7312644428018965 1.3098427460722883 -0.470694093534621 
-0.7316380290380923 1.3115670893353197 -0.4717011483390051 
-0.7316380290380923 1.3115670893353197 -0.4717011483390051 
-0.7316380290380923 1.3115670893353197 -0.4717011483390051 
-0.731907275995776 1.3128116169609934 -0.47244791654133167 
-0.731907275995776 1.3128116169609934 -0.47244791654133167 
-0.731907275995776 1.3128116169609934 -0.47244791654133167 
-0.731907275995776 1.3128116169609934 -0.47244791654133167 
-0.7326817301226006 1.3163880236073975 -0.4745567738907486 
-0.7326817301226006 1.3163880236073975 -0.4745567738907486 
-0.7326817301226005 1.3163880236073975 -0.47455677389074824 
-0.7326817301226005 1.3163880236073975 -0.47455677389074824 
-0.7332740980144242 1.3191238247548547 -0.4761729138894425 
-0.7332740980144242 1.3191238247548547 -0.4761729138894425 
-0.7332740980144242 1.3191238247548547 -0.4761729138894425 
-0.7332740980144242 1.3191238247548547 -0.4761729138894425 
-0.7332740980144242 1.3191238247548547 -0.4761729138894425 
-0.7339389795210327 1.3221926445807708 -0.477964719723346 
-0.7339389795210327 1.3221926445807708 -0.477964719723346 
-0.7341189801050738 1.3230254970122153 -0.47847391779328063 
-0.7341189801050737 1.3230254970122153 -0.4784739177932803 
