-0.7047483886368214 1.21222491446988 -0.4895393502611205 
-0.7047435937541278 1.2122036810296128 -0.48953637072419043 
-0.7047435937541278 1.2122036810296128 -0.48953637072419043 
-0.7047435937541278 1.2122036810296128 -0.48953637072419043 
-0.7047435937541278 1.2122036810296128 -0.48953637072419043 
-0.7047429163511204 1.212200217443521 -0.4895304646917451 
-0.7047429163511204 1.212200217443521 -0.4895304646917451 
-0.7047429163511204 1.212200217443521 -0.4895304646917451 
-0.7047429163511204 1.212200217443521 -0.4895304646917451 
-0.7047464591395632 1.2122168787353251 -0.48954416805149004 
-0.7047464591395632 1.2122168787353251 -0.48954416805149004 
-0.7047464591395632 1.2122168787353251 -0.48954416805149004 
-0.7047464591395632 1.2122168787353251 -0.48954416805149004 
-0.7047413453655752 1.212192473800638 -0.4895201840119705 
-0.7047413453655752 1.212192473800638 -0.4895201840119705 
-0.7047442059433168 1.2122056493625484 -0.48952796825650613 
-0.7047442059433168 1.2122056493625484 -0.48952796825650613 
-0.704746407867024 1.2122157912236498 -0.4895339601623834 
-0.704746407867024 1.2122157912236498 -0.4895339601623834 
-0.7047416177920239 1.2121945799271838 -0.48953099370821707 
-0.7047416177920239 1.2121945799271838 -0.48953099370821707 
-0.7047416177920239 1.2121945799271838 -0.48953099370821707 
-0.7047416177920239 1.2121945799271838 -0.48953099370821707 
-0.7047416177920239 1.2121945799271838 -0.48953099370821707 
-0.7047446295021629 1.2122072567070068 -0.48952505817699987 
-0.7047446295021629 1.2122072567070068 -0.48952505817699987 
-0.7047446295021627 1.2122072567070068 -0.48952505817699954 
-0.7047442059433168 1.2122056493625484 -0.48952796825650613 
-0.7047442059433168 1.2122056493625484 -0.48952796825650613 
-0.7047442059433168 1.2122056493625484 -0.48952796825650613 
-0.7047442059433168 1.2122056493625484 -0.48952796825650613 
-0.7047431562540025 1.2122016659436734 -0.48953518019267284 
-0.7047431562540025 1.2122016659436734 -0.48953518019267284 
-0.7047431562540025 1.2122016659436734 -0.48953518019267284 
-0.7047431562540025 1.2122016659436734 -0.48953518019267284 
-0.7047431562540025 1.2122016659436734 -0.48953518019267284 
-0.704746407867024 1.2122157912236498 -0.4895339601623834 
-0.704746407867024 1.2122157912236498 -0.4895339601623834 
-0.704746407867024 1.2122157912236498 -0.4895339601623834 
-0.704746407867024 1.2122157912236498 -0.4895339601623834 
-0.7047464078670238 1.2122157912236498 -0.48953396016238304 
-0.7047464078670238 1.2122157912236498 -0.48953396016238304 
-0.7047508020990506 1.2122360306582485 -0.48954591780861123 
-0.7047508020990506 1.2122360306582485 -0.48954591780861123 
-0.7047508020990506 1.2122360306582485 -0.48954591780861123 
-0.7047508020990506 1.2122360306582485 -0.48954591780861123 
-0.7047508020990506 1.2122360306582485 -0.48954591780861123 
-0.7047508020990506 1.2122360306582485 -0.48954591780861123 
-0.7047488261369467 1.2122269295558195 -0.4895405407926381 
-0.7047488261369467 1.2122269295558195 -0.4895405407926381 
-0.7047488261369467 1.2122269295558195 -0.4895405407926381 
-0.7047488261369467 1.2122269295558195 -0.4895405407926381 
-0.704746389118051 1.212215361338367 -0.489529846468596 
-0.704746389118051 1.212215361338367 -0.489529846468596 
-0.7047453394287368 1.2122113779194923 -0.48953705840476336 
-0.7047453394287368 1.2122113779194923 -0.48953705840476336 
-0.7047453394287368 1.2122113779194923 -0.48953705840476336 
-0.7047453394287368 1.2122113779194923 -0.48953705840476336 
-0.7047453394287368 1.2122113779194923 -0.48953705840476336 
-0.7047459328689532 1.2122129163671453 -0.48952454224329167 
-0.7047459328689532 1.2122129163671453 -0.48952454224329167 
-0.7047459328689532 1.2122129163671453 -0.48952454224329167 
-0.7033258591710828 1.212992709561326 -0.48955278707731986 
-0.7033258591710828 1.212992709561326 -0.48955278707731986 
-0.7029973946712756 1.2131736054464548 -0.4895557533736372 
-0.7029973946712756 1.2131736054464548 -0.4895557533736372 
-0.703988664607547 1.2126477127699833 -0.4895576033767324 
-0.7047488726017922 1.2122279949236934 -0.4895507355989799 
-0.7047488726017922 1.2122279949236934 -0.4895507355989799 
-0.7047488726017922 1.2122279949236934 -0.4895507355989799 
-0.7047499222911064 1.2122319783425684 -0.4895435236628125 
-0.7047499222911064 1.2122319783425684 -0.4895435236628125 
-0.7047484351016671 1.2122259798377542 -0.48954954506746273 
-0.7047484351016671 1.2122259798377542 -0.48954954506746273 
-0.7047493149096112 1.2122300321534343 -0.48955193921326123 
-0.7047493149096112 1.2122300321534343 -0.48955193921326123 
-0.7047493149096112 1.2122300321534343 -0.48955193921326123 
-0.7047493149096112 1.2122300321534343 -0.48955193921326123 
-0.7047472549847161 1.2122190059125664 -0.4895281400033713 
-0.7047472549847161 1.2122190059125664 -0.4895281400033713 
-0.7047457817365559 1.2122134151492332 -0.4895382620190445 
-0.704746407867024 1.2122157912236498 -0.4895339601623834 
-0.704746407867024 1.2122157912236498 -0.4895339601623834 
-0.704746407867024 1.2122157912236498 -0.4895339601623834 
-0.704746407867024 1.2122157912236498 -0.4895339601623834 
-0.704746407867024 1.2122157912236498 -0.4895339601623834 
-0.7029942477258062 1.2131579160165173 -0.4895330588218314 
-0.7029942477258062 1.2131579160165173 -0.4895330588218314 
-0.7029942477258062 1.2131579160165173 -0.4895330588218314 
-0.7029942477258062 1.2131579160165173 -0.4895330588218314 
-0.7044725266233196 1.212387489258376 -0.4895472374696688 
-0.7047468826984093 1.2122184860797836 -0.48954125797198333 
-0.7047468826984093 1.2122184860797836 -0.48954125797198333 
-0.7047488586605132 1.2122275871822124 -0.4895466349879567 
-0.7047508020990506 1.2122360306582485 -0.48954591780861123 
-0.7047508020990506 1.2122360306582485 -0.48954591780861123 
-0.7047508020990506 1.2122360306582485 -0.48954591780861123 
-0.7047508020990506 1.2122360306582485 -0.48954591780861123 
-0.7047469385377414 1.212219766390299 -0.48955350962521904 
-0.7047424927922742 1.212198610099062 -0.48953337477125136 
-0.7047424927922742 1.212198610099062 -0.48953337477125136 
-0.7047424927922742 1.212198610099062 -0.48953337477125136 
-0.704744643443442 1.2122076644484878 -0.48952915878802283 
-0.704744643443442 1.2122076644484878 -0.48952915878802283 
-0.704744643443442 1.2122076644484878 -0.48952915878802283 
-0.7047457817365559 1.2122134151492332 -0.4895382620190445 
-0.7047457817365559 1.2122134151492332 -0.4895382620190445 
-0.7047457817365559 1.2122134151492332 -0.4895382620190445 
-0.7047496732546389 1.2122301442447363 -0.4895347206336256 
-0.7047496732546389 1.2122301442447363 -0.4895347206336256 
-0.7047496732546389 1.2122301442447363 -0.4895347206336256 
-0.7047496732546389 1.2122301442447363 -0.4895347206336256 
-0.7047494847909812 1.212229963256629 -0.4895423331312956 
-0.7047494847909812 1.212229963256629 -0.4895423331312956 
-0.7047494847909812 1.212229963256629 -0.4895423331312956 
-0.7047494847909812 1.212229963256629 -0.4895423331312956 
-0.7047473389475072 1.212220931051005 -0.48954656219728787 
-0.7047473389475072 1.212220931051005 -0.48954656219728787 
-0.7047455232513862 1.212211716764168 -0.48953155293382156 
-0.7047429163511204 1.212200217443521 -0.4895304646917451 
-0.7047440173129739 1.2122052883740715 -0.48953346064468417 
-0.7047440173129739 1.2122052883740715 -0.48953346064468417 
-0.7047440173129739 1.2122052883740715 -0.48953346064468417 
-0.7047435937541275 1.2122036810296128 -0.4895363707241901 
-0.7047435937541275 1.2122036810296128 -0.4895363707241901 
-0.7047435937541275 1.2122036810296128 -0.4895363707241901 
-0.7047435937541275 1.2122036810296128 -0.4895363707241901 
-0.7047488586605132 1.2122275871822124 -0.4895466349879567 
-0.7047488586605132 1.2122275871822124 -0.4895466349879567 
-0.7047445015188456 1.2122081981728463 -0.4895428153011776 
-0.7047445015188456 1.2122081981728463 -0.4895428153011776 
-0.704746389118051 1.212215361338367 -0.489529846468596 
-0.704746389118051 1.212215361338367 -0.489529846468596 
-0.7047464403905904 1.2122164488500429 -0.4895400543577024 
-0.7047464403905904 1.2122164488500429 -0.4895400543577024 
-0.7047464403905904 1.2122164488500429 -0.4895400543577024 
-0.7047492496957928 1.2122285369002779 -0.48953763071313183 
-0.7047492496957928 1.2122285369002779 -0.48953763071313183 
-0.7047464403905904 1.2122164488500429 -0.4895400543577024 
-0.7047464403905904 1.2122164488500429 -0.4895400543577024 
-0.7047426674813381 1.2121985633460588 -0.48952378177205014 
-0.7047426674813378 1.2121985633460588 -0.4895237817720498 
-0.7047413453655752 1.212192473800638 -0.4895201840119705 
-0.7047413453655752 1.212192473800638 -0.4895201840119705 
-0.704741345365575 1.212192473800638 -0.48952018401197017 
-0.704741345365575 1.212192473800638 -0.48952018401197017 
-0.7047469245964622 1.2122193586488177 -0.4895494090141961 
-0.7047488726017922 1.2122279949236934 -0.4895507355989799 
-0.7047488726017922 1.2122279949236934 -0.4895507355989799 
-0.7047488726017922 1.2122279949236934 -0.4895507355989799 
-0.7047442059433168 1.2122056493625484 -0.48952796825650613 
-0.7047442059433168 1.2122056493625484 -0.48952796825650613 
-0.7047440360619467 1.2122057182593535 -0.4895375743384711 
-0.7047440360619467 1.2122057182593535 -0.4895375743384711 
-0.7047455232513862 1.212211716764168 -0.48953155293382156 
-0.7047455232513862 1.212211716764168 -0.48953155293382156 
-0.7047455232513862 1.212211716764168 -0.48953155293382156 
-0.7047455232513862 1.212211716764168 -0.48953155293382156 
-0.7035799761597232 1.2128613584143415 -0.48954159089644 
-0.7035799761597232 1.2128613584143415 -0.48954159089644 
-0.702999310227255 1.213181233439529 -0.4895468349722447 
-0.702999310227255 1.213181233439529 -0.4895468349722447 
-0.7037311418266597 1.2127670810286588 -0.48953831448983065 
-0.704744643443442 1.2122076644484878 -0.48952915878802283 
-0.7047416177920239 1.2121945799271838 -0.48953099370821707 
-0.7047416177920239 1.2121945799271838 -0.48953099370821707 
-0.7047416177920239 1.2121945799271838 -0.48953099370821707 
-0.7047501947175553 1.2122340844691146 -0.4895543333590595 
-0.7047501947175553 1.2122340844691146 -0.4895543333590595 
-0.7047455232513862 1.212211716764168 -0.48953155293382156 
-0.7047455232513862 1.212211716764168 -0.48953155293382156 
-0.7047479463290026 1.2122228772401393 -0.48953814664683937 
-0.7047479463290024 1.2122228772401393 -0.48953814664683903 
-0.7047479463290024 1.2122228772401393 -0.48953814664683903 
-0.7047479463290024 1.2122228772401393 -0.48953814664683903 
-0.7047442059433165 1.2122056493625484 -0.4895279682565058 
-0.7047442059433165 1.2122056493625484 -0.4895279682565058 
-0.7047442059433165 1.2122056493625484 -0.4895279682565058 
-0.7047442059433165 1.2122056493625484 -0.4895279682565058 
-0.7047444735620719 1.212207733345293 -0.48953876486998826 
-0.7047444735620719 1.212207733345293 -0.48953876486998826 
-0.7047444735620719 1.212207733345293 -0.48953876486998826 
-0.7047444735620717 1.212207733345293 -0.48953876486998793 
-0.7047422251735193 1.2121965261163181 -0.4895225781577688 
-0.7047422251735193 1.2121965261163181 -0.4895225781577688 
-0.7047422251735193 1.2121965261163181 -0.4895225781577688 
-0.7047503319086734 1.2122331779455457 -0.4895365129722833 
-0.7047503319086734 1.2122331779455457 -0.4895365129722833 
-0.7047503319086734 1.2122331779455457 -0.4895365129722833 
-0.7047493149096112 1.2122300321534343 -0.48955193921326123 
-0.7047493149096112 1.2122300321534343 -0.48955193921326123 
-0.7047508813283637 1.2122375829974774 -0.48956017612890657 
-0.7047508813283637 1.2122375829974774 -0.48956017612890657 
-0.7047508813283637 1.2122375829974774 -0.48956017612890657 
-0.7047508813283637 1.2122375829974774 -0.48956017612890657 
-0.7047440360619467 1.2122057182593535 -0.4895375743384711 
-0.7047440360619467 1.2122057182593535 -0.4895375743384711 
-0.7047449158698907 1.2122097705750339 -0.48953996848426984 
-0.7047449158698907 1.2122097705750339 -0.48953996848426984 
-0.7047407379840798 1.2121905276115037 -0.4895285995624188 
-0.7047407379840798 1.2121905276115037 -0.4895285995624188 
-0.7047407379840798 1.2121905276115037 -0.4895285995624188 
-0.7047422251735193 1.2121965261163181 -0.4895225781577688 
-0.7047422251735193 1.2121965261163181 -0.4895225781577688 
-0.7047422251735193 1.2121965261163181 -0.4895225781577688 
-0.7047483886368214 1.21222491446988 -0.4895393502611205 
-0.7047483886368214 1.21222491446988 -0.4895393502611205 
-0.7047483886368214 1.21222491446988 -0.4895393502611205 
-0.7047483886368214 1.21222491446988 -0.4895393502611205 
-0.7047449158698907 1.2122097705750339 -0.48953996848426984 
-0.7047449158698907 1.2122097705750339 -0.48953996848426984 
-0.7047449158698907 1.2122097705750339 -0.48953996848426984 
-0.7047496593133598 1.2122297365032553 -0.4895306200226024 
-0.7047496593133598 1.2122297365032553 -0.4895306200226024 
-0.7047496593133598 1.2122297365032553 -0.4895306200226024 
-0.7047473389475072 1.212220931051005 -0.48954656219728787 
-0.7047411102703866 1.2121910474442867 -0.4895154815938063 
-0.7047483886368214 1.21222491446988 -0.4895393502611205 
-0.7047439660404345 1.2122042008623957 -0.48952325275557795 
-0.7047439660404345 1.2122042008623957 -0.48952325275557795 
-0.7047439660404345 1.2122042008623957 -0.48952325275557795 
-0.7047439660404345 1.2122042008623957 -0.48952325275557795 
-0.7047439660404345 1.2122042008623957 -0.48952325275557795 
-0.704745965559205 1.2122137539939088 -0.4895327565481027 
-0.7047431049814633 1.212200578431998 -0.48952497230356684 
-0.7047431049814633 1.212200578431998 -0.48952497230356684 
-0.7047431049814633 1.212200578431998 -0.48952497230356684 
-0.7047460447885182 1.212215306333138 -0.4895470148683978 
-0.7047460447885182 1.212215306333138 -0.4895470148683978 
-0.7047460447885182 1.212215306333138 -0.4895470148683978 
-0.7047512444068695 1.2122380678879896 -0.48954712142289214 
-0.7047512444068695 1.2122380678879896 -0.48954712142289214 
-0.7047512444068695 1.2122380678879896 -0.48954712142289214 
-0.7047512444068695 1.2122380678879896 -0.48954712142289214 
-0.7047512444068695 1.2122380678879896 -0.48954712142289214 
-0.7047444735620719 1.212207733345293 -0.48953876486998826 
-0.7047444735620719 1.212207733345293 -0.48953876486998826 
-0.704741787673394 1.212194511030379 -0.4895213876262514 
-0.7047416548823832 1.2121954303524165 -0.48953913166766516 
-0.7047503458499526 1.2122335856870268 -0.48954061358330647 
-0.7047492961606384 1.212229602268152 -0.4895478255194736 
-0.7047488586605132 1.2122275871822124 -0.4895466349879567 
-0.7047396182732534 1.2121850267956709 -0.48952148991569255 
-0.7047506182764014 1.212235691813573 -0.4895514232795535 
-0.7047483886368214 1.21222491446988 -0.4895393502611205 
-0.7047454905611342 1.2122108791374047 -0.48952333862901054 
-0.7047455232513862 1.212211716764168 -0.48953155293382156 
-0.7047422251735193 1.2121965261163181 -0.4895225781577688 
-0.7047484351016671 1.2122259798377542 -0.48954954506746273 
-0.7047497524097364 1.2122320472393735 -0.48955312974477816 
-0.7047464591395632 1.2122168787353251 -0.48954416805149004 
-0.7047511465027992 1.2122357350080695 -0.48952459861795194 
-0.7047511465027992 1.2122357350080695 -0.48952459861795194 
-0.7047435285403094 1.2122021857764564 -0.489522062224061 
-0.704744897120918 1.2122093406897514 -0.4895358547904822 
-0.704746407867024 1.2122157912236498 -0.4895339601623834 
-0.7047435937541278 1.2122036810296128 -0.48953637072419043 
-0.7047435798128486 1.212203273288132 -0.4895322701131666 
-0.7047417689244213 1.2121940811450964 -0.489517273932464 
-0.7047468314258701 1.2122173985681082 -0.48953105008287734 
-0.7047444596207928 1.2122073256038122 -0.4895346642589653 
-0.7047435424815885 1.2122025935179372 -0.489526162835084 
-0.7047453581777098 1.2122118078047748 -0.4895411720985512 
-0.7047468826984093 1.2122184860797836 -0.48954125797198333 
-0.7047412034409788 1.2121930075249965 -0.4895338405251253 
-0.704744897120918 1.2122093406897514 -0.4895358547904822 
-0.7047440360619465 1.2122057182593535 -0.4895375743384708 
-0.7047453394287368 1.2122113779194923 -0.48953705840476336 
-0.7047449158698907 1.2122097705750339 -0.48953996848426984 
-0.704744897120918 1.2122093406897514 -0.4895358547904822 
-0.704746407867024 1.2122157912236498 -0.4895339601623834 
-0.7047468826984093 1.2122184860797836 -0.48954125797198333 
-0.7047435798128486 1.212203273288132 -0.4895322701131666 
-0.7047503645989255 1.2122340155723095 -0.48954472727709386 
-0.7047459468102323 1.2122133241086264 -0.4895286428543153 
-0.704746389118051 1.212215361338367 -0.489529846468596 
-0.7047464403905902 1.2122164488500429 -0.4895400543577021 
-0.704746407867024 1.2122157912236498 -0.4895339601623834 
-0.7047444596207928 1.2122073256038122 -0.4895346642589653 
-0.7047444596207928 1.2122073256038122 -0.4895346642589653 
-0.7047475088288775 1.2122208621542 -0.48953695611532244 
-0.7047475088288775 1.2122208621542 -0.48953695611532244 
-0.7047457817365559 1.2122134151492332 -0.4895382620190445 
-0.7047488261369467 1.2122269295558195 -0.4895405407926381 
-0.7047411615429259 1.2121921349559623 -0.4895256894829123 
-0.7047426674813381 1.2121985633460588 -0.48952378177205014 
-0.7047427419029575 1.212200093541486 -0.48953802700958127 
-0.7047427419029575 1.212200093541486 -0.48953802700958127 
-0.7047412034409788 1.2121930075249965 -0.4895338405251253 
-0.7047477625063533 1.2122225383954637 -0.4895436521177816 
-0.7047501759685825 1.212233654583832 -0.4895502196652719 
-0.7030022172698422 1.2131954743693139 -0.48956481402312235 
-0.7047440173129739 1.2122052883740715 -0.48953346064468417 
-0.7047499222911064 1.2122319783425684 -0.4895435236628125 
-0.7047440592110269 1.2122061609431054 -0.4895416116868967 
-0.7047484582507472 1.212226422521506 -0.4895535824158881 
-0.7047468966396884 1.2122188938212644 -0.48954535858300674 
-0.7047527876765418 1.2122451760482809 -0.48955132099011234 
-0.7047503645989255 1.2122340155723095 -0.48954472727709386 
-0.7047430910401843 1.2122001706905172 -0.4895208716925439 
-0.7047435937541278 1.2122036810296128 -0.48953637072419043 
-0.704746407867024 1.2122157912236498 -0.4895339601623834 
-0.7047464822886433 1.212217321419077 -0.48954820539991495 
-0.704745509310107 1.2122113090226871 -0.4895274523227977 
-0.7047470665210586 1.2122188249244594 -0.4895357525010413 
-0.7047444735620719 1.212207733345293 -0.48953876486998826 
-0.7047457817365559 1.2122134151492332 -0.4895382620190445 
-0.7047406540212886 1.2121886024730648 -0.4895101773685018 
-0.7047406540212886 1.2121886024730648 -0.4895101773685018 
-0.7047464591395632 1.2122168787353251 -0.48954416805149004 
-0.7047464403905904 1.2122164488500429 -0.4895400543577024 
-0.704745965559205 1.2122137539939088 -0.4895327565481027 
-0.7047435798128486 1.212203273288132 -0.4895322701131666 
-0.7047427419029575 1.212200093541486 -0.48953802700958127 
-0.7047460447885182 1.212215306333138 -0.4895470148683978 
-0.7047488261369467 1.2122269295558192 -0.4895405407926381 
-0.7047455232513862 1.212211716764168 -0.48953155293382156 
-0.7047430910401843 1.2122001706905172 -0.4895208716925439 
-0.7047494847909812 1.212229963256629 -0.4895423331312956 
-0.7047503319086734 1.2122331779455457 -0.4895365129722833 
-0.7031721016958212 1.213096716600118 -0.48955478328778135 
-0.7047494847909812 1.212229963256629 -0.4895423331312956 
-0.7047445015188456 1.2122081981728463 -0.4895428153011776 
-0.7047468966396884 1.2122188938212644 -0.48954535858300674 
-0.7047483886368214 1.21222491446988 -0.4895393502611205 
-0.70474076113316 1.2121909702952556 -0.4895326369108439 
-0.704744897120918 1.2122093406897514 -0.4895358547904822 
-0.7047457817365559 1.2122134151492332 -0.4895382620190445 
-0.7047436217109017 1.2122041458571664 -0.4895404211553793 
-0.7047479136387504 1.212222039613376 -0.48952993234202846 
-0.7047460168317442 1.212214841505584 -0.4895429644372087 
-0.7047473201985345 1.2122205011657228 -0.4895424485035005 
-0.7047482000064786 1.2122245534814031 -0.48954484264929854 
-0.7047482000064786 1.2122245534814031 -0.48954484264929854 
-0.7047477625063533 1.2122225383954637 -0.4895436521177816 
-0.7047499083498273 1.2122315706010873 -0.4895394230517893 
-0.7047499222911064 1.2122319783425684 -0.4895435236628125 
-0.7047426487323654 1.2121981334607765 -0.48951966807826275 
-0.7047506370253742 1.2122361216988553 -0.48955553697334087 
-0.7047450857512609 1.2122097016782287 -0.48953036240230396 
-0.7047420784412292 1.2121970376968747 -0.4895362215881591 
-0.7047464591395632 1.2122168787353251 -0.48954416805149004 
-0.7047464403905904 1.2122164488500429 -0.4895400543577024 
-0.7047455232513862 1.212211716764168 -0.48953155293382156 
-0.7047449158698907 1.2122097705750339 -0.48953996848426984 
-0.7047450857512609 1.2122097016782287 -0.48953036240230396 
-0.7047470665210586 1.2122188249244594 -0.4895357525010413 
-0.7047479463290026 1.2122228772401393 -0.48953814664683937 
-0.7047455232513862 1.212211716764168 -0.48953155293382156 
-0.7047429163511204 1.212200217443521 -0.4895304646917451 
-0.7047444596207928 1.2122073256038122 -0.4895346642589653 
-0.7047455232513862 1.212211716764168 -0.48953155293382156 
-0.7047422112322401 1.212196118374837 -0.4895184775467454 
-0.7047499083498273 1.2122315706010873 -0.4895394230517893 
-0.7047403563232867 1.2121897928360799 -0.48953966068413735 
-0.7047453394287366 1.2122113779194923 -0.489537058404763 
-0.7047444735620719 1.212207733345293 -0.48953876486998826 
-0.7047479136387507 1.212222039613376 -0.4895299323420288 
-0.704746389118051 1.212215361338367 -0.489529846468596 
-0.7047475088288775 1.2122208621541999 -0.48953695611532244 
-0.7047459468102323 1.2122133241086264 -0.4895286428543153 
-0.7047474900799047 1.2122204322689176 -0.4895328424215353 
-0.7047403563232867 1.2121897928360799 -0.48953966068413735 
-0.7047453394287368 1.2122113779194923 -0.48953705840476336 
-0.7047420784412289 1.2121970376968747 -0.4895362215881588 
-0.7047450857512609 1.2122097016782287 -0.48953036240230396 
-0.7047431562540025 1.2122016659436734 -0.48953518019267284 
-0.7047503645989255 1.2122340155723095 -0.48954472727709386 
-0.7047510605842201 1.2122377290433137 -0.48955262689383405 
-0.7047477625063533 1.2122225383954637 -0.4895436521177816 
-0.7047506182764014 1.212235691813573 -0.4895514232795535 
-0.7047503645989255 1.2122340155723095 -0.48954472727709386 
-0.7047468966396884 1.2122188938212644 -0.48954535858300674 
-0.70474204135087 1.2121961872716422 -0.48952808362871125 
-0.704746407867024 1.2122157912236498 -0.4895339601623834 
-0.7047468314258699 1.2122173985681082 -0.489531050082877 
-0.704747338947507 1.212220931051005 -0.48954656219728754 
-0.7047492961606384 1.212229602268152 -0.4895478255194736 
-0.703107180561128 1.213096174427643 -0.48953615284453633 
-0.7047431562540025 1.2122016659436734 -0.48953518019267284 
-0.704746407867024 1.2122157912236498 -0.4895339601623834 
-0.7047479463290026 1.2122228772401393 -0.48953814664683937 
-0.7047482000064786 1.2122245534814031 -0.48954484264929854 
-0.7047492961606382 1.212229602268152 -0.4895478255194733 
-0.7047431562540025 1.2122016659436734 -0.48953518019267284 
-0.7047474900799044 1.2122204322689176 -0.48953284242153494 
-0.7047422251735193 1.2121965261163181 -0.4895225781577688 
-0.7047497524097361 1.2122320472393735 -0.4895531297447778 
-0.7047444596207928 1.2122073256038122 -0.4895346642589653 
-0.7047507694087987 1.2122351930314852 -0.48953770350380044 
-0.7047412034409788 1.2121930075249965 -0.4895338405251253 
-0.7047449438266646 1.2122102354025874 -0.48954401891545873 
-0.7047464591395632 1.2122168787353251 -0.48954416805149004 
-0.7047446295021629 1.2122072567070068 -0.48952505817699987 
-0.7047429163511204 1.212200217443521 -0.4895304646917451 
-0.7047479136387507 1.212222039613376 -0.4895299323420288 
-0.7047442059433168 1.2122056493625484 -0.48952796825650613 
-0.7047460447885182 1.212215306333138 -0.4895470148683978 
-0.7047449158698907 1.2122097705750339 -0.48953996848426984 
-0.7047430378118573 1.212203002352525 -0.48955711427323645 
-0.7047453394287368 1.2122113779194923 -0.48953705840476336 
-0.7047470665210586 1.2122188249244594 -0.4895357525010413 
-0.7047465149788953 1.2122181590458405 -0.4895564197047253 
-0.7047453581777098 1.2122118078047748 -0.4895411720985512 
-0.7047494847909812 1.212229963256629 -0.4895423331312956 
-0.7047488586605132 1.2122275871822124 -0.4895466349879567 
-0.7047431562540025 1.2122016659436734 -0.48953518019267284 
-0.7047488261369467 1.2122269295558195 -0.4895405407926381 
-0.7047493149096112 1.2122300321534343 -0.48955193921326123 
-0.7047516679657156 1.212239675232448 -0.4895442113433861 
-0.7047470665210586 1.2122188249244594 -0.4895357525010413 
-0.7047468826984093 1.2122184860797836 -0.48954125797198333 
-0.7047483698878487 1.2122244845845978 -0.48953523656733355 
-0.7047411754842048 1.212192542697443 -0.4895297900939356 
-0.7047492496957928 1.2122285369002779 -0.48953763071313183 
-0.704745965559205 1.2122137539939088 -0.4895327565481027 
-0.7047453394287368 1.212211377919492 -0.48953705840476336 
-0.7047475088288775 1.2122208621542 -0.48953695611532244 
-0.7029966847447017 1.2131694842339693 -0.4895437531458735 
-0.7036964513867823 1.2127755525590258 -0.48953872364542517 
-0.7047420784412289 1.2121970376968747 -0.4895362215881588 
-0.7031471294978158 1.2130782466768113 -0.4895436848530371 
-0.7047479463290024 1.2122228772401393 -0.48953814664683903 
-0.7047488121956675 1.2122265218143387 -0.48953644018161424 
-0.7047436217109017 1.2122041458571664 -0.4895404211553793 
-0.70474204135087 1.2121961872716425 -0.48952808362871125 
-0.7047488586605132 1.2122275871822124 -0.4895466349879567 
-0.7047446295021629 1.2122072567070068 -0.48952505817699987 
-0.7047444596207928 1.2122073256038122 -0.4895346642589653 
-0.7047474900799047 1.2122204322689176 -0.4895328424215353 
-0.7047477625063533 1.2122225383954637 -0.4895436521177816 
-0.704744897120918 1.2122093406897514 -0.4895358547904822 
-0.7047450857512609 1.2122097016782287 -0.48953036240230396 
-0.704744897120918 1.2122093406897514 -0.4895358547904822 
-0.7047412034409788 1.2121930075249965 -0.4895338405251253 
-0.7047407379840798 1.2121905276115037 -0.4895285995624188 
