670	659	660	683	684	658
669	659	661	679	682	660
667	662	658	678	683	659
671	659	656	677	680	658
670	658	657	680	681	658
668	662	657	681	683	659
670	660	659	673	682	659
668	659	659	674	684	657
669	659	656	681	683	659
671	658	659	674	685	657
671	661	654	679	682	659
671	660	658	679	682	660
670	659	661	678	684	659
671	659	661	683	684	658
669	660	660	684	684	658
669	660	660	682	684	658
671	658	658	680	679	658
666	660	656	681	681	658
670	660	660	677	683	658
667	660	661	681	684	659
669	661	660	677	682	658
670	660	660	679	682	659
670	659	662	682	682	658
669	660	659	685	685	657
670	660	657	679	681	657
669	655	659	680	685	659
671	658	660	677	682	657
668	660	657	679	685	657
669	660	660	682	685	659
668	658	659	682	685	659
670	659	660	683	683	658
669	661	661	679	681	659
667	661	659	681	685	658
670	658	658	684	684	659
671	659	659	684	683	658
671	659	659	678	681	660
670	656	660	679	682	657
669	661	660	680	682	657
669	659	660	683	683	657
667	661	661	680	677	657
670	658	657	677	680	657
667	657	661	677	679	656
669	658	658	676	680	656
669	658	659	676	679	656
669	660	658	677	676	654
665	660	658	681	680	657
668	659	659	674	680	655
666	659	653	681	676	654
668	661	660	677	678	656
671	658	657	678	680	655
668	657	660	678	677	655
665	661	654	679	677	656
668	659	660	681	680	655
665	658	659	680	679	656
668	658	660	681	680	655
666	659	660	681	678	656
670	660	661	675	680	656
668	658	659	678	680	657
671	660	660	680	682	658
669	660	660	678	679	657
670	661	658	679	680	657
667	658	661	682	682	660
670	659	658	677	680	657
666	659	658	683	683	658
671	659	658	684	682	659
671	659	659	679	681	659
666	659	660	683	681	657
669	659	660	681	679	658
666	659	657	684	679	656
671	659	659	677	679	655
668	661	658	678	680	657
671	659	658	679	678	656
668	658	655	678	678	656
667	659	660	681	680	655
669	657	657	677	678	655
669	660	654	681	678	655
667	659	657	674	679	656
665	658	656	678	675	655
669	657	657	678	680	655
667	658	658	683	680	654
669	661	656	680	677	655
666	659	661	678	678	654
669	656	658	681	678	656
668	660	657	679	680	655
669	661	655	681	679	656
669	658	661	680	680	657
668	660	659	683	680	657
668	661	656	680	680	657
670	659	660	675	681	659
670	660	660	681	683	656
670	660	662	678	682	659
670	659	661	678	680	658
669	661	658	679	681	659
668	659	656	686	682	658
668	659	659	678	680	659
670	660	659	677	679	659
670	662	658	682	680	657
671	660	656	679	681	657
668	657	661	679	679	656
668	658	655	678	679	658
669	658	659	678	678	657
667	660	658	677	677	656
670	658	658	677	679	657
670	657	658	675	678	653
672	659	660	678	679	654
669	661	654	681	678	657
668	658	658	673	679	657
670	659	656	680	679	655
672	657	658	680	678	655
667	660	657	684	679	655
666	660	657	683	678	656
668	660	657	679	677	655
668	657	658	675	679	655
671	659	659	677	679	656
664	657	656	685	680	656
670	660	653	683	680	656
670	658	655	677	679	657
672	658	660	678	679	658
671	658	657	678	679	657
669	660	661	679	680	657
674	659	660	679	683	657
671	658	659	676	683	658
672	661	658	684	682	657
671	661	659	678	679	658
668	660	660	680	683	655
673	662	660	683	681	659
669	660	659	686	680	657
671	660	654	676	679	657
667	659	657	682	680	656
670	659	659	678	681	655
666	660	657	680	680	658
666	658	657	681	680	652
668	658	659	681	680	656
667	660	652	679	678	657
669	657	658	676	678	654
667	658	657	684	680	654
669	657	655	681	678	655
669	658	658	679	680	655
671	657	655	681	679	656
666	657	657	674	677	655
671	658	656	679	679	656
669	659	656	681	681	656
670	658	659	675	679	655
667	659	657	681	679	655
666	658	656	683	678	656
669	658	657	679	679	655
672	659	660	675	680	656
671	658	655	677	680	656
669	658	661	679	680	658
669	659	659	677	679	658
668	658	660	679	679	659
668	657	658	675	680	658
673	661	661	684	683	659
671	660	660	675	683	659
668	660	658	680	680	656
668	660	656	681	682	657
666	660	659	676	682	658
670	659	657	678	679	659
668	659	658	682	680	656
672	659	658	676	680	657
668	658	659	677	678	657
669	658	659	677	679	655
669	659	659	678	680	656
670	656	658	678	680	654
667	658	657	675	680	655
669	657	655	677	677	654
668	658	658	680	677	654
669	657	659	678	676	655
669	658	658	677	678	657
668	660	656	680	678	655
669	661	661	676	677	653
672	660	658	676	680	656
671	659	659	677	678	657
670	658	659	676	680	655
669	657	657	682	680	657
672	658	660	677	680	655
673	659	659	672	679	656
669	658	657	676	678	656
671	659	656	680	679	658
669	659	658	684	682	655
673	658	658	677	679	656
673	660	659	679	678	657
668	662	660	676	684	657
670	660	661	681	681	657
668	662	658	678	681	657
672	660	656	674	680	659
669	660	659	675	681	657
670	660	659	674	681	656
671	658	659	678	677	657
667	658	659	680	678	656
669	659	659	683	680	654
667	660	656	679	678	657
669	656	657	678	678	656
665	657	660	682	679	655
666	659	656	677	678	656
666	660	658	680	678	657
667	658	656	682	679	654
668	659	655	679	678	655
667	657	658	680	675	656
671	656	660	676	678	655
669	661	657	679	678	655
667	658	658	684	678	656
670	658	659	679	679	654
667	657	654	677	680	655
667	659	658	680	678	657
669	658	659	679	678	655
673	659	658	679	678	658
669	658	657	679	681	658
672	659	659	684	680	657
669	659	658	679	680	657
671	660	659	675	680	658
670	658	660	680	681	656
668	659	660	682	683	657
671	660	662	682	682	656
669	660	660	676	680	657
671	658	659	679	679	658
670	659	660	683	681	656
671	658	656	679	681	658
671	659	659	683	680	658
672	658	659	675	680	654
674	658	658	676	681	656
672	659	660	677	679	657
667	658	658	683	679	656
667	656	659	684	679	656
667	660	656	685	680	655
670	657	655	681	680	655
671	660	661	674	680	655
673	657	655	680	678	655
667	658	657	680	678	655
666	658	657	677	676	655
666	655	656	675	676	655
668	659	654	678	679	655
668	659	657	683	680	654
672	657	657	679	679	657
669	658	654	679	679	657
671	657	654	676	677	656
669	661	655	679	679	655
670	660	654	680	680	657
668	662	661	679	681	656
673	659	659	680	680	656
673	661	658	680	679	658
668	660	658	682	683	658
670	659	656	678	680	660
670	659	657	677	683	657
674	660	658	682	683	657
674	659	660	685	683	658
671	660	659	686	683	658
668	659	661	678	679	657
669	658	658	683	680	657
671	657	655	677	679	657
671	661	660	683	681	658
673	661	660	681	676	657
665	656	660	684	680	656
667	660	656	681	681	654
671	660	657	678	678	657
669	658	658	678	679	657
672	659	658	675	680	655
668	659	659	676	678	656
668	658	658	678	678	655
666	660	658	678	677	657
671	659	658	684	677	654
668	658	654	680	677	654
669	658	658	678	677	656
674	660	657	677	678	656
668	659	660	675	679	656
672	658	657	679	680	657
670	660	659	678	680	657
672	658	659	672	681	656
672	658	659	684	679	656
674	659	658	680	680	657
667	659	658	686	679	656
675	658	658	679	678	658
670	659	658	678	680	658
670	658	657	679	681	658
670	661	659	679	681	658
671	659	658	673	682	659
670	660	660	685	683	657
671	660	658	680	680	658
670	660	660	681	683	659
672	657	660	685	680	657
674	660	660	675	680	657
673	658	657	677	680	656
670	658	661	679	679	656
669	660	658	681	681	656
669	658	659	676	679	655
669	661	661	679	680	656
669	660	658	680	678	653
670	657	654	681	679	654
668	659	656	672	679	656
671	659	654	682	680	655
671	659	657	677	677	654
667	658	658	679	677	655
668	657	660	678	677	656
671	656	657	680	679	655
668	659	658	675	682	656
669	658	656	674	679	656
672	658	659	677	679	655
667	659	659	678	678	657
672	660	658	682	678	656
667	659	656	679	679	659
670	661	659	683	681	657
675	659	660	679	679	657
672	661	654	678	682	658
672	660	659	681	682	656
674	660	661	680	683	657
671	658	659	686	684	658
672	661	658	683	684	658
670	660	657	680	681	658
672	661	659	679	683	660
670	660	659	678	679	655
673	660	658	678	680	657
670	659	657	681	680	657
673	658	660	676	682	656
671	659	655	677	680	657
672	657	660	679	678	658
669	658	657	676	679	656
667	660	659	680	679	655
668	658	657	684	680	655
673	658	659	676	680	657
667	658	660	678	679	655
667	657	658	678	679	654
669	661	660	677	676	657
668	659	660	677	679	656
671	660	661	678	676	655
670	658	659	681	677	656
672	659	657	683	680	654
672	658	658	679	679	656
669	659	659	677	680	656
673	658	661	685	679	657
671	660	660	680	680	657
673	657	661	680	679	657
671	660	660	678	682	658
671	662	659	680	681	658
676	661	659	682	683	657
674	659	662	679	680	659
670	661	656	682	680	658
672	660	661	685	681	658
671	660	659	680	683	657
672	660	658	676	680	658
671	660	658	680	682	657
671	659	657	677	680	656
674	660	658	681	678	657
671	661	660	679	679	656
670	659	661	680	678	655
667	659	660	677	680	656
671	658	657	680	681	656
670	657	659	676	678	654
672	657	658	680	679	655
670	659	657	677	680	655
668	658	657	676	676	654
667	660	660	680	677	655
671	660	656	672	679	654
666	659	657	681	679	655
667	660	660	681	679	655
669	658	657	682	679	655
674	657	658	677	678	656
667	658	657	684	677	656
669	659	660	681	680	656
673	659	660	679	679	658
671	658	660	679	677	659
671	660	660	681	681	657
674	658	660	678	680	657
673	661	658	681	681	658
673	659	661	680	680	657
676	661	660	682	682	657
673	660	660	684	680	657
672	662	660	679	679	658
671	660	658	683	679	656
675	659	659	684	680	654
671	658	659	678	680	660
675	659	660	674	679	658
673	659	660	681	677	656
668	659	659	680	676	657
671	658	659	680	678	656
670	660	652	677	678	657
672	658	662	685	677	655
669	659	656	683	678	655
670	659	655	684	679	655
668	658	659	678	676	654
670	660	657	674	677	657
668	659	658	677	680	654
670	659	657	680	676	656
669	659	657	683	679	653
672	659	661	673	678	655
671	656	656	677	679	655
669	659	660	681	679	656
667	658	654	680	677	655
670	658	660	684	680	656
673	661	659	686	679	656
675	658	656	675	679	655
675	660	660	678	678	658
668	661	660	678	682	657
673	660	659	678	679	656
671	660	657	682	678	655
673	658	657	678	679	657
673	658	658	683	680	656
671	660	660	677	680	654
676	659	660	678	678	658
671	660	657	682	679	657
672	658	661	676	678	658
676	658	658	679	676	656
673	660	658	680	678	654
673	659	659	680	676	655
668	658	659	675	677	655
671	659	657	677	678	656
669	658	659	678	673	655
672	658	661	679	677	656
671	658	659	675	679	655
668	660	657	679	679	654
669	656	659	679	676	655
672	659	657	676	679	653
668	661	656	678	678	656
671	658	659	678	678	656
669	659	656	679	678	655
673	659	658	679	678	655
669	657	657	684	677	655
669	657	658	679	676	655
673	659	659	680	677	656
672	660	657	682	680	656
670	661	660	682	678	656
671	659	658	682	680	659
674	661	654	674	679	658
670	661	660	682	678	657
671	660	658	683	681	656
673	661	659	677	679	657
672	660	659	683	681	657
672	660	659	684	677	657
673	661	661	683	680	657
673	660	658	676	679	657
672	659	660	676	679	658
673	658	659	681	680	657
672	661	658	683	678	656
671	660	658	681	680	656
669	658	659	679	679	654
671	659	657	676	679	654
670	662	656	679	677	655
668	659	656	679	676	656
669	658	659	678	679	654
672	660	655	678	679	654
670	659	658	678	678	655
668	660	657	681	675	655
669	660	658	675	680	654
671	657	655	682	678	655
669	658	655	680	676	655
674	661	659	673	677	655
669	658	658	678	679	655
673	659	658	674	677	655
669	659	652	684	678	655
670	660	657	682	680	655
675	658	659	675	680	657
669	659	659	678	679	656
673	660	659	682	680	657
673	657	659	679	680	657
671	658	660	675	680	658
671	661	659	680	678	655
675	660	658	677	680	658
671	661	661	680	680	656
676	660	658	681	680	657
676	660	660	683	679	656
676	659	659	680	678	657
672	659	659	682	679	656
675	658	661	674	679	657
671	659	658	676	679	656
671	660	658	675	679	655
669	659	659	678	678	656
672	659	658	676	679	655
671	658	659	677	678	656
667	662	656	680	678	655
666	658	658	678	676	654
668	657	658	681	676	654
669	659	658	676	678	655
668	659	657	682	678	654
672	659	656	679	679	654
667	657	660	684	679	655
669	660	659	682	678	656
669	659	658	679	679	654
668	660	658	683	679	656
670	661	656	680	679	654
669	661	656	673	679	655
671	661	660	680	680	656
672	657	657	677	680	655
675	661	656	675	680	658
673	661	661	681	680	656
672	661	659	676	680	658
672	660	661	683	679	656
676	660	660	680	678	657
672	660	655	683	680	657
678	658	661	679	677	658
671	661	660	681	679	657
677	659	660	683	678	657
675	658	658	678	680	655
676	659	660	686	678	654
670	660	659	683	679	654
670	659	656	678	679	657
670	659	658	678	676	655
669	656	658	675	678	656
672	658	657	676	678	655
672	659	655	678	677	655
666	657	656	677	679	655
672	660	657	676	679	653
667	659	661	679	676	655
669	658	657	673	679	653
668	658	657	679	675	654
671	659	658	676	677	654
669	660	657	683	680	655
673	657	655	679	680	655
672	657	655	683	677	655
667	659	653	674	679	655
667	660	654	681	678	656
670	661	656	681	680	656
672	660	659	678	676	656
672	660	659	679	675	655
669	657	659	680	677	657
671	660	659	681	680	655
674	658	658	678	678	656
671	660	659	680	678	658
672	660	659	680	679	655
668	660	659	680	677	658
669	659	657	685	678	657
669	658	656	677	676	655
671	659	659	684	676	655
670	658	657	674	678	655
671	660	659	679	677	657
671	660	656	679	675	655
671	659	656	679	678	655
672	658	657	678	679	656
667	660	658	682	679	654
666	659	656	677	677	654
667	658	658	681	678	654
669	658	657	681	676	655
669	661	656	678	678	655
669	659	656	678	680	653
671	659	659	677	677	653
669	658	655	678	679	656
669	659	657	677	678	654
668	658	659	680	676	655
667	658	657	676	678	656
669	660	658	679	675	654
670	659	661	674	678	654
671	658	656	679	676	655
675	657	658	680	678	656
672	659	659	680	676	656
671	658	660	677	676	657
673	659	658	678	677	657
674	658	660	684	680	656
674	659	659	678	676	655
674	661	659	681	679	656
669	659	660	682	680	656
675	661	655	684	680	656
667	659	657	679	677	658
671	659	653	677	679	654
674	662	659	685	680	655
672	660	658	675	678	655
667	660	658	679	679	655
669	660	656	682	678	655
666	658	659	679	676	654
669	659	657	676	679	652
667	653	659	676	679	654
670	659	658	678	678	654
665	657	660	685	677	655
670	661	658	679	678	655
668	659	658	675	677	655
670	659	658	678	678	654
665	660	657	674	678	655
671	659	656	677	679	656
669	660	658	681	678	656
668	661	659	678	679	654
668	659	656	678	676	655
669	659	659	675	678	656
674	660	659	676	679	656
674	659	659	679	676	657
670	659	658	678	676	656
673	660	658	680	679	657
670	660	656	684	678	655
671	659	657	680	680	656
670	661	661	677	678	659
673	660	658	685	680	656
673	660	660	676	677	656
674	659	657	679	678	657
674	658	662	686	680	657
676	660	658	686	679	656
667	660	658	681	680	655
671	658	657	677	677	656
669	658	657	682	678	656
669	659	656	682	678	655
670	659	657	679	678	653
667	658	658	685	679	654
667	658	659	679	674	654
664	658	656	683	676	655
666	657	657	677	677	655
669	658	658	681	678	654
667	658	659	675	678	655
669	660	656	680	678	656
665	659	655	674	678	655
671	658	658	679	679	653
667	659	658	676	678	654
669	660	659	679	678	654
669	657	658	674	677	654
668	659	659	679	676	655
672	658	660	678	675	656
673	659	657	679	680	654
672	659	660	676	679	656
674	660	655	678	677	656
673	657	661	677	675	656
671	656	658	676	678	656
671	660	659	680	677	655
675	659	659	679	676	657
674	658	660	685	679	656
673	658	660	678	678	657
672	658	662	685	678	656
674	661	660	679	676	658
669	659	659	677	678	656
670	657	660	679	677	655
669	660	657	685	679	656
668	658	659	677	676	657
668	660	655	683	679	653
669	658	657	679	678	654
668	657	652	679	677	655
665	657	657	678	674	653
670	660	656	679	678	654
667	658	653	677	679	654
671	657	657	680	679	655
668	659	656	683	676	655
667	659	657	679	674	654
669	660	659	681	675	655
670	658	658	677	676	655
668	657	659	676	677	653
669	658	657	683	679	654
669	660	655	682	679	655
671	658	658	680	679	655
672	658	656	680	677	654
672	658	659	677	680	656
667	658	656	680	677	656
670	660	657	680	679	656
674	660	658	676	678	656
674	659	657	677	679	656
669	659	657	678	679	656
670	660	656	680	680	657
667	661	658	680	680	656
670	661	660	675	680	656
672	658	659	678	677	657
671	660	659	685	677	656
669	658	658	681	678	656
671	659	656	681	679	655
670	658	654	684	679	654
669	658	654	679	679	654
666	657	657	675	677	656
667	658	658	679	677	655
667	660	659	680	677	655
667	657	659	682	676	653
669	657	656	677	678	653
669	657	658	680	674	656
670	659	659	676	678	654
663	657	657	675	678	654
666	658	655	677	677	656
669	660	658	684	678	655
668	659	655	679	674	657
669	660	657	681	675	655
671	660	659	679	679	656
667	659	660	682	677	657
673	659	656	676	678	655
672	658	656	679	677	657
674	658	660	678	675	654
671	657	659	677	676	657
669	660	656	683	679	655
672	659	658	679	679	656
675	659	659	686	680	657
669	659	658	679	679	655
675	659	657	679	675	656
672	660	658	678	678	656
671	657	661	678	676	657
669	657	658	678	677	656
668	658	659	681	678	656
672	658	657	676	679	657
672	659	660	682	677	656
667	658	659	675	678	655
666	657	658	680	675	655
668	658	655	679	679	654
667	659	658	686	678	654
671	657	657	682	677	656
665	657	659	675	676	653
667	660	656	674	678	655
670	656	658	678	678	655
665	656	659	677	679	654
667	661	655	684	678	656
667	660	654	682	676	656
667	657	658	678	679	653
668	658	657	677	675	653
672	660	659	678	675	654
671	659	656	680	678	656
665	657	660	684	679	657
668	658	659	683	679	656
668	658	658	684	677	656
675	659	660	677	676	656
672	658	659	679	679	656
672	659	659	677	677	655
668	659	658	680	680	657
670	659	657	682	678	656
669	660	659	679	680	657
674	659	657	677	678	655
671	658	660	679	677	656
669	659	655	683	679	657
672	658	659	678	679	656
668	658	658	681	680	653
671	659	657	679	676	655
671	661	659	678	676	657
670	658	659	678	678	656
667	659	658	679	675	656
669	659	658	677	676	655
669	659	656	680	678	654
665	658	655	675	678	654
666	657	657	679	674	654
669	658	658	675	678	653
668	659	658	685	677	656
668	659	655	683	678	655
667	658	659	684	680	655
667	660	658	681	679	653
667	659	655	680	676	654
669	656	655	683	677	656
668	658	656	684	677	656
669	660	661	678	678	656
669	660	658	680	679	655
669	659	658	677	679	656
668	658	658	684	678	657
669	661	660	680	679	657
671	658	659	681	676	657
670	659	659	682	675	658
669	658	660	680	676	656
670	658	658	678	677	656
668	660	657	679	680	655
674	659	660	678	678	656
670	659	658	674	678	657
667	657	656	677	680	655
668	660	659	679	680	656
671	661	658	679	677	655
668	657	659	676	676	654
668	661	655	679	675	655
668	657	656	680	679	655
670	658	656	680	678	655
667	658	656	676	678	654
669	658	654	682	676	655
667	656	657	675	676	656
666	658	658	679	676	655
669	660	658	676	679	654
669	659	656	681	675	656
666	657	660	675	679	654
669	657	657	680	679	656
671	658	658	678	678	654
670	657	661	675	678	655
666	660	658	682	678	656
665	661	660	681	678	655
669	660	658	682	678	656
672	658	658	679	679	657
671	659	659	679	678	657
667	658	659	681	678	657
667	659	657	681	680	657
670	658	659	680	679	659
671	661	654	683	679	656
671	658	659	679	679	655
672	658	658	682	676	658
669	656	660	677	679	655
670	659	658	680	677	655
669	659	655	683	679	655
667	659	656	680	677	656
668	656	657	678	679	655
672	658	658	677	678	655
668	656	657	676	678	656
666	659	659	685	677	655
666	660	656	679	677	655
669	658	659	676	677	654
665	657	657	680	675	654
668	656	659	675	677	656
666	656	659	679	676	655
668	657	656	679	676	655
670	657	660	675	678	655
667	658	655	675	678	655
670	658	658	675	677	654
667	658	657	680	675	656
667	658	658	680	679	655
668	659	657	677	679	656
670	660	659	676	679	655
670	660	656	681	677	657
670	660	659	675	678	655
668	659	655	680	674	658
665	660	659	677	675	657
671	658	658	679	675	656
669	658	659	676	679	658
667	658	657	678	678	656
671	656	658	677	680	656
670	659	659	674	678	655
669	658	656	680	678	656
671	658	655	681	678	656
668	657	658	675	677	656
667	659	658	683	678	656
668	659	656	681	678	654
666	660	656	677	677	654
670	658	656	682	679	655
670	657	656	678	676	654
668	659	659	680	678	654
667	659	657	686	679	654
667	658	660	676	677	655
666	658	658	678	677	654
667	659	658	678	676	655
670	657	657	678	676	655
666	658	658	675	677	656
667	659	658	684	677	655
668	656	653	678	678	655
668	656	660	679	676	656
667	659	657	678	676	655
668	660	658	681	679	655
671	657	658	680	678	656
669	660	661	677	680	656
669	658	661	681	676	657
669	658	661	686	679	655
668	658	658	681	678	658
670	659	658	674	678	656
667	658	660	685	677	659
667	659	659	685	680	657
665	655	661	686	680	656
668	661	658	679	680	657
671	660	661	675	678	656
669	656	656	680	679	657
666	657	659	679	677	655
668	659	656	683	679	655
668	657	657	680	675	654
668	658	658	678	677	655
670	659	656	682	680	654
666	658	658	678	676	654
666	658	655	684	676	654
667	660	658	676	676	655
665	657	658	676	677	654
665	658	658	679	676	653
666	659	656	683	678	655
669	660	655	682	677	655
669	658	657	682	680	653
667	659	659	674	677	655
669	659	657	680	678	654
669	657	656	685	679	655
667	659	658	679	679	656
668	658	657	678	679	655
667	659	661	685	679	655
665	659	660	679	679	656
670	656	658	680	678	654
669	661	660	682	680	655
666	659	658	680	677	656
667	660	662	680	676	657
668	660	662	684	679	655
668	658	659	678	680	656
664	659	658	680	677	657
668	658	659	679	677	657
668	657	658	680	680	657
664	657	658	678	676	656
671	660	659	680	679	657
667	657	657	676	678	657
667	658	656	678	676	656
670	660	660	676	678	654
667	658	659	685	679	656
664	658	657	678	675	654
670	660	657	678	679	655
665	657	660	675	678	655
669	659	660	678	679	655
668	658	657	683	678	654
666	659	658	680	674	654
668	659	658	677	679	655
667	661	654	685	678	655
666	658	658	676	677	655
667	659	658	683	679	653
667	659	658	679	677	655
667	659	658	685	678	656
667	658	658	685	679	657
667	658	660	681	680	657
669	658	658	680	679	656
668	660	656	679	679	656
667	659	661	679	680	656
668	660	659	681	679	656
669	659	659	679	680	656
669	659	661	676	678	656
669	659	658	678	680	657
669	661	658	679	678	657
667	660	658	679	677	655
670	658	659	678	678	656
669	660	662	677	676	654
668	660	658	680	679	655
671	658	658	680	677	655
668	658	658	678	680	656
667	657	659	684	677	656
666	659	657	684	678	655
666	658	658	680	675	655
666	658	657	681	677	654
666	659	659	682	673	654
668	657	658	682	678	653
667	656	656	675	679	654
666	657	656	675	678	653
663	657	657	681	679	654
666	657	657	685	678	654
667	658	656	678	676	655
664	659	657	684	678	655
666	656	656	678	676	654
666	657	657	677	676	655
668	653	658	680	678	656
668	658	659	680	679	655
669	659	659	682	680	655
665	657	659	680	677	656
668	657	658	678	678	655
669	656	657	680	678	656
667	659	659	683	679	654
665	657	659	682	680	655
666	659	658	682	679	656
662	659	660	680	676	654
669	659	661	680	677	656
666	659	658	684	679	656
668	658	658	674	679	655
666	658	660	684	677	656
666	657	658	678	674	656
668	659	658	679	679	654
666	658	660	679	678	653
665	657	656	674	676	655
667	659	658	677	677	654
666	659	660	684	679	654
668	657	658	675	676	654
666	657	658	676	677	654
667	657	656	679	676	654
667	658	657	681	679	653
664	657	657	679	678	653
666	659	654	680	679	653
664	658	655	677	678	654
665	656	659	678	674	654
664	658	658	681	678	654
666	657	658	678	675	655
669	656	659	678	678	655
668	658	658	683	679	654
665	659	659	680	679	655
667	660	659	680	677	655
665	657	656	681	679	654
666	656	660	677	676	654
667	657	659	679	676	655
664	655	659	678	679	654
667	660	660	678	679	655
667	659	657	683	678	655
666	656	660	677	677	654
666	656	658	683	678	654
665	656	659	679	680	654
667	656	656	681	678	654
666	658	658	680	679	655
664	657	659	684	679	654
666	657	657	675	678	655
665	659	657	674	675	653
666	656	658	677	677	653
666	658	657	683	675	653
663	659	653	681	676	655
665	656	655	678	679	653
666	657	654	675	677	653
666	658	657	677	674	654
667	658	657	679	679	653
663	655	657	678	678	655
665	658	658	677	677	654
666	658	656	679	678	654
663	658	661	677	678	653
668	657	659	680	677	654
665	658	661	679	675	655
668	660	660	677	677	654
665	657	659	677	675	654
665	659	656	682	679	654
667	658	660	671	677	655
666	658	657	685	679	655
667	657	658	684	679	656
669	657	659	679	679	655
666	656	660	682	679	655
667	658	659	684	678	654
666	657	657	679	679	654
667	660	658	684	678	653
666	659	658	677	676	655
666	659	658	680	679	655
666	658	658	682	679	652
664	657	659	678	677	655
666	657	655	678	676	654
664	658	659	678	679	654
666	655	658	676	676	654
666	658	659	685	680	655
666	657	656	678	675	653
665	656	654	679	677	653
669	657	658	679	678	654
666	657	659	679	676	654
668	656	655	679	676	654
667	657	661	675	677	654
664	657	656	676	677	655
667	659	657	681	677	654
665	657	658	678	677	654
665	659	656	682	676	653
666	653	659	677	679	654
664	656	658	676	678	653
667	658	659	678	676	654
668	657	662	680	677	655
669	656	659	677	680	654
666	657	660	679	680	655
668	657	660	681	680	652
666	660	657	677	676	655
669	656	657	677	678	654
668	658	658	683	678	653
667	656	657	675	677	655
669	659	658	682	678	655
669	657	662	680	675	656
665	658	660	679	680	655
664	657	662	677	677	654
665	657	658	677	676	654
664	657	658	680	679	655
666	658	658	683	677	654
668	652	657	679	679	654
666	657	659	680	676	654
668	657	657	677	676	653
667	657	658	679	677	654
666	655	657	679	678	653
665	658	656	679	675	653
666	657	654	681	672	654
665	658	658	684	677	653
665	657	658	676	677	654
666	657	658	675	678	652
667	657	657	675	678	654
662	656	662	684	679	653
665	657	657	678	679	654
665	657	656	680	678	655
666	660	657	684	678	655
668	658	657	684	678	653
666	658	660	679	676	654
670	657	656	678	679	653
668	659	658	681	679	655
668	657	659	681	679	655
668	658	660	681	679	655
665	658	660	684	678	655
666	659	660	681	680	654
666	660	660	680	680	654
669	658	659	676	680	654
664	657	659	675	679	654
668	656	661	674	677	653
666	660	660	678	679	655
666	660	655	683	679	653
667	657	658	678	679	654
665	658	658	678	676	653
667	658	659	679	678	653
666	656	657	673	679	653
664	657	659	684	677	654
666	655	658	677	679	654
667	657	658	686	677	654
665	656	657	679	675	654
667	657	657	677	679	654
666	658	659	673	676	653
666	656	657	678	674	654
667	655	660	679	677	655
664	658	658	678	679	653
667	657	659	683	678	654
667	658	657	684	679	654
665	656	658	674	679	654
667	657	658	680	677	654
665	656	658	680	675	654
667	658	661	677	679	654
665	656	659	685	677	655
665	657	661	679	675	655
669	657	659	675	680	653
666	659	660	677	679	654
666	660	658	678	678	655
666	656	660	680	676	656
669	658	659	676	678	653
669	659	657	681	678	654
666	658	659	684	679	653
664	657	660	678	675	655
664	657	656	681	679	654
665	656	659	678	675	654
666	657	658	681	675	655
664	657	658	684	678	655
666	657	659	674	676	653
666	657	658	680	676	655
665	656	660	684	679	653
665	656	657	679	674	653
667	658	657	683	676	652
664	656	658	682	677	654
667	656	658	675	678	655
667	655	657	676	677	653
666	658	660	684	679	654
666	657	658	676	679	654
667	660	656	680	677	652
665	655	655	684	677	653
666	656	657	679	678	653
666	657	657	679	676	655
666	658	660	675	680	654
665	657	658	683	679	654
665	658	655	674	678	654
667	658	660	674	678	655
668	658	656	684	680	653
669	659	659	678	677	654
666	658	659	681	675	654
666	658	659	679	678	655
665	659	658	677	676	655
667	658	657	682	675	654
667	658	659	676	677	654
666	657	657	683	678	653
665	657	658	675	678	655
666	656	658	681	676	654
669	657	658	681	678	655
664	655	656	677	677	655
668	658	660	675	678	653
664	655	659	674	676	654
668	658	658	676	678	653
666	657	658	675	678	655
669	657	656	678	677	653
666	657	656	678	677	653
664	655	656	679	678	654
666	658	655	676	677	654
665	656	658	680	674	655
664	655	660	678	675	652
664	657	658	683	679	654
668	656	657	674	677	654
665	657	659	677	675	652
667	658	657	682	677	654
666	658	657	676	676	653
666	657	657	683	678	653
665	655	660	674	678	654
665	654	660	680	674	654
668	659	660	675	679	653
665	656	660	679	676	654
666	657	657	674	678	653
664	658	658	683	678	654
666	658	658	677	677	654
665	659	655	675	678	654
666	657	657	681	678	652
665	659	657	680	676	655
664	658	657	683	679	654
664	656	658	677	679	652
663	657	657	675	677	654
666	658	657	684	677	652
664	658	656	674	676	653
667	655	658	675	676	653
665	654	655	680	674	654
666	657	657	674	676	653
666	658	656	679	679	653
666	657	656	676	676	653
669	658	658	679	680	653
664	657	658	676	675	653
667	657	657	679	678	654
666	657	653	677	676	653
668	657	657	682	676	654
666	657	657	677	677	653
667	656	656	684	678	654
666	654	659	678	679	653
666	657	660	676	675	651
663	655	659	673	676	653
665	657	657	679	678	653
665	657	656	682	678	654
667	659	657	677	677	652
667	658	661	685	680	654
665	658	658	678	674	652
664	659	658	683	679	653
666	656	658	676	679	653
665	658	657	681	677	654
665	657	660	676	677	653
665	658	657	678	675	654
666	657	656	685	677	654
664	657	655	678	676	652
664	656	656	679	677	653
667	656	656	676	677	653
663	655	657	677	676	653
665	654	658	676	677	654
663	655	655	680	678	653
665	657	657	674	676	654
667	657	655	679	676	653
664	658	658	674	678	654
667	655	657	678	676	653
666	658	655	678	674	654
667	655	659	680	678	653
667	656	658	676	676	654
668	659	656	682	676	655
665	657	655	679	678	653
666	657	653	679	678	654
666	656	659	676	677	653
665	655	658	679	677	654
666	657	658	679	676	654
666	660	657	683	680	653
664	658	659	675	677	653
665	656	658	684	677	654
664	658	657	674	678	653
666	657	655	677	675	653
666	660	658	679	678	654
665	655	656	676	678	652
667	658	654	684	678	653
665	656	658	676	677	653
665	654	658	677	677	654
667	657	658	675	676	654
666	657	657	681	675	653
668	655	655	680	675	654
666	657	654	681	677	655
666	656	655	678	676	654
664	656	655	679	676	654
665	655	656	679	676	655
668	656	658	676	677	653
666	656	658	679	675	654
664	657	658	675	676	653
665	657	659	674	677	654
664	657	658	679	675	653
668	657	654	680	677	654
665	656	658	675	679	653
666	657	656	678	676	653
667	659	658	678	679	654
666	658	660	681	676	653
665	657	655	681	676	653
667	658	659	677	679	653
665	654	658	677	678	652
666	656	652	677	676	655
