-0.6427629444233532 1.246447993386578 -0.3497278358836964 
-0.6407712740746593 1.2389063681701555 -0.36337415747518975 
-0.641975094172051 1.2434637675668243 -0.35511450188644267 
-0.6411759499484457 1.2404389183303903 -0.36060394665356554 
-0.6414651299503747 1.2415334630148942 -0.3586171264162875 
-0.64075464986693 1.2388444932522564 -0.36350079444704486 
-0.6423992032609265 1.2450700752489952 -0.35221318014285696 
-0.64108646977845 1.2401004822519082 -0.36122163774426785 
-0.6427893348456492 1.2465479134777535 -0.3495469048533293 
-0.6413631761825607 1.241147443054265 -0.3593161148619263 
-0.6428190601157828 1.2466597480002477 -0.34933466866987173 
-0.6414039576315751 1.241302562873265 -0.3590449615338326 
-0.6434247165583963 1.2489536119526392 -0.3451907688781456 
-0.6422033567416338 1.2443292682085167 -0.3535643328786575 
-0.643161910398462 1.2479585685551662 -0.34699255093265213 
-0.6417560059231148 1.2426347850547999 -0.3566228995385725 
-0.6440435680896739 1.2512954763634956 -0.34093317833634007 
-0.6424411496524889 1.2452276486253682 -0.3519108370338976 
-0.6442037837897875 1.2519020891407973 -0.339834749846737 
-0.6428919253054697 1.2469363440979255 -0.34884355128842603 
-0.6440362453894528 1.2512689980374239 -0.3409981667188713 
-0.642248100503072 1.2444986781812828 -0.3532575725408076 
-0.6438428163318167 1.2505353849286642 -0.34230951941909127 
-0.6424956406381291 1.2454346738967166 -0.35154566894374895 
-0.6438823431194212 1.2506859333030218 -0.342049089913821 
-0.6424403173101148 1.2452248532167898 -0.35192076434532116 
-0.643845422335928 1.2505464989166153 -0.34230643724614185 
-0.6422987516880951 1.2446900989647762 -0.35290609046261756 
-0.6430560864699442 1.2475566482245959 -0.34770328852717114 
-0.6424532648424119 1.2452751206174812 -0.3518467582585971 
-0.6435165054580274 1.2493004333748703 -0.3445530284603354 
-0.6421034241919237 1.2439492998850337 -0.35423048179941385 
-0.6431812917303461 1.2480312385943706 -0.3468512321215871 
-0.6422546261638226 1.2445230297773628 -0.35320861220639943 
-0.6436563186508719 1.2498312198218988 -0.34361133848139924 
-0.6420297666378216 1.2436707698536131 -0.3547396709931121 
-0.6430007773121672 1.2473472352782649 -0.34808248453976565 
-0.6414079623320215 1.2413177255724157 -0.3590175055662873 
-0.6430362475161203 1.24748153347074 -0.34783930311293676 
-0.641754571923876 1.2426300676650135 -0.35664117259646844 
-0.6431869850487226 1.2480527947818723 -0.3468121990986025 
-0.6418147347047745 1.2428578575232183 -0.35622870045730937 
-0.6433504173694706 1.2486722984651755 -0.3457001593174872 
-0.6415223307293303 1.2417500380656628 -0.3582249615710964 
-0.6432680571642095 1.2483597520969316 -0.3462563739123061 
-0.641415098877057 1.2413440340867985 -0.35896013622280853 
-0.6433615586149526 1.2487137696787087 -0.34561533400646316 
-0.6418983093257249 1.2431739338610175 -0.35565149742934665 
-0.643002746624272 1.2473559386066735 -0.34808376748607983 
-0.6416207208383368 1.242122921237648 -0.35755462616589784 
-0.643004647472871 1.2473631356482056 -0.34807073539088573 
-0.6421087683298252 1.243970779119596 -0.3542086040934672 
-0.6437337189338482 1.2501228525868542 -0.34306382690269754 
-0.6421469440424902 1.244114964950897 -0.3539426530478147 
-0.6433400476234996 1.2486326802406464 -0.3457670328000729 
-0.6420910498081498 1.2439040488275033 -0.3543343019592865 
-0.6425320024205419 1.2455732388475516 -0.3513069385096028 
-0.641445935041438 1.241461142787631 -0.35875294629779164 
-0.643196423238275 1.2480872847732065 -0.34673273012250383 
-0.6418945242088281 1.2431599585820978 -0.3556816687721397 
-0.642739711653368 1.2463596728518747 -0.34988289742793677 
-0.6413322033361355 1.2410312409539261 -0.3595411251737184 
-0.6423861095514026 1.2450204995114502 -0.3523029497694625 
-0.6421663769898173 1.244188542472581 -0.35380942201636245 
-0.6432766464310866 1.2483910278755426 -0.34618272509522696 
-0.64190060882794 1.2431822842676716 -0.3556315113648365 
-0.643732870011173 1.2501196383741313 -0.3430696470617167 
-0.6420354952591019 1.2436929947197017 -0.354706738706827 
-0.6434316501001835 1.2489791518509363 -0.34513479131182356 
-0.6418533441061975 1.243003685397976 -0.3559597760695492 
-0.6436065372762227 1.2496393550218734 -0.34391255005645605 
-0.6417219903155429 1.2425051051965974 -0.3568455678142004 
-0.6425324176544591 1.2455748110168186 -0.3513040916926916 
-0.6413664001560758 1.241160717827317 -0.3593066739854176 
-0.6428245670112119 1.2466809543758084 -0.3493011345764483 
-0.641605259163092 1.2420634888065727 -0.3576500668155048 
-0.6429171861109158 1.2470307401363208 -0.3486555804153243 
-0.641921525515409 1.2432618355915763 -0.3554923287327021 
-0.6431430902099597 1.2478865990218295 -0.34711313927743337 
-0.6420270521694512 1.2436610272779445 -0.35476462398402486 
-0.6435626995312436 1.249474799541315 -0.3442299821075032 
-0.6416079855367084 1.2420734573901375 -0.35762717721286674 
-0.6436043467509962 1.2496337323774351 -0.3439592358822863 
-0.6419772591345236 1.243472855644269 -0.3551102226405981 
-0.6434603897655977 1.2490886787612006 -0.34494619567415996 
-0.6422137222030015 1.244369224292452 -0.3535016865322901 
-0.6432944383590851 1.2484596372510124 -0.34607550614453697 
-0.6413125342249579 1.2409560572078664 -0.35966753367751836 
-0.6431384819781091 1.2478698632714265 -0.34715317466905127 
-0.6416384301325919 1.242189616592646 -0.35742899156267693 
-0.643167995017574 1.2479808942407398 -0.34694239352534895 
-0.641663386555649 1.2422848192940354 -0.35726633359020554 
-0.6429853675201272 1.247288890329921 -0.34818813307847685 
-0.6420895049573825 1.243896952605456 -0.35433010893346295 
-0.6430671521440072 1.2476001484584491 -0.3476464282294278 
-0.6413722559642179 1.2411818211555647 -0.35925386446546426 
-0.6426348524418709 1.2459637183627896 -0.3506144448207763 
-0.6414951006117795 1.241646938698859 -0.3584116494978844 
-0.642964731526833 1.2472116488460738 -0.34834017571236486 
-0.6411786831394188 1.2404489107805008 -0.36058098724694765 
-0.643159365504976 1.2479485769870415 -0.34700577773210783 
-0.6415181396059366 1.2417345255545713 -0.35825791646820304 
-0.6427462704747208 1.2463848620562445 -0.3498421513983374 
-0.6412542722926583 1.240735464391194 -0.36006697372148266 
-0.6427101728061816 1.2462481881413219 -0.3500896346818324 
-0.6411782844858026 1.240447757415379 -0.3605879412162639 
-0.6425444075548544 1.2456193164428224 -0.35121132611315775 
-0.6410282336538718 1.2398803431764758 -0.36162512167803884 
-0.6426880177698415 1.246164304176667 -0.3502415281797039 
-0.6415151257207888 1.2417222232644036 -0.3582680158730668 
-0.6428270292709547 1.2466890319234611 -0.34926949212446123 
-0.6416517526530855 1.2422404146875163 -0.3573418740487213 
-0.6425098215764803 1.245488901141657 -0.3514547881176674 
-0.641524689199869 1.241759679821846 -0.3582172337012016 
-0.6429244076997582 1.2470589737417246 -0.34861663326575854 
-0.6414085897966074 1.2413201012948627 -0.35901320370962153 
-0.6429327939633871 1.2470894809042499 -0.3485443762258357 
-0.6420110646537284 1.2436015630195878 -0.3548868958366156 
-0.6432096161618432 1.2481391933353683 -0.34666548330083435 
-0.6419057004894522 1.243201918473966 -0.35560082408832405 
-0.6431827681176076 1.2480368285295413 -0.346841110105902 
-0.6413946490389482 1.24126696241464 -0.3591045598176448 
-0.6434466354308858 1.2490358896929183 -0.34503205285262206 
-0.6416903218087877 1.2423852010871868 -0.357062685050641 
-0.6437506548540527 1.2501880438828035 -0.34296037780551536 
-0.6419456164354899 1.2433534052760975 -0.3553313837668447 
-0.6436866145595697 1.2499439697876076 -0.3433804286785517 
-0.6422001567013005 1.2443167961066601 -0.35358205132257325 
-0.6438365455575193 1.2505128894314015 -0.342367295865447 
-0.6423578014324448 1.2449127835743452 -0.35249068563312813 
-0.6442387023455411 1.2520359017647513 -0.33961435573308496 
-0.6423897506333747 1.2450349975238133 -0.3522864283984416 
-0.6445071260074652 1.2530506111958 -0.33775505519908255 
-0.6427983814667041 1.2465814539707636 -0.34947644015205803 
-0.6442262029400013 1.2519878641413644 -0.33969160919821495 
-0.6428855787147857 1.2469119584467365 -0.3488828422782705 
-0.644401599621185 1.252651599509684 -0.3384848800572511 
-0.6430050553539076 1.2473643239504222 -0.34806371815897186 
-0.644102556700604 1.2515207777272324 -0.3405519592406451 
-0.6432340372720344 1.2482304100981352 -0.34648326932415263 
-0.6446561749221374 1.253615479018581 -0.3367395282401878 
-0.6431475193717436 1.2479033688273415 -0.3470827732303785 
-0.6442656612640996 1.252136906228845 -0.33941686465143595 
-0.642584748229992 1.2457725903515684 -0.35094109582166 
-0.6444480670356951 1.252827891649136 -0.3381705232911699 
-0.642803438093074 1.2466005994987233 -0.3494417722483375 
-0.644570071988002 1.253289829916802 -0.33733406522001064 
-0.6430752979591821 1.2476293872560043 -0.34757157579807174 
-0.6445607373198916 1.2532535957166846 -0.3373874995045253 
-0.6435162671518753 1.2492989960801977 -0.34454831950079223 
-0.644212278762643 1.2519351440652862 -0.3397870724586429 
-0.6434884853861249 1.2491954111448724 -0.34475779474075774 
-0.6445352550563564 1.253158361188014 -0.3375769886799802 
-0.6426865155748587 1.2461582605002566 -0.35024760630558227 
-0.6446707357915021 1.2536706097542019 -0.3366396998604957 
-0.6430502401569844 1.247535759833695 -0.34775815489401696 
-0.644681334348443 1.2537114503360565 -0.33657547849055947 
-0.6434105801503691 1.24890008832338 -0.34528768717832836 
-0.6447133588530299 1.253831455264952 -0.33634113613310124 
-0.6437250636135288 1.2500900815919163 -0.3431231672196502 
-0.6447242030690037 1.25387411700853 -0.33628579413771087 
-0.6435642443820108 1.2494818957633618 -0.34423417513332655 
-0.6452031118105114 1.2556863054396485 -0.33298976426712623 
-0.6441736435534985 1.2517888624492888 -0.3400519529565965 
-0.645203536271849 1.25568791254601 -0.3329868541876171 
-0.6434270160606114 1.2489619623592934 -0.34517078281363545 
-0.645042683879729 1.2550788891091662 -0.33408964779648465 
-0.6432628429908911 1.2483414322247268 -0.346308982186616 
-0.6447085220779714 1.2538136771574757 -0.3363806395215607 
-0.6432342755781866 1.2482318473928078 -0.3464879782836958 
-0.6446790090385065 1.2537026461881626 -0.33659142066526326 
-0.6435771000531443 1.2495302142064864 -0.34414181665666965 
-0.6448659972342312 1.2544099136176168 -0.33530100002357244 
-0.6431913973624436 1.2480689657829875 -0.34677560578965194 
-0.6447573221552988 1.2539991573118716 -0.33605451099577854 
-0.6435680129186065 1.249495452238137 -0.3441998966381292 
-0.644354360707164 1.252473454381228 -0.33881718865177 
-0.6433579691484236 1.2487001791488253 -0.345639943157097 
-0.6449141013834666 1.2545915117626887 -0.33496485831294753 
-0.6430544497352189 1.247551342218976 -0.347725073471715 
-0.644716965167622 1.2538456445992332 -0.336322754244363 
-0.6431234189564805 1.247811584205473 -0.34724166134934253 
-0.6444484656893112 1.2528290450142578 -0.3381635693218541 
-0.6426096880727481 1.2458673742488133 -0.35077433069678443 
-0.6440545913757143 1.251338104051964 -0.340868166996386 
-0.643049483095473 1.2475344945785387 -0.34778232744296866 
-0.6441379184630922 1.2516527081579958 -0.34028631827147837 
-0.6433254867541349 1.248577549505026 -0.3458668611797652 
-0.6443518231665586 1.2524638466801534 -0.3388345858662284 
-0.6427435133505659 1.2463740669349392 -0.349856833237548 
-0.6440550066096316 1.251339676221231 -0.3408653201794747 
-0.6428827770603067 1.2469004597097495 -0.34889148664337954 
-0.6444689152596583 1.2529059366861641 -0.3380170256175269 
-0.6429511799276074 1.2471594483936252 -0.3484225210041795 
-0.6441291120227295 1.2516202560297038 -0.34035725825469165 
-0.6431139239409062 1.2477756339349066 -0.347306758562716 
-0.6444814315132611 1.2529545731139482 -0.33794599941429226 
-0.6432619301570751 1.2483365538659736 -0.34629838027739845 
-0.6441149663872816 1.2515666974633497 -0.3404542398174726 
-0.64259023854512 1.2457933779229844 -0.35090345457583183 
