-0.587762944423353 1.2464479933865784 -0.3497278358836964 
-0.5857712740746592 1.2389063681701558 -0.3633741574751901 
-0.5869750941720508 1.243463767566824 -0.355114501886443 
-0.5861759499484455 1.2404389183303899 -0.3606039466535653 
-0.5864651299503747 1.2415334630148942 -0.3586171264162874 
-0.5857546498669299 1.2388444932522564 -0.36350079444704475 
-0.5873992032609263 1.245070075248995 -0.3522131801428571 
-0.5860864697784498 1.2401004822519084 -0.3612216377442681 
-0.587789334845649 1.2465479134777537 -0.34954690485332907 
-0.5863631761825605 1.241147443054265 -0.3593161148619264 
-0.5878190601157828 1.246659748000248 -0.3493346686698722 
-0.5864039576315749 1.241302562873265 -0.35904496153383303 
-0.5884247165583961 1.2489536119526394 -0.3451907688781457 
-0.5872033567416336 1.2443292682085165 -0.3535643328786574 
-0.5881619103984619 1.2479585685551662 -0.346992550932652 
-0.5867560059231146 1.2426347850547996 -0.3566228995385725 
-0.5890435680896737 1.2512954763634954 -0.34093317833634007 
-0.5874411496524887 1.2452276486253682 -0.3519108370338976 
-0.5892037837897873 1.2519020891407968 -0.3398347498467369 
-0.5878919253054695 1.2469363440979255 -0.34884355128842626 
-0.5890362453894527 1.2512689980374239 -0.3409981667188716 
-0.5872481005030719 1.244498678181283 -0.3532575725408078 
-0.5888428163318166 1.2505353849286642 -0.34230951941909127 
-0.5874956406381289 1.2454346738967164 -0.35154566894374895 
-0.5888823431194211 1.2506859333030214 -0.342049089913821 
-0.5874403173101146 1.2452248532167898 -0.35192076434532127 
-0.5888454223359278 1.2505464989166155 -0.34230643724614185 
-0.587298751688095 1.244690098964776 -0.3529060904626178 
-0.588056086469944 1.2475566482245959 -0.34770328852717103 
-0.5874532648424118 1.2452751206174808 -0.3518467582585971 
-0.5885165054580273 1.24930043337487 -0.3445530284603354 
-0.5871034241919235 1.2439492998850337 -0.3542304817994141 
-0.5881812917303461 1.2480312385943706 -0.3468512321215872 
-0.5872546261638225 1.2445230297773626 -0.3532086122063993 
-0.5886563186508718 1.2498312198218988 -0.3436113384813997 
-0.5870297666378215 1.243670769853613 -0.354739670993112 
-0.588000777312167 1.2473472352782646 -0.34808248453976565 
-0.5864079623320213 1.2413177255724157 -0.35901750556628753 
-0.58803624751612 1.24748153347074 -0.3478393031129363 
-0.5867545719238758 1.2426300676650137 -0.35664117259646844 
-0.5881869850487225 1.2480527947818725 -0.3468121990986024 
-0.5868147347047743 1.2428578575232185 -0.3562287004573096 
-0.5883504173694705 1.2486722984651755 -0.34570015931748743 
-0.5865223307293302 1.2417500380656628 -0.3582249615710965 
-0.5882680571642095 1.2483597520969318 -0.34625637391230635 
-0.5864150988770569 1.2413440340867985 -0.358960136222809 
-0.5883615586149524 1.248713769678709 -0.3456153340064635 
-0.5868983093257247 1.2431739338610175 -0.35565149742934665 
-0.5880027466242719 1.2473559386066737 -0.34808376748608016 
-0.5866207208383366 1.2421229212376477 -0.35755462616589784 
-0.5880046474728708 1.2473631356482058 -0.3480707353908862 
-0.5871087683298251 1.243970779119596 -0.3542086040934672 
-0.5887337189338482 1.2501228525868542 -0.34306382690269777 
-0.5871469440424901 1.2441149649508974 -0.3539426530478147 
-0.5883400476234997 1.2486326802406467 -0.34576703280007326 
-0.5870910498081495 1.243904048827503 -0.3543343019592865 
-0.5875320024205417 1.2455732388475513 -0.35130693850960304 
-0.5864459350414379 1.2414611427876308 -0.35875294629779153 
-0.5881964232382748 1.2480872847732063 -0.34673273012250416 
-0.5868945242088279 1.243159958582098 -0.3556816687721398 
-0.5877397116533678 1.2463596728518747 -0.34988289742793666 
-0.5863322033361354 1.2410312409539261 -0.3595411251737185 
-0.5873861095514026 1.24502049951145 -0.35230294976946264 
-0.5871663769898171 1.244188542472581 -0.35380942201636256 
-0.5882766464310866 1.2483910278755426 -0.3461827250952274 
-0.5869006088279398 1.2431822842676716 -0.3556315113648366 
-0.5887328700111728 1.250119638374131 -0.3430696470617165 
-0.5870354952591017 1.2436929947197017 -0.354706738706827 
-0.5884316501001833 1.248979151850936 -0.3451347913118238 
-0.5868533441061974 1.243003685397976 -0.3559597760695492 
-0.5886065372762226 1.2496393550218732 -0.34391255005645605 
-0.5867219903155428 1.2425051051965974 -0.3568455678142005 
-0.587532417654459 1.2455748110168183 -0.3513040916926914 
-0.5863664001560757 1.2411607178273165 -0.3593066739854176 
-0.5878245670112119 1.2466809543758084 -0.34930113457644807 
-0.5866052591630918 1.2420634888065725 -0.3576500668155047 
-0.5879171861109156 1.2470307401363205 -0.34865558041532396 
-0.5869215255154089 1.243261835591576 -0.3554923287327021 
-0.5881430902099596 1.2478865990218295 -0.34711313927743326 
-0.5870270521694512 1.2436610272779445 -0.354764623984025 
-0.5885626995312434 1.249474799541315 -0.3442299821075031 
-0.5866079855367082 1.2420734573901375 -0.35762717721286696 
-0.588604346750996 1.2496337323774354 -0.3439592358822863 
-0.5869772591345235 1.2434728556442687 -0.3551102226405982 
-0.5884603897655976 1.2490886787612006 -0.3449461956741602 
-0.5872137222030014 1.2443692242924522 -0.3535016865322902 
-0.588294438359085 1.2484596372510126 -0.3460755061445374 
-0.5863125342249578 1.2409560572078662 -0.35966753367751814 
-0.5881384819781089 1.2478698632714267 -0.3471531746690515 
-0.5866384301325918 1.242189616592646 -0.35742899156267693 
-0.5881679950175739 1.2479808942407398 -0.34694239352534884 
-0.586663386555649 1.242284819294036 -0.3572663335902059 
-0.587985367520127 1.2472888903299209 -0.34818813307847674 
-0.5870895049573823 1.243896952605456 -0.3543301089334625 
-0.5880671521440071 1.247600148458449 -0.3476464282294278 
-0.5863722559642176 1.2411818211555645 -0.35925386446546437 
-0.5876348524418709 1.2459637183627894 -0.35061444482077664 
-0.5864951006117793 1.2416469386988587 -0.35841164949788473 
-0.5879647315268328 1.2472116488460736 -0.3483401757123651 
-0.5861786831394187 1.2404489107805008 -0.3605809872469483 
-0.5881593655049758 1.2479485769870413 -0.34700577773210806 
-0.5865181396059365 1.241734525554571 -0.35825791646820293 
-0.5877462704747206 1.2463848620562445 -0.34984215139833763 
-0.5862542722926583 1.2407354643911939 -0.36006697372148266 
-0.5877101728061814 1.2462481881413219 -0.35008963468183263 
-0.5861782844858026 1.2404477574153787 -0.3605879412162638 
-0.5875444075548542 1.2456193164428222 -0.35121132611315775 
-0.5860282336538717 1.2398803431764756 -0.36162512167803873 
-0.5876880177698414 1.2461643041766668 -0.3502415281797042 
-0.5865151257207886 1.2417222232644032 -0.35826801587306656 
-0.5878270292709545 1.2466890319234611 -0.34926949212446134 
-0.5866517526530853 1.2422404146875161 -0.3573418740487213 
-0.5875098215764802 1.2454889011416574 -0.35145478811766784 
-0.5865246891998689 1.2417596798218462 -0.35821723370120195 
-0.5879244076997582 1.2470589737417246 -0.34861663326575854 
-0.5864085897966073 1.2413201012948631 -0.35901320370962175 
-0.5879327939633869 1.2470894809042499 -0.348544376225836 
-0.5870110646537283 1.2436015630195876 -0.3548868958366155 
-0.5882096161618431 1.2481391933353683 -0.34666548330083446 
-0.586905700489452 1.2432019184739658 -0.35560082408832416 
-0.5881827681176074 1.2480368285295416 -0.346841110105902 
-0.586394649038948 1.2412669624146397 -0.359104559817645 
-0.5884466354308856 1.2490358896929186 -0.3450320528526223 
-0.5866903218087877 1.2423852010871868 -0.3570626850506412 
-0.5887506548540526 1.2501880438828035 -0.34296037780551536 
-0.5869456164354898 1.243353405276098 -0.35533138376684514 
-0.5886866145595695 1.2499439697876074 -0.34338042867855156 
-0.5872001567013003 1.2443167961066601 -0.35358205132257337 
-0.5888365455575192 1.2505128894314017 -0.34236729586544723 
-0.5873578014324445 1.2449127835743452 -0.35249068563312824 
-0.589238702345541 1.252035901764751 -0.3396143557330852 
-0.5873897506333745 1.2450349975238133 -0.3522864283984415 
-0.589507126007465 1.2530506111957997 -0.33775505519908255 
-0.587798381466704 1.2465814539707638 -0.34947644015205814 
-0.5892262029400012 1.2519878641413642 -0.33969160919821484 
-0.5878855787147856 1.2469119584467363 -0.3488828422782707 
-0.5894015996211849 1.252651599509684 -0.33848488005725097 
-0.5880050553539076 1.2473643239504222 -0.3480637181589721 
-0.5891025567006039 1.2515207777272326 -0.3405519592406455 
-0.5882340372720343 1.248230410098135 -0.3464832693241531 
-0.5896561749221373 1.253615479018581 -0.3367395282401878 
-0.5881475193717436 1.2479033688273415 -0.34708277323037884 
-0.5892656612640994 1.2521369062288448 -0.33941686465143606 
-0.587584748229992 1.2457725903515684 -0.3509410958216601 
-0.5894480670356951 1.2528278916491358 -0.3381705232911698 
-0.587803438093074 1.2466005994987233 -0.3494417722483376 
-0.5895700719880019 1.253289829916802 -0.3373340652200105 
-0.5880752979591819 1.247629387256004 -0.34757157579807174 
-0.5895607373198914 1.2532535957166846 -0.33738749950452496 
-0.5885162671518751 1.2492989960801975 -0.3445483195007921 
-0.5892122787626428 1.251935144065286 -0.33978707245864315 
-0.5884884853861249 1.2491954111448724 -0.34475779474075785 
-0.5895352550563563 1.2531583611880142 -0.3375769886799803 
-0.5876865155748586 1.2461582605002566 -0.35024760630558216 
-0.589670735791502 1.2536706097542016 -0.3366396998604956 
-0.5880502401569843 1.2475357598336951 -0.3477581548940174 
-0.5896813343484428 1.2537114503360567 -0.3365754784905599 
-0.588410580150369 1.2489000883233803 -0.3452876871783286 
-0.5897133588530298 1.2538314552649523 -0.336341136133101 
-0.5887250636135287 1.2500900815919165 -0.3431231672196504 
-0.5897242030690036 1.2538741170085297 -0.336285794137711 
-0.5885642443820106 1.249481895763362 -0.3442341751333269 
-0.5902031118105113 1.2556863054396485 -0.33298976426712656 
-0.5891736435534983 1.2517888624492886 -0.3400519529565965 
-0.590203536271849 1.2556879125460103 -0.3329868541876171 
-0.5884270160606112 1.2489619623592934 -0.34517078281363545 
-0.5900426838797288 1.2550788891091662 -0.334089647796485 
-0.5882628429908909 1.2483414322247266 -0.3463089821866159 
-0.5897085220779712 1.2538136771574757 -0.33638063952156116 
-0.5882342755781865 1.248231847392808 -0.34648797828369626 
-0.5896790090385063 1.2537026461881626 -0.3365914206652637 
-0.5885771000531442 1.2495302142064864 -0.34414181665666954 
-0.589865997234231 1.2544099136176168 -0.33530100002357266 
-0.5881913973624435 1.2480689657829873 -0.34677560578965183 
-0.5897573221552985 1.2539991573118718 -0.33605451099577865 
-0.5885680129186064 1.2494954522381367 -0.3441998966381289 
-0.5893543607071638 1.2524734543812281 -0.33881718865177013 
-0.5883579691484234 1.2487001791488253 -0.34563994315709734 
-0.5899141013834666 1.2545915117626885 -0.33496485831294787 
-0.5880544497352187 1.2475513422189757 -0.3477250734717148 
-0.5897169651676218 1.253845644599233 -0.33632275424436275 
-0.5881234189564802 1.247811584205473 -0.3472416613493424 
-0.5894484656893111 1.2528290450142578 -0.338163569321854 
-0.5876096880727479 1.2458673742488129 -0.3507743306967841 
-0.5890545913757141 1.251338104051964 -0.3408681669963859 
-0.5880494830954729 1.247534494578539 -0.34778232744296933 
-0.589137918463092 1.2516527081579958 -0.3402863182714786 
-0.5883254867541348 1.2485775495050255 -0.34586686117976484 
-0.5893518231665584 1.2524638466801534 -0.3388345858662285 
-0.5877435133505657 1.2463740669349388 -0.3498568332375479 
-0.5890550066096314 1.2513396762212308 -0.3408653201794747 
-0.5878827770603066 1.2469004597097495 -0.34889148664337943 
-0.5894689152596582 1.2529059366861641 -0.3380170256175268 
-0.5879511799276073 1.2471594483936252 -0.3484225210041795 
-0.5891291120227293 1.2516202560297036 -0.34035725825469165 
-0.5881139239409059 1.2477756339349062 -0.34730675856271587 
-0.589481431513261 1.2529545731139482 -0.3379459994142926 
-0.5882619301570751 1.2483365538659734 -0.3462983802773987 
-0.5891149663872814 1.2515666974633495 -0.3404542398174726 
-0.5875902385451199 1.2457933779229844 -0.35090345457583205 
