-0.587762944423353 1.1764479933865781 -0.3497278358836966 
-0.5857712740746592 1.1689063681701557 -0.3633741574751901 
-0.586975094172051 1.1734637675668242 -0.355114501886443 
-0.5861759499484455 1.17043891833039 -0.3606039466535653 
-0.5864651299503746 1.1715334630148941 -0.35861712641628773 
-0.5857546498669299 1.1688444932522564 -0.3635007944470451 
-0.5873992032609263 1.1750700752489949 -0.3522131801428571 
-0.5860864697784498 1.170100482251908 -0.3612216377442681 
-0.5877893348456491 1.1765479134777537 -0.3495469048533295 
-0.5863631761825606 1.1711474430542652 -0.3593161148619265 
-0.5878190601157828 1.1766597480002479 -0.3493346686698722 
-0.5864039576315749 1.171302562873265 -0.35904496153383314 
-0.5884247165583961 1.1789536119526391 -0.3451907688781458 
-0.5872033567416337 1.1743292682085165 -0.3535643328786575 
-0.588161910398462 1.177958568555166 -0.34699255093265235 
-0.5867560059231145 1.1726347850547998 -0.35662289953857274 
-0.5890435680896737 1.1812954763634955 -0.3409331783363403 
-0.5874411496524887 1.1752276486253679 -0.3519108370338976 
-0.5892037837897874 1.181902089140797 -0.3398347498467369 
-0.5878919253054695 1.1769363440979255 -0.34884355128842626 
-0.5890362453894527 1.1812689980374236 -0.3409981667188716 
-0.5872481005030719 1.1744986781812827 -0.3532575725408078 
-0.5888428163318167 1.1805353849286642 -0.3423095194190915 
-0.587495640638129 1.1754346738967163 -0.35154566894374906 
-0.588882343119421 1.1806859333030215 -0.342049089913821 
-0.5874403173101146 1.1752248532167897 -0.35192076434532127 
-0.5888454223359278 1.1805464989166152 -0.3423064372461422 
-0.587298751688095 1.174690098964776 -0.3529060904626178 
-0.5880560864699441 1.1775566482245958 -0.34770328852717114 
-0.5874532648424118 1.1752751206174807 -0.35184675825859724 
-0.5885165054580273 1.1793004333748702 -0.34455302846033564 
-0.5871034241919235 1.1739492998850336 -0.3542304817994143 
-0.588181291730346 1.1780312385943705 -0.3468512321215872 
-0.5872546261638223 1.1745230297773623 -0.35320861220639954 
-0.5886563186508716 1.1798312198218985 -0.3436113384813997 
-0.5870297666378215 1.1736707698536128 -0.35473967099311243 
-0.5880007773121672 1.1773472352782648 -0.3480824845397661 
-0.5864079623320213 1.1713177255724156 -0.35901750556628775 
-0.5880362475161203 1.17748153347074 -0.34783930311293676 
-0.5867545719238758 1.1726300676650137 -0.3566411725964683 
-0.5881869850487225 1.1780527947818722 -0.3468121990986026 
-0.5868147347047743 1.1728578575232183 -0.3562287004573095 
-0.5883504173694705 1.1786722984651754 -0.34570015931748777 
-0.5865223307293301 1.1717500380656627 -0.35822496157109696 
-0.5882680571642094 1.1783597520969318 -0.34625637391230635 
-0.5864150988770569 1.1713440340867984 -0.3589601362228091 
-0.5883615586149523 1.178713769678709 -0.3456153340064637 
-0.5868983093257247 1.1731739338610172 -0.355651497429347 
-0.588002746624272 1.1773559386066736 -0.34808376748608005 
-0.5866207208383366 1.1721229212376478 -0.35755462616589806 
-0.5880046474728708 1.1773631356482057 -0.34807073539088595 
-0.5871087683298251 1.1739707791195957 -0.35420860409346755 
-0.5887337189338481 1.1801228525868543 -0.343063826902698 
-0.5871469440424901 1.1741149649508973 -0.353942653047815 
-0.5883400476234996 1.1786326802406464 -0.34576703280007326 
-0.5870910498081495 1.173904048827503 -0.3543343019592864 
-0.5875320024205417 1.1755732388475513 -0.35130693850960304 
-0.5864459350414378 1.1714611427876307 -0.35875294629779164 
-0.5881964232382749 1.1780872847732062 -0.34673273012250405 
-0.5868945242088279 1.173159958582098 -0.35568166877214 
-0.5877397116533678 1.1763596728518744 -0.34988289742793677 
-0.5863322033361356 1.1710312409539259 -0.35954112517371817 
-0.5873861095514024 1.17502049951145 -0.3523029497694624 
-0.5871663769898171 1.174188542472581 -0.3538094220163628 
-0.5882766464310865 1.1783910278755423 -0.3461827250952274 
-0.5869006088279398 1.1731822842676718 -0.3556315113648364 
-0.5887328700111728 1.1801196383741313 -0.3430696470617165 
-0.5870354952591017 1.1736929947197015 -0.3547067387068271 
-0.5884316501001833 1.1789791518509363 -0.3451347913118241 
-0.5868533441061974 1.1730036853979757 -0.3559597760695494 
-0.5886065372762224 1.1796393550218731 -0.3439125500564557 
-0.5867219903155428 1.1725051051965976 -0.3568455678142006 
-0.587532417654459 1.1755748110168183 -0.3513040916926916 
-0.5863664001560758 1.1711607178273167 -0.35930667398541716 
-0.5878245670112118 1.1766809543758083 -0.3493011345764484 
-0.5866052591630919 1.1720634888065726 -0.35765006681550493 
-0.5879171861109156 1.1770307401363207 -0.3486555804153242 
-0.5869215255154088 1.173261835591576 -0.3554923287327021 
-0.5881430902099595 1.1778865990218295 -0.3471131392774336 
-0.587027052169451 1.1736610272779446 -0.354764623984025 
-0.5885626995312435 1.1794747995413148 -0.34422998210750333 
-0.5866079855367081 1.1720734573901375 -0.3576271772128672 
-0.5886043467509962 1.1796337323774353 -0.3439592358822864 
-0.5869772591345235 1.1734728556442688 -0.355110222640598 
-0.5884603897655976 1.1790886787612003 -0.34494619567416007 
-0.5872137222030013 1.1743692242924517 -0.3535016865322902 
-0.588294438359085 1.1784596372510125 -0.3460755061445373 
-0.5863125342249578 1.1709560572078663 -0.35966753367751836 
-0.5881384819781089 1.1778698632714264 -0.3471531746690516 
-0.5866384301325918 1.1721896165926458 -0.35742899156267693 
-0.5881679950175739 1.1779808942407397 -0.3469423935253493 
-0.586663386555649 1.1722848192940356 -0.3572663335902059 
-0.5879853675201271 1.1772888903299208 -0.34818813307847707 
-0.5870895049573824 1.173896952605456 -0.35433010893346295 
-0.5880671521440071 1.177600148458449 -0.3476464282294276 
-0.5863722559642176 1.1711818211555645 -0.3592538644654646 
-0.5876348524418706 1.1759637183627891 -0.35061444482077664 
-0.5864951006117793 1.1716469386988588 -0.3584116494978846 
-0.5879647315268328 1.1772116488460735 -0.3483401757123652 
-0.5861786831394186 1.1704489107805007 -0.3605809872469482 
-0.5881593655049758 1.1779485769870413 -0.34700577773210817 
-0.5865181396059365 1.171734525554571 -0.35825791646820315 
-0.5877462704747205 1.1763848620562443 -0.3498421513983374 
-0.5862542722926581 1.1707354643911936 -0.36006697372148266 
-0.5877101728061815 1.1762481881413216 -0.35008963468183285 
-0.5861782844858024 1.1704477574153787 -0.3605879412162637 
-0.5875444075548543 1.1756193164428224 -0.351211326113158 
-0.5860282336538718 1.1698803431764755 -0.3616251216780386 
-0.5876880177698414 1.1761643041766667 -0.35024152817970433 
-0.5865151257207887 1.1717222232644036 -0.3582680158730668 
-0.5878270292709545 1.176689031923461 -0.34926949212446123 
-0.5866517526530854 1.1722404146875163 -0.35734187404872164 
-0.5875098215764802 1.1754889011416572 -0.3514547881176675 
-0.5865246891998689 1.1717596798218464 -0.3582172337012016 
-0.5879244076997581 1.1770589737417245 -0.3486166332657584 
-0.5864085897966074 1.171320101294863 -0.35901320370962164 
-0.5879327939633869 1.1770894809042496 -0.3485443762258357 
-0.5870110646537283 1.1736015630195877 -0.35488689583661526 
-0.5882096161618431 1.1781391933353684 -0.3466654833008346 
-0.586905700489452 1.173201918473966 -0.3556008240883244 
-0.5881827681176074 1.1780368285295413 -0.34684111010590213 
-0.586394649038948 1.1712669624146397 -0.3591045598176448 
-0.5884466354308857 1.1790358896929187 -0.34503205285262273 
-0.5866903218087877 1.1723852010871867 -0.357062685050641 
-0.5887506548540526 1.1801880438828034 -0.342960377805515 
-0.5869456164354898 1.1733534052760979 -0.35533138376684537 
-0.5886866145595697 1.1799439697876077 -0.3433804286785518 
-0.5872001567013003 1.1743167961066598 -0.3535820513225735 
-0.5888365455575192 1.1805128894314016 -0.3423672958654471 
-0.5873578014324446 1.1749127835743451 -0.35249068563312813 
-0.589238702345541 1.182035901764751 -0.33961435573308507 
-0.5873897506333745 1.175034997523813 -0.3522864283984416 
-0.589507126007465 1.1830506111958 -0.33775505519908244 
-0.5877983814667038 1.1765814539707635 -0.3494764401520586 
-0.589226202940001 1.1819878641413641 -0.33969160919821506 
-0.5878855787147856 1.1769119584467362 -0.3488828422782706 
-0.5894015996211848 1.182651599509684 -0.3384848800572511 
-0.5880050553539075 1.177364323950422 -0.34806371815897197 
-0.5891025567006037 1.181520777727232 -0.3405519592406453 
-0.5882340372720343 1.1782304100981351 -0.3464832693241531 
-0.5896561749221372 1.1836154790185809 -0.3367395282401877 
-0.5881475193717435 1.1779033688273415 -0.34708277323037884 
-0.5892656612640994 1.1821369062288452 -0.3394168646514363 
-0.5875847482299918 1.1757725903515683 -0.3509410958216602 
-0.589448067035695 1.1828278916491357 -0.3381705232911698 
-0.5878034380930739 1.1766005994987232 -0.3494417722483375 
-0.5895700719880017 1.1832898299168015 -0.33733406522001075 
-0.5880752979591819 1.177629387256004 -0.34757157579807185 
-0.5895607373198916 1.1832535957166848 -0.3373874995045253 
-0.5885162671518752 1.1792989960801976 -0.34454831950079234 
-0.5892122787626428 1.1819351440652857 -0.3397870724586429 
-0.5884884853861249 1.1791954111448724 -0.34475779474075774 
-0.5895352550563563 1.1831583611880139 -0.3375769886799804 
-0.5876865155748586 1.1761582605002565 -0.35024760630558227 
-0.5896707357915019 1.1836706097542016 -0.3366396998604957 
-0.5880502401569844 1.1775357598336949 -0.3477581548940173 
-0.5896813343484429 1.1837114503360564 -0.3365754784905598 
-0.588410580150369 1.1789000883233802 -0.3452876871783287 
-0.5897133588530299 1.1838314552649523 -0.33634113613310124 
-0.5887250636135286 1.1800900815919162 -0.34312316721965064 
-0.5897242030690036 1.1838741170085296 -0.33628579413771065 
-0.5885642443820107 1.1794818957633622 -0.344234175133327 
-0.5902031118105113 1.1856863054396487 -0.3329897642671268 
-0.5891736435534982 1.1817888624492883 -0.3400519529565966 
-0.5902035362718488 1.1856879125460102 -0.3329868541876171 
-0.5884270160606112 1.178961962359293 -0.34517078281363567 
-0.5900426838797288 1.1850788891091664 -0.3340896477964851 
-0.5882628429908908 1.1783414322247265 -0.3463089821866159 
-0.5897085220779712 1.1838136771574759 -0.33638063952156105 
-0.5882342755781864 1.178231847392808 -0.34648797828369604 
-0.5896790090385063 1.1837026461881626 -0.3365914206652636 
-0.5885771000531441 1.179530214206486 -0.34414181665667 
-0.589865997234231 1.1844099136176167 -0.33530100002357244 
-0.5881913973624435 1.1780689657829875 -0.3467756057896523 
-0.5897573221552985 1.1839991573118716 -0.3360545109957789 
-0.5885680129186064 1.1794954522381367 -0.34419989663812944 
-0.5893543607071638 1.182473454381228 -0.33881718865177024 
-0.5883579691484233 1.1787001791488252 -0.34563994315709734 
-0.5899141013834666 1.1845915117626886 -0.33496485831294776 
-0.5880544497352187 1.1775513422189756 -0.3477250734717148 
-0.5897169651676217 1.183845644599233 -0.3363227542443633 
-0.5881234189564803 1.1778115842054728 -0.34724166134934253 
-0.5894484656893111 1.1828290450142578 -0.33816356932185443 
-0.5876096880727479 1.1758673742488128 -0.3507743306967842 
-0.5890545913757141 1.181338104051964 -0.3408681669963861 
-0.5880494830954728 1.1775344945785386 -0.34778232744296944 
-0.589137918463092 1.1816527081579957 -0.3402863182714787 
-0.5883254867541348 1.1785775495050255 -0.34586686117976506 
-0.5893518231665584 1.1824638466801534 -0.3388345858662285 
-0.5877435133505656 1.176374066934939 -0.349856833237548 
-0.5890550066096314 1.1813396762212305 -0.3408653201794748 
-0.5878827770603067 1.1769004597097494 -0.34889148664337966 
-0.5894689152596582 1.182905936686164 -0.3380170256175269 
-0.5879511799276074 1.1771594483936252 -0.3484225210041798 
-0.5891291120227293 1.1816202560297036 -0.34035725825469165 
-0.5881139239409061 1.1777756339349066 -0.347306758562716 
-0.589481431513261 1.1829545731139484 -0.3379459994142924 
-0.5882619301570748 1.1783365538659734 -0.3462983802773989 
-0.5891149663872814 1.1815666974633492 -0.34045423981747247 
-0.5875902385451199 1.1757933779229843 -0.3509034545758323 
