-0.6977629444233533 1.1764479933865781 -0.3497278358836967 
-0.6957712740746592 1.1689063681701555 -0.36337415747519 
-0.6969750941720512 1.1734637675668242 -0.355114501886443 
-0.6961759499484458 1.1704389183303903 -0.36060394665356577 
-0.6964651299503748 1.1715334630148941 -0.35861712641628773 
-0.69575464986693 1.1688444932522561 -0.36350079444704453 
-0.6973992032609264 1.1750700752489949 -0.3522131801428573 
-0.69608646977845 1.1701004822519083 -0.3612216377442681 
-0.6977893348456492 1.176547913477754 -0.3495469048533293 
-0.6963631761825606 1.171147443054265 -0.3593161148619264 
-0.6978190601157829 1.1766597480002476 -0.34933466866987184 
-0.6964039576315751 1.1713025628732652 -0.3590449615338328 
-0.6984247165583963 1.1789536119526394 -0.34519076887814604 
-0.6972033567416338 1.1743292682085167 -0.35356433287865774 
-0.6981619103984622 1.1779585685551663 -0.34699255093265224 
-0.6967560059231147 1.1726347850547996 -0.35662289953857274 
-0.6990435680896739 1.1812954763634955 -0.34093317833634007 
-0.6974411496524888 1.175227648625368 -0.3519108370338977 
-0.6992037837897875 1.181902089140797 -0.339834749846737 
-0.6978919253054698 1.1769363440979257 -0.34884355128842626 
-0.6990362453894529 1.1812689980374238 -0.3409981667188713 
-0.6972481005030721 1.174498678181283 -0.3532575725408077 
-0.6988428163318168 1.1805353849286642 -0.3423095194190915 
-0.6974956406381292 1.1754346738967163 -0.35154566894374906 
-0.6988823431194213 1.180685933303022 -0.34204908991382155 
-0.6974403173101147 1.1752248532167895 -0.35192076434532127 
-0.6988454223359281 1.1805464989166152 -0.34230643724614207 
-0.6972987516880952 1.174690098964776 -0.3529060904626178 
-0.6980560864699442 1.177556648224596 -0.34770328852717125 
-0.697453264842412 1.1752751206174812 -0.35184675825859724 
-0.6985165054580275 1.17930043337487 -0.34455302846033575 
-0.6971034241919237 1.1739492998850336 -0.3542304817994142 
-0.6981812917303462 1.1780312385943703 -0.3468512321215874 
-0.6972546261638227 1.1745230297773628 -0.35320861220639954 
-0.698656318650872 1.1798312198218985 -0.3436113384813996 
-0.6970297666378217 1.1736707698536128 -0.3547396709931123 
-0.6980007773121673 1.1773472352782648 -0.348082484539766 
-0.6964079623320215 1.1713177255724156 -0.35901750556628753 
-0.6980362475161204 1.17748153347074 -0.347839303112937 
-0.696754571923876 1.1726300676650137 -0.35664117259646844 
-0.6981869850487226 1.1780527947818722 -0.3468121990986026 
-0.6968147347047746 1.1728578575232187 -0.3562287004573095 
-0.6983504173694707 1.1786722984651756 -0.34570015931748765 
-0.6965223307293302 1.1717500380656625 -0.35822496157109684 
-0.6982680571642095 1.1783597520969313 -0.34625637391230646 
-0.696415098877057 1.1713440340867984 -0.358960136222809 
-0.6983615586149525 1.1787137696787084 -0.3456153340064637 
-0.696898309325725 1.1731739338610176 -0.355651497429347 
-0.6980027466242722 1.1773559386066736 -0.34808376748608016 
-0.6966207208383368 1.1721229212376478 -0.35755462616589817 
-0.698004647472871 1.177363135648206 -0.34807073539088607 
-0.6971087683298253 1.173970779119596 -0.35420860409346755 
-0.6987337189338482 1.1801228525868541 -0.343063826902698 
-0.6971469440424902 1.174114964950897 -0.35394265304781536 
-0.6983400476234998 1.1786326802406466 -0.34576703280007337 
-0.6970910498081498 1.1739040488275034 -0.3543343019592866 
-0.697532002420542 1.1755732388475515 -0.35130693850960315 
-0.6964459350414381 1.171461142787631 -0.35875294629779153 
-0.698196423238275 1.1780872847732065 -0.34673273012250405 
-0.6968945242088281 1.173159958582098 -0.3556816687721399 
-0.697739711653368 1.1763596728518746 -0.34988289742793677 
-0.6963322033361357 1.1710312409539259 -0.35954112517371817 
-0.6973861095514026 1.17502049951145 -0.35230294976946297 
-0.6971663769898172 1.1741885424725809 -0.35380942201636256 
-0.6982766464310867 1.1783910278755423 -0.3461827250952273 
-0.69690060882794 1.1731822842676716 -0.3556315113648366 
-0.698732870011173 1.180119638374131 -0.34306964706171694 
-0.6970354952591018 1.1736929947197015 -0.3547067387068271 
-0.6984316501001835 1.178979151850936 -0.3451347913118237 
-0.6968533441061976 1.173003685397976 -0.3559597760695494 
-0.6986065372762227 1.1796393550218733 -0.3439125500564558 
-0.6967219903155429 1.1725051051965973 -0.3568455678142006 
-0.6975324176544593 1.1755748110168185 -0.3513040916926914 
-0.6963664001560758 1.1711607178273165 -0.3593066739854176 
-0.6978245670112121 1.1766809543758088 -0.3493011345764484 
-0.696605259163092 1.1720634888065724 -0.3576500668155048 
-0.6979171861109158 1.1770307401363207 -0.3486555804153242 
-0.6969215255154092 1.1732618355915763 -0.3554923287327023 
-0.6981430902099597 1.1778865990218295 -0.3471131392774336 
-0.6970270521694512 1.1736610272779444 -0.354764623984025 
-0.6985626995312436 1.1794747995413148 -0.3442299821075031 
-0.6966079855367083 1.1720734573901375 -0.3576271772128673 
-0.6986043467509963 1.179633732377435 -0.3439592358822863 
-0.6969772591345237 1.1734728556442688 -0.3551102226405983 
-0.6984603897655979 1.1790886787612005 -0.34494619567415996 
-0.6972137222030016 1.1743692242924517 -0.3535016865322904 
-0.698294438359085 1.1784596372510123 -0.3460755061445372 
-0.696312534224958 1.1709560572078663 -0.3596675336775187 
-0.6981384819781091 1.1778698632714266 -0.3471531746690517 
-0.6966384301325919 1.1721896165926455 -0.35742899156267693 
-0.698167995017574 1.1779808942407397 -0.3469423935253496 
-0.6966633865556491 1.1722848192940354 -0.35726633359020576 
-0.6979853675201273 1.1772888903299208 -0.34818813307847696 
-0.6970895049573825 1.173896952605456 -0.35433010893346295 
-0.6980671521440072 1.1776001484584488 -0.3476464282294278 
-0.6963722559642178 1.1711818211555647 -0.3592538644654647 
-0.697634852441871 1.1759637183627893 -0.35061444482077697 
-0.6964951006117794 1.1716469386988586 -0.3584116494978845 
-0.697964731526833 1.1772116488460738 -0.3483401757123653 
-0.6961786831394188 1.1704489107805005 -0.36058098724694787 
-0.698159365504976 1.1779485769870415 -0.34700577773210795 
-0.6965181396059367 1.171734525554571 -0.35825791646820304 
-0.6977462704747208 1.1763848620562447 -0.3498421513983381 
-0.6962542722926585 1.170735464391194 -0.360066973721483 
-0.6977101728061817 1.1762481881413218 -0.3500896346818331 
-0.6961782844858028 1.1704477574153789 -0.36058794121626403 
-0.6975444075548545 1.1756193164428226 -0.35121132611315764 
-0.6960282336538719 1.1698803431764755 -0.36162512167803906 
-0.6976880177698416 1.176164304176667 -0.35024152817970433 
-0.6965151257207889 1.1717222232644033 -0.35826801587306656 
-0.6978270292709546 1.176689031923461 -0.34926949212446146 
-0.6966517526530857 1.1722404146875165 -0.35734187404872164 
-0.6975098215764803 1.175488901141657 -0.35145478811766795 
-0.6965246891998691 1.1717596798218461 -0.3582172337012022 
-0.6979244076997584 1.177058973741725 -0.34861663326575876 
-0.6964085897966076 1.171320101294863 -0.35901320370962175 
-0.697932793963387 1.1770894809042498 -0.3485443762258358 
-0.6970110646537284 1.1736015630195875 -0.3548868958366156 
-0.6982096161618434 1.1781391933353684 -0.3466654833008348 
-0.6969057004894523 1.173201918473966 -0.3556008240883244 
-0.6981827681176075 1.1780368285295413 -0.34684111010590235 
-0.6963946490389482 1.17126696241464 -0.359104559817645 
-0.6984466354308857 1.1790358896929183 -0.34503205285262273 
-0.6966903218087878 1.1723852010871867 -0.357062685050641 
-0.6987506548540527 1.1801880438828034 -0.34296037780551547 
-0.6969456164354899 1.1733534052760977 -0.35533138376684514 
-0.6986866145595697 1.1799439697876077 -0.34338042867855156 
-0.6972001567013005 1.17431679610666 -0.3535820513225736 
-0.6988365455575194 1.1805128894314019 -0.34236729586544745 
-0.6973578014324447 1.1749127835743451 -0.35249068563312846 
-0.6992387023455411 1.182035901764751 -0.33961435573308507 
-0.6973897506333747 1.1750349975238132 -0.3522864283984415 
-0.6995071260074652 1.1830506111958 -0.33775505519908267 
-0.697798381466704 1.1765814539707635 -0.3494764401520585 
-0.6992262029400014 1.1819878641413644 -0.33969160919821495 
-0.6978855787147858 1.1769119584467365 -0.3488828422782706 
-0.699401599621185 1.1826515995096838 -0.3384848800572511 
-0.6980050553539078 1.1773643239504223 -0.3480637181589723 
-0.699102556700604 1.1815207777272323 -0.3405519592406452 
-0.6982340372720345 1.1782304100981351 -0.34648326932415296 
-0.6996561749221374 1.1836154790185809 -0.33673952824018805 
-0.6981475193717436 1.1779033688273415 -0.34708277323037906 
-0.6992656612640995 1.182136906228845 -0.3394168646514363 
-0.6975847482299921 1.1757725903515683 -0.35094109582166044 
-0.6994480670356953 1.182827891649136 -0.33817052329117037 
-0.6978034380930741 1.1766005994987232 -0.3494417722483375 
-0.699570071988002 1.183289829916802 -0.33733406522001086 
-0.698075297959182 1.177629387256004 -0.3475715757980715 
-0.6995607373198917 1.1832535957166845 -0.3373874995045253 
-0.6985162671518753 1.1792989960801976 -0.34454831950079223 
-0.699212278762643 1.1819351440652859 -0.3397870724586429 
-0.698488485386125 1.1791954111448724 -0.34475779474075774 
-0.6995352550563565 1.183158361188014 -0.3375769886799804 
-0.6976865155748588 1.1761582605002567 -0.35024760630558227 
-0.6996707357915021 1.1836706097542016 -0.3366396998604959 
-0.6980502401569846 1.177535759833695 -0.34775815489401707 
-0.6996813343484432 1.1837114503360564 -0.3365754784905596 
-0.6984105801503693 1.1789000883233802 -0.3452876871783288 
-0.69971335885303 1.1838314552649523 -0.33634113613310146 
-0.6987250636135287 1.1800900815919162 -0.3431231672196505 
-0.6997242030690037 1.1838741170085298 -0.336285794137711 
-0.6985642443820108 1.1794818957633622 -0.34423417513332666 
-0.7002031118105114 1.1856863054396485 -0.332989764267127 
-0.6991736435534985 1.1817888624492887 -0.3400519529565964 
-0.700203536271849 1.18568791254601 -0.3329868541876173 
-0.6984270160606115 1.1789619623592935 -0.34517078281363567 
-0.7000426838797289 1.1850788891091661 -0.33408964779648453 
-0.698262842990891 1.1783414322247265 -0.3463089821866163 
-0.6997085220779713 1.1838136771574757 -0.33638063952156094 
-0.6982342755781866 1.178231847392808 -0.34648797828369626 
-0.6996790090385065 1.1837026461881628 -0.3365914206652636 
-0.6985771000531444 1.1795302142064865 -0.3441418166566701 
-0.6998659972342312 1.1844099136176167 -0.33530100002357277 
-0.6981913973624436 1.1780689657829875 -0.34677560578965194 
-0.6997573221552988 1.1839991573118718 -0.33605451099577865 
-0.6985680129186065 1.1794954522381367 -0.34419989663812955 
-0.6993543607071641 1.182473454381228 -0.33881718865177035 
-0.6983579691484235 1.178700179148825 -0.34563994315709723 
-0.6999141013834667 1.1845915117626886 -0.33496485831294776 
-0.698054449735219 1.177551342218976 -0.3477250734717151 
-0.6997169651676219 1.183845644599233 -0.336322754244363 
-0.6981234189564804 1.177811584205473 -0.34724166134934287 
-0.6994484656893113 1.1828290450142578 -0.3381635693218541 
-0.6976096880727483 1.175867374248813 -0.3507743306967842 
-0.6990545913757145 1.1813381040519642 -0.3408681669963862 
-0.698049483095473 1.1775344945785386 -0.3477823274429688 
-0.6991379184630923 1.181652708157996 -0.3402863182714787 
-0.698325486754135 1.1785775495050257 -0.3458668611797653 
-0.6993518231665586 1.1824638466801536 -0.33883458586622883 
-0.697743513350566 1.176374066934939 -0.349856833237548 
-0.6990550066096316 1.181339676221231 -0.3408653201794748 
-0.6978827770603068 1.1769004597097492 -0.34889148664337954 
-0.6994689152596584 1.182905936686164 -0.3380170256175271 
-0.6979511799276076 1.1771594483936254 -0.3484225210041796 
-0.6991291120227295 1.1816202560297036 -0.3403572582546921 
-0.6981139239409061 1.1777756339349064 -0.3473067585627163 
-0.6994814315132613 1.1829545731139484 -0.3379459994142925 
-0.698261930157075 1.1783365538659734 -0.3462983802773987 
-0.6991149663872818 1.1815666974633494 -0.3404542398174726 
-0.69759023854512 1.175793377922984 -0.35090345457583216 
