-0.8948776408151622 0.893005962430695 -0.24465192415472736 
-0.894645684964118 0.8941585621540754 -0.2452678611891469 
-0.8928782256854759 0.9023833740157357 -0.24969654218084747 
-0.8915754819977771 0.9077233206844293 -0.2525490253212014 
-0.8905408782104576 0.9117225011806418 -0.25466838776717093 
-0.8903261849382503 0.912476534253446 -0.25508094169950934 
-0.8890541825141511 0.9170303129769017 -0.2574898227453448 
-0.8879777947936629 0.9206221681587196 -0.2593878059767156 
-0.8862007273919325 0.9262773324260598 -0.26236373168279825 
-0.886198740747985 0.926278700070238 -0.2623603903876196 
-0.8847492653000264 0.9306001429902024 -0.26461640548883836 
-0.8843053128662147 0.9319169080573653 -0.26529505001103104 
-0.8820692565744874 0.9380770542911573 -0.2685052895846277 
-0.8820692565744874 0.9380770542911573 -0.2685052895846277 
-0.8794636543403996 0.9447634967988121 -0.2719515734364736 
-0.8780974304926388 0.9480889519317361 -0.27365980527634093 
-0.8756360351375942 0.9537845922256062 -0.2765764550227169 
-0.8739059380987909 0.9576272421223724 -0.27852596542865693 
-0.8734897247226023 0.9585360792432946 -0.2789972324121309 
-0.869002446698378 0.9677741264367374 -0.2836576871281047 
-0.8668815318153813 0.971907321061486 -0.2857250423037224 
-0.8644026841375467 0.9765487974724949 -0.28803904953697523 
-0.8617196359204534 0.981328350179127 -0.29040974137687436 
-0.859469056094513 0.9852014925529254 -0.2923086628094541 
-0.8588511098767067 0.986252087497977 -0.29283125676011135 
-0.8564178452602317 0.9902608237849273 -0.2948016458424596 
-0.8539228088369036 0.9942501810600445 -0.2967322374363027 
-0.8518164067796415 0.9975220835638868 -0.29831548566466404 
-0.8518164067796415 0.9975220835638868 -0.29831548566466404 
-0.8493146974490569 1.0012770800483048 -0.30013625849577275 
-0.8437948144494616 1.0092168722578292 -0.3039413671835898 
-0.8402605544771203 1.0140492013511013 -0.30623729238229214 
-0.8371219471484697 1.0181732741808391 -0.308164843408398 
-0.8326249642037046 1.0238739049696863 -0.3108420493635954 
-0.830775536083471 1.026128064672686 -0.31188657678639553 
-0.8256692903677478 1.0321920056568774 -0.3146726363905319 
-0.8219518807870071 1.03643921488191 -0.31661597892879145 
-0.8184333093011108 1.040324706497384 -0.31837194432529115 
-0.8149847601788627 1.0440045259823272 -0.32002821917172053 
-0.8117820046426187 1.0473519887579752 -0.3215097752705339 
-0.8076226935472676 1.0515422144357605 -0.32337637186441714 
-0.8044517716490647 1.0546523187763739 -0.3247318029895717 
-0.800001619195122 1.0588825994568907 -0.32658140825120086 
-0.7976667179438838 1.06104689693521 -0.3275117495328973 
-0.7918163810527501 1.0663050235224327 -0.3297595706023855 
-0.7900479524378556 1.0678456761149209 -0.3304057247355502 
-0.7833574563894282 1.0734885809290586 -0.33277323520280977 
-0.7812083056894525 1.0752502219812492 -0.3335069722219993 
-0.7744932133981146 1.0805769677948835 -0.3356873008204393 
-0.7743176796963503 1.0806993651697512 -0.33574824904080525 
-0.7726141017906324 1.0820109948185683 -0.33626551312907693 
-0.7726141017906324 1.0820109948185683 -0.33626551312907693 
-0.7690085895805828 1.0847270216162264 -0.3373549280900058 
-0.7650183239828175 1.0876604561190266 -0.33851006655885274 
-0.7650183239828175 1.0876604561190266 -0.33851006655885274 
-0.758678515805737 1.0921459050729942 -0.3402580069448772 
-0.758678515805737 1.0921459050729942 -0.3402580069448772 
-0.75403372881574 1.0953076258753787 -0.3414750879591534 
-0.75403372881574 1.0953076258753787 -0.3414750879591534 
-0.7513311446316702 1.097105992319308 -0.3421538366515853 
-0.7475095689632747 1.0995779455037509 -0.343079024483383 
-0.7467749652429228 1.1000400380803244 -0.34325335920218325 
-0.7453130846500419 1.1009707420934782 -0.3436046716722091 
-0.7453130846500419 1.1009707420934782 -0.3436046716722091 
-0.7416261251134904 1.1032669867214742 -0.344437595828312 
-0.7416261251134904 1.1032669867214742 -0.344437595828312 
-0.7369730141399634 1.1060726467186308 -0.34545858966845655 
-0.7324655457725499 1.1087144569157794 -0.3463895607590012 
-0.7298155755931993 1.1102231123408763 -0.34692487451570064 
-0.7267721711691566 1.1119272117688948 -0.3475163238972224 
-0.7267721711691566 1.1119272117688948 -0.3475163238972224 
-0.7206328119389851 1.1152631950245497 -0.34863075043863145 
-0.7169535180103686 1.1171907247950477 -0.34926241252647006 
-0.7169535180103686 1.1171907247950477 -0.34926241252647006 
-0.7169535180103686 1.1171907247950477 -0.34926241252647006 
-0.7128565163440568 1.1192695360883356 -0.3499416595053507 
-0.7128565163440568 1.1192695360883356 -0.3499416595053507 
-0.7061713753575466 1.122551448893078 -0.350966291278754 
-0.7061713753575466 1.122551448893078 -0.350966291278754 
-0.7004051793126846 1.1252372018587908 -0.35178680813790597 
-0.7004051793126846 1.1252372018587908 -0.35178680813790597 
-0.6974054797176195 1.126595648183387 -0.35218475947250516 
-0.6929859424744517 1.1285540410409938 -0.3527255112839617 
-0.6915660557772012 1.129150850737027 -0.3528955523747238 
-0.6897502727218613 1.1299301668300363 -0.35312186586516836 
-0.6897502727218613 1.1299301668300363 -0.35312186586516836 
-0.685895148663336 1.1315442499759294 -0.35354543385434045 
-0.685895148663336 1.1315442499759294 -0.35354543385434045 
-0.6787350967402189 1.1343927930723352 -0.35427306237871514 
-0.6764785257814193 1.1352693337709676 -0.35449428635291136 
-0.6725573074930804 1.1367386081795752 -0.35483771679943266 
-0.6688199753855804 1.1380797344752194 -0.35513917504206294 
-0.6688199753855804 1.1380797344752194 -0.35513917504206294 
-0.6654903744782568 1.1392487300893048 -0.35539553671370283 
-0.659009168027817 1.1414367327226989 -0.35583389915227237 
-0.659009168027817 1.1414367327226989 -0.35583389915227237 
-0.6524878816907829 1.14351497941137 -0.3562054215472883 
-0.6503733140146869 1.1441547311864564 -0.35631437207006855 
-0.6476216032199344 1.1449802358818026 -0.3564247162169887 
-0.6471980558674731 1.1451031172235073 -0.35645556228054953 
-0.6471980558674731 1.1451031172235073 -0.35645556228054953 
-0.6403970736671756 1.147040641263831 -0.3566998061227422 
-0.6403970736671756 1.147040641263831 -0.3566998061227422 
-0.6376224776012597 1.1477892594791694 -0.3567813747217884 
-0.6281907159165483 1.1501719800883472 -0.3569807593400779 
-0.6271208575657801 1.150443896315501 -0.3569930934432176 
-0.6271208575657801 1.150443896315501 -0.3569930934432176 
-0.6271208575657801 1.150443896315501 -0.3569930934432176 
-0.6213015997799736 1.1517800842550623 -0.35703220915666656 
-0.6213015997799736 1.1517800842550623 -0.35703220915666656 
-0.6154616196858034 1.1530258825454065 -0.3570139186198781 
-0.6106929802109727 1.1539834410077372 -0.35697813619541907 
-0.6106929802109727 1.1539834410077372 -0.35697813619541907 
-0.6052593905179667 1.1549967906557006 -0.3568940975953073 
-0.6052593905179667 1.1549967906557006 -0.3568940975953073 
-0.6006860112550807 1.1557936388879964 -0.3567645506800997 
-0.6006860112550807 1.1557936388879964 -0.3567645506800997 
-0.6006860112550807 1.1557936388879964 -0.3567645506800997 
-0.6006860112550807 1.1557936388879964 -0.3567645506800997 
-0.6006860112550807 1.1557936388879964 -0.3567645506800997 
-0.5947913678288999 1.1567280948451337 -0.3565735782371531 
-0.5947913678288999 1.1567280948451337 -0.3565735782371531 
-0.5856033858531846 1.1580190691157182 -0.3561734635720455 
-0.5856033858531846 1.1580190691157182 -0.3561734635720455 
-0.5803424726498536 1.1586574390315638 -0.3558816810388288 
-0.5803424726498536 1.1586574390315638 -0.3558816810388288 
-0.5757362434689223 1.1591667461734803 -0.3556032961522968 
-0.573540521477683 1.1593854858638313 -0.35545316360091583 
-0.5704645735639653 1.1596691249434727 -0.3552450810481689 
-0.5667291402964435 1.159984440872865 -0.3549583998234954 
-0.5601338888141622 1.1604552021703918 -0.35442366371098255 
-0.55683885598537 1.1606645140133218 -0.35411966183381327 
-0.55683885598537 1.1606645140133218 -0.35411966183381327 
-0.5550783768448231 1.1607483271859724 -0.35395460304470583 
-0.550899615727279 1.1609306220721152 -0.35355390823288735 
-0.5495817038331436 1.1609873942845428 -0.3534182755781159 
-0.5460641860601626 1.1611008361317556 -0.3530599474173085 
-0.5421080880797196 1.1611857922949087 -0.3526258826379467 
-0.5394719571100067 1.1612145387870316 -0.3523106104471011 
-0.537934892650403 1.161236009411574 -0.3521416889259942 
-0.53420369873565 1.1612412451866385 -0.3516786653230378 
-0.53420369873565 1.1612412451866385 -0.3516786653230378 
-0.53420369873565 1.1612412451866385 -0.3516786653230378 
-0.529816993481351 1.1612061532177196 -0.35112012354869837 
-0.5247779108948576 1.1611007164226457 -0.3504359736528574 
-0.5208386537748331 1.1609761320449348 -0.34988189814205817 
-0.5160302450145537 1.1607650518324697 -0.3491722836223433 
-0.5160302450145537 1.1607650518324697 -0.3491722836223433 
-0.5121023822770305 1.1605534103557982 -0.3485666262627082 
-0.5103582112635032 1.1604543143126638 -0.3482965151707973 
-0.5033928198852415 1.159926552702598 -0.34715688314948034 
-0.5012220204669574 1.1597445931471946 -0.3467779577204082 
-0.4962339530085734 1.1592624636825368 -0.345906909990503 
-0.4962339530085734 1.1592624636825368 -0.345906909990503 
-0.4962339530085734 1.1592624636825368 -0.345906909990503 
-0.49082868571801264 1.1586946700230738 -0.3449092162428581 
-0.4888885241193619 1.158453529617466 -0.3445271642397948 
-0.48759357790816066 1.1582982331282168 -0.3442882566089903 
-0.48630020255692535 1.1581283226952317 -0.3440432319662272 
-0.48630020255692535 1.1581283226952317 -0.3440432319662272 
-0.48630020255692535 1.1581283226952317 -0.3440432319662272 
-0.4845802981517556 1.157905681280794 -0.3436928632463724 
-0.4781401369032121 1.156993286097566 -0.3423910771759944 
-0.47642704213589715 1.1567286440612632 -0.3420371947650662 
-0.47621313116727987 1.1566953216969278 -0.3419921252127489 
-0.47045012950083 1.1557497508076555 -0.34075091863225426 
-0.46874804423283206 1.1554437043235706 -0.34037309597318643 
-0.46450295300211564 1.1546764232570426 -0.3394014793567528 
-0.462807093543355 1.1543558147929123 -0.33901620637514884 
-0.460266325995771 1.1538523638436782 -0.3384414286308052 
-0.460266325995771 1.1538523638436782 -0.3384414286308052 
-0.460266325995771 1.1538523638436782 -0.3384414286308052 
-0.4535307650760554 1.1524263256737786 -0.3368019904907613 
-0.44975963190917745 1.1515808969462864 -0.3358522336195491 
-0.4489245052068268 1.1513846879286438 -0.3356351108942005 
-0.443712322411565 1.1501234821573136 -0.33429316197905024 
-0.4424651034709095 1.1498103988005273 -0.3339672331421354 
-0.4368801009263454 1.1483457058944115 -0.3324453575963141 
-0.4356422687457966 1.1480009834191307 -0.3321124047705587 
-0.43030646349481827 1.1464914675067792 -0.3305919786294055 
-0.4284605367018769 1.1459565616474126 -0.3300809226755129 
-0.4268318304021333 1.1454700498119534 -0.3295890255843592 
-0.4247937557350637 1.1448496373073296 -0.32899839591046043 
-0.4247937557350637 1.1448496373073296 -0.32899839591046043 
-0.42175170333211054 1.1438952009361687 -0.32808248740147783 
-0.42175170333211054 1.1438952009361687 -0.32808248740147783 
-0.41710965087853685 1.1423815966457993 -0.32665849777235545 
-0.4137013402874784 1.141220519209792 -0.3255752301823511 
-0.41090235577508183 1.1402442316270474 -0.3246845841746512 
-0.4081157465335912 1.1392389497199091 -0.3237849043987008 
-0.40811430720285435 1.139245641969377 -0.3237846341788061 
-0.4023840441528187 1.1370955124332487 -0.321867908659234 
-0.39904968541309543 1.1357941043165125 -0.320718426052614 
-0.39573093024337846 1.134459143908922 -0.3195635381276223 
-0.39223912060584154 1.1330107467945874 -0.3183175993916606 
-0.3891534892342321 1.1316876029008298 -0.31719994269805496 
-0.38877139284067946 1.1315246442213471 -0.3170475437874185 
-0.38474760877735115 1.1297452778987684 -0.315563099623659 
-0.38000003174557495 1.12757384107102 -0.3137473029228216 
-0.3761737741117771 1.1264001692105132 -0.31249716056460664 
-0.3738087334251536 1.1245779441241015 -0.31130456269345885 
-0.37157263710855537 1.123478806027017 -0.3103963321021119 
-0.3669568697842987 1.12109994028902 -0.3084971141679429 
-0.36384356354341496 1.1194521217897193 -0.30718515906041566 
-0.36148104601553616 1.1181720351695328 -0.3061631907810065 
-0.3576878742692543 1.1160623632702817 -0.30451299257500863 
-0.3557156642565697 1.1149374614027534 -0.30364004605721173 
-0.35003853805859186 1.1115944542159693 -0.30105689651682754 
-0.34705354825762125 1.1097897877399185 -0.2996586752233362 
-0.34479092914304543 1.1083759113504723 -0.2985870405693214 
-0.3432242577660601 1.1073961348587495 -0.29785157386051553 
-0.33656647848041077 1.1030254753906876 -0.2945374649458682 
-0.3365562756786244 1.1030299677315856 -0.2945559878604552 
-0.33018470042063375 1.0986206331247184 -0.2913034027663036 
-0.32738257284494743 1.096601733970716 -0.2898164541780208 
-0.3234583351079955 1.0937218685789383 -0.2877059903761293 
-0.3220096805078436 1.0926153865521981 -0.2869038658176509 
-0.31800665963185926 1.0895321714671518 -0.2846632054344106 
-0.3146966194151769 1.0868777572544457 -0.28277276886448255 
-0.31235889516693416 1.0849600373884962 -0.28140767207906514 
-0.3083494150088639 1.0816126923035758 -0.2790094744750249 
-0.3072880575695709 1.0806888034959556 -0.2783617920733584 
-0.30306845830173235 1.0769871066041012 -0.27575142600188485 
-0.2998170824111128 1.0740178995665446 -0.27368093488093315 
-0.2963273376118359 1.0707335042190356 -0.2713994897765092 
-0.29374334182198136 1.0682465284574088 -0.2696752699910936 
-0.2910551497055289 1.0655852169929405 -0.26784764146380946 
-0.2884129868628014 1.0628887450062736 -0.26600196159824196 
-0.28567113093086327 1.0600181026462197 -0.2640515849259848 
-0.2848551925555306 1.0591532776858028 -0.2634634946868978 
-0.2807101612760548 1.054631954489143 -0.2604037714235896 
-0.27848334940182573 1.0521173316625025 -0.25871555935245627 
-0.27616797925696135 1.0494314231170827 -0.2569063010705923 
-0.2740043729090269 1.0468691206003637 -0.2552086255751873 
-0.27150439710400576 1.0438392065137725 -0.25317875924218747 
-0.27051574494269975 1.0426122259041777 -0.25237482311999226 
-0.26796679706478005 1.0393802049192893 -0.25022492576390465 
-0.2665325335745193 1.0375065492788627 -0.2490091851631948 
-0.2632445984502022 1.0331250327810437 -0.2461258574463575 
-0.2611915435329657 1.0302728036093263 -0.2442549868049234 
-0.25971952688290245 1.0281982705443824 -0.24291741785085463 
-0.25916378623291564 1.0273962661843434 -0.2423967228984335 
-0.2555648911225291 1.022067839447982 -0.23894488410575132 
-0.25375990351900357 1.0192937215705633 -0.23716208607066946 
-0.25209447597940493 1.0166687891087045 -0.23547285161196518 
-0.25036089095955294 1.013857036370493 -0.23367759141332922 
-0.24876316273959304 1.0111972362982593 -0.23197700109816977 
-0.24670845850253775 1.0076866729708294 -0.229738404203645 
-0.24527425806305236 1.0051609747159362 -0.22813741830575496 
-0.24508798723041825 1.0048185850813158 -0.22792718938048573 
-0.2420450228769283 0.9992074043424626 -0.22439185108183646 
-0.24027588035637293 0.9957732286286319 -0.22223722143655944 
-0.2385556869270608 0.9923202859612326 -0.22007414736777953 
-0.23704610830119432 0.9891983501242417 -0.2181217393459306 
-0.23565593587431066 0.9862367779072159 -0.21627252909091776 
-0.2346267217790481 0.9839507698661127 -0.21486423730503668 
-0.23278723079329489 0.9797092826181064 -0.2122552033464925 
-0.2315889374274137 0.9768808300113155 -0.21050272203794151 
-0.2302967400478424 0.9736731409409676 -0.2085305688384994 
-0.2291122287336747 0.9706279555734663 -0.20667105343034275 
-0.22815938108208722 0.9681119497179719 -0.20514045511239487 
-0.22736507972955144 0.9659528784470055 -0.20381908288717776 
-0.22622740432679844 0.9626878049615011 -0.20184320623871999 
-0.225113913646263 0.9594232504965967 -0.19985898616291597 
-0.22427916138237025 0.956875983276557 -0.1983117147784017 
-0.2237566503987185 0.9552216711350501 -0.19733555864284258 
-0.22353472418827935 0.9544936379673677 -0.19688404963438322 
-0.22258342652343222 0.9513782580510098 -0.19500970757952574 
-0.22188841120393255 0.9489861532396914 -0.19357486870225538 
-0.22121586126180848 0.9465853282371076 -0.19214367272284083 
-0.22082348347900005 0.9451009945733823 -0.19126198046778842 
-0.2199413243136108 0.9417708473279989 -0.1892711018681702 
-0.21966821983949503 0.940653705276579 -0.18860733656483408 
-0.2188501657333396 0.9373036126559673 -0.18662081658360086 
-0.21837178340159857 0.9352524359893664 -0.18540491428081673 
-0.21795785348809782 0.9333822553712308 -0.18429903465109276 
-0.21775987519057194 0.9324493301843747 -0.18373874783071253 
-0.217047989333514 0.9290774907505742 -0.1817491296319652 
-0.2168642188111054 0.9281390809291388 -0.18119329687921482 
-0.21632869924189901 0.9253140932477815 -0.1795377084683384 
-0.21614813718155812 0.9243744562444616 -0.17898544634203306 
-0.21567841966823353 0.9217264318944858 -0.17745131234797018 
-0.21552136496653795 0.9207866075480697 -0.17689022498019902 
-0.21515029618668535 0.9185179431706223 -0.1755648086707038 
