-0.8948776408151622 0.963005962430695 -0.24465192415472725 
-0.8946456849641179 0.9641585621540755 -0.24526786118914679 
-0.8928782256854758 0.9723833740157357 -0.24969654218084758 
-0.8915754819977768 0.9777233206844294 -0.2525490253212014 
-0.8905408782104579 0.9817225011806419 -0.25466838776717093 
-0.8903261849382502 0.9824765342534462 -0.255080941699509 
-0.8890541825141511 0.9870303129769019 -0.2574898227453447 
-0.8879777947936628 0.9906221681587196 -0.2593878059767156 
-0.8862007273919325 0.9962773324260596 -0.26236373168279836 
-0.8861987407479848 0.996278700070238 -0.2623603903876198 
-0.8847492653000265 1.0006001429902025 -0.26461640548883836 
-0.8843053128662147 1.0019169080573653 -0.2652950500110314 
-0.8820692565744875 1.0080770542911572 -0.2685052895846277 
-0.8820692565744875 1.0080770542911572 -0.2685052895846277 
-0.8794636543403999 1.0147634967988122 -0.2719515734364736 
-0.8780974304926388 1.0180889519317362 -0.2736598052763407 
-0.8756360351375942 1.0237845922256061 -0.2765764550227169 
-0.8739059380987911 1.0276272421223722 -0.27852596542865693 
-0.8734897247226023 1.0285360792432947 -0.2789972324121308 
-0.8690024466983779 1.0377741264367375 -0.2836576871281047 
-0.8668815318153817 1.041907321061486 -0.2857250423037224 
-0.8644026841375467 1.0465487974724947 -0.28803904953697546 
-0.8617196359204534 1.051328350179127 -0.29040974137687436 
-0.8594690560945132 1.0552014925529256 -0.2923086628094539 
-0.8588511098767068 1.056252087497977 -0.29283125676011146 
-0.8564178452602318 1.0602608237849274 -0.2948016458424597 
-0.8539228088369036 1.0642501810600444 -0.29673223743630284 
-0.8518164067796417 1.0675220835638868 -0.29831548566466415 
-0.8518164067796417 1.0675220835638868 -0.29831548566466415 
-0.8493146974490572 1.0712770800483047 -0.30013625849577275 
-0.8437948144494618 1.0792168722578293 -0.30394136718358944 
-0.8402605544771203 1.0840492013511014 -0.30623729238229214 
-0.8371219471484697 1.088173274180839 -0.3081648434083981 
-0.8326249642037048 1.0938739049696866 -0.31084204936359583 
-0.8307755360834712 1.0961280646726859 -0.31188657678639553 
-0.825669290367748 1.1021920056568777 -0.31467263639053156 
-0.8219518807870072 1.10643921488191 -0.31661597892879156 
-0.8184333093011109 1.1103247064973838 -0.31837194432529115 
-0.8149847601788628 1.1140045259823272 -0.32002821917172064 
-0.811782004642619 1.1173519887579753 -0.32150977527053437 
-0.8076226935472677 1.1215422144357603 -0.32337637186441726 
-0.8044517716490648 1.124652318776374 -0.3247318029895718 
-0.800001619195122 1.1288825994568907 -0.3265814082512011 
-0.7976667179438837 1.1310468969352099 -0.3275117495328972 
-0.7918163810527503 1.1363050235224328 -0.3297595706023857 
-0.7900479524378554 1.1378456761149207 -0.3304057247355503 
-0.7833574563894283 1.1434885809290587 -0.3327732352028099 
-0.7812083056894525 1.1452502219812493 -0.3335069722219993 
-0.774493213398115 1.1505769677948836 -0.3356873008204394 
-0.7743176796963507 1.1506993651697512 -0.33574824904080547 
-0.7726141017906326 1.1520109948185682 -0.3362655131290768 
-0.7726141017906326 1.1520109948185682 -0.3362655131290768 
-0.769008589580583 1.1547270216162264 -0.33735492809000556 
-0.7650183239828177 1.1576604561190265 -0.33851006655885263 
-0.7650183239828177 1.1576604561190265 -0.33851006655885263 
-0.7586785158057371 1.162145905072994 -0.3402580069448775 
-0.7586785158057371 1.162145905072994 -0.3402580069448775 
-0.7540337288157398 1.1653076258753783 -0.34147508795915316 
-0.7540337288157398 1.1653076258753783 -0.34147508795915316 
-0.7513311446316703 1.167105992319308 -0.3421538366515853 
-0.7475095689632747 1.169577945503751 -0.343079024483383 
-0.7467749652429229 1.1700400380803242 -0.3432533592021835 
-0.7453130846500419 1.170970742093478 -0.3436046716722092 
-0.7453130846500419 1.170970742093478 -0.3436046716722092 
-0.7416261251134904 1.1732669867214742 -0.3444375958283117 
-0.7416261251134904 1.1732669867214742 -0.3444375958283117 
-0.7369730141399635 1.1760726467186309 -0.34545858966845644 
-0.7324655457725499 1.1787144569157795 -0.3463895607590012 
-0.7298155755931992 1.1802231123408762 -0.3469248745157004 
-0.7267721711691566 1.1819272117688948 -0.347516323897222 
-0.7267721711691566 1.1819272117688948 -0.347516323897222 
-0.7206328119389851 1.1852631950245498 -0.34863075043863134 
-0.7169535180103684 1.1871907247950477 -0.34926241252646983 
-0.7169535180103684 1.1871907247950477 -0.34926241252646983 
-0.7169535180103684 1.1871907247950477 -0.34926241252646983 
-0.7128565163440568 1.1892695360883354 -0.34994165950535083 
-0.7128565163440568 1.1892695360883354 -0.34994165950535083 
-0.7061713753575467 1.192551448893078 -0.3509662912787539 
-0.7061713753575467 1.192551448893078 -0.3509662912787539 
-0.7004051793126846 1.195237201858791 -0.3517868081379061 
-0.7004051793126846 1.195237201858791 -0.3517868081379061 
-0.6974054797176195 1.1965956481833868 -0.3521847594725054 
-0.6929859424744518 1.1985540410409938 -0.3527255112839621 
-0.6915660557772013 1.1991508507370268 -0.3528955523747238 
-0.6897502727218614 1.1999301668300364 -0.3531218658651689 
-0.6897502727218614 1.1999301668300364 -0.3531218658651689 
-0.6858951486633362 1.2015442499759297 -0.35354543385434045 
-0.6858951486633362 1.2015442499759297 -0.35354543385434045 
-0.6787350967402188 1.2043927930723348 -0.35427306237871536 
-0.6764785257814192 1.2052693337709677 -0.354494286352911 
-0.6725573074930804 1.2067386081795752 -0.35483771679943243 
-0.6688199753855805 1.2080797344752197 -0.3551391750420625 
-0.6688199753855805 1.2080797344752197 -0.3551391750420625 
-0.6654903744782569 1.209248730089305 -0.3553955367137027 
-0.6590091680278168 1.2114367327226987 -0.35583389915227237 
-0.6590091680278168 1.2114367327226987 -0.35583389915227237 
-0.652487881690783 1.21351497941137 -0.3562054215472883 
-0.6503733140146869 1.2141547311864562 -0.35631437207006844 
-0.6476216032199344 1.2149802358818027 -0.35642471621698857 
-0.6471980558674731 1.2151031172235072 -0.3564555622805494 
-0.6471980558674731 1.2151031172235072 -0.3564555622805494 
-0.6403970736671757 1.2170406412638308 -0.35669980612274255 
-0.6403970736671757 1.2170406412638308 -0.35669980612274255 
-0.6376224776012597 1.217789259479169 -0.3567813747217884 
-0.6281907159165483 1.220171980088347 -0.3569807593400779 
-0.62712085756578 1.2204438963155007 -0.35699309344321783 
-0.62712085756578 1.2204438963155007 -0.35699309344321783 
-0.62712085756578 1.2204438963155007 -0.35699309344321783 
-0.6213015997799736 1.2217800842550621 -0.35703220915666634 
-0.6213015997799736 1.2217800842550621 -0.35703220915666634 
-0.6154616196858034 1.2230258825454068 -0.35701391861987775 
-0.6106929802109727 1.223983441007737 -0.35697813619541885 
-0.6106929802109727 1.223983441007737 -0.35697813619541885 
-0.6052593905179667 1.2249967906557009 -0.3568940975953071 
-0.6052593905179667 1.2249967906557009 -0.3568940975953071 
-0.6006860112550809 1.2257936388879966 -0.3567645506800998 
-0.6006860112550809 1.2257936388879966 -0.3567645506800998 
-0.6006860112550809 1.2257936388879966 -0.3567645506800998 
-0.6006860112550809 1.2257936388879966 -0.3567645506800998 
-0.6006860112550809 1.2257936388879966 -0.3567645506800998 
-0.5947913678288999 1.2267280948451338 -0.3565735782371533 
-0.5947913678288999 1.2267280948451338 -0.3565735782371533 
-0.5856033858531846 1.2280190691157182 -0.3561734635720455 
-0.5856033858531846 1.2280190691157182 -0.3561734635720455 
-0.5803424726498537 1.228657439031564 -0.355881681038829 
-0.5803424726498537 1.228657439031564 -0.355881681038829 
-0.5757362434689224 1.2291667461734805 -0.35560329615229713 
-0.573540521477683 1.2293854858638311 -0.3554531636009156 
-0.5704645735639655 1.229669124943473 -0.3552450810481689 
-0.5667291402964436 1.2299844408728653 -0.35495839982349564 
-0.5601338888141622 1.2304552021703918 -0.3544236637109829 
-0.5568388559853701 1.230664514013322 -0.35411966183381316 
-0.5568388559853701 1.230664514013322 -0.35411966183381316 
-0.5550783768448231 1.2307483271859725 -0.3539546030447063 
-0.5508996157272791 1.2309306220721152 -0.35355390823288735 
-0.5495817038331438 1.2309873942845428 -0.353418275578116 
-0.5460641860601627 1.2311008361317555 -0.3530599474173086 
-0.5421080880797198 1.231185792294909 -0.3526258826379469 
-0.5394719571100068 1.2312145387870315 -0.3523106104471011 
-0.537934892650403 1.2312360094115742 -0.3521416889259944 
-0.5342036987356502 1.2312412451866386 -0.3516786653230378 
-0.5342036987356502 1.2312412451866386 -0.3516786653230378 
-0.5342036987356502 1.2312412451866386 -0.3516786653230378 
-0.529816993481351 1.2312061532177199 -0.3511201235486985 
-0.5247779108948576 1.2311007164226455 -0.3504359736528574 
-0.5208386537748331 1.2309761320449353 -0.3498818981420583 
-0.5160302450145535 1.2307650518324698 -0.3491722836223433 
-0.5160302450145535 1.2307650518324698 -0.3491722836223433 
-0.5121023822770305 1.2305534103557985 -0.34856662626270807 
-0.5103582112635033 1.2304543143126636 -0.34829651517079685 
-0.5033928198852418 1.2299265527025978 -0.3471568831494799 
-0.5012220204669575 1.2297445931471949 -0.34677795772040787 
-0.49623395300857354 1.229262463682537 -0.3459069099905031 
-0.49623395300857354 1.229262463682537 -0.3459069099905031 
-0.49623395300857354 1.229262463682537 -0.3459069099905031 
-0.4908286857180128 1.2286946700230739 -0.34490921624285786 
-0.48888852411936184 1.2284535296174663 -0.34452716423979457 
-0.48759357790816066 1.2282982331282166 -0.34428825660899 
-0.4863002025569254 1.2281283226952315 -0.34404323196622744 
-0.4863002025569254 1.2281283226952315 -0.34404323196622744 
-0.4863002025569254 1.2281283226952315 -0.34404323196622744 
-0.4845802981517557 1.2279056812807938 -0.34369286324637205 
-0.4781401369032122 1.2269932860975659 -0.3423910771759945 
-0.4764270421358971 1.226728644061263 -0.3420371947650661 
-0.4762131311672799 1.2266953216969279 -0.34199212521274847 
-0.47045012950083004 1.2257497508076556 -0.3407509186322538 
-0.46874804423283223 1.2254437043235709 -0.3403730959731863 
-0.4645029530021158 1.2246764232570426 -0.3394014793567527 
-0.46280709354335514 1.2243558147929121 -0.3390162063751484 
-0.4602663259957711 1.223852363843678 -0.3384414286308053 
-0.4602663259957711 1.223852363843678 -0.3384414286308053 
-0.4602663259957711 1.223852363843678 -0.3384414286308053 
-0.4535307650760555 1.2224263256737786 -0.3368019904907611 
-0.44975963190917756 1.2215808969462865 -0.3358522336195491 
-0.448924505206827 1.2213846879286436 -0.3356351108942002 
-0.4437123224115649 1.2201234821573135 -0.3342931619790501 
-0.4424651034709095 1.2198103988005273 -0.3339672331421353 
-0.43688010092634555 1.2183457058944114 -0.33244535759631433 
-0.4356422687457966 1.2180009834191308 -0.3321124047705586 
-0.4303064634948186 1.216491467506779 -0.33059197862940504 
-0.42846053670187695 1.2159565616474126 -0.33008092267551303 
-0.42683183040213346 1.2154700498119533 -0.3295890255843592 
-0.4247937557350637 1.2148496373073296 -0.3289983959104609 
-0.4247937557350637 1.2148496373073296 -0.3289983959104609 
-0.4217517033321105 1.213895200936169 -0.3280824874014777 
-0.4217517033321105 1.213895200936169 -0.3280824874014777 
-0.41710965087853685 1.2123815966457994 -0.32665849777235545 
-0.4137013402874786 1.2112205192097918 -0.325575230182351 
-0.41090235577508194 1.2102442316270474 -0.3246845841746514 
-0.4081157465335913 1.2092389497199092 -0.32378490439870045 
-0.40811430720285435 1.2092456419693771 -0.3237846341788062 
-0.4023840441528187 1.2070955124332485 -0.3218679086592341 
-0.3990496854130954 1.2057941043165128 -0.32071842605261414 
-0.39573093024337835 1.204459143908922 -0.3195635381276227 
-0.3922391206058416 1.2030107467945872 -0.3183175993916604 
-0.3891534892342321 1.2016876029008297 -0.3171999426980552 
-0.3887713928406795 1.2015246442213472 -0.3170475437874185 
-0.3847476087773511 1.1997452778987685 -0.31556309962365936 
-0.38000003174557506 1.1975738410710204 -0.3137473029228214 
-0.3761737741117772 1.1964001692105133 -0.31249716056460675 
-0.37380873342515375 1.1945779441241011 -0.31130456269345885 
-0.3715726371085555 1.1934788060270172 -0.3103963321021118 
-0.36695686978429876 1.1910999402890203 -0.308497114167943 
-0.3638435635434152 1.1894521217897194 -0.30718515906041555 
-0.36148104601553643 1.1881720351695324 -0.3061631907810064 
-0.3576878742692544 1.1860623632702818 -0.30451299257500897 
-0.35571566425657 1.1849374614027532 -0.3036400460572116 
-0.35003853805859203 1.181594454215969 -0.3010568965168281 
-0.34705354825762125 1.1797897877399188 -0.29965867522333656 
-0.3447909291430455 1.1783759113504724 -0.2985870405693215 
-0.34322425776606025 1.1773961348587494 -0.2978515738605152 
-0.336566478480411 1.173025475390688 -0.29453746494586797 
-0.33655627567862445 1.1730299677315856 -0.29455598786045567 
-0.33018470042063364 1.1686206331247189 -0.2913034027663036 
-0.32738257284494754 1.1666017339707158 -0.2898164541780208 
-0.3234583351079959 1.1637218685789383 -0.287705990376129 
-0.32200968050784373 1.1626153865521982 -0.2869038658176507 
-0.31800665963185926 1.1595321714671518 -0.2846632054344106 
-0.3146966194151769 1.1568777572544455 -0.28277276886448266 
-0.31235889516693405 1.1549600373884963 -0.28140767207906514 
-0.3083494150088639 1.1516126923035759 -0.27900947447502455 
-0.307288057569571 1.150688803495956 -0.2783617920733582 
-0.30306845830173235 1.146987106604101 -0.2757514260018846 
-0.29981708241111305 1.1440178995665444 -0.27368093488093326 
-0.296327337611836 1.1407335042190356 -0.2713994897765093 
-0.2937433418219814 1.138246528457409 -0.26967526999109326 
-0.29105514970552904 1.1355852169929408 -0.26784764146380935 
-0.2884129868628016 1.1328887450062737 -0.2660019615982423 
-0.28567113093086327 1.1300181026462195 -0.264051584925985 
-0.2848551925555305 1.1291532776858029 -0.2634634946868981 
-0.28071016127605486 1.124631954489143 -0.2604037714235897 
-0.27848334940182573 1.1221173316625028 -0.25871555935245605 
-0.2761679792569617 1.1194314231170828 -0.256906301070592 
-0.27400437290902724 1.1168691206003638 -0.25520862557518686 
-0.27150439710400565 1.1138392065137726 -0.25317875924218747 
-0.2705157449427001 1.1126122259041775 -0.2523748231199924 
-0.2679667970647803 1.1093802049192893 -0.2502249257639044 
-0.2665325335745195 1.1075065492788627 -0.2490091851631948 
-0.26324459845020254 1.1031250327810436 -0.2461258574463575 
-0.2611915435329658 1.1002728036093261 -0.24425498680492352 
-0.2597195268829027 1.0981982705443822 -0.24291741785085474 
-0.25916378623291547 1.097396266184344 -0.24239672289843373 
-0.2555648911225292 1.0920678394479821 -0.23894488410575154 
-0.253759903519004 1.0892937215705631 -0.23716208607066946 
-0.25209447597940504 1.0866687891087046 -0.2354728516119654 
-0.25036089095955316 1.0838570363704931 -0.233677591413329 
-0.24876316273959342 1.0811972362982596 -0.23197700109816954 
-0.24670845850253786 1.0776866729708297 -0.22973840420364489 
-0.24527425806305247 1.0751609747159363 -0.22813741830575507 
-0.24508798723041825 1.074818585081316 -0.22792718938048584 
-0.24204502287692853 1.0692074043424624 -0.22439185108183646 
-0.24027588035637293 1.065773228628632 -0.22223722143655944 
-0.23855568692706097 1.0623202859612326 -0.22007414736777953 
-0.23704610830119444 1.0591983501242417 -0.2181217393459305 
-0.235655935874311 1.0562367779072157 -0.21627252909091776 
-0.2346267217790482 1.0539507698661128 -0.21486423730503668 
-0.23278723079329489 1.0497092826181067 -0.2122552033464925 
-0.23158893742741382 1.0468808300113155 -0.21050272203794174 
-0.23029674004784245 1.0436731409409679 -0.2085305688384994 
-0.22911222873367487 1.0406279555734663 -0.20667105343034287 
-0.228159381082087 1.0381119497179718 -0.20514045511239487 
-0.22736507972955156 1.0359528784470056 -0.20381908288717776 
-0.22622740432679833 1.032687804961501 -0.2018432062387201 
-0.2251139136462631 1.0294232504965968 -0.1998589861629162 
-0.22427916138237047 1.0268759832765568 -0.19831171477840215 
-0.2237566503987184 1.02522167113505 -0.1973355586428427 
-0.22353472418827935 1.024493637967368 -0.1968840496343831 
-0.22258342652343222 1.0213782580510102 -0.1950097075795254 
-0.22188841120393266 1.0189861532396913 -0.1935748687022556 
-0.2212158612618088 1.0165853282371078 -0.19214367272284083 
-0.22082348347900016 1.0151009945733822 -0.19126198046778864 
-0.2199413243136109 1.0117708473279992 -0.1892711018681701 
-0.21966821983949514 1.0106537052765792 -0.18860733656483408 
-0.21885016573334004 1.0073036126559674 -0.18662081658360086 
-0.21837178340159868 1.0052524359893664 -0.18540491428081685 
-0.2179578534880976 1.0033822553712313 -0.18429903465109276 
-0.21775987519057205 1.0024493301843749 -0.18373874783071265 
-0.217047989333514 0.9990774907505744 -0.1817491296319652 
-0.21686421881110562 0.9981390809291387 -0.18119329687921482 
-0.2163286992418989 0.9953140932477815 -0.17953770846833883 
-0.21614813718155812 0.9943744562444617 -0.17898544634203306 
-0.21567841966823353 0.9917264318944858 -0.17745131234797018 
-0.21552136496653773 0.9907866075480698 -0.17689022498019913 
-0.21515029618668546 0.9885179431706224 -0.1755648086707038 
