-0.9498776408151623 0.9630059624306949 -0.24465192415472747 
-0.9496456849641183 0.9641585621540756 -0.245267861189147 
-0.947878225685476 0.9723833740157358 -0.24969654218084736 
-0.9465754819977772 0.9777233206844296 -0.25254902532120127 
-0.945540878210458 0.9817225011806417 -0.25466838776717104 
-0.9453261849382504 0.982476534253446 -0.25508094169950946 
-0.9440541825141515 0.9870303129769019 -0.25748982274534504 
-0.942977794793663 0.9906221681587196 -0.2593878059767154 
-0.9412007273919326 0.99627733242606 -0.2623637316827978 
-0.941198740747985 0.9962787000702381 -0.2623603903876198 
-0.9397492653000267 1.0006001429902025 -0.26461640548883836 
-0.9393053128662149 1.0019169080573653 -0.26529505001103104 
-0.9370692565744877 1.0080770542911575 -0.2685052895846277 
-0.9370692565744877 1.0080770542911575 -0.2685052895846277 
-0.9344636543403999 1.0147634967988124 -0.27195157343647347 
-0.9330974304926389 1.0180889519317362 -0.2736598052763407 
-0.9306360351375943 1.0237845922256064 -0.2765764550227169 
-0.9289059380987911 1.0276272421223724 -0.2785259654286568 
-0.9284897247226025 1.028536079243295 -0.2789972324121308 
-0.924002446698378 1.0377741264367375 -0.2836576871281048 
-0.9218815318153817 1.0419073210614862 -0.2857250423037223 
-0.9194026841375469 1.046548797472495 -0.28803904953697523 
-0.9167196359204535 1.051328350179127 -0.29040974137687425 
-0.9144690560945133 1.0552014925529256 -0.2923086628094541 
-0.913851109876707 1.0562520874979773 -0.29283125676011146 
-0.911417845260232 1.0602608237849274 -0.2948016458424597 
-0.9089228088369037 1.0642501810600444 -0.29673223743630284 
-0.9068164067796417 1.0675220835638868 -0.2983154856646639 
-0.9068164067796417 1.0675220835638868 -0.2983154856646639 
-0.9043146974490572 1.071277080048305 -0.30013625849577275 
-0.8987948144494617 1.0792168722578293 -0.30394136718358955 
-0.8952605544771208 1.0840492013511014 -0.3062372923822926 
-0.89212194714847 1.0881732741808392 -0.3081648434083979 
-0.8876249642037048 1.0938739049696866 -0.3108420493635955 
-0.8857755360834711 1.0961280646726859 -0.3118865767863954 
-0.8806692903677482 1.1021920056568777 -0.3146726363905319 
-0.8769518807870073 1.1064392148819102 -0.3166159789287911 
-0.873433309301111 1.110324706497384 -0.3183719443252909 
-0.8699847601788628 1.1140045259823272 -0.3200282191717204 
-0.8667820046426189 1.117351988757975 -0.3215097752705339 
-0.8626226935472676 1.1215422144357605 -0.32337637186441703 
-0.859451771649065 1.1246523187763742 -0.3247318029895716 
-0.8550016191951222 1.128882599456891 -0.32658140825120063 
-0.8526667179438838 1.13104689693521 -0.3275117495328973 
-0.8468163810527503 1.1363050235224323 -0.3297595706023855 
-0.8450479524378557 1.1378456761149207 -0.3304057247355502 
-0.8383574563894284 1.1434885809290585 -0.3327732352028099 
-0.8362083056894525 1.1452502219812493 -0.3335069722219991 
-0.8294932133981149 1.1505769677948836 -0.3356873008204394 
-0.8293176796963505 1.1506993651697512 -0.33574824904080547 
-0.8276141017906324 1.1520109948185684 -0.3362655131290765 
-0.8276141017906324 1.1520109948185684 -0.3362655131290765 
-0.8240085895805829 1.1547270216162264 -0.33735492809000567 
-0.8200183239828176 1.1576604561190265 -0.3385100665588524 
-0.8200183239828176 1.1576604561190265 -0.3385100665588524 
-0.8136785158057369 1.1621459050729943 -0.3402580069448775 
-0.8136785158057369 1.1621459050729943 -0.3402580069448775 
-0.8090337288157401 1.1653076258753787 -0.34147508795915327 
-0.8090337288157401 1.1653076258753787 -0.34147508795915327 
-0.8063311446316704 1.1671059923193081 -0.3421538366515854 
-0.8025095689632746 1.169577945503751 -0.3430790244833829 
-0.801774965242923 1.1700400380803244 -0.34325335920218325 
-0.8003130846500419 1.170970742093478 -0.3436046716722092 
-0.8003130846500419 1.170970742093478 -0.3436046716722092 
-0.7966261251134904 1.1732669867214744 -0.3444375958283117 
-0.7966261251134904 1.1732669867214744 -0.3444375958283117 
-0.7919730141399637 1.1760726467186309 -0.34545858966845666 
-0.78746554577255 1.1787144569157795 -0.34638956075900096 
-0.7848155755931996 1.1802231123408762 -0.346924874515701 
-0.7817721711691566 1.1819272117688948 -0.3475163238972222 
-0.7817721711691566 1.1819272117688948 -0.3475163238972222 
-0.7756328119389851 1.1852631950245498 -0.34863075043863134 
-0.7719535180103687 1.1871907247950477 -0.34926241252646983 
-0.7719535180103687 1.1871907247950477 -0.34926241252646983 
-0.7719535180103687 1.1871907247950477 -0.34926241252646983 
-0.7678565163440568 1.1892695360883354 -0.34994165950535083 
-0.7678565163440568 1.1892695360883354 -0.34994165950535083 
-0.7611713753575468 1.1925514488930782 -0.350966291278754 
-0.7611713753575468 1.1925514488930782 -0.350966291278754 
-0.7554051793126847 1.1952372018587911 -0.35178680813790597 
-0.7554051793126847 1.1952372018587911 -0.35178680813790597 
-0.7524054797176195 1.196595648183387 -0.35218475947250527 
-0.7479859424744519 1.198554041040994 -0.352725511283962 
-0.7465660557772013 1.1991508507370265 -0.35289555237472403 
-0.7447502727218615 1.1999301668300364 -0.3531218658651688 
-0.7447502727218615 1.1999301668300364 -0.3531218658651688 
-0.7408951486633363 1.2015442499759295 -0.3535454338543407 
-0.7408951486633363 1.2015442499759295 -0.3535454338543407 
-0.733735096740219 1.204392793072335 -0.35427306237871536 
-0.7314785257814193 1.2052693337709677 -0.35449428635291125 
-0.7275573074930803 1.2067386081795752 -0.35483771679943266 
-0.7238199753855806 1.2080797344752199 -0.3551391750420627 
-0.7238199753855806 1.2080797344752199 -0.3551391750420627 
-0.720490374478257 1.209248730089305 -0.35539553671370283 
-0.714009168027817 1.2114367327226991 -0.35583389915227237 
-0.714009168027817 1.2114367327226991 -0.35583389915227237 
-0.7074878816907831 1.21351497941137 -0.3562054215472884 
-0.7053733140146872 1.2141547311864564 -0.35631437207006855 
-0.7026216032199346 1.214980235881803 -0.3564247162169887 
-0.7021980558674731 1.2151031172235074 -0.35645556228054953 
-0.7021980558674731 1.2151031172235074 -0.35645556228054953 
-0.6953970736671758 1.217040641263831 -0.35669980612274255 
-0.6953970736671758 1.217040641263831 -0.35669980612274255 
-0.6926224776012598 1.2177892594791695 -0.3567813747217885 
-0.6831907159165486 1.2201719800883473 -0.3569807593400782 
-0.68212085756578 1.2204438963155007 -0.35699309344321717 
-0.68212085756578 1.2204438963155007 -0.35699309344321717 
-0.68212085756578 1.2204438963155007 -0.35699309344321717 
-0.6763015997799736 1.2217800842550621 -0.3570322091566662 
-0.6763015997799736 1.2217800842550621 -0.3570322091566662 
-0.6704616196858034 1.2230258825454068 -0.3570139186198781 
-0.6656929802109729 1.223983441007737 -0.35697813619541874 
-0.6656929802109729 1.223983441007737 -0.35697813619541874 
-0.6602593905179668 1.2249967906557004 -0.3568940975953071 
-0.6602593905179668 1.2249967906557004 -0.3568940975953071 
-0.6556860112550809 1.2257936388879964 -0.3567645506800998 
-0.6556860112550809 1.2257936388879964 -0.3567645506800998 
-0.6556860112550809 1.2257936388879964 -0.3567645506800998 
-0.6556860112550809 1.2257936388879964 -0.3567645506800998 
-0.6556860112550809 1.2257936388879964 -0.3567645506800998 
-0.6497913678288999 1.2267280948451336 -0.3565735782371531 
-0.6497913678288999 1.2267280948451336 -0.3565735782371531 
-0.6406033858531848 1.2280190691157182 -0.3561734635720456 
-0.6406033858531848 1.2280190691157182 -0.3561734635720456 
-0.6353424726498538 1.2286574390315639 -0.3558816810388288 
-0.6353424726498538 1.2286574390315639 -0.3558816810388288 
-0.6307362434689224 1.2291667461734805 -0.3556032961522966 
-0.6285405214776831 1.2293854858638313 -0.3554531636009156 
-0.6254645735639655 1.229669124943473 -0.3552450810481689 
-0.6217291402964437 1.229984440872865 -0.35495839982349553 
-0.6151338888141622 1.2304552021703918 -0.3544236637109829 
-0.6118388559853701 1.230664514013322 -0.35411966183381316 
-0.6118388559853701 1.230664514013322 -0.35411966183381316 
-0.6100783768448232 1.2307483271859723 -0.35395460304470616 
-0.6058996157272791 1.2309306220721155 -0.35355390823288735 
-0.6045817038331437 1.2309873942845426 -0.3534182755781158 
-0.6010641860601627 1.2311008361317555 -0.35305994741730884 
-0.5971080880797199 1.231185792294909 -0.3526258826379466 
-0.5944719571100068 1.2312145387870317 -0.352310610447101 
-0.5929348926504031 1.231236009411574 -0.3521416889259942 
-0.5892036987356501 1.2312412451866388 -0.35167866532303793 
-0.5892036987356501 1.2312412451866388 -0.35167866532303793 
-0.5892036987356501 1.2312412451866388 -0.35167866532303793 
-0.5848169934813513 1.2312061532177196 -0.3511201235486979 
-0.5797779108948576 1.2311007164226457 -0.3504359736528573 
-0.5758386537748332 1.230976132044935 -0.34988189814205817 
-0.5710302450145538 1.23076505183247 -0.3491722836223434 
-0.5710302450145538 1.23076505183247 -0.3491722836223434 
-0.5671023822770307 1.2305534103557985 -0.34856662626270785 
-0.5653582112635033 1.2304543143126636 -0.34829651517079696 
-0.5583928198852418 1.229926552702598 -0.3471568831494801 
-0.5562220204669576 1.2297445931471949 -0.346777957720408 
-0.5512339530085735 1.229262463682537 -0.3459069099905031 
-0.5512339530085735 1.229262463682537 -0.3459069099905031 
-0.5512339530085735 1.229262463682537 -0.3459069099905031 
-0.5458286857180129 1.228694670023074 -0.344909216242858 
-0.5438885241193621 1.2284535296174663 -0.34452716423979457 
-0.5425935779081608 1.2282982331282168 -0.3442882566089899 
-0.5413002025569256 1.228128322695232 -0.344043231966227 
-0.5413002025569256 1.228128322695232 -0.344043231966227 
-0.5413002025569256 1.228128322695232 -0.344043231966227 
-0.5395802981517557 1.2279056812807938 -0.34369286324637205 
-0.5331401369032123 1.226993286097566 -0.3423910771759945 
-0.5314270421358971 1.2267286440612635 -0.3420371947650661 
-0.53121313116728 1.2266953216969276 -0.34199212521274847 
-0.52545012950083 1.2257497508076556 -0.34075091863225426 
-0.5237480442328322 1.2254437043235704 -0.3403730959731862 
-0.5195029530021158 1.2246764232570426 -0.3394014793567526 
-0.5178070935433551 1.2243558147929126 -0.3390162063751485 
-0.5152663259957712 1.2238523638436782 -0.3384414286308052 
-0.5152663259957712 1.2238523638436782 -0.3384414286308052 
-0.5152663259957712 1.2238523638436782 -0.3384414286308052 
-0.5085307650760554 1.2224263256737786 -0.3368019904907612 
-0.5047596319091775 1.2215808969462865 -0.3358522336195494 
-0.5039245052068269 1.2213846879286439 -0.3356351108942004 
-0.49871232241156505 1.2201234821573133 -0.33429316197905024 
-0.49746510347090955 1.2198103988005276 -0.33396723314213517 
-0.4918801009263455 1.2183457058944114 -0.33244535759631433 
-0.49064226874579653 1.2180009834191308 -0.3321124047705589 
-0.4853064634948186 1.2164914675067795 -0.33059197862940526 
-0.483460536701877 1.2159565616474124 -0.33008092267551303 
-0.4818318304021335 1.2154700498119535 -0.3295890255843592 
-0.4797937557350639 1.2148496373073296 -0.32899839591046043 
-0.4797937557350639 1.2148496373073296 -0.32899839591046043 
-0.4767517033321106 1.213895200936169 -0.32808248740147783 
-0.4767517033321106 1.213895200936169 -0.32808248740147783 
-0.47210965087853685 1.2123815966457994 -0.32665849777235556 
-0.4687013402874786 1.2112205192097922 -0.3255752301823509 
-0.465902355775082 1.2102442316270472 -0.32468458417465107 
-0.4631157465335912 1.2092389497199094 -0.3237849043987008 
-0.46311430720285435 1.2092456419693773 -0.323784634178806 
-0.4573840441528188 1.2070955124332488 -0.32186790865923365 
-0.4540496854130954 1.2057941043165128 -0.32071842605261414 
-0.45073093024337857 1.204459143908922 -0.31956353812762217 
-0.44723912060584164 1.2030107467945874 -0.31831759939166027 
-0.4441534892342319 1.20168760290083 -0.3171999426980552 
-0.44377139284067957 1.2015246442213476 -0.3170475437874184 
-0.4397476087773512 1.1997452778987685 -0.3155630996236588 
-0.4350000317455753 1.1975738410710202 -0.31374730292282105 
-0.43117377411177726 1.1964001692105133 -0.31249716056460664 
-0.42880873342515374 1.1945779441241013 -0.31130456269345896 
-0.42657263710855553 1.1934788060270172 -0.3103963321021119 
-0.4219568697842988 1.1910999402890203 -0.3084971141679431 
-0.41884356354341523 1.1894521217897194 -0.30718515906041555 
-0.4164810460155365 1.1881720351695328 -0.3061631907810062 
-0.4126878742692546 1.186062363270282 -0.30451299257500875 
-0.41071566425657 1.1849374614027537 -0.3036400460572114 
-0.40503853805859213 1.1815944542159695 -0.30105689651682777 
-0.4020535482576214 1.1797897877399188 -0.29965867522333633 
-0.39979092914304565 1.1783759113504724 -0.29858704056932095 
-0.3982242577660603 1.1773961348587498 -0.2978515738605152 
-0.39156647848041115 1.1730254753906877 -0.29453746494586786 
-0.3915562756786247 1.1730299677315859 -0.29455598786045534 
-0.3851847004206341 1.1686206331247182 -0.2913034027663036 
-0.3823825728449478 1.1666017339707158 -0.2898164541780206 
-0.3784583351079959 1.1637218685789383 -0.287705990376129 
-0.37700968050784384 1.1626153865521982 -0.2869038658176506 
-0.3730066596318596 1.159532171467152 -0.2846632054344099 
-0.3696966194151772 1.1568777572544457 -0.2827727688644823 
-0.36735889516693415 1.1549600373884963 -0.28140767207906525 
-0.3633494150088642 1.1516126923035759 -0.27900947447502467 
-0.3622880575695713 1.1506888034959557 -0.2783617920733582 
-0.35806845830173245 1.146987106604101 -0.27575142600188496 
-0.3548170824111133 1.1440178995665446 -0.2736809348809329 
-0.3513273376118362 1.1407335042190356 -0.2713994897765091 
-0.3487433418219815 1.1382465284574088 -0.26967526999109326 
-0.34605514970552914 1.1355852169929408 -0.2678476414638091 
-0.34341298686280186 1.1328887450062737 -0.26600196159824185 
-0.3406711309308633 1.1300181026462197 -0.2640515849259848 
-0.3398551925555304 1.129153277685803 -0.26346349468689834 
-0.33571016127605513 1.1246319544891428 -0.2604037714235895 
-0.3334833494018259 1.1221173316625028 -0.25871555935245616 
-0.3311679792569616 1.1194314231170828 -0.2569063010705921 
-0.3290043729090273 1.1168691206003638 -0.2552086255751872 
-0.32650439710400625 1.1138392065137726 -0.25317875924218725 
-0.3255157449427003 1.1126122259041775 -0.25237482311999204 
-0.32296679706478043 1.1093802049192891 -0.25022492576390454 
-0.32153253357451966 1.1075065492788625 -0.24900918516319492 
-0.3182445984502025 1.1031250327810438 -0.2461258574463573 
-0.31619154353296586 1.1002728036093261 -0.24425498680492386 
-0.3147195268829028 1.0981982705443822 -0.24291741785085452 
-0.31416378623291574 1.0973962661843437 -0.24239672289843361 
-0.3105648911225294 1.0920678394479821 -0.23894488410575132 
-0.30875990351900406 1.0892937215705634 -0.23716208607066935 
-0.3070944759794051 1.0866687891087046 -0.23547285161196518 
-0.30536089095955316 1.0838570363704934 -0.233677591413329 
-0.3037631627395933 1.0811972362982594 -0.23197700109816977 
-0.30170845850253813 1.0776866729708294 -0.22973840420364477 
-0.3002742580630525 1.0751609747159363 -0.22813741830575496 
-0.30008798723041835 1.0748185850813161 -0.22792718938048562 
-0.2970450228769284 1.0692074043424629 -0.22439185108183646 
-0.295275880356373 1.065773228628632 -0.22223722143655944 
-0.29355568692706097 1.0623202859612326 -0.2200741473677793 
-0.2920461083011946 1.059198350124242 -0.2181217393459305 
-0.29065593587431104 1.0562367779072162 -0.21627252909091754 
-0.28962672177904836 1.053950769866113 -0.2148642373050369 
-0.28778723079329505 1.0497092826181067 -0.21225520334649262 
-0.2865889374274137 1.0468808300113155 -0.21050272203794185 
-0.28529674004784267 1.0436731409409679 -0.20853056883849952 
-0.2841122287336749 1.0406279555734663 -0.20667105343034287 
-0.2831593810820874 1.038111949717972 -0.20514045511239476 
-0.28236507972955177 1.0359528784470056 -0.20381908288717787 
-0.2812274043267987 1.0326878049615011 -0.2018432062387202 
-0.28011391364626337 1.0294232504965968 -0.1998589861629162 
-0.2792791613823704 1.026875983276557 -0.19831171477840226 
-0.2787566503987188 1.0252216711350501 -0.1973355586428429 
-0.2785347241882798 1.024493637967368 -0.1968840496343831 
-0.27758342652343226 1.0213782580510102 -0.19500970757952585 
-0.2768884112039327 1.0189861532396915 -0.19357486870225593 
-0.27621586126180886 1.016585328237108 -0.19214367272284083 
-0.2758234834790004 1.0151009945733824 -0.1912619804677883 
-0.27494132431361096 1.0117708473279992 -0.1892711018681702 
-0.2746682198394954 1.0106537052765792 -0.18860733656483408 
-0.2738501657333399 1.0073036126559676 -0.18662081658360086 
-0.2733717834015989 1.0052524359893664 -0.18540491428081685 
-0.27295785348809753 1.0033822553712313 -0.18429903465109276 
-0.2727598751905723 1.0024493301843749 -0.18373874783071287 
-0.2720479893335138 0.9990774907505745 -0.18174912963196532 
-0.2718642188111057 0.9981390809291388 -0.18119329687921504 
-0.2713286992418991 0.9953140932477818 -0.17953770846833872 
-0.27114813718155817 0.9943744562444619 -0.17898544634203295 
-0.27067841966823347 0.991726431894486 -0.17745131234797007 
-0.2705213649665379 0.9907866075480698 -0.17689022498019913 
-0.2701502961866855 0.9885179431706227 -0.17556480867070368 
