-0.9498749199270904 0.8930044165633619 -0.24465458674010887 
-0.9495785019287706 0.8945378341008827 -0.24548324483473072 
-0.9495785019287706 0.8945378341008827 -0.24548324483473072 
-0.947644826088413 0.9033402022023771 -0.25020185933543204 
-0.9474157709388789 0.9042943405022912 -0.25071199587092163 
-0.9457844644228718 0.9107647101406313 -0.254175384922954 
-0.9457844644228718 0.9107647101406313 -0.254175384922954 
-0.9457844644228718 0.9107647101406313 -0.254175384922954 
-0.9451693541117927 0.9130500494347122 -0.255375551521405 
-0.9438313477833369 0.9177875420384218 -0.2578896388635291 
-0.9438313477833369 0.9177875420384218 -0.2578896388635291 
-0.9409732141324852 0.9270345177917722 -0.26275521097348153 
-0.93969246255902 0.9307868796612231 -0.26471864385858224 
-0.9393616802247722 0.9317248149498764 -0.2652032773371773 
-0.9393616802247722 0.9317248149498764 -0.2652032773371773 
-0.937206173970322 0.9377025846162405 -0.26831472036942006 
-0.9354872942985926 0.9421625812112011 -0.2706235504050153 
-0.9354872942985926 0.9421625812112011 -0.2706235504050153 
-0.9340062985566076 0.9458684675012206 -0.27252843432861795 
-0.9340062985566076 0.9458684675012206 -0.27252843432861795 
-0.9321623764408313 0.9502970682870067 -0.2747964582575615 
-0.9281560542488317 0.9564005469005894 -0.27742463892116354 
-0.9280663178599694 0.9594506892356239 -0.2794515284138219 
-0.9280663178599694 0.9594506892356239 -0.2794515284138219 
-0.9263297706819158 0.9630764280634101 -0.281297222633629 
-0.9226260100969328 0.9704712033202488 -0.2850101714585671 
-0.9196892566613197 0.9760124245186568 -0.287775523819928 
-0.9190983019681362 0.9770812781341529 -0.28829625770116485 
-0.916307005156363 0.9820367277917048 -0.2907451480146366 
-0.9131192415943112 0.9874786986959075 -0.29342755083329475 
-0.9131192415943112 0.9874786986959075 -0.29342755083329475 
-0.9113227244821425 0.9904463053235544 -0.2948733227222161 
-0.9084923416949334 0.9949433379856729 -0.2970704079730443 
-0.9038594321072708 1.001961642266769 -0.30046073158210584 
-0.903046847298026 1.0031475376685897 -0.30103574971442437 
-0.8993986876801601 1.0083849263433957 -0.303532655888786 
-0.893886083788715 1.015867035024443 -0.30709013304617394 
-0.8912316046729917 1.0193163787809285 -0.3087100407298927 
-0.8872244852268467 1.0243603327140958 -0.31105373761443467 
-0.8861724496468915 1.0256484147112737 -0.31165699559826465 
-0.8803981979035299 1.0325092208508733 -0.3148182964478099 
-0.8775065522554166 1.035815998647894 -0.31632284657784726 
-0.8747124868396118 1.0389361812878555 -0.3177399183487084 
-0.8725763373330477 1.0412508063675785 -0.31878334356487803 
-0.8698443667918038 1.0441608261373472 -0.3200952833592825 
-0.8626244266484882 1.0515493033416636 -0.32336317405875803 
-0.8618614396143195 1.052279028038383 -0.32369854581359947 
-0.855162584845945 1.0587462168093253 -0.3265106971267079 
-0.8543820289648022 1.0594650666697867 -0.3268242353509808 
-0.8476153821911594 1.065601566951109 -0.3294608504835521 
-0.8461719132615008 1.0668612567780689 -0.3300019525608552 
-0.841649245511409 1.0707635825197968 -0.3316266887924283 
-0.841649245511409 1.0707635825197968 -0.3316266887924283 
-0.8360403364052592 1.0753837466783427 -0.3335616699932693 
-0.8313586301433387 1.0791341299085815 -0.33508889507162487 
-0.8296596142353496 1.0804462195230673 -0.3356243045756092 
-0.8267584368243636 1.08266391383079 -0.3365190918154516 
-0.8179212073849467 1.0891721526926492 -0.3391053215485943 
-0.8163325143850179 1.0902885171267196 -0.3395457981933082 
-0.808494104419085 1.0956682807049862 -0.3416122747927045 
-0.8070515600357241 1.0966257759848945 -0.3419752727336838 
-0.7990892994029909 1.1016170368634268 -0.34352803932663634 
-0.7978135090650215 1.102448572755377 -0.34396857558073346 
-0.7988384553373182 1.1018828458520356 -0.34395931650697176 
-0.7930974183649686 1.1054107195401355 -0.3452135896262033 
-0.7930974183649686 1.1054107195401355 -0.3452135896262033 
-0.7880332136099698 1.1083908612303532 -0.34627285573992694 
-0.7880332136099698 1.1083908612303532 -0.34627285573992694 
-0.7810128452648841 1.11235312266673 -0.347667210932895 
-0.778334399016742 1.1138247822216656 -0.3481568779967188 
-0.7715620038246863 1.1173840620283482 -0.3493369396357283 
-0.7715620038246863 1.1173840620283482 -0.3493369396357283 
-0.7680530811187657 1.1191714022154118 -0.34991430785516653 
-0.7627507649969664 1.1217879238909945 -0.3507391982179292 
-0.7583898611063291 1.1238541212868 -0.3513653775532971 
-0.7583898611063291 1.1238541212868 -0.3513653775532971 
-0.7516025317838212 1.126953638432359 -0.35228423466993675 
-0.7516025317838212 1.126953638432359 -0.35228423466993675 
-0.7469795063898788 1.1289920973100107 -0.35285290162375293 
-0.7469795063898788 1.1289920973100107 -0.35285290162375293 
-0.7394670485639889 1.132123145929011 -0.3536966227253743 
-0.7394670485639889 1.132123145929011 -0.3536966227253743 
-0.7312669657244852 1.135337142659734 -0.3545123609196713 
-0.7296175434245378 1.1359591580248323 -0.3546606939163547 
-0.7227792575889365 1.1384447331010592 -0.35522307478827664 
-0.720490374478257 1.1392487300893048 -0.35539553671370305 
-0.716940785445344 1.1404612525875297 -0.3556436329462235 
-0.7129597884507127 1.1417789937399647 -0.3558981046722859 
-0.703048449657278 1.1448594938491532 -0.35641869531092685 
-0.6988028896419822 1.1460896641716505 -0.35658160088122304 
-0.6973142340650602 1.14650826261924 -0.35664459465408094 
-0.6917685259071422 1.1480153618071534 -0.35681759256734835 
-0.6917685259071422 1.1480153618071534 -0.35681759256734835 
-0.6851270000184264 1.1497086903166818 -0.3569533313749158 
-0.6773776759514721 1.1515317155876885 -0.3570203818663378 
-0.6750044890131565 1.152062361537844 -0.35702828194609026 
-0.666776498008357 1.1537683406796668 -0.3569763187289131 
-0.6646041801651809 1.1541822184437072 -0.3569642931931363 
-0.6563373826824435 1.1556745585003003 -0.3567870417200577 
-0.6504468375872311 1.156628206702682 -0.3566015964909227 
-0.6473852435563214 1.1570788340207756 -0.3564798093735444 
-0.6403834765867065 1.1580439281050632 -0.35616821745915417 
-0.6344640278131795 1.1587528265287546 -0.3558334116285551 
-0.6291973391378355 1.159313484280827 -0.35551062025300006 
-0.6261231591681571 1.1596078991664294 -0.3552952929431604 
-0.6188708008778998 1.160198856063991 -0.35473799049070254 
-0.612715677054051 1.160602869211391 -0.3542099804415981 
-0.607219965017802 1.1608851941949385 -0.3536904368277558 
-0.607219965017802 1.1608851941949385 -0.3536904368277558 
-0.5966690555516876 1.1611912265781759 -0.3525672916661412 
-0.5920589936508681 1.1612497862357438 -0.3520206104549519 
-0.5872287191675697 1.1612290084924688 -0.35143307753425124 
-0.5817486923560357 1.1611507904417566 -0.3507120635301231 
-0.5793397069003922 1.1610955450985097 -0.35038504240657353 
-0.5716854613592817 1.1607949794389028 -0.3492696361405545 
-0.5668832150059286 1.1605414515713386 -0.3485426353461266 
-0.5664471298531191 1.1605116842865646 -0.3484722854339368 
-0.5603502267429393 1.160094826299645 -0.3474825362009296 
-0.5542680729857529 1.1595647287178867 -0.34644619072009475 
-0.551883993686864 1.1593317158025496 -0.3460219425761726 
-0.5486385089036848 1.1589990699548538 -0.34542602352745366 
-0.5410843127698801 1.1580942161297303 -0.3440052146582143 
-0.5376448766490349 1.1576445329146354 -0.34331171270638206 
-0.5329255106371068 1.1569516505327582 -0.3423509020464667 
-0.532498102967631 1.1568927351356828 -0.3422555021496244 
-0.5280071320766082 1.1561760407256843 -0.34131704581756195 
-0.5245978618877589 1.1556063319264678 -0.3405653406799939 
-0.5207741680089766 1.1549180817707947 -0.33969779933805455 
-0.5182282998992476 1.154436061509542 -0.33912674739098647 
-0.5148466692125708 1.1537703793709086 -0.3383262287433658 
-0.5110537604883814 1.1529772682321173 -0.33741298405316333 
-0.5110537604883814 1.1529772682321173 -0.33741298405316333 
-0.5091625911602222 1.1525645957957167 -0.33694791860365236 
-0.5035080428124596 1.1512767072485328 -0.33552691643058075 
-0.5007921759908044 1.150640652923109 -0.3348403520136738 
-0.4972597329039734 1.149752129641465 -0.33390527010254745 
-0.49435861222959904 1.1489970209317943 -0.3331307250812807 
-0.4933253303623748 1.148733440222806 -0.33284158716876233 
-0.49084840316703104 1.1480537560320012 -0.3321713607545642 
-0.49084840316703104 1.1480537560320012 -0.3321713607545642 
-0.4869417869658643 1.1469731001469303 -0.33107032935205283 
-0.48346409530022133 1.1459506142083833 -0.3300702668008857 
-0.4814251811409049 1.1453499661451476 -0.32946360203920655 
-0.47695516854359243 1.1439565506478115 -0.3281420854085003 
-0.4757423527727587 1.1435642448039813 -0.32777182029104723 
-0.4715070018649284 1.1421821097739142 -0.32646614278548813 
-0.46950110735653844 1.1414902704177405 -0.32583917045675903 
-0.46829982348590543 1.1410726886149132 -0.32545993128193884 
-0.466499396359024 1.14046255379428 -0.3248772040360016 
-0.4641078115066827 1.1396057890816038 -0.32410982292327906 
-0.4621267808700518 1.1388776617258967 -0.3234460884752224 
-0.4593578334995916 1.137847735112922 -0.32252113379961844 
-0.45777608116225327 1.1372479002950395 -0.3220058928881364 
-0.45777608116225327 1.1372479002950395 -0.3220058928881364 
-0.4534641706452476 1.135560622903552 -0.32051093210847026 
-0.44995564881034633 1.1341344456918123 -0.31928514812421616 
-0.4484013177653931 1.1335000428136057 -0.3187305606278693 
-0.4468550636231723 1.1328416217838417 -0.318175021947253 
-0.4439598958325145 1.1316046275243863 -0.3171332260143146 
-0.440129196979936 1.1299166737016328 -0.3157066548835846 
-0.4389879738401209 1.129400519415764 -0.31526757674463535 
-0.43557351067117334 1.1278323522086653 -0.3139538979626363 
-0.4327393791109887 1.1265037589974904 -0.3128601857844796 
-0.4267608547515969 1.1235673494744418 -0.3104693985699103 
-0.42379846925336234 1.1220575989503032 -0.3092596714233199 
-0.4234285226445831 1.121877852773463 -0.30909929420350235 
-0.4234285226445831 1.121877852773463 -0.30909929420350235 
-0.41739045792436047 1.1186670888694406 -0.3065502892179054 
-0.416295899220743 1.1180733144099877 -0.3060944321299829 
-0.4130453302943369 1.1162664352282854 -0.3046758868680398 
-0.41089167616227523 1.1150448376793214 -0.3037222379021779 
-0.40804217483177235 1.1133923662460823 -0.3024303844706775 
-0.40804217483177235 1.1133923662460823 -0.3024303844706775 
-0.4020566711188567 1.1097791355555706 -0.29966272149808504 
-0.4004872073073906 1.1088095559683597 -0.2989171889097052 
-0.3966773375854564 1.1063946839257417 -0.29709663323884483 
-0.39308638980358174 1.1040424135803169 -0.2953247391874798 
-0.38986593441996686 1.1018817439514634 -0.29371030496693273 
-0.38885627345592844 1.1011888781373032 -0.29319930090493784 
-0.3848578600637378 1.0983864112599513 -0.29111758759793105 
-0.3848578600637378 1.0983864112599513 -0.29111758759793105 
-0.3804163217825516 1.0951664587053256 -0.28876140779322645 
-0.37895257807675586 1.0940765515589754 -0.28796678068220083 
-0.37700925547532277 1.092613728172223 -0.28690674690151774 
-0.3719004805308931 1.0886498846131516 -0.28403348767799363 
-0.3719004805308931 1.0886498846131516 -0.28403348767799363 
-0.36782122719260757 1.085358580523139 -0.28167187687565043 
-0.36750556398948653 1.0851027043424544 -0.2814984314457645 
-0.36319637520578335 1.0814804033438827 -0.2789199185335036 
-0.36319637520578335 1.0814804033438827 -0.2789199185335036 
-0.3600187063997078 1.078712138804056 -0.27696797045758026 
-0.35614341357170937 1.0752311931053677 -0.27453409636204507 
-0.35555132951352186 1.074690977295097 -0.2741604922014176 
-0.3507479353251354 1.0701850579451886 -0.2710189311390152 
-0.3486010416084249 1.0681071846438497 -0.2695791842455 
-0.3454994384360347 1.0650111199898122 -0.26746519384215095 
-0.3445197148422814 1.064023520290022 -0.26678772650348337 
-0.3398516208474213 1.0591597007608613 -0.26346087631011517 
-0.33917039868977733 1.0584376480987323 -0.26297567783068543 
-0.3359759408000778 1.0549245452946119 -0.2606014747888358 
-0.333487217521908 1.0521159623561662 -0.25871139306591484 
-0.33244611662255386 1.0509235330736586 -0.2579224417647128 
-0.3312911738383889 1.049587468051218 -0.2570055933514833 
-0.3312911738383889 1.049587468051218 -0.2570055933514833 
-0.32787098836213435 1.045510512459582 -0.2542991171367025 
-0.32787098836213435 1.045510512459582 -0.2542991171367025 
-0.3252759904451208 1.0423059260808925 -0.2521629100250521 
-0.323814024270372 1.0404498086408547 -0.2509536611754095 
-0.3210537739560029 1.0368881461964088 -0.24859765250016308 
-0.31848799779866477 1.0334313047097416 -0.24632853024438306 
-0.31756177846416117 1.032170743331899 -0.24550364534594193 
-0.31641473255553987 1.03058866108232 -0.24447025728382854 
-0.31528907212116986 1.0289926276641235 -0.24343162517645778 
-0.3141656737784733 1.0273948963833055 -0.24239618194417856 
-0.3130627772821665 1.0257881548993293 -0.24135043586801408 
-0.3130627772821665 1.0257881548993293 -0.24135043586801408 
-0.30970511481964746 1.020772707953755 -0.2381028536531664 
-0.3082369563052504 1.0184788824270403 -0.23662850587443252 
-0.3066849245767922 1.0160082577901788 -0.23504992121214496 
-0.30535401927514394 1.0138615347419677 -0.23367928522685055 
-0.304355100274165 1.0121975493611473 -0.23261788421535257 
-0.3030712439067747 1.0100296421523765 -0.23123333789645317 
-0.3030712439067747 1.0100296421523765 -0.23123333789645317 
-0.3009429986444579 1.0063365752700069 -0.22888855489594162 
-0.3009429986444579 1.0063365752700069 -0.22888855489594162 
-0.29934503248394123 1.00346299231038 -0.2270653974617164 
-0.29786060459587727 1.000745726332825 -0.22535597526277196 
-0.2966860560150385 0.9985229642725651 -0.2239616452563311 
-0.2951885202998492 0.9956010790859492 -0.22212937604148175 
-0.29406395516872397 0.9933651357334699 -0.22071633878746355 
-0.29406395516872397 0.9933651357334699 -0.22071633878746355 
-0.29406395516872397 0.9933651357334699 -0.22071633878746355 
-0.2916290112535803 0.9883253404735481 -0.21758768686789576 
-0.2902651915175646 0.985354060838916 -0.2157304333933956 
-0.2886209803997217 0.9816565251676734 -0.21345224722351397 
-0.2878542060584291 0.9798952079012946 -0.21235864460809228 
-0.2871088962310264 0.9781238445453525 -0.21126394509665836 
-0.2871088962310264 0.9781238445453525 -0.21126394509665836 
-0.2845903224119143 0.9718784763199673 -0.20744877927996253 
-0.2840393580613615 0.9704505772528436 -0.2065620377796623 
-0.28336521549252114 0.9686522702501799 -0.2054647473915362 
-0.2821652295823006 0.965410541184244 -0.20349438783598206 
-0.2815325329226662 0.9636010210102437 -0.2023900584737568 
-0.2807220225589193 0.961233958450884 -0.2009725723911261 
-0.2796258427584333 0.9579698150304339 -0.1989791036950096 
-0.2787580481134239 0.9552275786125011 -0.19732552199816145 
-0.2778568706752545 0.9522966160722544 -0.19556137255290396 
-0.2773698572067199 0.9506390475645955 -0.19457226354951462 
-0.2768917511548903 0.9489848553084745 -0.19357454666198548 
-0.2760171070364808 0.9458449064361074 -0.191701561566897 
-0.27537262296416 0.9434425752667184 -0.19026135624573193 
-0.27456389729580544 0.9402889805732775 -0.18838296540673993 
-0.2739383175457848 0.9376763541187838 -0.1868419211309651 
-0.27385154999107353 0.9373095286489213 -0.18661078309016244 
-0.27270840748586367 0.9322612720553318 -0.18363600796894652 
-0.2723678166924857 0.9305743464481921 -0.18263284466218743 
-0.2716717054237566 0.9272002086430159 -0.18064386722758718 
-0.2712587969687178 0.9249374798159581 -0.17931666087164133 
-0.27087681314228274 0.9228637364626096 -0.17810567007955802 
-0.27058476524763164 0.9211626783763526 -0.17711403678439086 
-0.2704883622160039 0.9206025943145755 -0.17677269049975752 
