-0.9498749199270903 0.9630044165633622 -0.24465458674010876 
-0.9495785019287707 0.9645378341008828 -0.2454832448347306 
-0.9495785019287707 0.9645378341008828 -0.2454832448347306 
-0.9476448260884132 0.9733402022023774 -0.25020185933543215 
-0.9474157709388791 0.9742943405022915 -0.2507119958709215 
-0.9457844644228719 0.9807647101406314 -0.254175384922954 
-0.9457844644228719 0.9807647101406314 -0.254175384922954 
-0.9457844644228719 0.9807647101406314 -0.254175384922954 
-0.9451693541117928 0.9830500494347123 -0.255375551521405 
-0.9438313477833369 0.9877875420384221 -0.2578896388635292 
-0.9438313477833369 0.9877875420384221 -0.2578896388635292 
-0.940973214132485 0.9970345177917723 -0.2627552109734814 
-0.9396924625590203 1.0007868796612231 -0.26471864385858246 
-0.9393616802247722 1.0017248149498768 -0.2652032773371774 
-0.9393616802247722 1.0017248149498768 -0.2652032773371774 
-0.937206173970322 1.0077025846162406 -0.2683147203694197 
-0.9354872942985927 1.0121625812112012 -0.2706235504050155 
-0.9354872942985927 1.0121625812112012 -0.2706235504050155 
-0.9340062985566073 1.0158684675012206 -0.27252843432861795 
-0.9340062985566073 1.0158684675012206 -0.27252843432861795 
-0.9321623764408316 1.0202970682870065 -0.2747964582575615 
-0.9281560542488319 1.0264005469005895 -0.2774246389211634 
-0.9280663178599693 1.029450689235624 -0.2794515284138219 
-0.9280663178599693 1.029450689235624 -0.2794515284138219 
-0.9263297706819158 1.0330764280634102 -0.281297222633629 
-0.922626010096933 1.040471203320249 -0.28501017145856744 
-0.9196892566613197 1.0460124245186568 -0.287775523819928 
-0.9190983019681361 1.047081278134153 -0.2882962577011646 
-0.9163070051563631 1.052036727791705 -0.2907451480146366 
-0.9131192415943113 1.0574786986959077 -0.29342755083329475 
-0.9131192415943113 1.0574786986959077 -0.29342755083329475 
-0.9113227244821425 1.0604463053235547 -0.2948733227222161 
-0.9084923416949335 1.0649433379856732 -0.2970704079730442 
-0.9038594321072708 1.071961642266769 -0.30046073158210596 
-0.9030468472980262 1.07314753766859 -0.3010357497144245 
-0.8993986876801603 1.078384926343396 -0.303532655888786 
-0.8938860837887153 1.0858670350244433 -0.30709013304617383 
-0.8912316046729919 1.0893163787809288 -0.30871004072989294 
-0.8872244852268467 1.0943603327140963 -0.31105373761443444 
-0.8861724496468915 1.095648414711274 -0.31165699559826454 
-0.8803981979035302 1.1025092208508736 -0.31481829644781 
-0.8775065522554166 1.1058159986478944 -0.31632284657784704 
-0.8747124868396117 1.1089361812878558 -0.3177399183487083 
-0.8725763373330481 1.111250806367579 -0.31878334356487814 
-0.8698443667918038 1.1141608261373472 -0.3200952833592824 
-0.8626244266484879 1.121549303341664 -0.3233631740587579 
-0.8618614396143197 1.1222790280383832 -0.32369854581359936 
-0.855162584845945 1.1287462168093254 -0.3265106971267081 
-0.8543820289648022 1.129465066669787 -0.3268242353509805 
-0.8476153821911594 1.135601566951109 -0.32946085048355167 
-0.846171913261501 1.1368612567780692 -0.3300019525608554 
-0.8416492455114091 1.140763582519797 -0.3316266887924283 
-0.8416492455114091 1.140763582519797 -0.3316266887924283 
-0.8360403364052592 1.145383746678343 -0.3335616699932692 
-0.8313586301433386 1.1491341299085818 -0.33508889507162465 
-0.8296596142353495 1.1504462195230676 -0.3356243045756091 
-0.8267584368243636 1.1526639138307904 -0.3365190918154517 
-0.8179212073849466 1.1591721526926493 -0.3391053215485943 
-0.8163325143850177 1.1602885171267194 -0.339545798193308 
-0.808494104419085 1.1656682807049863 -0.34161227479270506 
-0.807051560035724 1.1666257759848944 -0.341975272733684 
-0.799089299402991 1.1716170368634269 -0.34352803932663656 
-0.7978135090650214 1.172448572755377 -0.34396857558073324 
-0.7988384553373182 1.1718828458520356 -0.34395931650697154 
-0.7930974183649686 1.1754107195401355 -0.3452135896262034 
-0.7930974183649686 1.1754107195401355 -0.3452135896262034 
-0.7880332136099698 1.1783908612303533 -0.3462728557399266 
-0.7880332136099698 1.1783908612303533 -0.3462728557399266 
-0.7810128452648841 1.1823531226667303 -0.347667210932895 
-0.778334399016742 1.1838247822216659 -0.3481568779967188 
-0.7715620038246864 1.1873840620283485 -0.3493369396357284 
-0.7715620038246864 1.1873840620283485 -0.3493369396357284 
-0.7680530811187657 1.1891714022154116 -0.34991430785516675 
-0.7627507649969664 1.1917879238909945 -0.350739198217929 
-0.758389861106329 1.1938541212868001 -0.3513653775532969 
-0.758389861106329 1.1938541212868001 -0.3513653775532969 
-0.7516025317838213 1.1969536384323594 -0.35228423466993697 
-0.7516025317838213 1.1969536384323594 -0.35228423466993697 
-0.7469795063898786 1.1989920973100108 -0.3528529016237527 
-0.7469795063898786 1.1989920973100108 -0.3528529016237527 
-0.7394670485639891 1.2021231459290111 -0.35369662272537405 
-0.7394670485639891 1.2021231459290111 -0.35369662272537405 
-0.7312669657244851 1.2053371426597341 -0.3545123609196714 
-0.7296175434245379 1.2059591580248326 -0.3546606939163549 
-0.7227792575889366 1.2084447331010593 -0.3552230747882764 
-0.720490374478257 1.209248730089305 -0.35539553671370283 
-0.7169407854453438 1.2104612525875296 -0.35564363294622325 
-0.7129597884507125 1.2117789937399648 -0.3558981046722859 
-0.703048449657278 1.2148594938491535 -0.3564186953109262 
-0.6988028896419822 1.2160896641716505 -0.35658160088122304 
-0.6973142340650601 1.21650826261924 -0.35664459465408094 
-0.6917685259071424 1.2180153618071536 -0.35681759256734835 
-0.6917685259071424 1.2180153618071536 -0.35681759256734835 
-0.6851270000184262 1.2197086903166818 -0.35695333137491536 
-0.6773776759514721 1.2215317155876886 -0.35702038186633756 
-0.6750044890131566 1.2220623615378443 -0.3570282819460905 
-0.666776498008357 1.2237683406796669 -0.35697631872891333 
-0.6646041801651811 1.2241822184437077 -0.35696429319313683 
-0.6563373826824435 1.2256745585003002 -0.3567870417200574 
-0.6504468375872311 1.2266282067026821 -0.3566015964909226 
-0.6473852435563213 1.2270788340207757 -0.3564798093735443 
-0.6403834765867064 1.2280439281050632 -0.35616821745915395 
-0.6344640278131796 1.2287528265287548 -0.35583341162855475 
-0.6291973391378354 1.229313484280827 -0.35551062025300006 
-0.6261231591681571 1.2296078991664294 -0.3552952929431603 
-0.6188708008778999 1.2301988560639914 -0.35473799049070265 
-0.612715677054051 1.230602869211391 -0.35420998044159835 
-0.6072199650178021 1.2308851941949386 -0.3536904368277559 
-0.6072199650178021 1.2308851941949386 -0.3536904368277559 
-0.5966690555516876 1.231191226578176 -0.3525672916661412 
-0.5920589936508682 1.231249786235744 -0.35202061045495214 
-0.5872287191675698 1.2312290084924693 -0.35143307753425124 
-0.5817486923560358 1.2311507904417571 -0.35071206353012296 
-0.5793397069003922 1.2310955450985097 -0.3503850424065733 
-0.5716854613592817 1.2307949794389028 -0.3492696361405545 
-0.5668832150059286 1.2305414515713387 -0.34854263534612606 
-0.5664471298531191 1.2305116842865644 -0.34847228543393693 
-0.5603502267429393 1.2300948262996454 -0.3474825362009293 
-0.5542680729857528 1.2295647287178868 -0.34644619072009497 
-0.5518839936868641 1.2293317158025499 -0.3460219425761726 
-0.5486385089036847 1.2289990699548539 -0.34542602352745344 
-0.5410843127698801 1.2280942161297306 -0.3440052146582143 
-0.5376448766490349 1.2276445329146357 -0.34331171270638194 
-0.5329255106371069 1.2269516505327582 -0.34235090204646634 
-0.5324981029676311 1.2268927351356829 -0.3422555021496241 
-0.5280071320766082 1.2261760407256843 -0.34131704581756206 
-0.5245978618877589 1.2256063319264678 -0.34056534067999367 
-0.5207741680089768 1.2249180817707948 -0.3396977993380542 
-0.5182282998992477 1.224436061509542 -0.33912674739098647 
-0.5148466692125709 1.223770379370909 -0.33832622874336604 
-0.5110537604883815 1.2229772682321174 -0.337412984053163 
-0.5110537604883815 1.2229772682321174 -0.337412984053163 
-0.5091625911602221 1.2225645957957167 -0.33694791860365236 
-0.5035080428124596 1.2212767072485327 -0.33552691643058064 
-0.5007921759908045 1.2206406529231093 -0.3348403520136737 
-0.4972597329039734 1.219752129641465 -0.3339052701025472 
-0.49435861222959915 1.2189970209317944 -0.3331307250812806 
-0.4933253303623749 1.2187334402228063 -0.33284158716876233 
-0.49084840316703116 1.218053756032001 -0.3321713607545639 
-0.49084840316703116 1.218053756032001 -0.3321713607545639 
-0.4869417869658643 1.2169731001469306 -0.33107032935205316 
-0.4834640953002214 1.2159506142083834 -0.33007026680088547 
-0.4814251811409048 1.215349966145148 -0.3294636020392069 
-0.47695516854359254 1.2139565506478116 -0.3281420854085 
-0.4757423527727589 1.2135642448039816 -0.3277718202910471 
-0.4715070018649285 1.2121821097739145 -0.326466142785488 
-0.4695011073565386 1.2114902704177406 -0.3258391704567589 
-0.46829982348590543 1.2110726886149132 -0.3254599312819386 
-0.46649939635902404 1.2104625537942804 -0.3248772040360013 
-0.4641078115066828 1.2096057890816043 -0.3241098229232785 
-0.4621267808700519 1.2088776617258972 -0.32344608847522227 
-0.45935783349959153 1.2078477351129226 -0.32252113379961833 
-0.45777608116225327 1.2072479002950396 -0.3220058928881362 
-0.45777608116225327 1.2072479002950396 -0.3220058928881362 
-0.45346417064524774 1.205560622903552 -0.3205109321084699 
-0.44995564881034633 1.2041344456918124 -0.3192851481242158 
-0.44840131776539305 1.2035000428136058 -0.3187305606278693 
-0.4468550636231725 1.2028416217838416 -0.31817502194725233 
-0.4439598958325145 1.2016046275243866 -0.31713322601431493 
-0.440129196979936 1.1999166737016331 -0.3157066548835845 
-0.4389879738401209 1.1994005194157638 -0.31526757674463557 
-0.43557351067117345 1.1978323522086656 -0.3139538979626362 
-0.43273937911098875 1.1965037589974905 -0.31286018578447927 
-0.426760854751597 1.193567349474442 -0.31046939856991007 
-0.4237984692533626 1.1920575989503033 -0.3092596714233198 
-0.423428522644583 1.1918778527734633 -0.3090992942035026 
-0.423428522644583 1.1918778527734633 -0.3090992942035026 
-0.41739045792436036 1.188667088869441 -0.30655028921790584 
-0.416295899220743 1.188073314409988 -0.3060944321299831 
-0.41304533029433665 1.1862664352282855 -0.30467588686804026 
-0.41089167616227534 1.1850448376793217 -0.3037222379021779 
-0.40804217483177246 1.1833923662460826 -0.3024303844706774 
-0.40804217483177246 1.1833923662460826 -0.3024303844706774 
-0.40205667111885685 1.179779135555571 -0.2996627214980846 
-0.4004872073073905 1.17880955596836 -0.2989171889097054 
-0.3966773375854566 1.176394683925742 -0.2970966332388446 
-0.39308638980358196 1.174042413580317 -0.2953247391874798 
-0.3898659344199669 1.1718817439514637 -0.29371030496693284 
-0.3888562734559286 1.1711888781373034 -0.29319930090493806 
-0.38485786006373796 1.1683864112599514 -0.2911175875979308 
-0.38485786006373796 1.1683864112599514 -0.2911175875979308 
-0.3804163217825518 1.1651664587053254 -0.28876140779322634 
-0.3789525780767559 1.1640765515589757 -0.28796678068220083 
-0.37700925547532294 1.1626137281722229 -0.28690674690151763 
-0.3719004805308933 1.1586498846131517 -0.28403348767799363 
-0.3719004805308933 1.1586498846131517 -0.28403348767799363 
-0.3678212271926076 1.1553585805231392 -0.28167187687565043 
-0.3675055639894868 1.1551027043424544 -0.28149843144576403 
-0.36319637520578363 1.1514804033438828 -0.2789199185335035 
-0.36319637520578363 1.1514804033438828 -0.2789199185335035 
-0.3600187063997079 1.1487121388040562 -0.27696797045758015 
-0.3561434135717096 1.145231193105368 -0.27453409636204507 
-0.3555513295135221 1.1446909772950973 -0.27416049220141725 
-0.3507479353251355 1.1401850579451884 -0.27101893113901554 
-0.348601041608425 1.1381071846438497 -0.26957918424549987 
-0.345499438436035 1.1350111199898123 -0.2674651938421513 
-0.3445197148422815 1.1340235202900224 -0.26678772650348315 
-0.3398516208474215 1.1291597007608614 -0.26346087631011506 
-0.33917039868977744 1.1284376480987324 -0.26297567783068565 
-0.33597594080007787 1.124924545294612 -0.2606014747888362 
-0.33348721752190824 1.1221159623561665 -0.25871139306591495 
-0.3324461166225542 1.1209235330736587 -0.2579224417647127 
-0.3312911738383892 1.119587468051218 -0.2570055933514833 
-0.3312911738383892 1.119587468051218 -0.2570055933514833 
-0.32787098836213446 1.1155105124595823 -0.2542991171367026 
-0.32787098836213446 1.1155105124595823 -0.2542991171367026 
-0.32527599044512084 1.1123059260808925 -0.2521629100250521 
-0.3238140242703721 1.110449808640855 -0.2509536611754094 
-0.321053773956003 1.1068881461964089 -0.2485976525001632 
-0.3184879977986648 1.1034313047097417 -0.2463285302443834 
-0.31756177846416117 1.1021707433318992 -0.24550364534594227 
-0.31641473255554003 1.1005886610823201 -0.24447025728382854 
-0.31528907212116963 1.0989926276641238 -0.24343162517645778 
-0.3141656737784732 1.0973948963833058 -0.24239618194417878 
-0.31306277728216625 1.0957881548993298 -0.24135043586801408 
-0.31306277728216625 1.0957881548993298 -0.24135043586801408 
-0.3097051148196476 1.0907727079537552 -0.2381028536531662 
-0.30823695630525033 1.0884788824270406 -0.2366285058744323 
-0.3066849245767922 1.086008257790179 -0.23504992121214507 
-0.3053540192751437 1.0838615347419678 -0.23367928522685066 
-0.3043551002741649 1.0821975493611475 -0.23261788421535268 
-0.30307124390677503 1.0800296421523763 -0.23123333789645306 
-0.30307124390677503 1.0800296421523763 -0.23123333789645306 
-0.30094299864445795 1.076336575270007 -0.22888855489594162 
-0.30094299864445795 1.076336575270007 -0.22888855489594162 
-0.2993450324839413 1.07346299231038 -0.2270653974617164 
-0.2978606045958773 1.0707457263328253 -0.22535597526277196 
-0.2966860560150387 1.0685229642725653 -0.22396164525633122 
-0.2951885202998492 1.0656010790859491 -0.22212937604148186 
-0.29406395516872397 1.0633651357334701 -0.22071633878746344 
-0.29406395516872397 1.0633651357334701 -0.22071633878746344 
-0.29406395516872397 1.0633651357334701 -0.22071633878746344 
-0.29162901125358043 1.0583253404735482 -0.21758768686789587 
-0.2902651915175646 1.055354060838916 -0.2157304333933957 
-0.288620980399722 1.0516565251676735 -0.2134522472235144 
-0.28785420605842915 1.0498952079012949 -0.2123586446080925 
-0.28710889623102676 1.0481238445453527 -0.21126394509665825 
-0.28710889623102676 1.0481238445453527 -0.21126394509665825 
-0.2845903224119146 1.0418784763199676 -0.20744877927996264 
-0.28403935806136177 1.0404505772528438 -0.20656203777966242 
-0.28336521549252125 1.0386522702501801 -0.20546474739153642 
-0.2821652295823005 1.0354105411842442 -0.20349438783598228 
-0.28153253292266667 1.033601021010244 -0.20239005847375713 
-0.28072202255891937 1.0312339584508843 -0.2009725723911262 
-0.2796258427584335 1.0279698150304342 -0.19897910369500993 
-0.2787580481134242 1.0252275786125011 -0.19732552199816156 
-0.27785687067525444 1.0222966160722546 -0.19556137255290396 
-0.2773698572067197 1.0206390475645957 -0.19457226354951496 
-0.2768917511548905 1.0189848553084746 -0.19357454666198548 
-0.27601710703648097 1.0158449064361075 -0.191701561566897 
-0.27537262296416004 1.0134425752667187 -0.19026135624573215 
-0.2745638972958059 1.0102889805732778 -0.18838296540673993 
-0.2739383175457848 1.007676354118784 -0.18684192113096532 
-0.27385154999107375 1.0073095286489215 -0.18661078309016266 
-0.27270840748586356 1.002261272055332 -0.18363600796894686 
-0.272367816692486 1.0005743464481927 -0.18263284466218743 
-0.27167170542375696 0.9972002086430162 -0.18064386722758707 
-0.27125879696871796 0.9949374798159581 -0.17931666087164144 
-0.2708768131422832 0.9928637364626098 -0.17810567007955813 
-0.27058476524763175 0.9911626783763527 -0.17711403678439086 
-0.2704883622160038 0.9906025943145758 -0.17677269049975752 
