-0.8948749199270901 0.9630044165633622 -0.24465458674010898 
-0.8945785019287704 0.9645378341008829 -0.2454832448347305 
-0.8945785019287704 0.9645378341008829 -0.2454832448347305 
-0.892644826088413 0.9733402022023772 -0.2502018593354324 
-0.8924157709388787 0.9742943405022914 -0.2507119958709214 
-0.8907844644228717 0.9807647101406312 -0.25417538492295433 
-0.8907844644228717 0.9807647101406312 -0.25417538492295433 
-0.8907844644228717 0.9807647101406312 -0.25417538492295433 
-0.8901693541117927 0.9830500494347123 -0.25537555152140523 
-0.8888313477833367 0.9877875420384221 -0.2578896388635292 
-0.8888313477833367 0.9877875420384221 -0.2578896388635292 
-0.8859732141324851 0.9970345177917723 -0.26275521097348153 
-0.8846924625590201 1.0007868796612234 -0.26471864385858224 
-0.884361680224772 1.0017248149498765 -0.2652032773371772 
-0.884361680224772 1.0017248149498765 -0.2652032773371772 
-0.8822061739703219 1.0077025846162404 -0.26831472036941983 
-0.8804872942985924 1.012162581211201 -0.2706235504050154 
-0.8804872942985924 1.012162581211201 -0.2706235504050154 
-0.8790062985566072 1.0158684675012206 -0.27252843432861806 
-0.8790062985566072 1.0158684675012206 -0.27252843432861806 
-0.8771623764408316 1.0202970682870067 -0.2747964582575616 
-0.8731560542488317 1.0264005469005895 -0.27742463892116354 
-0.8730663178599691 1.029450689235624 -0.2794515284138218 
-0.8730663178599691 1.029450689235624 -0.2794515284138218 
-0.8713297706819159 1.0330764280634102 -0.2812972226336289 
-0.8676260100969329 1.040471203320249 -0.2850101714585672 
-0.8646892566613198 1.0460124245186568 -0.2877755238199279 
-0.8640983019681361 1.047081278134153 -0.28829625770116474 
-0.8613070051563632 1.052036727791705 -0.2907451480146367 
-0.8581192415943113 1.057478698695908 -0.29342755083329464 
-0.8581192415943113 1.057478698695908 -0.29342755083329464 
-0.8563227244821423 1.0604463053235547 -0.2948733227222162 
-0.8534923416949336 1.0649433379856732 -0.2970704079730442 
-0.8488594321072707 1.071961642266769 -0.30046073158210584 
-0.848046847298026 1.0731475376685897 -0.30103574971442426 
-0.8443986876801601 1.078384926343396 -0.3035326558887862 
-0.838886083788715 1.085867035024443 -0.30709013304617405 
-0.8362316046729916 1.0893163787809288 -0.30871004072989283 
-0.8322244852268464 1.094360332714096 -0.31105373761443433 
-0.8311724496468913 1.0956484147112737 -0.31165699559826465 
-0.8253981979035298 1.1025092208508733 -0.3148182964478099 
-0.8225065522554165 1.1058159986478941 -0.31632284657784726 
-0.8197124868396118 1.1089361812878558 -0.3177399183487083 
-0.8175763373330478 1.1112508063675788 -0.31878334356487836 
-0.8148443667918037 1.1141608261373472 -0.3200952833592825 
-0.8076244266484879 1.121549303341664 -0.32336317405875825 
-0.8068614396143196 1.122279028038383 -0.3236985458135996 
-0.8001625848459449 1.1287462168093256 -0.32651069712670777 
-0.799382028964802 1.1294650666697867 -0.32682423535098104 
-0.7926153821911592 1.1356015669511093 -0.3294608504835518 
-0.7911719132615008 1.1368612567780694 -0.3300019525608552 
-0.786649245511409 1.1407635825197968 -0.33162668879242874 
-0.786649245511409 1.1407635825197968 -0.33162668879242874 
-0.7810403364052593 1.145383746678343 -0.3335616699932693 
-0.7763586301433387 1.1491341299085818 -0.33508889507162476 
-0.7746596142353495 1.1504462195230676 -0.3356243045756091 
-0.7717584368243635 1.1526639138307904 -0.33651909181545137 
-0.7629212073849465 1.159172152692649 -0.3391053215485942 
-0.7613325143850178 1.1602885171267197 -0.339545798193308 
-0.7534941044190849 1.1656682807049863 -0.34161227479270495 
-0.752051560035724 1.1666257759848948 -0.3419752727336839 
-0.744089299402991 1.1716170368634269 -0.34352803932663656 
-0.7428135090650214 1.172448572755377 -0.34396857558073346 
-0.7438384553373182 1.1718828458520356 -0.34395931650697176 
-0.7380974183649684 1.1754107195401355 -0.3452135896262035 
-0.7380974183649684 1.1754107195401355 -0.3452135896262035 
-0.7330332136099695 1.178390861230353 -0.3462728557399267 
-0.7330332136099695 1.178390861230353 -0.3462728557399267 
-0.7260128452648841 1.1823531226667303 -0.347667210932895 
-0.7233343990167419 1.1838247822216659 -0.3481568779967188 
-0.7165620038246864 1.1873840620283482 -0.3493369396357284 
-0.7165620038246864 1.1873840620283482 -0.3493369396357284 
-0.7130530811187655 1.1891714022154116 -0.34991430785516653 
-0.7077507649969663 1.1917879238909947 -0.35073919821792876 
-0.7033898611063291 1.1938541212868001 -0.3513653775532968 
-0.7033898611063291 1.1938541212868001 -0.3513653775532968 
-0.6966025317838213 1.1969536384323591 -0.35228423466993697 
-0.6966025317838213 1.1969536384323591 -0.35228423466993697 
-0.6919795063898787 1.1989920973100108 -0.3528529016237528 
-0.6919795063898787 1.1989920973100108 -0.3528529016237528 
-0.6844670485639889 1.2021231459290111 -0.35369662272537383 
-0.6844670485639889 1.2021231459290111 -0.35369662272537383 
-0.6762669657244852 1.2053371426597341 -0.35451236091967153 
-0.6746175434245377 1.2059591580248326 -0.3546606939163548 
-0.6677792575889365 1.2084447331010593 -0.3552230747882763 
-0.6654903744782569 1.209248730089305 -0.3553955367137027 
-0.6619407854453437 1.2104612525875296 -0.35564363294622325 
-0.6579597884507126 1.2117789937399648 -0.3558981046722861 
-0.6480484496572779 1.2148594938491535 -0.3564186953109265 
-0.6438028896419822 1.2160896641716503 -0.3565816008812228 
-0.64231423406506 1.2165082626192396 -0.3566445946540805 
-0.6367685259071424 1.2180153618071536 -0.35681759256734846 
-0.6367685259071424 1.2180153618071536 -0.35681759256734846 
-0.6301270000184263 1.219708690316682 -0.3569533313749156 
-0.6223776759514721 1.2215317155876884 -0.3570203818663381 
-0.6200044890131565 1.222062361537844 -0.3570282819460905 
-0.6117764980083571 1.223768340679667 -0.3569763187289129 
-0.609604180165181 1.2241822184437077 -0.3569642931931366 
-0.6013373826824435 1.2256745585003004 -0.3567870417200575 
-0.5954468375872309 1.226628206702682 -0.3566015964909226 
-0.5923852435563214 1.2270788340207754 -0.3564798093735445 
-0.5853834765867063 1.2280439281050632 -0.3561682174591537 
-0.5794640278131795 1.2287528265287546 -0.3558334116285552 
-0.5741973391378353 1.229313484280827 -0.3555106202530002 
-0.5711231591681569 1.2296078991664294 -0.3552952929431603 
-0.5638708008778998 1.2301988560639912 -0.3547379904907022 
-0.5577156770540507 1.230602869211391 -0.35420998044159835 
-0.5522199650178019 1.2308851941949386 -0.3536904368277557 
-0.5522199650178019 1.2308851941949386 -0.3536904368277557 
-0.5416690555516877 1.231191226578176 -0.3525672916661412 
-0.5370589936508682 1.2312497862357439 -0.35202061045495237 
-0.5322287191675698 1.2312290084924693 -0.3514330775342511 
-0.5267486923560356 1.2311507904417567 -0.35071206353012296 
-0.5243397069003921 1.2310955450985097 -0.35038504240657375 
-0.5166854613592815 1.2307949794389028 -0.3492696361405544 
-0.5118832150059287 1.2305414515713389 -0.3485426353461264 
-0.5114471298531189 1.2305116842865644 -0.34847228543393716 
-0.5053502267429392 1.2300948262996452 -0.3474825362009293 
-0.4992680729857528 1.2295647287178868 -0.34644619072009475 
-0.4968839936868641 1.2293317158025499 -0.3460219425761726 
-0.4936385089036848 1.2289990699548536 -0.34542602352745366 
-0.48608431276987996 1.2280942161297304 -0.3440052146582142 
-0.482644876649035 1.2276445329146355 -0.3433117127063817 
-0.47792551063710675 1.226951650532758 -0.34235090204646645 
-0.47749810296763107 1.2268927351356826 -0.3422555021496241 
-0.4730071320766082 1.2261760407256839 -0.34131704581756206 
-0.4695978618877588 1.2256063319264678 -0.3405653406799938 
-0.4657741680089766 1.2249180817707948 -0.33969779933805444 
-0.4632282998992477 1.2244360615095418 -0.33912674739098647 
-0.4598466692125708 1.223770379370909 -0.33832622874336615 
-0.4560537604883813 1.2229772682321176 -0.3374129840531631 
-0.4560537604883813 1.2229772682321176 -0.3374129840531631 
-0.45416259116022206 1.2225645957957165 -0.3369479186036527 
-0.4485080428124596 1.2212767072485329 -0.33552691643058086 
-0.44579217599080445 1.220640652923109 -0.33484035201367324 
-0.44225973290397325 1.2197521296414653 -0.33390527010254734 
-0.43935861222959904 1.2189970209317944 -0.3331307250812806 
-0.43832533036237487 1.2187334402228063 -0.33284158716876233 
-0.435848403167031 1.218053756032001 -0.3321713607545642 
-0.435848403167031 1.218053756032001 -0.3321713607545642 
-0.43194178696586427 1.2169731001469304 -0.33107032935205283 
-0.42846409530022145 1.2159506142083834 -0.33007026680088514 
-0.42642518114090483 1.2153499661451477 -0.32946360203920644 
-0.42195516854359244 1.2139565506478114 -0.3281420854084999 
-0.42074235277275884 1.2135642448039812 -0.3277718202910468 
-0.41650700186492834 1.2121821097739145 -0.32646614278548813 
-0.41450110735653856 1.2114902704177404 -0.32583917045675914 
-0.4132998234859054 1.2110726886149132 -0.32545993128193895 
-0.41149939635902394 1.2104625537942804 -0.3248772040360016 
-0.4091078115066825 1.209605789081604 -0.32410982292327917 
-0.4071267808700518 1.2088776617258967 -0.32344608847522216 
-0.4043578334995916 1.2078477351129224 -0.3225211337996181 
-0.40277608116225333 1.2072479002950394 -0.3220058928881361 
-0.40277608116225333 1.2072479002950394 -0.3220058928881361 
-0.39846417064524775 1.2055606229035518 -0.3205109321084698 
-0.39495564881034634 1.2041344456918126 -0.31928514812421604 
-0.3934013177653932 1.2035000428136056 -0.3187305606278691 
-0.39185506362317246 1.2028416217838418 -0.31817502194725245 
-0.38895989583251445 1.2016046275243863 -0.31713322601431493 
-0.385129196979936 1.1999166737016327 -0.3157066548835844 
-0.38398797384012084 1.1994005194157642 -0.31526757674463557 
-0.38057351067117323 1.1978323522086654 -0.3139538979626366 
-0.37773937911098854 1.1965037589974907 -0.3128601857844797 
-0.3717608547515969 1.193567349474442 -0.3104693985699103 
-0.3687984692533626 1.1920575989503033 -0.3092596714233199 
-0.3684285226445829 1.1918778527734633 -0.3090992942035029 
-0.3684285226445829 1.1918778527734633 -0.3090992942035029 
-0.3623904579243604 1.1886670888694406 -0.3065502892179057 
-0.36129589922074284 1.188073314409988 -0.306094432129983 
-0.35804533029433666 1.1862664352282857 -0.30467588686804004 
-0.35589167616227513 1.1850448376793217 -0.3037222379021781 
-0.35304217483177236 1.1833923662460824 -0.30243038447067794 
-0.35304217483177236 1.1833923662460824 -0.30243038447067794 
-0.3470566711188568 1.179779135555571 -0.2996627214980849 
-0.34548720730739035 1.17880955596836 -0.2989171889097052 
-0.3416773375854565 1.176394683925742 -0.29709663323884483 
-0.3380863898035818 1.174042413580317 -0.29532473918748003 
-0.3348659344199667 1.171881743951464 -0.29371030496693284 
-0.3338562734559284 1.1711888781373034 -0.2931993009049383 
-0.32985786006373785 1.1683864112599511 -0.29111758759793116 
-0.32985786006373785 1.1683864112599511 -0.29111758759793116 
-0.32541632178255153 1.1651664587053256 -0.28876140779322645 
-0.32395257807675565 1.164076551558976 -0.2879667806822007 
-0.3220092554753228 1.162613728172223 -0.28690674690151763 
-0.316900480530893 1.1586498846131519 -0.28403348767799386 
-0.316900480530893 1.1586498846131519 -0.28403348767799386 
-0.3128212271926075 1.155358580523139 -0.2816718768756502 
-0.3125055639894866 1.1551027043424544 -0.28149843144576425 
-0.30819637520578347 1.1514804033438828 -0.2789199185335035 
-0.30819637520578347 1.1514804033438828 -0.2789199185335035 
-0.30501870639970785 1.148712138804056 -0.27696797045758037 
-0.30114341357170943 1.145231193105368 -0.27453409636204484 
-0.30055132951352187 1.1446909772950973 -0.27416049220141747 
-0.2957479353251353 1.1401850579451887 -0.27101893113901554 
-0.29360104160842504 1.1381071846438495 -0.2695791842455 
-0.29049943843603476 1.1350111199898123 -0.2674651938421516 
-0.2895197148422814 1.1340235202900224 -0.26678772650348315 
-0.28485162084742155 1.1291597007608614 -0.26346087631011506 
-0.2841703986897773 1.1284376480987326 -0.2629756778306853 
-0.2809759408000778 1.1249245452946117 -0.260601474788836 
-0.2784872175219082 1.1221159623561663 -0.25871139306591495 
-0.277446116622554 1.1209235330736587 -0.2579224417647128 
-0.2762911738383892 1.119587468051218 -0.25700559335148354 
-0.2762911738383892 1.119587468051218 -0.25700559335148354 
-0.2728709883621343 1.1155105124595823 -0.2542991171367027 
-0.2728709883621343 1.1155105124595823 -0.2542991171367027 
-0.27027599044512074 1.1123059260808927 -0.252162910025052 
-0.26881402427037215 1.110449808640855 -0.2509536611754093 
-0.26605377395600294 1.106888146196409 -0.24859765250016286 
-0.26348799779866494 1.1034313047097417 -0.24632853024438284 
-0.2625617784641613 1.1021707433318992 -0.24550364534594216 
-0.26141473255553993 1.1005886610823201 -0.24447025728382854 
-0.2602890721211697 1.0989926276641238 -0.243431625176458 
-0.25916567377847355 1.0973948963833053 -0.24239618194417845 
-0.25806277728216653 1.0957881548993296 -0.2413504358680142 
-0.25806277728216653 1.0957881548993296 -0.2413504358680142 
-0.2547051148196476 1.090772707953755 -0.23810285365316608 
-0.25323695630525045 1.0884788824270406 -0.2366285058744323 
-0.25168492457679215 1.086008257790179 -0.23504992121214496 
-0.25035401927514384 1.0838615347419678 -0.23367928522685077 
-0.24935510027416474 1.0821975493611473 -0.2326178842153529 
-0.24807124390677482 1.0800296421523765 -0.23123333789645306 
-0.24807124390677482 1.0800296421523765 -0.23123333789645306 
-0.2459429986444579 1.0763365752700071 -0.22888855489594162 
-0.2459429986444579 1.0763365752700071 -0.22888855489594162 
-0.24434503248394113 1.0734629923103802 -0.2270653974617164 
-0.242860604595877 1.070745726332825 -0.2253559752627723 
-0.24168605601503856 1.0685229642725653 -0.22396164525633122 
-0.2401885202998495 1.0656010790859491 -0.22212937604148186 
-0.23906395516872386 1.06336513573347 -0.22071633878746344 
-0.23906395516872386 1.06336513573347 -0.22071633878746344 
-0.23906395516872386 1.06336513573347 -0.22071633878746344 
-0.23662901125358038 1.0583253404735482 -0.21758768686789576 
-0.23526519151756442 1.0553540608389163 -0.2157304333933957 
-0.23362098039972157 1.0516565251676735 -0.2134522472235143 
-0.232854206058429 1.0498952079012946 -0.21235864460809262 
-0.2321088962310266 1.0481238445453525 -0.21126394509665813 
-0.2321088962310266 1.0481238445453525 -0.21126394509665813 
-0.22959032241191435 1.041878476319967 -0.20744877927996286 
-0.2290393580613615 1.0404505772528438 -0.2065620377796621 
-0.22836521549252098 1.0386522702501801 -0.20546474739153653 
-0.22716522958230034 1.0354105411842442 -0.20349438783598217 
-0.2265325329226665 1.033601021010244 -0.2023900584737568 
-0.22572202255891938 1.031233958450884 -0.2009725723911261 
-0.22462584275843334 1.027969815030434 -0.1989791036950097 
-0.22375804811342404 1.0252275786125014 -0.19732552199816156 
-0.2228568706752545 1.0222966160722546 -0.19556137255290384 
-0.22236985720671953 1.0206390475645957 -0.19457226354951496 
-0.22189175115489046 1.0189848553084744 -0.19357454666198537 
-0.2210171070364806 1.0158449064361073 -0.19170156156689722 
-0.22037262296415983 1.0134425752667187 -0.19026135624573215 
-0.2195638972958056 1.0102889805732778 -0.18838296540673993 
-0.21893831754578474 1.0076763541187839 -0.18684192113096543 
-0.2188515499910738 1.0073095286489213 -0.18661078309016244 
-0.21770840748586373 1.002261272055332 -0.18363600796894652 
-0.21736781669248595 1.0005743464481927 -0.18263284466218732 
-0.2166717054237569 0.9972002086430162 -0.18064386722758718 
-0.21625879696871786 0.994937479815958 -0.17931666087164166 
-0.21587681314228313 0.9928637364626096 -0.17810567007955824 
-0.2155847652476317 0.9911626783763525 -0.17711403678439097 
-0.21548836221600387 0.9906025943145758 -0.17677269049975775 
