-1.0048749199270905 0.9630044165633623 -0.24465458674010854 
-1.0045785019287707 0.9645378341008829 -0.2454832448347306 
-1.0045785019287707 0.9645378341008829 -0.2454832448347306 
-1.0026448260884133 0.9733402022023773 -0.25020185933543204 
-1.002415770938879 0.9742943405022912 -0.25071199587092174 
-1.000784464422872 0.9807647101406314 -0.2541753849229542 
-1.000784464422872 0.9807647101406314 -0.2541753849229542 
-1.000784464422872 0.9807647101406314 -0.2541753849229542 
-1.000169354111793 0.9830500494347123 -0.25537555152140534 
-0.9988313477833373 0.9877875420384219 -0.2578896388635292 
-0.9988313477833373 0.9877875420384219 -0.2578896388635292 
-0.9959732141324853 0.9970345177917723 -0.26275521097348153 
-0.9946924625590202 1.0007868796612234 -0.2647186438585821 
-0.9943616802247723 1.0017248149498765 -0.26520327733717763 
-0.9943616802247723 1.0017248149498765 -0.26520327733717763 
-0.9922061739703223 1.0077025846162406 -0.26831472036941983 
-0.9904872942985927 1.0121625812112012 -0.2706235504050153 
-0.9904872942985927 1.0121625812112012 -0.2706235504050153 
-0.9890062985566077 1.0158684675012208 -0.27252843432861784 
-0.9890062985566077 1.0158684675012208 -0.27252843432861784 
-0.9871623764408317 1.0202970682870067 -0.2747964582575614 
-0.9831560542488318 1.0264005469005895 -0.2774246389211634 
-0.9830663178599695 1.029450689235624 -0.2794515284138217 
-0.9830663178599695 1.029450689235624 -0.2794515284138217 
-0.9813297706819161 1.0330764280634102 -0.2812972226336292 
-0.9776260100969331 1.040471203320249 -0.2850101714585672 
-0.9746892566613198 1.0460124245186568 -0.2877755238199279 
-0.9740983019681363 1.047081278134153 -0.28829625770116485 
-0.971307005156363 1.052036727791705 -0.29074514801463636 
-0.9681192415943116 1.057478698695908 -0.29342755083329475 
-0.9681192415943116 1.057478698695908 -0.29342755083329475 
-0.9663227244821426 1.0604463053235547 -0.29487332272221634 
-0.9634923416949337 1.0649433379856732 -0.2970704079730442 
-0.9588594321072709 1.071961642266769 -0.30046073158210596 
-0.9580468472980262 1.0731475376685897 -0.30103574971442426 
-0.9543986876801603 1.078384926343396 -0.303532655888786 
-0.9488860837887152 1.0858670350244433 -0.30709013304617383 
-0.9462316046729919 1.0893163787809286 -0.3087100407298927 
-0.9422244852268467 1.0943603327140958 -0.31105373761443467 
-0.9411724496468914 1.0956484147112737 -0.31165699559826443 
-0.9353981979035301 1.1025092208508736 -0.3148182964478101 
-0.9325065522554167 1.1058159986478944 -0.31632284657784726 
-0.9297124868396118 1.1089361812878558 -0.3177399183487086 
-0.927576337333048 1.1112508063675788 -0.31878334356487814 
-0.9248443667918038 1.1141608261373472 -0.3200952833592826 
-0.9176244266484881 1.121549303341664 -0.32336317405875803 
-0.9168614396143197 1.122279028038383 -0.3236985458135996 
-0.910162584845945 1.1287462168093254 -0.3265106971267079 
-0.9093820289648022 1.1294650666697867 -0.32682423535098093 
-0.9026153821911596 1.135601566951109 -0.329460850483552 
-0.9011719132615009 1.1368612567780692 -0.3300019525608553 
-0.8966492455114091 1.1407635825197968 -0.3316266887924282 
-0.8966492455114091 1.1407635825197968 -0.3316266887924282 
-0.8910403364052593 1.1453837466783428 -0.3335616699932692 
-0.8863586301433386 1.1491341299085818 -0.33508889507162454 
-0.8846596142353496 1.1504462195230674 -0.3356243045756093 
-0.8817584368243636 1.1526639138307901 -0.3365190918154517 
-0.8729212073849466 1.159172152692649 -0.3391053215485943 
-0.8713325143850176 1.1602885171267194 -0.33954579819330777 
-0.8634941044190849 1.1656682807049863 -0.34161227479270473 
-0.862051560035724 1.1666257759848946 -0.3419752727336839 
-0.8540892994029909 1.1716170368634269 -0.3435280393266362 
-0.8528135090650215 1.172448572755377 -0.34396857558073324 
-0.8538384553373182 1.1718828458520356 -0.34395931650697154 
-0.8480974183649685 1.1754107195401355 -0.34521358962620363 
-0.8480974183649685 1.1754107195401355 -0.34521358962620363 
-0.8430332136099699 1.1783908612303533 -0.34627285573992705 
-0.8430332136099699 1.1783908612303533 -0.34627285573992705 
-0.8360128452648842 1.1823531226667303 -0.34766721093289477 
-0.8333343990167421 1.183824782221666 -0.3481568779967186 
-0.8265620038246866 1.1873840620283485 -0.3493369396357284 
-0.8265620038246866 1.1873840620283485 -0.3493369396357284 
-0.8230530811187657 1.1891714022154116 -0.349914307855167 
-0.8177507649969665 1.1917879238909945 -0.3507391982179292 
-0.813389861106329 1.1938541212868001 -0.3513653775532968 
-0.813389861106329 1.1938541212868001 -0.3513653775532968 
-0.8066025317838212 1.1969536384323594 -0.35228423466993664 
-0.8066025317838212 1.1969536384323594 -0.35228423466993664 
-0.8019795063898788 1.1989920973100108 -0.35285290162375316 
-0.8019795063898788 1.1989920973100108 -0.35285290162375316 
-0.7944670485639891 1.2021231459290111 -0.3536966227253743 
-0.7944670485639891 1.2021231459290111 -0.3536966227253743 
-0.7862669657244853 1.2053371426597344 -0.35451236091967164 
-0.7846175434245378 1.2059591580248326 -0.3546606939163549 
-0.7777792575889367 1.2084447331010593 -0.35522307478827664 
-0.7754903744782571 1.2092487300893047 -0.35539553671370305 
-0.7719407854453441 1.2104612525875298 -0.35564363294622325 
-0.7679597884507127 1.2117789937399648 -0.3558981046722859 
-0.7580484496572781 1.2148594938491535 -0.3564186953109264 
-0.7538028896419822 1.2160896641716503 -0.3565816008812229 
-0.7523142340650602 1.21650826261924 -0.3566445946540807 
-0.7467685259071425 1.2180153618071536 -0.35681759256734846 
-0.7467685259071425 1.2180153618071536 -0.35681759256734846 
-0.7401270000184264 1.2197086903166818 -0.35695333137491503 
-0.7323776759514723 1.2215317155876888 -0.35702038186633756 
-0.7300044890131565 1.222062361537844 -0.35702828194609026 
-0.7217764980083571 1.2237683406796669 -0.3569763187289131 
-0.719604180165181 1.2241822184437074 -0.3569642931931365 
-0.7113373826824435 1.2256745585003002 -0.3567870417200575 
-0.7054468375872311 1.226628206702682 -0.3566015964909227 
-0.7023852435563216 1.2270788340207757 -0.3564798093735445 
-0.6953834765867064 1.2280439281050632 -0.3561682174591537 
-0.6894640278131796 1.2287528265287546 -0.35583341162855486 
-0.6841973391378355 1.229313484280827 -0.35551062025300006 
-0.6811231591681572 1.2296078991664297 -0.3552952929431604 
-0.6738708008778999 1.2301988560639914 -0.35473799049070254 
-0.667715677054051 1.2306028692113908 -0.3542099804415981 
-0.6622199650178021 1.2308851941949388 -0.35369043682775614 
-0.6622199650178021 1.2308851941949388 -0.35369043682775614 
-0.6516690555516875 1.2311912265781757 -0.3525672916661413 
-0.6470589936508683 1.231249786235744 -0.35202061045495237 
-0.6422287191675699 1.2312290084924693 -0.35143307753425135 
-0.6367486923560357 1.2311507904417567 -0.35071206353012296 
-0.6343397069003922 1.2310955450985097 -0.3503850424065734 
-0.6266854613592817 1.2307949794389033 -0.34926963614055484 
-0.6218832150059288 1.230541451571339 -0.3485426353461262 
-0.6214471298531192 1.2305116842865647 -0.34847228543393716 
-0.6153502267429394 1.2300948262996454 -0.34748253620092917 
-0.6092680729857529 1.229564728717887 -0.34644619072009497 
-0.6068839936868643 1.2293317158025496 -0.3460219425761727 
-0.6036385089036849 1.2289990699548536 -0.34542602352745333 
-0.5960843127698802 1.2280942161297306 -0.344005214658214 
-0.592644876649035 1.227644532914636 -0.34331171270638183 
-0.5879255106371069 1.2269516505327585 -0.34235090204646623 
-0.5874981029676309 1.226892735135683 -0.3422555021496244 
-0.5830071320766084 1.2261760407256845 -0.34131704581756195 
-0.579597861887759 1.225606331926468 -0.34056534067999367 
-0.5757741680089767 1.2249180817707945 -0.33969779933805433 
-0.5732282998992478 1.2244360615095418 -0.33912674739098636 
-0.5698466692125708 1.2237703793709092 -0.33832622874336593 
-0.5660537604883814 1.2229772682321176 -0.3374129840531631 
-0.5660537604883814 1.2229772682321176 -0.3374129840531631 
-0.5641625911602223 1.2225645957957167 -0.33694791860365203 
-0.5585080428124599 1.2212767072485327 -0.33552691643058064 
-0.5557921759908047 1.220640652923109 -0.33484035201367324 
-0.5522597329039736 1.2197521296414653 -0.3339052701025472 
-0.5493586122295993 1.2189970209317946 -0.3331307250812804 
-0.5483253303623751 1.2187334402228063 -0.3328415871687622 
-0.5458484031670313 1.2180537560320013 -0.3321713607545639 
-0.5458484031670313 1.2180537560320013 -0.3321713607545639 
-0.5419417869658644 1.2169731001469308 -0.3310703293520527 
-0.5384640953002215 1.2159506142083834 -0.33007026680088536 
-0.5364251811409049 1.2153499661451475 -0.32946360203920655 
-0.5319551685435926 1.2139565506478116 -0.3281420854085001 
-0.5307423527727592 1.2135642448039812 -0.3277718202910469 
-0.5265070018649287 1.2121821097739143 -0.32646614278548747 
-0.5245011073565384 1.2114902704177404 -0.3258391704567588 
-0.5232998234859056 1.2110726886149132 -0.32545993128193884 
-0.5214993963590242 1.2104625537942804 -0.3248772040360013 
-0.5191078115066827 1.2096057890816043 -0.32410982292327917 
-0.5171267808700519 1.208877661725897 -0.3234460884752225 
-0.5143578334995917 1.2078477351129222 -0.322521133799618 
-0.5127760811622534 1.2072479002950394 -0.3220058928881361 
-0.5127760811622534 1.2072479002950394 -0.3220058928881361 
-0.5084641706452477 1.2055606229035518 -0.32051093210847015 
-0.5049556488103466 1.2041344456918126 -0.31928514812421593 
-0.5034013177653933 1.203500042813606 -0.31873056062786875 
-0.5018550636231727 1.2028416217838416 -0.31817502194725267 
-0.49895989583251454 1.2016046275243868 -0.31713322601431493 
-0.4951291969799361 1.199916673701633 -0.3157066548835843 
-0.4939879738401211 1.199400519415764 -0.31526757674463535 
-0.49057351067117344 1.1978323522086656 -0.3139538979626364 
-0.48773937911098875 1.1965037589974905 -0.3128601857844794 
-0.4817608547515971 1.193567349474442 -0.31046939856990996 
-0.4787984692533627 1.192057598950303 -0.30925967142331956 
-0.47842852264458313 1.1918778527734633 -0.30909929420350246 
-0.47842852264458313 1.1918778527734633 -0.30909929420350246 
-0.47239045792436063 1.1886670888694404 -0.3065502892179057 
-0.4712958992207431 1.188073314409988 -0.306094432129983 
-0.468045330294337 1.1862664352282857 -0.30467588686804004 
-0.46589167616227545 1.1850448376793214 -0.3037222379021779 
-0.4630421748317725 1.1833923662460828 -0.3024303844706775 
-0.4630421748317725 1.1833923662460828 -0.3024303844706775 
-0.45705667111885684 1.1797791355555707 -0.2996627214980849 
-0.45548720730739073 1.1788095559683598 -0.2989171889097051 
-0.4516773375854568 1.1763946839257415 -0.2970966332388447 
-0.44808638980358206 1.1740424135803167 -0.2953247391874796 
-0.4448659344199669 1.171881743951464 -0.2937103049669326 
-0.44385627345592865 1.1711888781373034 -0.29319930090493773 
-0.43985786006373795 1.1683864112599514 -0.2911175875979308 
-0.43985786006373795 1.1683864112599514 -0.2911175875979308 
-0.43541632178255174 1.1651664587053256 -0.2887614077932269 
-0.4339525780767559 1.164076551558976 -0.2879667806822006 
-0.43200925547532315 1.1626137281722229 -0.2869067469015174 
-0.4269004805308931 1.1586498846131519 -0.28403348767799397 
-0.4269004805308931 1.1586498846131519 -0.28403348767799397 
-0.4228212271926077 1.155358580523139 -0.28167187687565043 
-0.4225055639894869 1.1551027043424542 -0.2814984314457639 
-0.41819637520578345 1.151480403343883 -0.2789199185335033 
-0.41819637520578345 1.151480403343883 -0.2789199185335033 
-0.4150187063997078 1.1487121388040564 -0.27696797045758026 
-0.41114341357170964 1.145231193105368 -0.27453409636204507 
-0.410551329513522 1.1446909772950973 -0.27416049220141725 
-0.4057479353251354 1.1401850579451884 -0.2710189311390159 
-0.40360104160842514 1.1381071846438497 -0.26957918424549987 
-0.4004994384360349 1.1350111199898123 -0.2674651938421513 
-0.39951971484228155 1.134023520290022 -0.26678772650348304 
-0.3948516208474214 1.1291597007608614 -0.2634608763101154 
-0.39417039868977755 1.1284376480987324 -0.26297567783068543 
-0.3909759408000778 1.124924545294612 -0.260601474788836 
-0.38848721752190823 1.1221159623561665 -0.25871139306591495 
-0.387446116622554 1.1209235330736584 -0.257922441764713 
-0.3862911738383891 1.119587468051218 -0.25700559335148354 
-0.3862911738383891 1.119587468051218 -0.25700559335148354 
-0.3828709883621345 1.115510512459582 -0.2542991171367025 
-0.3828709883621345 1.115510512459582 -0.2542991171367025 
-0.38027599044512095 1.1123059260808927 -0.2521629100250523 
-0.3788140242703722 1.1104498086408547 -0.2509536611754094 
-0.3760537739560029 1.1068881461964089 -0.24859765250016297 
-0.3734879977986648 1.1034313047097417 -0.24632853024438317 
-0.3725617784641612 1.1021707433318992 -0.24550364534594193 
-0.37141473255554014 1.1005886610823201 -0.24447025728382854 
-0.37028907212116974 1.0989926276641235 -0.2434316251764579 
-0.3691656737784733 1.0973948963833053 -0.24239618194417845 
-0.3680627772821664 1.0957881548993296 -0.24135043586801386 
-0.3680627772821664 1.0957881548993296 -0.24135043586801386 
-0.36470511481964774 1.090772707953755 -0.2381028536531664 
-0.36323695630525044 1.0884788824270408 -0.23662850587443252 
-0.36168492457679235 1.086008257790179 -0.23504992121214496 
-0.36035401927514354 1.0838615347419678 -0.23367928522685077 
-0.3593551002741651 1.0821975493611473 -0.23261788421535246 
-0.35807124390677486 1.0800296421523763 -0.23123333789645317 
-0.35807124390677486 1.0800296421523763 -0.23123333789645317 
-0.3559429986444579 1.0763365752700071 -0.22888855489594173 
-0.3559429986444579 1.0763365752700071 -0.22888855489594173 
-0.35434503248394145 1.07346299231038 -0.22706539746171617 
-0.3528606045958773 1.0707457263328253 -0.22535597526277207 
-0.3516860560150389 1.068522964272565 -0.223961645256331 
-0.35018852029984915 1.0656010790859494 -0.22212937604148186 
-0.349063955168724 1.0633651357334701 -0.22071633878746333 
-0.349063955168724 1.0633651357334701 -0.22071633878746333 
-0.349063955168724 1.0633651357334701 -0.22071633878746333 
-0.3466290112535805 1.0583253404735482 -0.21758768686789587 
-0.3452651915175647 1.055354060838916 -0.2157304333933957 
-0.34362098039972166 1.0516565251676735 -0.21345224722351464 
-0.3428542060584293 1.0498952079012946 -0.21235864460809228 
-0.3421088962310267 1.0481238445453527 -0.21126394509665825 
-0.3421088962310267 1.0481238445453527 -0.21126394509665825 
-0.33959032241191445 1.0418784763199673 -0.20744877927996286 
-0.33903935806136165 1.0404505772528438 -0.2065620377796622 
-0.33836521549252124 1.0386522702501801 -0.2054647473915362 
-0.33716522958230066 1.0354105411842442 -0.20349438783598262 
-0.3365325329226665 1.033601021010244 -0.20239005847375702 
-0.3357220225589195 1.031233958450884 -0.20097257239112587 
-0.33462584275843343 1.027969815030434 -0.19897910369500993 
-0.333758048113424 1.0252275786125011 -0.19732552199816178 
-0.3328568706752544 1.0222966160722546 -0.19556137255290418 
-0.33236985720671985 1.0206390475645957 -0.19457226354951473 
-0.33189175115489045 1.0189848553084746 -0.1935745466619856 
-0.3310171070364808 1.0158449064361075 -0.191701561566897 
-0.3303726229641599 1.0134425752667187 -0.19026135624573182 
-0.32956389729580565 1.0102889805732778 -0.1883829654067397 
-0.3289383175457848 1.007676354118784 -0.1868419211309652 
-0.3288515499910738 1.0073095286489213 -0.18661078309016244 
-0.3277084074858634 1.0022612720553319 -0.18363600796894708 
-0.3273678166924861 1.0005743464481927 -0.18263284466218732 
-0.32667170542375695 0.9972002086430158 -0.1806438672275873 
-0.32625879696871785 0.9949374798159579 -0.17931666087164166 
-0.3258768131422831 0.9928637364626097 -0.17810567007955824 
-0.3255847652476319 0.9911626783763527 -0.17711403678439064 
-0.3254883622160039 0.9906025943145758 -0.1767726904997574 
