-0.5725554477729391 1.1675370411791617 -0.3397589073902251 
-0.5725546051688721 1.1675338253041962 -0.3397647275492206 
-0.5725550107137397 1.1675350144057828 -0.3397577103173156 
-0.5725541523525068 1.1675313796949214 -0.33975942332390396 
-0.5725530990974229 1.1675273598512144 -0.3397666985226486 
-0.5725558690749727 1.1675386491166444 -0.3397559973107268 
-0.572555844159067 1.167538195325586 -0.3397519534209177 
-0.5725554320157733 1.1675366223432657 -0.3397548002378177 
-0.5725537152933076 1.1675293529215425 -0.3397582262509947 
-0.5725545736545403 1.167532987632404 -0.3397565132444065 
-0.5725558848321386 1.1675390679525408 -0.33976010446313476 
-0.5725537152933076 1.1675293529215425 -0.3397582262509947 
-0.5725550264709056 1.167535433241679 -0.3397618174697228 
-0.5725549700406684 1.167534141778828 -0.3397495592750991 
-0.572553293991274 1.1675277449840595 -0.33976113633049265 
-0.5725539732158218 1.1675314133979722 -0.33976909266846766 
-0.5725556019937188 1.167536553685052 -0.33974519415585225 
-0.5725550107137397 1.1675350144057828 -0.3397577103173156 
-0.5725524222611769 1.1675237025125662 -0.33975874872605605 
-0.5725554320157733 1.1675366223432657 -0.3397548002378177 
-0.5725562812182664 1.1675402220989646 -0.33975315049382715 
-0.5725536995361418 1.167528934085646 -0.33975411909858766 
-0.5725546051688721 1.1675338253041965 -0.3397647275492204 
-0.5725558848321386 1.1675390679525408 -0.33976010446313454 
-0.5725517903081265 1.1675212906063421 -0.3397631138453029 
-0.5725537152933076 1.1675293529215425 -0.3397582262509947 
-0.5725541365953412 1.167530960859025 -0.3397553161714971 
-0.5725545894117063 1.1675334064683003 -0.3397606203968133 
-0.572555844159067 1.167538195325586 -0.3397519534209177 
-0.5725558690749727 1.1675386491166444 -0.3397559973107268 
-0.5725545736545403 1.167532987632404 -0.3397565132444065 
-0.5725550264709056 1.167535433241679 -0.3397618174697228 
-0.5725550107137397 1.1675350144057828 -0.3397577103173156 
-0.5725549700406684 1.167534141778828 -0.3397495592750991 
-0.5725554320157733 1.1675366223432657 -0.3397548002378177 
-0.5725558848321386 1.1675390679525408 -0.33976010446313454 
-0.5725545894117063 1.1675334064683003 -0.3397606203968133 
-0.572555844159067 1.167538195325586 -0.3397519534209177 
-0.5725550264709056 1.167535433241679 -0.339761817469723 
-0.5725541365953412 1.167530960859025 -0.3397553161714971 
-0.5725546051688721 1.1675338253041962 -0.3397647275492208 
-0.5725569605288203 1.1675437105124595 -0.3397589867223094 
-0.5725558690749727 1.1675386491166444 -0.3397559973107268 
-0.5725546051688721 1.1675338253041962 -0.3397647275492206 
-0.5725545736545403 1.167532987632404 -0.3397565132444067 
-0.5725541523525068 1.1675313796949214 -0.33975942332390396 
-0.5725550107137397 1.1675350144057828 -0.3397577103173156 
-0.5725558848321386 1.1675390679525408 -0.33976010446313454 
-0.5725545578973747 1.167532568796508 -0.3397524060919992 
-0.5725545736545403 1.167532987632404 -0.3397565132444065 
-0.5725550264709056 1.167535433241679 -0.3397618174697228 
-0.5725549949565738 1.1675345955698873 -0.33975360316490866 
-0.5725541523525068 1.1675313796949214 -0.33975942332390396 
-0.5725539732158218 1.1675314133979722 -0.33976909266846744 
-0.5725554477729391 1.1675370411791617 -0.3397589073902251 
-0.572553293991274 1.1675277449840595 -0.33976113633049243 
-0.572555844159067 1.167538195325586 -0.3397519534209177 
-0.572555844159067 1.167538195325586 -0.3397519534209177 
-0.5725550107137397 1.1675350144057828 -0.3397577103173156 
-0.5725541365953412 1.167530960859025 -0.3397553161714971 
-0.5725550107137397 1.1675350144057828 -0.3397577103173156 
-0.5725541365953412 1.167530960859025 -0.3397553161714971 
-0.572555463530105 1.167537460015058 -0.33976301454263225 
-0.5725541523525068 1.1675313796949214 -0.33975942332390396 
-0.5725569605288203 1.1675437105124595 -0.3397589867223094 
-0.5725550264709056 1.167535433241679 -0.3397618174697228 
-0.5725541681096725 1.1675317985308178 -0.33976353047631125 
-0.5725550107137396 1.1675350144057832 -0.3397577103173157 
-0.5725541681096726 1.1675317985308173 -0.33976353047631114 
-0.5725558848321386 1.1675390679525408 -0.33976010446313454 
-0.5725554320157733 1.1675366223432657 -0.3397548002378177 
-0.5725567182774658 1.1675422488723437 -0.3397543475667365 
-0.572555463530105 1.167537460015058 -0.33976301454263225 
-0.5725545894117063 1.1675334064683003 -0.3397606203968133 
-0.5725563061341721 1.1675406758900235 -0.3397571943836366 
-0.5725558690749727 1.1675386491166444 -0.3397559973107268 
-0.5725541523525068 1.1675313796949214 -0.33975942332390396 
-0.5725541523525068 1.1675313796949214 -0.33975942332390396 
-0.5725541365953412 1.167530960859025 -0.33975531617149735 
-0.5725554477729391 1.1675370411791617 -0.3397589073902251 
-0.5725554070998677 1.167536168552207 -0.33975075634800833 
-0.5725545894117063 1.1675334064683003 -0.3397606203968133 
-0.5725546051688721 1.1675338253041962 -0.3397647275492206 
-0.5725541523525068 1.1675313796949214 -0.33975942332390396 
-0.5725558848321386 1.1675390679525408 -0.33976010446313454 
-0.5725536995361418 1.167528934085646 -0.33975411909858766 
-0.5725554477729391 1.1675370411791617 -0.3397589073902251 
-0.5725545578973747 1.167532568796508 -0.3397524060919992 
-0.5725545736545403 1.167532987632404 -0.3397565132444065 
-0.5725554070998677 1.167536168552207 -0.33975075634800833 
-0.5725563061341721 1.1675406758900235 -0.3397571943836364 
-0.5725567182774658 1.1675422488723437 -0.3397543475667365 
-0.5725569605288203 1.1675437105124595 -0.3397589867223094 
-0.5725554477729391 1.1675370411791617 -0.3397589073902251 
-0.5725550422280714 1.1675358520775754 -0.33976592462213007 
-0.5725546051688721 1.1675338253041962 -0.3397647275492206 
-0.5725550264709056 1.167535433241679 -0.3397618174697228 
-0.5725558690749727 1.1675386491166444 -0.3397559973107268 
-0.5725550264709056 1.167535433241679 -0.3397618174697228 
-0.5725550422280714 1.1675358520775754 -0.33976592462213007 
-0.5725546051688721 1.1675338253041962 -0.3397647275492206 
-0.5725541365953412 1.167530960859025 -0.3397553161714971 
-0.5725558690749727 1.1675386491166444 -0.3397559973107268 
-0.5725554477729391 1.1675370411791617 -0.3397589073902251 
-0.5725545894117063 1.1675334064683003 -0.3397606203968133 
-0.572554994956574 1.1675345955698868 -0.33975360316490855 
-0.5725567182774658 1.1675422488723437 -0.3397543475667367 
-0.5725539732158218 1.1675314133979722 -0.33976909266846744 
-0.5725537310504732 1.1675297717574384 -0.339762333403402 
-0.5725537310504732 1.1675297717574384 -0.339762333403402 
-0.5725541523525068 1.1675313796949214 -0.33975942332390396 
-0.572555844159067 1.167538195325586 -0.3397519534209177 
-0.5725537152933076 1.1675293529215425 -0.3397582262509947 
-0.5725546051688721 1.1675338253041962 -0.3397647275492206 
-0.5725545894117063 1.1675334064683003 -0.3397606203968133 
-0.5725567182774658 1.1675422488723437 -0.3397543475667365 
-0.5725545894117063 1.1675334064683003 -0.3397606203968133 
-0.5725558690749727 1.1675386491166444 -0.3397559973107268 
-0.5725541523525068 1.1675313796949214 -0.33975942332390396 
-0.5725518036769907 1.1675216983669738 -0.33976721445632774 
-0.5725561179247531 1.167540494637494 -0.33976480688130484 
-0.572554994956574 1.1675345955698868 -0.33975360316490855 
-0.5725537310504732 1.1675297717574384 -0.339762333403402 
-0.5725554320157733 1.1675366223432657 -0.3397548002378177 
-0.5725541681096726 1.1675317985308173 -0.33976353047631114 
-0.5725531306117546 1.1675281975230067 -0.33977491282746275 
-0.5725541365953412 1.167530960859025 -0.3397553161714971 
-0.5725545736545403 1.167532987632404 -0.3397565132444065 
-0.5725555041171702 1.1675385126424302 -0.33977328569434095 
-0.572555844159067 1.167538195325586 -0.3397519534209177 
-0.5725541681096726 1.1675317985308173 -0.33976353047631114 
-0.5725545329814691 1.1675321150054492 -0.3397483622021894 
-0.5725558690749727 1.1675386491166444 -0.3397559973107268 
-0.5725550264709056 1.167535433241679 -0.3397618174697228 
-0.5725550107137397 1.1675350144057828 -0.33975771031731583 
-0.5725562812182664 1.1675402220989646 -0.33975315049382715 
-0.5725554070998677 1.167536168552207 -0.33975075634800855 
-0.572553293991274 1.1675277449840595 -0.33976113633049265 
-0.5725554320157733 1.1675366223432657 -0.3397548002378177 
-0.5725550107137397 1.1675350144057828 -0.3397577103173156 
-0.5725535519137881 1.1675298054604895 -0.33977200274796526 
-0.5725550828151367 1.1675369047049478 -0.3397761957738388 
-0.5725550107137397 1.1675350144057828 -0.3397577103173156 
-0.5725550107137397 1.1675350144057828 -0.3397577103173156 
-0.5725562812182664 1.1675402220989646 -0.33975315049382715 
-0.5725541523525068 1.1675313796949214 -0.3397594233239042 
-0.5725545736545403 1.167532987632404 -0.3397565132444065 
-0.5725539732158218 1.1675314133979722 -0.33976909266846744 
-0.5725563061341721 1.1675406758900235 -0.3397571943836364 
-0.5725537152933076 1.1675293529215425 -0.3397582262509947 
-0.5725565392267867 1.1675421025749766 -0.33976189680180746 
-0.5725546051688721 1.1675338253041962 -0.3397647275492206 
-0.5725569131713169 1.1675426340051887 -0.3397487853745804 
-0.5725541365953412 1.167530960859025 -0.3397553161714971 
-0.5725554477729391 1.1675370411791617 -0.3397589073902251 
-0.5725558848321386 1.1675390679525408 -0.33976010446313454 
-0.5725545736545403 1.167532987632404 -0.3397565132444067 
-0.5725532939912739 1.16752774498406 -0.33976113633049254 
-0.5725550107137397 1.1675350144057828 -0.3397577103173156 
-0.5725565392267867 1.1675421025749766 -0.33976189680180746 
-0.5725545578973747 1.167532568796508 -0.33975240609199897 
-0.5725550107137397 1.1675350144057828 -0.3397577103173156 
-0.5725545578973747 1.167532568796508 -0.33975240609199897 
-0.572555463530105 1.167537460015058 -0.33976301454263225 
-0.5725558690749727 1.1675386491166444 -0.33975599731072703 
-0.5725536995361418 1.167528934085646 -0.33975411909858766 
-0.572555844159067 1.167538195325586 -0.3397519534209177 
-0.5725556966227197 1.1675388867000112 -0.3397677169608031 
-0.5725554477729391 1.1675370411791617 -0.3397589073902251 
-0.5725550422280714 1.1675358520775754 -0.3397659246221303 
-0.5725558690749726 1.1675386491166448 -0.3397559973107269 
-0.572555463530105 1.167537460015058 -0.33976301454263225 
-0.5725550107137397 1.1675350144057828 -0.3397577103173156 
-0.5725539732158218 1.1675314133979722 -0.33976909266846744 
-0.5725565573722541 1.1675425324861375 -0.33976601049559685 
-0.5725556966227197 1.1675388867000112 -0.3397677169608031 
-0.5725546051688721 1.1675338253041962 -0.3397647275492206 
-0.5725550264709056 1.167535433241679 -0.339761817469723 
-0.5725545736545403 1.167532987632404 -0.3397565132444067 
-0.5725545578973747 1.167532568796508 -0.33975240609199897 
-0.5725528569320746 1.1675257182106806 -0.3397599392575832 
-0.5725526620382237 1.1675253330778357 -0.33976550144973916 
-0.5725550264709056 1.167535433241679 -0.3397618174697228 
-0.5725550264709056 1.167535433241679 -0.3397618174697228 
-0.5725528569320746 1.1675257182106806 -0.3397599392575832 
-0.5725558848321386 1.1675390679525408 -0.33976010446313454 
-0.5725545894117063 1.1675334064683003 -0.3397606203968133 
-0.5725541681096726 1.1675317985308173 -0.33976353047631114 
-0.5725550264709056 1.167535433241679 -0.3397618174697228 
-0.5725537310504732 1.1675297717574384 -0.339762333403402 
-0.5725532782341082 1.1675273261481636 -0.33975702917808503 
-0.5725549700406684 1.167534141778828 -0.3397495592750991 
-0.5725550264709056 1.167535433241679 -0.3397618174697228 
-0.5725536995361418 1.167528934085646 -0.33975411909858766 
-0.5725541208381754 1.167530542023129 -0.3397512090190894 
-0.5725537152933076 1.1675293529215425 -0.3397582262509947 
-0.5725545578973747 1.167532568796508 -0.33975240609199897 
-0.5725550422280714 1.1675358520775754 -0.33976592462213007 
-0.5725530990974229 1.1675273598512144 -0.3397666985226486 
-0.5725558690749727 1.1675386491166444 -0.3397559973107268 
