0.18297975312969036 -0.07449836815389145 -0.8989747192976569 
0.1829831015042759 -0.07451397905819654 -0.8989616324632778 
0.1829831015042759 -0.07451397905819654 -0.8989616324632778 
0.1829831015042759 -0.07451397905819654 -0.8989616324632778 
0.1829831015042759 -0.07451397905819654 -0.8989616324632778 
0.18362724392400814 -0.07745165583069138 -0.8972252458545087 
0.18362724392400814 -0.07745165583069138 -0.8972252458545087 
0.18362724392400814 -0.07745165583069138 -0.8972252458545087 
0.18362724392400814 -0.07745165583069138 -0.8972252458545087 
0.1837046047976772 -0.07780599189802236 -0.8969985223490075 
0.1837046047976772 -0.07780599189802236 -0.8969985223490075 
0.1837046047976772 -0.07780599189802236 -0.8969985223490075 
0.1837046047976772 -0.07780599189802236 -0.8969985223490075 
0.1837046047976772 -0.07780599189802236 -0.8969985223490075 
0.18317605390034705 -0.07539429831398858 -0.8984374383430079 
0.18317605390034705 -0.07539429831398858 -0.8984374383430079 
0.18317605390034705 -0.07539429831398858 -0.8984374383430079 
0.18317605390034705 -0.07539429831398858 -0.8984374383430079 
0.18317605390034705 -0.07539429831398858 -0.8984374383430079 
0.18317605390034705 -0.07539429831398858 -0.8984374383430079 
0.18263846897659256 -0.0729425877987682 -0.8998865825603246 
0.18263846897659256 -0.0729425877987682 -0.8998865825603246 
0.18263846897659256 -0.0729425877987682 -0.8998865825603246 
0.18223831646933739 -0.07111731144150621 -0.9009693169775449 
0.18178606855708415 -0.06905597267564222 -0.9021742975298466 
0.1805647638372421 -0.06348524539395375 -0.9054765790024165 
0.1805647638372421 -0.06348524539395375 -0.9054765790024165 
0.18090850628604882 -0.06505342071743148 -0.9045439646118457 
0.18090850628604882 -0.06505342071743148 -0.9045439646118457 
0.18090850628604882 -0.06505342071743148 -0.9045439646118457 
0.18090850628604882 -0.06505342071743148 -0.9045439646118457 
0.18090850628604882 -0.06505342071743148 -0.9045439646118457 
0.18037514098227206 -0.06262095420666938 -0.9059817341837443 
0.18037514098227206 -0.06262095420666938 -0.9059817341837443 
0.18037514098227206 -0.06262095420666938 -0.9059817341837443 
0.18013305278662317 -0.06151604310203324 -0.9066443844076827 
0.18013305278662317 -0.06151604310203324 -0.9066443844076827 
0.18013305278662317 -0.06151604310203324 -0.9066443844076827 
0.17972965673524552 -0.059677498197574466 -0.9077176771306489 
0.17972965673524552 -0.059677498197574466 -0.9077176771306489 
0.17972965673524552 -0.059677498197574466 -0.9077176771306489 
0.17972965673524552 -0.059677498197574466 -0.9077176771306489 
0.17972965673524552 -0.059677498197574466 -0.9077176771306489 
0.17919096132132223 -0.057220723179419564 -0.9091698148478486 
0.17919096132132223 -0.057220723179419564 -0.9091698148478486 
0.17919096132132223 -0.057220723179419564 -0.9091698148478486 
0.17919096132132223 -0.057220723179419564 -0.9091698148478486 
0.17919096132132223 -0.057220723179419564 -0.9091698148478486 
0.17919096132132223 -0.057220723179419564 -0.9091698148478486 
0.17919096132132223 -0.057220723179419564 -0.9091698148478486 
0.178452180898402 -0.053851099901516784 -0.9111653737586962 
0.178452180898402 -0.053851099901516784 -0.9111653737586962 
0.17828960474777417 -0.053109151837439736 -0.9116096260658497 
0.17828960474777417 -0.053109151837439736 -0.9116096260658497 
0.17828960474777417 -0.053109151837439736 -0.9116096260658497 
0.17787191037847244 -0.05120387404089753 -0.912739647315014 
0.17787191037847244 -0.05120387404089753 -0.912739647315014 
0.17787191037847244 -0.05120387404089753 -0.912739647315014 
0.17787191037847244 -0.05120387404089753 -0.912739647315014 
0.17787191037847244 -0.05120387404089753 -0.912739647315014 
0.17725214987127264 -0.048377053148252 -0.9144143694334026 
0.17725214987127264 -0.048377053148252 -0.9144143694334026 
0.17725214987127264 -0.048377053148252 -0.9144143694334026 
0.1767718883398587 -0.04618745237752657 -0.9157008679494512 
0.17638089196626044 -0.044404776854499436 -0.9167488569364644 
0.17638089196626044 -0.044404776854499436 -0.9167488569364644 
0.17638089196626044 -0.044404776854499436 -0.9167488569364644 
0.17638089196626044 -0.044404776854499436 -0.9167488569364644 
0.17638089196626044 -0.044404776854499436 -0.9167488569364644 
0.17572939428957512 -0.04143355568740294 -0.9185050707903988 
0.17572939428957512 -0.04143355568740294 -0.9185050707903988 
0.17572939428957512 -0.04143355568740294 -0.9185050707903988 
0.17572939428957512 -0.04143355568740294 -0.9185050707903988 
0.17572939428957512 -0.04143355568740294 -0.9185050707903988 
0.17524458809033094 -0.03922136423139344 -0.9198260661109052 
0.17524458809033094 -0.03922136423139344 -0.9198260661109052 
0.17524458809033094 -0.03922136423139344 -0.9198260661109052 
0.17493040300918294 -0.037788831636956836 -0.9206689403551354 
0.17493040300918294 -0.037788831636956836 -0.9206689403551354 
0.17449540632594157 -0.035804985187282194 -0.9218415419297269 
0.17449540632594157 -0.035804985187282194 -0.9218415419297269 
0.17449540632594157 -0.035804985187282194 -0.9218415419297269 
0.17449540632594157 -0.035804985187282194 -0.9218415419297269 
0.17382993750249318 -0.032770387492490484 -0.9236313564271114 
0.17382993750249318 -0.032770387492490484 -0.9236313564271114 
0.17382993750249318 -0.032770387492490484 -0.9236313564271114 
0.17347049067583056 -0.031131937177736047 -0.9245902379102159 
0.17347049067583056 -0.031131937177736047 -0.9245902379102159 
0.1733342853497453 -0.030509235022785554 -0.9249755858379661 
0.1733342853497453 -0.030509235022785554 -0.9249755858379661 
0.1733342853497453 -0.030509235022785554 -0.9249755858379661 
0.1733342853497453 -0.030509235022785554 -0.9249755858379661 
0.1733342853497453 -0.030509235022785554 -0.9249755858379661 
0.1733342853497453 -0.030509235022785554 -0.9249755858379661 
0.17276257466035508 -0.02790307415730109 -0.9265025969849198 
0.17276257466035508 -0.02790307415730109 -0.9265025969849198 
0.17233668029587487 -0.025960739754623798 -0.9276506618360765 
0.17194006341306486 -0.024151425217406715 -0.9287258075308076 
0.17194006341306486 -0.024151425217406715 -0.9287258075308076 
0.17194006341306486 -0.024151425217406715 -0.9287258075308076 
0.1717962614185551 -0.023497125615226534 -0.9290952631169149 
0.1717962614185551 -0.023497125615226534 -0.9290952631169149 
0.1714013679991417 -0.021694650199252215 -0.9301779452480075 
0.1714013679991417 -0.021694650199252215 -0.9301779452480075 
0.1706448233734775 -0.01824401147478962 -0.9322213903449145 
0.1706448233734775 -0.01824401147478962 -0.9322213903449145 
0.1706448233734775 -0.01824401147478962 -0.9322213903449145 
0.17033327075256316 -0.01682280387651025 -0.9330652899152624 
0.17033327075256316 -0.01682280387651025 -0.9330652899152624 
0.17033327075256316 -0.01682280387651025 -0.9330652899152624 
0.17033327075256316 -0.01682280387651025 -0.9330652899152624 
0.1696047384633802 -0.013500598856372937 -0.9350251018449681 
0.1696047384633802 -0.013500598856372937 -0.9350251018449681 
0.16944669044919353 -0.01278064823251663 -0.9354410813388659 
0.16944669044919353 -0.01278064823251663 -0.9354410813388659 
0.16944669044919353 -0.01278064823251663 -0.9354410813388659 
0.16944669044919353 -0.01278064823251663 -0.9354410813388659 
0.16944669044919353 -0.01278064823251663 -0.9354410813388659 
0.1688568280212462 -0.010089004295902808 -0.937049244639746 
0.1688568280212462 -0.010089004295902808 -0.937049244639746 
0.16851918455117165 -0.008550663605664022 -0.937941318509318 
0.16851918455117165 -0.008550663605664022 -0.937941318509318 
0.16851918455117165 -0.008550663605664022 -0.937941318509318 
0.16819228982849238 -0.0070593240442754 -0.9388285172198465 
0.16819228982849238 -0.0070593240442754 -0.9388285172198465 
0.16819228982849238 -0.0070593240442754 -0.9388285172198465 
0.16819228982849238 -0.0070593240442754 -0.9388285172198465 
0.16819228982849238 -0.0070593240442754 -0.9388285172198465 
0.16765004303000322 -0.004586352576965573 -0.9402902282494291 
0.16765004303000322 -0.004586352576965573 -0.9402902282494291 
0.16725834484680402 -0.0027999733239257273 -0.9413461119471196 
0.16725834484680402 -0.0027999733239257273 -0.9413461119471196 
0.16725834484680402 -0.0027999733239257273 -0.9413461119471196 
0.16725834484680402 -0.0027999733239257273 -0.9413461119471196 
0.1667938147670057 -0.0006814368268013432 -0.942598325409893 
0.1667938147670057 -0.0006814368268013432 -0.942598325409893 
0.16642876349458194 0.000983416489667115 -0.943582378193149 
0.16642876349458194 0.000983416489667115 -0.943582378193149 
0.16642876349458194 0.000983416489667115 -0.943582378193149 
0.16642876349458194 0.000983416489667115 -0.943582378193149 
0.16579323772760787 0.0038821364469171487 -0.9452995980342725 
0.16579323772760787 0.0038821364469171487 -0.9452995980342725 
0.16579323772760787 0.0038821364469171487 -0.9452995980342725 
0.16579323772760787 0.0038821364469171487 -0.9452995980342725 
0.1652581472098166 0.006321627612045301 -0.9467319545499909 
0.1652581472098166 0.006321627612045301 -0.9467319545499909 
0.1652581472098166 0.006321627612045301 -0.9467319545499909 
0.1648959473323364 0.007973979909175415 -0.9477143238255054 
0.16431379967334006 0.010627739632067748 -0.949269469455929 
0.16431379967334006 0.010627739632067748 -0.949269469455929 
0.16431379967334006 0.010627739632067748 -0.949269469455929 
0.16431379967334006 0.010627739632067748 -0.949269469455929 
0.16375346150094616 0.013185082910325305 -0.9508021945543195 
0.16375346150094616 0.013185082910325305 -0.9508021945543195 
0.16353797221149427 0.014165639079286295 -0.9513567729184942 
0.16353797221149427 0.014165639079286295 -0.9513567729184942 
0.1627986794215013 0.01753878272082738 -0.9533678374023451 
0.1627986794215013 0.01753878272082738 -0.9533678374023451 
0.1627986794215013 0.01753878272082738 -0.9533678374023451 
0.1627986794215013 0.01753878272082738 -0.9533678374023451 
0.1619935209664196 0.021210789437377617 -0.955538267910434 
0.1619935209664196 0.021210789437377617 -0.955538267910434 
0.1619935209664196 0.021210789437377617 -0.955538267910434 
0.1619935209664196 0.021210789437377617 -0.955538267910434 
0.16138306821459938 0.02399550167124756 -0.9571919602860025 
0.16086104523730888 0.026375900050079434 -0.9585950940762602 
0.16086104523730888 0.026375900050079434 -0.9585950940762602 
0.16044097735595786 0.028290818827129083 -0.9597173890908228 
0.16044097735595786 0.028290818827129083 -0.9597173890908228 
0.16029420216260154 0.028960201968330355 -0.9601130445738902 
0.16029420216260154 0.028960201968330355 -0.9601130445738902 
0.16001887604745849 0.030215514310941743 -0.9608511683993701 
0.16001887604745849 0.030215514310941743 -0.9608511683993701 
0.16001887604745849 0.030215514310941743 -0.9608511683993701 
0.16001887604745849 0.030215514310941743 -0.9608511683993701 
0.1593575220135244 0.03323321035838362 -0.9626521367799703 
0.15896761733667678 0.035011069841246405 -0.9636991250337212 
0.15896761733667678 0.035011069841246405 -0.9636991250337212 
0.15896761733667678 0.035011069841246405 -0.9636991250337212 
0.1587946565146898 0.035799534892324056 -0.9641613072059361 
0.1587946565146898 0.035799534892324056 -0.9641613072059361 
0.1587946565146898 0.035799534892324056 -0.9641613072059361 
0.15814891824211538 0.038744830016139924 -0.9659060564527058 
0.15796552045052228 0.03958089392462517 -0.9663963731083909 
0.15796552045052228 0.03958089392462517 -0.9663963731083909 
0.15796552045052228 0.03958089392462517 -0.9663963731083909 
0.15796552045052228 0.03958089392462517 -0.9663963731083909 
0.15737129484728024 0.042291260300463894 -0.9680022619005918 
0.15737129484728024 0.042291260300463894 -0.9680022619005918 
0.1565935041399621 0.04583761027136608 -0.9700888547251303 
0.1565935041399621 0.04583761027136608 -0.9700888547251303 
0.1565935041399621 0.04583761027136608 -0.9700888547251303 
0.1565935041399621 0.04583761027136608 -0.9700888547251303 
0.15624070055090483 0.04744592618138199 -0.9710317704285746 
0.1557341322629773 0.04975736584786158 -0.9724114288617891 
0.1557341322629773 0.04975736584786158 -0.9724114288617891 
0.15553878075767932 0.05064744282268287 -0.9729279657486514 
0.15553878075767932 0.05064744282268287 -0.9729279657486514 
0.15470111934715097 0.05446920652531151 -0.9752041982298095 
0.15470111934715097 0.05446920652531151 -0.9752041982298095 
0.15452614176812585 0.055267209503943655 -0.9756758776530967 
0.15452614176812585 0.055267209503943655 -0.9756758776530967 
0.15452614176812585 0.055267209503943655 -0.9756758776530967 
0.15452614176812585 0.055267209503943655 -0.9756758776530967 
0.1539036152963678 0.05810444028832146 -0.9773317491525604 
0.15348207860613577 0.06002842504047537 -0.9784862523860145 
0.15348207860613577 0.06002842504047537 -0.9784862523860145 
0.15348207860613577 0.06002842504047537 -0.9784862523860145 
0.15348207860613577 0.06002842504047537 -0.9784862523860145 
0.15348207860613577 0.06002842504047537 -0.9784862523860145 
0.1528368674814051 0.06296979208871341 -0.98021139544876 
0.1528368674814051 0.06296979208871341 -0.98021139544876 
0.1528368674814051 0.06296979208871341 -0.98021139544876 
0.15268100717669647 0.06368026849804428 -0.9806274805028603 
0.15268100717669647 0.06368026849804428 -0.9806274805028603 
0.15268100717669647 0.06368026849804428 -0.9806274805028603 
0.15268100717669647 0.06368026849804428 -0.9806274805028603 
0.15268100717669647 0.06368026849804428 -0.9806274805028603 
0.15268100717669647 0.06368026849804428 -0.9806274805028603 
0.15200012620852804 0.06678667880488015 -0.9824770260207266 
0.15146498460580876 0.06922724630695155 -0.9839195838841618 
0.15146498460580876 0.06922724630695155 -0.9839195838841618 
0.15146498460580876 0.06922724630695155 -0.9839195838841618 
0.15146498460580876 0.06922724630695155 -0.9839195838841618 
0.15146498460580876 0.06922724630695155 -0.9839195838841618 
0.15146498460580876 0.06922724630695155 -0.9839195838841618 
0.15088070820289473 0.07189291155418319 -0.9855066863079841 
0.15088070820289473 0.07189291155418319 -0.9855066863079841 
0.15088070820289473 0.07189291155418319 -0.9855066863079841 
0.15014352694941055 0.0752545684502525 -0.9874899011508392 
0.15014352694941055 0.0752545684502525 -0.9874899011508392 
0.15014352694941055 0.0752545684502525 -0.9874899011508392 
0.15014352694941055 0.0752545684502525 -0.9874899011508392 
0.14946830326254942 0.07833331388530723 -0.9893019506406562 
0.14946830326254942 0.07833331388530723 -0.9893019506406562 
0.1491096922871111 0.07996879557481469 -0.9902686425963999 
0.1491096922871111 0.07996879557481469 -0.9902686425963999 
0.1488831676239356 0.08100256485915971 -0.9908873967790607 
0.14820413367368468 0.08409936799194653 -0.9927178389638888 
0.14820413367368468 0.08409936799194653 -0.9927178389638888 
0.14785264752806315 0.08570201587041974 -0.9936612640597011 
0.14785264752806315 0.08570201587041974 -0.9936612640597011 
0.14765881276686396 0.0865856786363128 -0.9941797151988561 
0.14765881276686396 0.0865856786363128 -0.9941797151988561 
0.14746984562034762 0.08744748245497252 -0.9946891056886868 
0.14746984562034762 0.08744748245497252 -0.9946891056886868 
0.14746984562034762 0.08744748245497252 -0.9946891056886868 
0.14746984562034762 0.08744748245497252 -0.9946891056886868 
0.14647147296053786 0.09200134273495744 -0.9973884968303568 
0.14647147296053786 0.09200134273495744 -0.9973884968303568 
0.14647147296053786 0.09200134273495744 -0.9973884968303568 
0.14614645913329513 0.09348241756422157 -0.9982504980125333 
0.14614645913329513 0.09348241756422157 -0.9982504980125333 
0.14614645913329513 0.09348241756422157 -0.9982504980125333 
0.14614645913329513 0.09348241756422157 -0.9982504980125333 
0.14614645913329513 0.09348241756422157 -0.9982504980125333 
0.14582838743001475 0.09493453236197547 -0.999126006918605 
0.14582838743001475 0.09493453236197547 -0.999126006918605 
0.14539789239608114 0.09689683507353479 -1.0002743795697453 
0.14539789239608114 0.09689683507353479 -1.0002743795697453 
0.14539789239608114 0.09689683507353479 -1.0002743795697453 
0.14539789239608114 0.09689683507353479 -1.0002743795697453 
0.14473483278217947 0.09992112592954715 -1.0020658212003806 
0.14473483278217947 0.09992112592954715 -1.0020658212003806 
0.14409964654049923 0.10281609287739774 -1.0037558190891172 
0.14409964654049923 0.10281609287739774 -1.0037558190891172 
0.14409964654049923 0.10281609287739774 -1.0037558190891172 
0.14357644333341496 0.10520323502473258 -1.0051783774418863 
0.14357644333341496 0.10520323502473258 -1.0051783774418863 
0.14315147638649978 0.10714065924016367 -1.0063158207597056 
0.14315147638649978 0.10714065924016367 -1.0063158207597056 
0.14315147638649978 0.10714065924016367 -1.0063158207597056 
0.14315147638649978 0.10714065924016367 -1.0063158207597056 
0.14248899374499874 0.11016384271950536 -1.0081238922456093 
0.14248899374499874 0.11016384271950536 -1.0081238922456093 
0.14248899374499874 0.11016384271950536 -1.0081238922456093 
0.14248899374499874 0.11016384271950536 -1.0081238922456093 
0.14248899374499874 0.11016384271950536 -1.0081238922456093 
0.14188153382607188 0.11293304156855902 -1.0097472710304327 
0.14188153382607188 0.11293304156855902 -1.0097472710304327 
0.14163905446059388 0.11403889328388327 -1.0104009120735018 
0.1408065527450712 0.11783610476642987 -1.012651053488593 
0.1408065527450712 0.11783610476642987 -1.012651053488593 
0.14062605446941284 0.11865878238522097 -1.0131316119396914 
0.14062605446941284 0.11865878238522097 -1.0131316119396914 
0.14036949561024914 0.11983036162463298 -1.013841303356464 
0.1397433502480798 0.12268528778498652 -1.0155211428258646 
0.1397433502480798 0.12268528778498652 -1.0155211428258646 
0.1397433502480798 0.12268528778498652 -1.0155211428258646 
0.1397433502480798 0.12268528778498652 -1.0155211428258646 
0.13922958259751222 0.12502753385361604 -1.0168960202189954 
0.13922958259751222 0.12502753385361604 -1.0168960202189954 
0.13897311123790532 0.12619719747589503 -1.0175873788699894 
0.13897311123790532 0.12619719747589503 -1.0175873788699894 
0.13897311123790532 0.12619719747589503 -1.0175873788699894 
0.13897311123790532 0.12619719747589503 -1.0175873788699894 
0.13897311123790532 0.12619719747589503 -1.0175873788699894 
0.13841287819930417 0.12875219701367832 -1.0190975746220736 
0.13841287819930417 0.12875219701367832 -1.0190975746220736 
0.13841287819930417 0.12875219701367832 -1.0190975746220736 
0.1376254975144185 0.13234278610519323 -1.0212160216037742 
0.1376254975144185 0.13234278610519323 -1.0212160216037742 
0.13740454220616624 0.1333508154793645 -1.021815701952288 
0.13680282380792122 0.1360943325978098 -1.0234296064435502 
0.13680282380792122 0.1360943325978098 -1.0234296064435502 
0.1365316759213539 0.1373312703111164 -1.0241645887348894 
0.13610704791538164 0.1392690130191943 -1.0253233643261308 
0.13610704791538164 0.1392690130191943 -1.0253233643261308 
0.13610704791538164 0.1392690130191943 -1.0253233643261308 
0.13555530338168548 0.1417844565113138 -1.0268006143456976 
0.13555530338168548 0.1417844565113138 -1.0268006143456976 
0.13532966497864224 0.14281400636727287 -1.0274148608144813 
0.13505214001320692 0.14407918403595768 -1.0281569698787063 
0.13505214001320692 0.14407918403595768 -1.0281569698787063 
0.13505214001320692 0.14407918403595768 -1.0281569698787063 
0.13505214001320692 0.14407918403595768 -1.0281569698787063 
0.13457358284844165 0.14626219553157616 -1.0294529984154106 
0.13457358284844165 0.14626219553157616 -1.0294529984154106 
0.13457358284844165 0.14626219553157616 -1.0294529984154106 
0.13457358284844165 0.14626219553157616 -1.0294529984154106 
0.13457358284844165 0.14626219553157616 -1.0294529984154106 
0.13403065151712096 0.1487386291829589 -1.030920615477413 
0.13403065151712096 0.1487386291829589 -1.030920615477413 
0.13363094035463377 0.15056189274268744 -1.0320021601808038 
0.1329677699037518 0.1535848248148191 -1.0337716546481202 
0.1329677699037518 0.1535848248148191 -1.0337716546481202 
0.13278648977868193 0.15441309515771384 -1.0342785087443083 
0.13278648977868193 0.15441309515771384 -1.0342785087443083 
0.13278648977868193 0.15441309515771384 -1.0342785087443083 
0.13278648977868193 0.15441309515771384 -1.0342785087443083 
0.13278648977868193 0.15441309515771384 -1.0342785087443083 
0.13278648977868193 0.15441309515771384 -1.0342785087443083 
0.13217943277705793 0.15718095951780003 -1.035906804275708 
0.13217943277705793 0.15718095951780003 -1.035906804275708 
0.13186323215219056 0.15862302450632734 -1.0367591725003191 
0.13186323215219056 0.15862302450632734 -1.0367591725003191 
0.1313127539770023 0.16113387630384737 -1.0382471332599712 
0.13077690378095602 0.16357834862516965 -1.0396996345042486 
0.13077690378095602 0.16357834862516965 -1.0396996345042486 
0.13077690378095602 0.16357834862516965 -1.0396996345042486 
0.13077690378095602 0.16357834862516965 -1.0396996345042486 
0.13077690378095602 0.16357834862516965 -1.0396996345042486 
0.13019894174092084 0.16621352986278715 -1.041249588295022 
0.13019894174092084 0.16621352986278715 -1.041249588295022 
0.12974912085228302 0.1682641402442724 -1.0424520871928264 
0.12974912085228302 0.1682641402442724 -1.0424520871928264 
0.12974912085228302 0.1682641402442724 -1.0424520871928264 
0.12974912085228302 0.1682641402442724 -1.0424520871928264 
0.12918955271246646 0.17081610744377856 -1.0439604906062754 
0.12918955271246646 0.17081610744377856 -1.0439604906062754 
0.1287967627631563 0.17260712550405521 -1.045015256563083 
0.12862484504899024 0.1733920170179115 -1.0454887512825157 
0.12862484504899024 0.1733920170179115 -1.0454887512825157 
0.12831557502749633 0.1748016309285627 -1.0463123733417778 
0.12831557502749633 0.1748016309285627 -1.0463123733417778 
0.12831557502749633 0.1748016309285627 -1.0463123733417778 
0.12770420267532373 0.1775910401492352 -1.047974547517047 
0.12770420267532373 0.1775910401492352 -1.047974547517047 
0.12770420267532373 0.1775910401492352 -1.047974547517047 
0.12770420267532373 0.1775910401492352 -1.047974547517047 
0.12690511601474253 0.18123417217005652 -1.0501144861462433 
0.12690511601474253 0.18123417217005652 -1.0501144861462433 
0.12690511601474253 0.18123417217005652 -1.0501144861462433 
0.12690511601474253 0.18123417217005652 -1.0501144861462433 
0.12613163939760177 0.18476287431622324 -1.0522136377139215 
0.12613163939760177 0.18476287431622324 -1.0522136377139215 
0.12613163939760177 0.18476287431622324 -1.0522136377139215 
0.1255689503805028 0.18732941489553293 -1.0537345147071984 
0.1255689503805028 0.18732941489553293 -1.0537345147071984 
0.1255689503805028 0.18732941489553293 -1.0537345147071984 
0.1255689503805028 0.18732941489553293 -1.0537345147071984 
0.12499475976259078 0.18994738878253553 -1.0552742137624027 
0.12499475976259078 0.18994738878253553 -1.0552742137624027 
0.12499475976259078 0.18994738878253553 -1.0552742137624027 
0.12499475976259078 0.18994738878253553 -1.0552742137624027 
0.12403977110256925 0.19430186797120724 -1.0578384713746503 
0.12403977110256925 0.19430186797120724 -1.0578384713746503 
0.12403977110256925 0.19430186797120724 -1.0578384713746503 
0.12372388050487335 0.1957447162214154 -1.058716222303869 
0.12372388050487335 0.1957447162214154 -1.058716222303869 
0.12372388050487335 0.1957447162214154 -1.058716222303869 
0.12372388050487335 0.1957447162214154 -1.058716222303869 
0.12372388050487335 0.1957447162214154 -1.058716222303869 
0.12315091812727463 0.1983552317247456 -1.0602304527810826 
0.12315091812727463 0.1983552317247456 -1.0602304527810826 
0.12242428025392793 0.20167066133666994 -1.0622074039584248 
0.12225514879207874 0.20244081884387924 -1.0626491998513343 
0.12225514879207874 0.20244081884387924 -1.0626491998513343 
0.12202079809614486 0.20351112290253912 -1.063299113969258 
0.12202079809614486 0.20351112290253912 -1.063299113969258 
0.12202079809614486 0.20351112290253912 -1.063299113969258 
0.12202079809614486 0.20351112290253912 -1.063299113969258 
0.1216241689696734 0.20532066342958216 -1.0643763230522636 
0.1216241689696734 0.20532066342958216 -1.0643763230522636 
0.12095054445224845 0.2083914424828031 -1.0661760284740878 
0.12095054445224845 0.2083914424828031 -1.0661760284740878 
0.12095054445224845 0.2083914424828031 -1.0661760284740878 
0.12035439729826561 0.2111093886238061 -1.0677729726993122 
0.12035439729826561 0.2111093886238061 -1.0677729726993122 
0.12035439729826561 0.2111093886238061 -1.0677729726993122 
0.12035439729826561 0.2111093886238061 -1.0677729726993122 
0.11917795331705242 0.21647502090527598 -1.0709483221634384 
0.11917795331705242 0.21647502090527598 -1.0709483221634384 
0.11898295849740506 0.2173648175942169 -1.0714799640618295 
0.11898295849740506 0.2173648175942169 -1.0714799640618295 
0.11898295849740506 0.2173648175942169 -1.0714799640618295 
0.11898295849740506 0.2173648175942169 -1.0714799640618295 
0.11859284723998054 0.2191434564552492 -1.0725255670798015 
0.11859284723998054 0.2191434564552492 -1.0725255670798015 
0.11859284723998054 0.2191434564552492 -1.0725255670798015 
0.11859284723998054 0.2191434564552492 -1.0725255670798015 
0.1177959201615979 0.2227775828415888 -1.074669747857821 
0.1177959201615979 0.2227775828415888 -1.074669747857821 
0.11762451724114253 0.22355894292487855 -1.075127730462869 
0.11762451724114253 0.22355894292487855 -1.075127730462869 
0.11762451724114253 0.22355894292487855 -1.075127730462869 
0.11762451724114253 0.22355894292487855 -1.075127730462869 
0.11695028503987545 0.22663537115931476 -1.0769634139571111 
0.11695028503987545 0.22663537115931476 -1.0769634139571111 
0.11625191784453477 0.22982068581799694 -1.0788500326941135 
0.11563509605200287 0.23263308349642925 -1.0805046507462022 
0.11563509605200287 0.23263308349642925 -1.0805046507462022 
0.11516767705978513 0.2347647951713597 -1.0817646517241049 
0.11516767705978513 0.2347647951713597 -1.0817646517241049 
0.11516767705978513 0.2347647951713597 -1.0817646517241049 
0.11516767705978513 0.2347647951713597 -1.0817646517241049 
0.11436959423893117 0.2384052133465509 -1.0839241302880875 
0.11436959423893117 0.2384052133465509 -1.0839241302880875 
0.11436959423893117 0.2384052133465509 -1.0839241302880875 
0.11379245744660499 0.24103763707080894 -1.0854838652409575 
0.11379245744660499 0.24103763707080894 -1.0854838652409575 
0.11379245744660499 0.24103763707080894 -1.0854838652409575 
0.11323114192161743 0.24359724049259074 -1.0869930065147568 
0.11288009499745574 0.2451978852570928 -1.087935247620449 
0.11230340913295181 0.2478282598772135 -1.089493855304415 
0.11230340913295181 0.2478282598772135 -1.089493855304415 
0.11230340913295181 0.2478282598772135 -1.089493855304415 
0.11194910600720484 0.24944257121728983 -1.0904307496031644 
0.11194910600720484 0.24944257121728983 -1.0904307496031644 
0.11189063824717646 0.24971040302279496 -1.09060248299963 
0.11189063824717646 0.24971040302279496 -1.09060248299963 
0.11189063824717646 0.24971040302279496 -1.09060248299963 
0.1114447777270024 0.25174345479883714 -1.091800308978173 
0.1114447777270024 0.25174345479883714 -1.091800308978173 
0.1114447777270024 0.25174345479883714 -1.091800308978173 
0.1114447777270024 0.25174345479883714 -1.091800308978173 
0.1114447777270024 0.25174345479883714 -1.091800308978173 
0.11067535857396192 0.25525280910990156 -1.093878459376649 
0.11067535857396192 0.25525280910990156 -1.093878459376649 
0.11067535857396192 0.25525280910990156 -1.093878459376649 
0.11044932232783522 0.25628333001060083 -1.0944837146533641 
0.10999078968360582 0.2583745145951273 -1.0957197610908185 
0.10999078968360582 0.2583745145951273 -1.0957197610908185 
0.10999078968360582 0.2583745145951273 -1.0957197610908185 
0.109422300780983 0.26096784644277254 -1.09726033334952 
0.109422300780983 0.26096784644277254 -1.09726033334952 
0.10875863031716182 0.26399390223353114 -1.0990412393202016 
0.10875863031716182 0.26399390223353114 -1.0990412393202016 
0.10856592119959275 0.2648722686341115 -1.0995547140049249 
0.10856592119959275 0.2648722686341115 -1.0995547140049249 
0.10818372075160027 0.2666161758623419 -1.1005950587126305 
0.10818372075160027 0.2666161758623419 -1.1005950587126305 
0.10818372075160027 0.2666161758623419 -1.1005950587126305 
0.10818372075160027 0.2666161758623419 -1.1005950587126305 
0.10818372075160027 0.2666161758623419 -1.1005950587126305 
0.10754715551676208 0.2695184527564214 -1.1023009561944634 
0.10754715551676208 0.2695184527564214 -1.1023009561944634 
0.10713726747681157 0.27138744839151663 -1.1034018127280039 
0.10713726747681157 0.27138744839151663 -1.1034018127280039 
0.10713726747681157 0.27138744839151663 -1.1034018127280039 
0.10696915948873614 0.2721544622073006 -1.103859034861916 
