0.7462427908492174 -1.107503781107458 -0.6627039103567135 
0.7462427908492174 -1.107503781107458 -0.6627039103567135 
0.7462427908492174 -1.107503781107458 -0.6627039103567135 
0.7462427908492174 -1.107503781107458 -0.6627039103567135 
0.7462427908492174 -1.107503781107458 -0.6627039103567135 
0.7462427908492174 -1.107503781107458 -0.6627039103567135 
0.7462427908492174 -1.107503781107458 -0.6627039103567135 
0.7462427908492174 -1.107503781107458 -0.6627039103567135 
0.7462427908492174 -1.107503781107458 -0.6627039103567135 
0.7462427908492174 -1.107503781107458 -0.6627039103567135 
0.7462427908492174 -1.107503781107458 -0.6627039103567135 
0.7462427908492174 -1.107503781107458 -0.6627039103567135 
0.7462427908492174 -1.107503781107458 -0.6627039103567135 
0.7462427908492174 -1.107503781107458 -0.6627039103567135 
0.7462427908492174 -1.107503781107458 -0.6627039103567135 
0.7462427908492174 -1.107503781107458 -0.6627039103567135 
0.7462427908492174 -1.107503781107458 -0.6627039103567135 
0.7462427908492174 -1.107503781107458 -0.6627039103567135 
0.7462427908492174 -1.107503781107458 -0.6627039103567135 
0.7462427908492174 -1.107503781107458 -0.6627039103567135 
0.7462427908492174 -1.107503781107458 -0.6627039103567135 
0.7462427908492174 -1.107503781107458 -0.6627039103567135 
0.7462427908492174 -1.107503781107458 -0.6627039103567135 
0.7462427908492174 -1.107503781107458 -0.6627039103567135 
0.7462427908492173 -1.1075037811074575 -0.6627039103567138 
0.7462427908492174 -1.107503781107458 -0.6627039103567135 
0.7462427908492174 -1.107503781107458 -0.6627039103567135 
0.7462427908492174 -1.107503781107458 -0.6627039103567135 
0.7462427908492174 -1.107503781107458 -0.6627039103567135 
0.7462427908492174 -1.107503781107458 -0.6627039103567135 
0.7462427908492174 -1.107503781107458 -0.6627039103567135 
0.7462427908492174 -1.107503781107458 -0.6627039103567135 
0.7462427908492174 -1.107503781107458 -0.6627039103567135 
0.7462427908492174 -1.107503781107458 -0.6627039103567135 
0.7462427908492174 -1.107503781107458 -0.6627039103567135 
0.7462427908492174 -1.107503781107458 -0.6627039103567135 
0.7462427908492174 -1.107503781107458 -0.6627039103567135 
0.7462427908492174 -1.107503781107458 -0.6627039103567135 
0.7462427908492174 -1.107503781107458 -0.6627039103567135 
0.7462427908492174 -1.107503781107458 -0.6627039103567135 
0.7462427908492174 -1.107503781107458 -0.6627039103567135 
0.7462427908492174 -1.107503781107458 -0.6627039103567135 
0.7462427908492174 -1.107503781107458 -0.6627039103567135 
0.7462427908492174 -1.107503781107458 -0.6627039103567135 
0.7462427908492174 -1.107503781107458 -0.6627039103567135 
0.7462427908492174 -1.107503781107458 -0.6627039103567135 
0.7462427908492174 -1.107503781107458 -0.6627039103567135 
0.7462427908492174 -1.107503781107458 -0.6627039103567135 
0.7462427908492174 -1.107503781107458 -0.6627039103567135 
0.7462427908492174 -1.107503781107458 -0.6627039103567135 
0.7462427908492174 -1.107503781107458 -0.6627039103567135 
0.7462427908492174 -1.107503781107458 -0.6627039103567135 
0.7462427908492174 -1.107503781107458 -0.6627039103567135 
0.7462427908492174 -1.107503781107458 -0.6627039103567135 
0.7462427908492174 -1.107503781107458 -0.6627039103567135 
0.7457039578182312 -1.1078013441203745 -0.6626990423347694 
0.7457039578182312 -1.1078013441203745 -0.6626990423347694 
0.7444952696506025 -1.1084676159788787 -0.6626881254673462 
0.7444952696506025 -1.1084676159788787 -0.6626881254673462 
0.7444952696506025 -1.1084676159788787 -0.6626881254673462 
0.7444952696506025 -1.1084676159788787 -0.6626881254673462 
0.7444952696506025 -1.1084676159788787 -0.6626881254673462 
0.7444952696506025 -1.1084676159788787 -0.6626881254673462 
0.7450615231528968 -1.1081556850863803 -0.6626932393713469 
0.7462427908492174 -1.107503781107458 -0.6627039103567135 
0.7462427908492174 -1.107503781107458 -0.6627039103567135 
0.7462427908492174 -1.107503781107458 -0.6627039103567135 
0.7462427908492174 -1.107503781107458 -0.6627039103567135 
0.7462427908492174 -1.107503781107458 -0.6627039103567135 
0.7462427908492174 -1.107503781107458 -0.6627039103567135 
0.7462427908492174 -1.107503781107458 -0.6627039103567135 
0.7462427908492174 -1.107503781107458 -0.6627039103567135 
0.7462427908492174 -1.107503781107458 -0.6627039103567135 
0.7462427908492174 -1.107503781107458 -0.6627039103567135 
0.7462427908492174 -1.107503781107458 -0.6627039103567135 
0.7462427908492174 -1.107503781107458 -0.6627039103567135 
0.7462427908492174 -1.107503781107458 -0.6627039103567135 
0.7462427908492174 -1.107503781107458 -0.6627039103567135 
0.7462427908492174 -1.107503781107458 -0.6627039103567135 
0.7462427908492174 -1.107503781107458 -0.6627039103567135 
0.7462427908492174 -1.107503781107458 -0.6627039103567135 
0.7462427908492174 -1.107503781107458 -0.6627039103567135 
0.7462427908492174 -1.107503781107458 -0.6627039103567135 
0.7462427908492174 -1.107503781107458 -0.6627039103567135 
0.7462427908492174 -1.107503781107458 -0.6627039103567135 
0.7462427908492174 -1.107503781107458 -0.6627039103567135 
0.7447290500077187 -1.1083388783319537 -0.6626902366602185 
0.7447290500077187 -1.1083388783319537 -0.6626902366602185 
0.7447290500077187 -1.1083388783319537 -0.6626902366602185 
0.7462427908492174 -1.107503781107458 -0.6627039103567135 
0.7462427908492174 -1.107503781107458 -0.6627039103567135 
0.7462427908492174 -1.107503781107458 -0.6627039103567135 
0.7462427908492174 -1.107503781107458 -0.6627039103567135 
0.7462427908492174 -1.107503781107458 -0.6627039103567135 
0.7462427908492174 -1.107503781107458 -0.6627039103567135 
0.7462427908492174 -1.107503781107458 -0.6627039103567135 
0.7462427908492174 -1.107503781107458 -0.6627039103567135 
0.7462427908492174 -1.107503781107458 -0.6627039103567135 
0.7462427908492174 -1.107503781107458 -0.6627039103567135 
0.7462427908492174 -1.107503781107458 -0.6627039103567135 
0.744690896929779 -1.1083598926520166 -0.6626898921022616 
0.744690896929779 -1.1083598926520166 -0.6626898921022616 
0.7462427908492174 -1.107503781107458 -0.6627039103567135 
0.7462427908492174 -1.107503781107458 -0.6627039103567135 
0.7462427908492174 -1.107503781107458 -0.6627039103567135 
0.7462427908492174 -1.107503781107458 -0.6627039103567135 
0.7462427908492174 -1.107503781107458 -0.6627039103567135 
0.7462427908492174 -1.107503781107458 -0.6627039103567135 
0.7462427908492174 -1.107503781107458 -0.6627039103567135 
0.7462427908492174 -1.107503781107458 -0.6627039103567135 
0.7462427908492174 -1.107503781107458 -0.6627039103567135 
0.7462427908492174 -1.107503781107458 -0.6627039103567135 
0.7462427908492174 -1.107503781107458 -0.6627039103567135 
0.7462427908492174 -1.107503781107458 -0.6627039103567135 
0.7462427908492174 -1.107503781107458 -0.6627039103567135 
0.7462427908492174 -1.107503781107458 -0.6627039103567135 
0.7462427908492174 -1.107503781107458 -0.6627039103567135 
0.7462427908492174 -1.107503781107458 -0.6627039103567135 
0.7462427908492174 -1.107503781107458 -0.6627039103567135 
0.7462427908492174 -1.107503781107458 -0.6627039103567135 
0.7462427908492174 -1.107503781107458 -0.6627039103567135 
0.7462427908492174 -1.107503781107458 -0.6627039103567135 
0.7462427908492174 -1.107503781107458 -0.6627039103567135 
0.7462427908492174 -1.107503781107458 -0.6627039103567135 
0.7462427908492174 -1.107503781107458 -0.6627039103567135 
0.7462427908492174 -1.107503781107458 -0.6627039103567135 
0.7462427908492174 -1.107503781107458 -0.6627039103567135 
0.7462427908492174 -1.107503781107458 -0.6627039103567135 
0.7462427908492174 -1.107503781107458 -0.6627039103567135 
0.7462427908492174 -1.107503781107458 -0.6627039103567135 
0.7462427908492174 -1.107503781107458 -0.6627039103567135 
0.7462427908492174 -1.107503781107458 -0.6627039103567135 
0.7462427908492174 -1.107503781107458 -0.6627039103567135 
0.7462427908492174 -1.107503781107458 -0.6627039103567135 
0.7462427908492174 -1.107503781107458 -0.6627039103567135 
0.7462427908492174 -1.107503781107458 -0.6627039103567135 
0.7462427908492174 -1.107503781107458 -0.6627039103567135 
0.7462427908492174 -1.107503781107458 -0.6627039103567135 
0.7462427908492174 -1.107503781107458 -0.6627039103567135 
0.7462427908492174 -1.107503781107458 -0.6627039103567135 
0.7445255204585627 -1.1084509610516737 -0.6626883986439769 
0.7445255204585627 -1.1084509610516737 -0.6626883986439769 
0.7445255204585627 -1.1084509610516737 -0.6626883986439769 
0.7444952696506025 -1.1084676159788787 -0.6626881254673462 
0.7457788532938597 -1.1077600040462183 -0.6626997189214943 
0.7457788532938597 -1.1077600040462183 -0.6626997189214943 
0.7457788532938597 -1.1077600040462183 -0.6626997189214943 
0.7462427908492174 -1.107503781107458 -0.6627039103567135 
0.7462427908492174 -1.107503781107458 -0.6627039103567135 
0.7462427908492174 -1.107503781107458 -0.6627039103567135 
0.7462427908492174 -1.107503781107458 -0.6627039103567135 
0.7462427908492174 -1.107503781107458 -0.6627039103567135 
0.7462427908492174 -1.107503781107458 -0.6627039103567135 
0.7462427908492174 -1.107503781107458 -0.6627039103567135 
0.7462427908492174 -1.107503781107458 -0.6627039103567135 
0.7462427908492174 -1.107503781107458 -0.6627039103567135 
0.7462427908492174 -1.107503781107458 -0.6627039103567135 
0.7462427908492174 -1.107503781107458 -0.6627039103567135 
0.7462427908492174 -1.107503781107458 -0.6627039103567135 
0.7462427908492174 -1.107503781107458 -0.6627039103567135 
0.7453942405505208 -1.107972230622667 -0.6626962445899989 
0.7453942405505208 -1.107972230622667 -0.6626962445899989 
0.7462427908492174 -1.107503781107458 -0.6627039103567136 
0.7462427908492174 -1.107503781107458 -0.6627039103567136 
0.7462427908492174 -1.107503781107458 -0.6627039103567135 
0.7462427908492174 -1.107503781107458 -0.6627039103567135 
0.7462427908492174 -1.107503781107458 -0.6627039103567135 
0.7462427908492174 -1.107503781107458 -0.6627039103567135 
0.7462427908492174 -1.107503781107458 -0.6627039103567135 
0.7462427908492174 -1.107503781107458 -0.6627039103567135 
0.7462427908492174 -1.107503781107458 -0.6627039103567135 
0.7461453811036363 -1.1075575989161712 -0.6627030302614583 
0.7444952696506025 -1.1084676159788787 -0.6626881254673462 
0.7444952696506025 -1.1084676159788787 -0.6626881254673462 
0.7444952696506025 -1.1084676159788787 -0.6626881254673462 
0.7462427908492174 -1.107503781107458 -0.6627039103567135 
0.7462427908492174 -1.107503781107458 -0.6627039103567135 
0.7462427908492174 -1.107503781107458 -0.6627039103567135 
0.7462427908492174 -1.107503781107458 -0.6627039103567135 
0.7462427908492174 -1.107503781107458 -0.6627039103567135 
0.7462427908492174 -1.107503781107458 -0.6627039103567135 
0.7462427908492174 -1.107503781107458 -0.6627039103567135 
0.7462427908492174 -1.107503781107458 -0.6627039103567135 
0.7462427908492174 -1.107503781107458 -0.6627039103567135 
0.7462427908492174 -1.107503781107458 -0.6627039103567135 
0.7462427908492174 -1.107503781107458 -0.6627039103567135 
0.7462427908492174 -1.107503781107458 -0.6627039103567135 
0.7462427908492174 -1.107503781107458 -0.6627039103567135 
0.7462427908492174 -1.107503781107458 -0.6627039103567135 
0.7462427908492174 -1.107503781107458 -0.6627039103567135 
0.7462427908492174 -1.107503781107458 -0.6627039103567135 
0.7462427908492174 -1.107503781107458 -0.6627039103567135 
0.7462427908492174 -1.107503781107458 -0.6627039103567135 
0.7444952696506025 -1.1084676159788787 -0.6626881254673462 
0.7454682353812045 -1.107931413961615 -0.6626969129779332 
0.7454682353812045 -1.107931413961615 -0.6626969129779332 
0.7444952696506025 -1.1084676159788787 -0.6626881254673462 
0.7444952696506025 -1.1084676159788787 -0.6626881254673462 
0.7462427908492174 -1.107503781107458 -0.6627039103567135 
0.7462427908492174 -1.107503781107458 -0.6627039103567135 
0.7444952696506026 -1.1084676159788787 -0.662688125467346 
0.7444952696506026 -1.1084676159788787 -0.662688125467346 
0.7444952696506026 -1.1084676159788787 -0.662688125467346 
0.7444952696506026 -1.1084676159788787 -0.662688125467346 
0.7459308907256998 -1.1076760641446997 -0.6627010924361435 
0.7459308907256998 -1.1076760641446997 -0.6627010924361435 
0.7462427908492174 -1.107503781107458 -0.6627039103567135 
0.7462427908492174 -1.107503781107458 -0.6627039103567135 
0.7462427908492174 -1.107503781107458 -0.6627039103567135 
0.7462427908492174 -1.107503781107458 -0.6627039103567135 
0.7462427908492174 -1.107503781107458 -0.6627039103567135 
0.7462427908492174 -1.107503781107458 -0.6627039103567135 
0.7462427908492174 -1.107503781107458 -0.6627039103567135 
0.7462427908492174 -1.107503781107458 -0.6627039103567135 
0.7462427908492174 -1.107503781107458 -0.6627039103567135 
0.7462427908492174 -1.107503781107458 -0.6627039103567135 
0.7462427908492174 -1.107503781107458 -0.6627039103567135 
0.7462427908492174 -1.107503781107458 -0.6627039103567135 
0.7462427908492174 -1.107503781107458 -0.6627039103567135 
0.7462427908492174 -1.107503781107458 -0.6627039103567135 
0.7462427908492174 -1.107503781107458 -0.6627039103567135 
0.7462427908492174 -1.107503781107458 -0.6627039103567135 
0.7462427908492174 -1.107503781107458 -0.6627039103567135 
0.7462427908492174 -1.107503781107458 -0.6627039103567135 
0.7462427908492174 -1.107503781107458 -0.6627039103567135 
0.7462427908492174 -1.107503781107458 -0.6627039103567135 
0.7462427908492174 -1.107503781107458 -0.6627039103567135 
0.7462427908492174 -1.107503781107458 -0.6627039103567135 
0.7462427908492174 -1.107503781107458 -0.6627039103567135 
0.7462427908492174 -1.107503781107458 -0.6627039103567135 
0.7462427908492174 -1.107503781107458 -0.6627039103567135 
0.7462427908492174 -1.107503781107458 -0.6627039103567135 
0.7462427908492174 -1.107503781107458 -0.6627039103567135 
0.7462427908492174 -1.107503781107458 -0.6627039103567135 
0.7462427908492174 -1.107503781107458 -0.6627039103567135 
0.7462427908492174 -1.107503781107458 -0.6627039103567135 
0.7462427908492174 -1.107503781107458 -0.6627039103567135 
0.7462427908492174 -1.107503781107458 -0.6627039103567135 
0.7462427908492174 -1.107503781107458 -0.6627039103567135 
0.7462427908492174 -1.107503781107458 -0.6627039103567135 
0.7451670224723687 -1.1080975283541592 -0.6626941922450318 
0.7444952696506025 -1.1084676159788787 -0.6626881254673462 
0.7457883007627997 -1.1077547888680683 -0.6626998042686192 
0.7457883007627997 -1.1077547888680683 -0.6626998042686192 
0.7457883007627997 -1.1077547888680683 -0.6626998042686192 
0.7462427908492174 -1.107503781107458 -0.6627039103567135 
0.7462427908492174 -1.107503781107458 -0.6627039103567135 
0.7462427908492174 -1.107503781107458 -0.6627039103567135 
0.7447121203327721 -1.1083482032270051 -0.66269008376894 
0.7462427908492174 -1.107503781107458 -0.6627039103567135 
0.7462427908492174 -1.107503781107458 -0.6627039103567135 
0.7462427908492174 -1.107503781107458 -0.6627039103567135 
0.7462427908492174 -1.107503781107458 -0.6627039103567135 
0.7462427908492174 -1.107503781107458 -0.6627039103567135 
0.7462427908492174 -1.107503781107458 -0.6627039103567135 
0.7462427908492174 -1.107503781107458 -0.6627039103567135 
0.7462427908492174 -1.107503781107458 -0.6627039103567135 
0.7462427908492174 -1.107503781107458 -0.6627039103567135 
0.7462427908492174 -1.107503781107458 -0.6627039103567135 
0.7462427908492174 -1.107503781107458 -0.6627039103567135 
0.7462427908492174 -1.107503781107458 -0.6627039103567135 
0.7462427908492174 -1.107503781107458 -0.6627039103567135 
0.7462427908492174 -1.107503781107458 -0.6627039103567135 
0.7462427908492174 -1.107503781107458 -0.6627039103567135 
0.7462427908492174 -1.107503781107458 -0.6627039103567135 
0.7462427908492174 -1.107503781107458 -0.6627039103567135 
0.7462427908492174 -1.107503781107458 -0.6627039103567135 
0.7462427908492174 -1.107503781107458 -0.6627039103567135 
0.7462427908492174 -1.107503781107458 -0.6627039103567135 
0.7462427908492174 -1.107503781107458 -0.6627039103567135 
0.7462427908492174 -1.107503781107458 -0.6627039103567135 
0.7462427908492174 -1.107503781107458 -0.6627039103567135 
0.7462427908492174 -1.107503781107458 -0.6627039103567135 
0.7462427908492174 -1.107503781107458 -0.6627039103567135 
0.7462427908492174 -1.107503781107458 -0.6627039103567135 
0.7462427908492174 -1.107503781107458 -0.6627039103567135 
0.7462427908492174 -1.107503781107458 -0.6627039103567135 
0.7462427908492174 -1.107503781107458 -0.6627039103567135 
0.7462427908492174 -1.107503781107458 -0.6627039103567135 
0.7462427908492174 -1.107503781107458 -0.6627039103567135 
0.7462427908492174 -1.107503781107458 -0.6627039103567135 
0.7462427908492174 -1.107503781107458 -0.6627039103567135 
0.7462427908492174 -1.107503781107458 -0.6627039103567135 
0.7462427908492174 -1.107503781107458 -0.6627039103567135 
0.7462427908492174 -1.107503781107458 -0.6627039103567135 
0.7462427908492174 -1.107503781107458 -0.6627039103567135 
0.7462427908492174 -1.107503781107458 -0.6627039103567135 
0.7462427908492174 -1.107503781107458 -0.6627039103567135 
0.7462427908492174 -1.107503781107458 -0.6627039103567135 
0.7462427908492174 -1.107503781107458 -0.6627039103567135 
0.7462427908492174 -1.107503781107458 -0.6627039103567135 
0.7462427908492174 -1.107503781107458 -0.6627039103567135 
0.7462427908492174 -1.107503781107458 -0.6627039103567135 
0.7462427908492174 -1.107503781107458 -0.6627039103567135 
0.7462427908492174 -1.107503781107458 -0.6627039103567135 
0.7462427908492175 -1.1075037811074577 -0.6627039103567137 
0.7462427908492175 -1.1075037811074577 -0.6627039103567137 
0.7462427908492174 -1.107503781107458 -0.6627039103567135 
0.7462427908492174 -1.107503781107458 -0.6627039103567135 
0.7462427908492174 -1.107503781107458 -0.6627039103567135 
0.7462427908492174 -1.107503781107458 -0.6627039103567135 
0.7462427908492174 -1.107503781107458 -0.6627039103567135 
0.7462427908492174 -1.107503781107458 -0.6627039103567135 
0.7462427908492174 -1.107503781107458 -0.6627039103567135 
0.7462427908492174 -1.107503781107458 -0.6627039103567135 
0.7462427908492174 -1.107503781107458 -0.6627039103567135 
0.7462427908492174 -1.107503781107458 -0.6627039103567135 
0.7462427908492174 -1.107503781107458 -0.6627039103567135 
0.7462427908492174 -1.107503781107458 -0.6627039103567135 
0.7462427908492174 -1.107503781107458 -0.6627039103567135 
0.7462427908492174 -1.107503781107458 -0.6627039103567135 
0.7462427908492174 -1.107503781107458 -0.6627039103567135 
0.7462427908492174 -1.107503781107458 -0.6627039103567135 
0.7462427908492174 -1.107503781107458 -0.6627039103567135 
0.7462427908492174 -1.107503781107458 -0.6627039103567135 
0.7462427908492174 -1.107503781107458 -0.6627039103567135 
0.7462427908492174 -1.107503781107458 -0.6627039103567135 
0.7462427908492174 -1.107503781107458 -0.6627039103567135 
0.7462427908492174 -1.107503781107458 -0.6627039103567135 
0.7462427908492174 -1.107503781107458 -0.6627039103567135 
0.7462427908492174 -1.107503781107458 -0.6627039103567135 
0.7462427908492174 -1.107503781107458 -0.6627039103567135 
0.7462427908492174 -1.107503781107458 -0.6627039103567135 
0.7462427908492174 -1.107503781107458 -0.6627039103567135 
0.744540054333221 -1.1084429588891465 -0.6626885298914376 
0.744540054333221 -1.1084429588891465 -0.6626885298914376 
0.744540054333221 -1.1084429588891465 -0.6626885298914376 
0.744540054333221 -1.1084429588891465 -0.6626885298914376 
0.7444952696506025 -1.1084676159788787 -0.6626881254673462 
0.7444952696506025 -1.1084676159788787 -0.6626881254673462 
0.7444952696506025 -1.1084676159788787 -0.6626881254673462 
0.7444952696506025 -1.1084676159788787 -0.6626881254673462 
0.7444952696506025 -1.1084676159788787 -0.6626881254673462 
0.7444952696506025 -1.1084676159788787 -0.6626881254673462 
0.7462427908492174 -1.107503781107458 -0.6627039103567135 
0.7462427908492174 -1.107503781107458 -0.6627039103567135 
0.7462427908492174 -1.107503781107458 -0.6627039103567135 
0.7462427908492174 -1.107503781107458 -0.6627039103567135 
0.7462427908492174 -1.107503781107458 -0.6627039103567135 
0.7462427908492174 -1.107503781107458 -0.6627039103567135 
0.7462427908492174 -1.107503781107458 -0.6627039103567135 
0.7462427908492174 -1.107503781107458 -0.6627039103567135 
0.7462427908492174 -1.107503781107458 -0.6627039103567135 
0.7462427908492174 -1.107503781107458 -0.6627039103567135 
0.7453764613162424 -1.107982036981507 -0.6626960839941713 
0.7453764613162424 -1.107982036981507 -0.6626960839941713 
0.7444952696506025 -1.1084676159788787 -0.6626881254673462 
0.7444952696506025 -1.1084676159788787 -0.6626881254673462 
0.7453697480943864 -1.1079857396487884 -0.6626960233553716 
0.7462427908492174 -1.107503781107458 -0.6627039103567135 
0.7462427908492174 -1.107503781107458 -0.6627039103567135 
0.7444952696506025 -1.1084676159788787 -0.6626881254673462 
0.7444952696506025 -1.1084676159788787 -0.6626881254673462 
0.7444952696506025 -1.1084676159788787 -0.6626881254673462 
0.7444952696506025 -1.1084676159788787 -0.6626881254673462 
0.7444952696506025 -1.1084676159788787 -0.6626881254673462 
0.7462427908492174 -1.107503781107458 -0.6627039103567135 
0.7462427908492174 -1.107503781107458 -0.6627039103567135 
0.7462427908492174 -1.107503781107458 -0.6627039103567135 
0.7462427908492174 -1.107503781107458 -0.6627039103567135 
0.7462427908492174 -1.107503781107458 -0.6627039103567135 
0.7462427908492174 -1.107503781107458 -0.6627039103567135 
0.7462427908492174 -1.107503781107458 -0.6627039103567135 
0.7462427908492174 -1.107503781107458 -0.6627039103567135 
0.7462427908492174 -1.107503781107458 -0.6627039103567135 
0.7462427908492174 -1.107503781107458 -0.6627039103567135 
0.7462427908492174 -1.107503781107458 -0.6627039103567135 
0.7462427908492174 -1.107503781107458 -0.6627039103567135 
0.7462427908492174 -1.107503781107458 -0.6627039103567135 
0.7462427908492174 -1.107503781107458 -0.6627039103567135 
0.7462427908492174 -1.107503781107458 -0.6627039103567135 
0.7462427908492174 -1.107503781107458 -0.6627039103567135 
0.7462427908492174 -1.107503781107458 -0.6627039103567135 
0.7462427908492174 -1.107503781107458 -0.6627039103567135 
0.7462427908492174 -1.107503781107458 -0.6627039103567135 
0.7448747947547466 -1.1082585883062166 -0.6626915529080253 
0.7462427908492174 -1.107503781107458 -0.6627039103567135 
0.7462427908492174 -1.107503781107458 -0.6627039103567135 
0.7462427908492174 -1.107503781107458 -0.6627039103567135 
0.7462427908492174 -1.107503781107458 -0.6627039103567135 
0.7462427908492174 -1.107503781107458 -0.6627039103567135 
0.7462427908492174 -1.107503781107458 -0.6627039103567135 
0.7462427908492174 -1.107503781107458 -0.6627039103567135 
0.7462427908492174 -1.107503781107458 -0.6627039103567135 
0.7462427908492174 -1.107503781107458 -0.6627039103567135 
0.7462427908492174 -1.107503781107458 -0.6627039103567135 
0.7462427908492174 -1.107503781107458 -0.6627039103567135 
0.7462427908492174 -1.107503781107458 -0.6627039103567135 
0.7462427908492174 -1.107503781107458 -0.6627039103567135 
0.7462427908492174 -1.107503781107458 -0.6627039103567135 
0.7462427908492174 -1.107503781107458 -0.6627039103567135 
0.7462427908492174 -1.107503781107458 -0.6627039103567135 
0.7444952696506025 -1.1084676159788787 -0.6626881254673462 
0.7444952696506025 -1.1084676159788787 -0.6626881254673462 
0.7462427908492174 -1.107503781107458 -0.6627039103567135 
0.7462427908492174 -1.107503781107458 -0.6627039103567135 
0.7462427908492174 -1.107503781107458 -0.6627039103567135 
0.7462427908492174 -1.107503781107458 -0.6627039103567135 
0.7462427908492174 -1.107503781107458 -0.6627039103567135 
0.7462427908492174 -1.107503781107458 -0.6627039103567135 
0.7462427908492174 -1.107503781107458 -0.6627039103567135 
0.7462427908492174 -1.107503781107458 -0.6627039103567135 
0.7462427908492174 -1.107503781107458 -0.6627039103567135 
0.7462427908492174 -1.107503781107458 -0.6627039103567135 
0.7462427908492174 -1.107503781107458 -0.6627039103567135 
0.7462427908492174 -1.107503781107458 -0.6627039103567135 
0.7462427908492174 -1.107503781107458 -0.6627039103567135 
0.7462427908492174 -1.107503781107458 -0.6627039103567135 
0.7462427908492174 -1.107503781107458 -0.6627039103567135 
0.7462427908492174 -1.107503781107458 -0.6627039103567135 
0.7462427908492174 -1.107503781107458 -0.6627039103567135 
0.7462427908492174 -1.107503781107458 -0.6627039103567135 
0.7462427908492174 -1.107503781107458 -0.6627039103567135 
0.7462427908492174 -1.107503781107458 -0.6627039103567135 
0.7462427908492174 -1.107503781107458 -0.6627039103567135 
0.7462427908492174 -1.107503781107458 -0.6627039103567135 
0.7462427908492174 -1.107503781107458 -0.6627039103567135 
0.7462427908492174 -1.107503781107458 -0.6627039103567135 
0.7462427908492174 -1.107503781107458 -0.6627039103567135 
0.7462427908492174 -1.107503781107458 -0.6627039103567135 
0.7462427908492174 -1.107503781107458 -0.6627039103567135 
0.7462427908492174 -1.107503781107458 -0.6627039103567135 
0.7462427908492174 -1.107503781107458 -0.6627039103567135 
0.7462427908492174 -1.107503781107458 -0.6627039103567135 
0.7462427908492174 -1.107503781107458 -0.6627039103567135 
0.7462427908492174 -1.107503781107458 -0.6627039103567135 
0.7462427908492174 -1.107503781107458 -0.6627039103567135 
0.7462427908492174 -1.107503781107458 -0.6627039103567135 
0.7462427908492174 -1.107503781107458 -0.6627039103567135 
0.7462427908492174 -1.107503781107458 -0.6627039103567135 
0.7462427908492174 -1.107503781107458 -0.6627039103567135 
0.7462427908492174 -1.107503781107458 -0.6627039103567135 
0.7462427908492174 -1.107503781107458 -0.6627039103567135 
0.7462427908492174 -1.107503781107458 -0.6627039103567135 
0.7462427908492174 -1.107503781107458 -0.6627039103567135 
0.7462427908492174 -1.107503781107458 -0.6627039103567135 
0.7462427908492174 -1.107503781107458 -0.6627039103567135 
0.7462427908492174 -1.107503781107458 -0.6627039103567135 
0.7462427908492174 -1.107503781107458 -0.6627039103567135 
0.7462427908492174 -1.107503781107458 -0.6627039103567135 
0.7462427908492174 -1.107503781107458 -0.6627039103567135 
0.7462427908492174 -1.107503781107458 -0.6627039103567135 
0.7462427908492174 -1.107503781107458 -0.6627039103567135 
0.7462427908492174 -1.107503781107458 -0.6627039103567135 
0.7462427908492174 -1.107503781107458 -0.6627039103567135 
0.7462427908492174 -1.107503781107458 -0.6627039103567135 
0.7462427908492174 -1.107503781107458 -0.6627039103567135 
0.7462427908492174 -1.107503781107458 -0.6627039103567135 
0.7462427908492174 -1.107503781107458 -0.6627039103567135 
0.7462427908492174 -1.107503781107458 -0.6627039103567135 
0.7462427908492174 -1.107503781107458 -0.6627039103567135 
0.7462427908492174 -1.107503781107458 -0.6627039103567135 
0.7462427908492174 -1.107503781107458 -0.6627039103567135 
0.7462427908492174 -1.107503781107458 -0.6627039103567135 
0.7462427908492174 -1.107503781107458 -0.6627039103567135 
0.7462427908492174 -1.107503781107458 -0.6627039103567135 
0.7446858819188988 -1.1083626547442498 -0.6626898468123206 
0.7446858819188988 -1.1083626547442498 -0.6626898468123206 
0.7446858819188988 -1.1083626547442498 -0.6626898468123206 
0.7444952696506025 -1.1084676159788787 -0.6626881254673462 
0.7449956613165898 -1.1081919851108915 -0.6626926445202277 
0.7449956613165898 -1.1081919851108915 -0.6626926445202277 
0.7462427908492174 -1.107503781107458 -0.6627039103567135 
0.7462427908492174 -1.107503781107458 -0.6627039103567135 
0.7462427908492174 -1.107503781107458 -0.6627039103567135 
0.7462427908492174 -1.107503781107458 -0.6627039103567135 
0.7462427908492174 -1.107503781107458 -0.6627039103567135 
0.7462427908492174 -1.107503781107458 -0.6627039103567135 
0.7462427908492174 -1.107503781107458 -0.6627039103567135 
0.7462427908492174 -1.107503781107458 -0.6627039103567135 
0.7462427908492174 -1.107503781107458 -0.6627039103567135 
