-0.6207062619924839 1.0441479848084747 -0.2428569019846918 
-0.6207062619924839 1.0441479848084747 -0.2428569019846918 
-0.6207062619924839 1.0441479848084747 -0.2428569019846918 
-0.6200603257630705 1.041201786882437 -0.24111161911431067 
-0.6200603257630705 1.041201786882437 -0.24111161911431067 
-0.6200603257630705 1.041201786882437 -0.24111161911431067 
-0.6200603257630705 1.041201786882437 -0.24111161911431067 
-0.6200603257630705 1.041201786882437 -0.24111161911431067 
-0.6200603257630705 1.041201786882437 -0.24111161911431067 
-0.6200427312994474 1.0411207021893834 -0.24105412684628535 
-0.6200427312994474 1.0411207021893834 -0.24105412684628535 
-0.6200427312994474 1.0411207021893834 -0.24105412684628535 
-0.6200427312994474 1.0411207021893834 -0.24105412684628535 
-0.6200427312994474 1.0411207021893834 -0.24105412684628535 
-0.6206262806883065 1.0437820383050327 -0.2426271754661724 
-0.6206262806883065 1.0437820383050327 -0.2426271754661724 
-0.6206262806883065 1.0437820383050327 -0.2426271754661724 
-0.6206262806883065 1.0437820383050327 -0.2426271754661724 
-0.6206262806883065 1.0437820383050327 -0.2426271754661724 
-0.6215165175793956 1.0478425569057281 -0.24503295107431977 
-0.6215165175793956 1.0478425569057281 -0.24503295107431977 
-0.6216919983151294 1.0486438680918335 -0.24551808085906424 
-0.6216919983151294 1.0486438680918335 -0.24551808085906424 
-0.6216919983151294 1.0486438680918335 -0.24551808085906424 
-0.6216919983151294 1.0486438680918335 -0.24551808085906424 
-0.6216919983151294 1.0486438680918335 -0.24551808085906424 
-0.6216919983151294 1.0486438680918335 -0.24551808085906424 
-0.6216919983151294 1.0486438680918335 -0.24551808085906424 
-0.6223030821575757 1.0514307778729772 -0.24716535290380837 
-0.6223030821575757 1.0514307778729772 -0.24716535290380837 
-0.6223030821575757 1.0514307778729772 -0.24716535290380837 
-0.6227106544377184 1.0532876956842867 -0.24824187004765896 
-0.6227106544377184 1.0532876956842867 -0.24824187004765896 
-0.6230992951826962 1.0550609745394783 -0.24929957558287685 
-0.6230992951826962 1.0550609745394783 -0.24929957558287685 
-0.6230992951826962 1.0550609745394783 -0.24929957558287685 
-0.6230992951826962 1.0550609745394783 -0.24929957558287685 
-0.6230992951826962 1.0550609745394783 -0.24929957558287685 
-0.6230992951826962 1.0550609745394783 -0.24929957558287685 
-0.6219513456915599 1.058759897539534 -0.25093972129145814 
-0.6219513456915599 1.058759897539534 -0.25093972129145814 
-0.6219513456915599 1.058759897539534 -0.25093972129145814 
-0.6219513456915599 1.058759897539534 -0.25093972129145814 
-0.6219513456915599 1.058759897539534 -0.25093972129145814 
-0.6219513456915599 1.058759897539534 -0.25093972129145814 
-0.6243933969554993 1.0619683160245088 -0.25333533547284837 
-0.6243933969554993 1.0619683160245088 -0.25333533547284837 
-0.624813714347504 1.0628792537967586 -0.25391505763043243 
-0.624813714347504 1.0628792537967586 -0.25391505763043243 
-0.624813714347504 1.0628792537967586 -0.25391505763043243 
-0.6254518357332557 1.0657884501255022 -0.25562303129925146 
-0.6254518357332557 1.0657884501255022 -0.25562303129925146 
-0.6254518357332557 1.0657884501255022 -0.25562303129925146 
-0.6254518357332557 1.0657884501255022 -0.25562303129925146 
-0.6254518357332557 1.0657884501255022 -0.25562303129925146 
-0.6259109015919236 1.0678835904529267 -0.256878700274185 
-0.6259109015919236 1.0678835904529267 -0.256878700274185 
-0.624897315141178 1.0704453212810072 -0.25794727818577934 
-0.624897315141178 1.0704453212810072 -0.25794727818577934 
-0.6251211421544407 1.0714661070541172 -0.25855063889702046 
-0.6251211421544407 1.0714661070541172 -0.25855063889702046 
-0.6247789055897708 1.071654590350497 -0.2585537295724839 
-0.6247789055897708 1.071654590350497 -0.2585537295724839 
-0.6247789055897708 1.071654590350497 -0.2585537295724839 
-0.6247789055897708 1.071654590350497 -0.2585537295724839 
-0.6247789055897708 1.071654590350497 -0.2585537295724839 
-0.6268648074977372 1.0730811014312711 -0.2598885964756896 
-0.6268648074977372 1.0730811014312711 -0.2598885964756896 
-0.6268648074977372 1.0730811014312711 -0.2598885964756896 
-0.6268648074977372 1.0730811014312711 -0.2598885964756896 
-0.6270306516854132 1.072989480853273 -0.2598870980920007 
-0.627838267332312 1.0766730341448134 -0.26206821311197326 
-0.627838267332312 1.0766730341448134 -0.26206821311197326 
-0.627838267332312 1.0766730341448134 -0.26206821311197326 
-0.627838267332312 1.0766730341448134 -0.26206821311197326 
-0.627838267332312 1.0766730341448134 -0.26206821311197326 
-0.627838267332312 1.0766730341448134 -0.26206821311197326 
-0.6282893226383296 1.078731301232477 -0.2632982276225887 
-0.6282893226383296 1.078731301232477 -0.2632982276225887 
-0.6287411609600257 1.0807912750753217 -0.26450810693266624 
-0.6287411609600257 1.0807912750753217 -0.26450810693266624 
-0.6287411609600257 1.0807912750753217 -0.26450810693266624 
-0.6287411609600257 1.0807912750753217 -0.26450810693266624 
-0.6287411609600257 1.0807912750753217 -0.26450810693266624 
-0.6294183282583123 1.0838780411882638 -0.26631533209067215 
-0.6294183282583123 1.0838780411882638 -0.26631533209067215 
-0.6294183282583123 1.0838780411882638 -0.26631533209067215 
-0.6294183282583123 1.0838780411882638 -0.26631533209067215 
-0.6294183282583123 1.0838780411882638 -0.26631533209067215 
-0.6294183282583123 1.0838780411882638 -0.26631533209067215 
-0.6294183282583123 1.0838780411882638 -0.26631533209067215 
-0.6300137335540494 1.0865949713329464 -0.26793852533589446 
-0.6307751814225333 1.0900683120958412 -0.2699992486576207 
-0.6307751814225334 1.090068312095841 -0.2699992486576205 
-0.6309861290551441 1.0910303601484925 -0.27056789098452916 
-0.6309861290551441 1.0910303601484925 -0.27056789098452916 
-0.6309861290551441 1.0910303601484925 -0.27056789098452916 
-0.6309861290551441 1.0910303601484925 -0.27056789098452916 
-0.6309861290551441 1.0910303601484925 -0.27056789098452916 
-0.6317710440549802 1.0946093639307692 -0.27267563055950905 
-0.6317710440549802 1.0946093639307692 -0.27267563055950905 
-0.6317710440549802 1.0946093639307692 -0.27267563055950905 
-0.6317710440549802 1.0946093639307692 -0.27267563055950905 
-0.632355053512665 1.0972731385396497 -0.2742539801339915 
-0.632355053512665 1.0972731385396497 -0.2742539801339915 
-0.6327362636413301 1.0990108425983385 -0.27527152800049526 
-0.6327362636413301 1.0990108425983385 -0.27527152800049526 
-0.6327362636413301 1.0990108425983385 -0.27527152800049526 
-0.632955205832501 1.100009350645347 -0.2758617209100104 
-0.632955205832501 1.100009350645347 -0.2758617209100104 
-0.632955205832501 1.100009350645347 -0.2758617209100104 
-0.632955205832501 1.100009350645347 -0.2758617209100104 
-0.632955205832501 1.100009350645347 -0.2758617209100104 
-0.6336217848427885 1.1030490114597071 -0.27765452808960556 
-0.6336217848427885 1.1030490114597071 -0.27765452808960556 
-0.6336217848427885 1.1030490114597071 -0.27765452808960556 
-0.6336217848427885 1.1030490114597071 -0.27765452808960556 
-0.6336217848427885 1.1030490114597071 -0.27765452808960556 
-0.634376825078487 1.1064936326202528 -0.27970398150844333 
-0.6345524687696157 1.1072946734706266 -0.2801774565410571 
-0.6345524687696157 1.1072946734706266 -0.2801774565410571 
-0.6345524687696157 1.1072946734706266 -0.2801774565410571 
-0.6350003288394191 1.109336844395356 -0.2813806726182704 
-0.6350003288394191 1.109336844395356 -0.2813806726182704 
-0.6351726032392359 1.1101220161950924 -0.2818390623261742 
-0.6351726032392359 1.1101220161950924 -0.2818390623261742 
-0.6351726032392359 1.1101220161950924 -0.2818390623261742 
-0.6351726032392359 1.1101220161950924 -0.2818390623261742 
-0.6351726032392359 1.1101220161950924 -0.2818390623261742 
-0.6359446744865569 1.1136431253481098 -0.2839203010923168 
-0.6359446744865569 1.1136431253481098 -0.2839203010923168 
-0.6362371158997493 1.1149768340444077 -0.2847086226469322 
-0.6362371158997493 1.1149768340444077 -0.2847086226469322 
-0.6364367722908018 1.1158878903020724 -0.28525283053991657 
-0.6364367722908018 1.1158878903020724 -0.28525283053991657 
-0.6355976801973049 1.1209950484560993 -0.28772148888880855 
-0.6355976801973049 1.1209950484560993 -0.28772148888880855 
-0.6355976801973049 1.1209950484560993 -0.28772148888880855 
-0.635597680197305 1.1209950484560993 -0.2877214888888088 
-0.635597680197305 1.1209950484560993 -0.2877214888888088 
-0.6367665974457299 1.1221109723388347 -0.28863832060439853 
-0.6376895847724092 1.1216014685648419 -0.2886299824704883 
-0.6379656102011546 1.1228606508034658 -0.28937811293940807 
-0.6379656102011546 1.1228606508034658 -0.28937811293940807 
-0.6379656102011546 1.1228606508034658 -0.28937811293940807 
-0.6379656102011546 1.1228606508034658 -0.28937811293940807 
-0.6379656102011546 1.1228606508034658 -0.28937811293940807 
-0.6379656102011546 1.1228606508034658 -0.28937811293940807 
-0.6385651474938152 1.1255949013743654 -0.2909942594538176 
-0.6385651474938152 1.1255949013743654 -0.2909942594538176 
-0.6385651474938152 1.1255949013743654 -0.2909942594538176 
-0.6385651474938152 1.1255949013743654 -0.2909942594538176 
-0.6385651474938152 1.1255949013743654 -0.2909942594538176 
-0.6374386016752578 1.129257654217347 -0.2925961672681687 
-0.6374386016752578 1.129257654217347 -0.2925961672681687 
-0.6377351424682259 1.1306119228176374 -0.29341778528366613 
-0.6394569201563904 1.1296622612630525 -0.2934022328681113 
-0.6397684592098526 1.1310830666828564 -0.2942420350981294 
-0.6395178682932254 1.1343313678027007 -0.2958933236198509 
-0.6386291600350575 1.1348210926264526 -0.2959013500422616 
-0.6386291600350575 1.1348210926264526 -0.2959013500422616 
-0.6386291600350575 1.1348210926264526 -0.2959013500422616 
-0.6410058706740726 1.136725955290835 -0.29756005316860323 
-0.6410058706740726 1.136725955290835 -0.29756005316860323 
-0.6410058706740726 1.136725955290835 -0.29756005316860323 
-0.6410058706740726 1.136725955290835 -0.29756005316860323 
-0.6410060803707891 1.1367258394240318 -0.29756005127397034 
-0.6417513521756228 1.140125910665839 -0.2995831723600466 
-0.6417513521756228 1.140125910665839 -0.2995831723600466 
-0.641751352175623 1.1401259106658388 -0.2995831723600464 
-0.641751352175623 1.1401259106658388 -0.2995831723600464 
-0.6422656683869483 1.1424721750679248 -0.30097762538151285 
-0.6422656683869483 1.1424721750679248 -0.30097762538151285 
-0.6424941144903926 1.1435133534622488 -0.3015854043158317 
-0.6424941144903926 1.1435133534622488 -0.3015854043158317 
-0.6424941144903926 1.1435133534622488 -0.3015854043158317 
-0.6424941144903926 1.1435133534622488 -0.3015854043158317 
-0.6423598431447948 1.1474916538273043 -0.30365201027325206 
-0.6423598431447948 1.1474916538273043 -0.30365201027325206 
-0.6437253660733185 1.1491282607592022 -0.3049003747056621 
-0.6437253660733185 1.1491282607592022 -0.3049003747056621 
-0.6441879322316244 1.151238521198838 -0.3061554156452614 
-0.6441879322316244 1.151238521198838 -0.3061554156452614 
-0.6441879322316244 1.151238521198838 -0.3061554156452614 
-0.6446777437964923 1.1534716758647807 -0.3074676577697024 
-0.6446777437964923 1.1534716758647807 -0.3074676577697024 
-0.6451180718031991 1.1554798363553123 -0.30865463076028654 
-0.6451180718031991 1.1554798363553123 -0.30865463076028654 
-0.6451180718031991 1.1554798363553123 -0.30865463076028654 
-0.6451180718031991 1.1554798363553123 -0.30865463076028654 
-0.6457629219263024 1.1584210809834734 -0.3103969858612877 
-0.6457629219263024 1.1584210809834734 -0.3103969858612877 
-0.6459629398562812 1.1593324396608742 -0.3109261018255066 
-0.6459629398562812 1.1593324396608742 -0.3109261018255066 
-0.6459629398562812 1.1593324396608742 -0.3109261018255066 
-0.6450086333265385 1.1639146537605927 -0.31309018452004256 
-0.6472135781958626 1.1650369458875938 -0.3143074566566103 
-0.6476209911605674 1.166894150635027 -0.315395638364664 
-0.6476209911605674 1.166894150635027 -0.315395638364664 
-0.6476209911605674 1.166894150635027 -0.315395638364664 
-0.6476209911605674 1.166894150635027 -0.315395638364664 
-0.6474697419960028 1.1688484142128812 -0.3164039165116975 
-0.6462390625152203 1.169526823955589 -0.31641503204147703 
-0.6483767496603015 1.172090927378959 -0.3183586668019305 
-0.6490524902734818 1.1744254516854065 -0.31979454871030855 
-0.6490524902734818 1.1744254516854065 -0.31979454871030855 
-0.6475009311944085 1.1752810307174542 -0.31980856311189554 
-0.6475009311944085 1.1752810307174542 -0.31980856311189554 
-0.6475009311944085 1.1752810307174542 -0.31980856311189554 
-0.6494258711697758 1.1751263321542524 -0.3202710382759877 
-0.6496334187362135 1.1760716901989234 -0.32081639078545443 
-0.6496334187362135 1.1760716901989234 -0.32081639078545443 
-0.6496334187362135 1.1760716901989234 -0.32081639078545443 
-0.6496334187362135 1.1760716901989234 -0.32081639078545443 
-0.6502129898731799 1.1787152233964584 -0.32238277617247657 
-0.6502129898731799 1.1787152233964584 -0.32238277617247657 
-0.6502129898731799 1.1787152233964584 -0.32238277617247657 
-0.6502129898731799 1.1787152233964584 -0.32238277617247657 
-0.6508287198996008 1.1815229822676538 -0.3240385119654482 
-0.6508287198996008 1.1815229822676538 -0.3240385119654482 
-0.6508287198996008 1.1815229822676538 -0.3240385119654482 
-0.6508287198996008 1.1815229822676538 -0.3240385119654482 
-0.6508287198996008 1.1815229822676538 -0.3240385119654482 
-0.6516212357921694 1.1851376715995992 -0.32617892323666653 
-0.6521026758027593 1.187333830605704 -0.32748272293504543 
-0.6521026758027593 1.187333830605704 -0.32748272293504543 
-0.6521026758027593 1.187333830605704 -0.32748272293504543 
-0.6521026758027593 1.187333830605704 -0.32748272293504543 
-0.6512963955415957 1.1910961249834058 -0.32924900260680723 
-0.651004003826506 1.1912571484026602 -0.32925164312275335 
-0.651004003826506 1.1912571484026602 -0.32925164312275335 
-0.6515872825197073 1.1939164066243808 -0.3308138983998631 
-0.6539298978369885 1.1956665587786577 -0.332402282754681 
-0.6539298978369885 1.1956665587786577 -0.332402282754681 
-0.6544187007088533 1.1978969774651138 -0.33373405173114523 
-0.6544187007088533 1.1978969774651138 -0.33373405173114523 
-0.6544187007088533 1.1978969774651138 -0.33373405173114523 
-0.6544187007088533 1.1978969774651138 -0.33373405173114523 
-0.6544187007088533 1.1978969774651138 -0.33373405173114523 
-0.6547475414695958 1.1993963487713182 -0.3346164326512445 
-0.6553823131980826 1.2022901058952205 -0.33631343468913844 
-0.6553823131980826 1.2022901058952205 -0.33631343468913844 
-0.6553823131980826 1.2022901058952205 -0.33631343468913844 
-0.6553823131980826 1.2022901058952205 -0.33631343468913844 
-0.6553823131980826 1.2022901058952205 -0.33631343468913844 
-0.6558864230808741 1.204589993453246 -0.33768240533977834 
-0.6558864230808741 1.204589993453246 -0.33768240533977834 
-0.6558864230808741 1.204589993453246 -0.33768240533977834 
-0.6562155338612545 1.2060916171195748 -0.3385776964414543 
-0.6562155338612545 1.2060916171195748 -0.3385776964414543 
-0.6552794412103908 1.209620708074136 -0.34015877333019773 
-0.6552794412103908 1.209620708074136 -0.34015877333019773 
-0.6550576800305995 1.2097428255030744 -0.3401607759782359 
-0.6550576800305995 1.2097428255030744 -0.3401607759782359 
-0.6565721462981754 1.2110337779810116 -0.34127957901542494 
-0.6572209090096793 1.2106755486912522 -0.3412737179443476 
-0.6572209090096793 1.2106755486912522 -0.3412737179443476 
-0.6572209090096793 1.2106755486912522 -0.3412737179443476 
-0.6577985021204024 1.2133102236531632 -0.3428367133583755 
-0.6577985021204024 1.2133102236531632 -0.3428367133583755 
-0.6577985021204024 1.2133102236531632 -0.3428367133583755 
-0.6577985021204024 1.2133102236531632 -0.3428367133583755 
-0.6583866804164666 1.2159921673129248 -0.3444162370482319 
-0.6583866804164666 1.2159921673129248 -0.3444162370482319 
-0.6583866804164666 1.2159921673129248 -0.3444162370482319 
-0.6583866804164666 1.2159921673129248 -0.3444162370482319 
-0.6583866804164666 1.2159921673129248 -0.3444162370482319 
-0.657920067241353 1.2195845599482429 -0.3461904475832551 
-0.657920067241353 1.2195845599482429 -0.3461904475832551 
-0.6572913568841595 1.2199309187812586 -0.3461961255961745 
-0.6588635787657953 1.2200713933350078 -0.346709137925465 
-0.6588635787657953 1.2200713933350078 -0.346709137925465 
-0.6579578959503332 1.2229698943702227 -0.3479828222270007 
-0.6579578959503332 1.2229698943702227 -0.3479828222270007 
-0.658669844453298 1.223668895700047 -0.34856727422387435 
-0.6599186607274878 1.2229797621071856 -0.3485559931532275 
-0.6599186607274878 1.2229797621071856 -0.3485559931532275 
-0.6605733094085461 1.2259660269565833 -0.35032873428886735 
-0.6605733094085461 1.2259660269565833 -0.35032873428886735 
-0.6605733094085461 1.2259660269565833 -0.35032873428886735 
-0.6611038934237539 1.2283839522497406 -0.35173684879837064 
-0.6611038934237539 1.2283839522497406 -0.35173684879837064 
-0.6615332099150919 1.2303434175731218 -0.3529123237021351 
-0.661746559477336 1.2313157392637684 -0.3534793192716471 
-0.661746559477336 1.2313157392637684 -0.3534793192716471 
-0.6618361412115988 1.2353760424208058 -0.3556526177091264 
-0.6629281139893426 1.237478852368068 -0.35705670536941114 
-0.6629281139893426 1.237478852368068 -0.35705670536941114 
-0.6629281139893426 1.237478852368068 -0.35705670536941114 
-0.6629281139893426 1.237478852368068 -0.35705670536941114 
-0.6634716757732528 1.2391833069275695 -0.35812963998184777 
-0.6634716757732528 1.2391833069275695 -0.35812963998184777 
-0.6634716757732528 1.2391833069275695 -0.35812963998184777 
-0.6634716757732528 1.2391833069275695 -0.35812963998184777 
-0.6639686269487086 1.2414497031164857 -0.359469249577241 
-0.6639686269487086 1.2414497031164857 -0.359469249577241 
-0.6645626293012639 1.2441590513349463 -0.36107453656230903 
-0.6645626293012639 1.2441590513349463 -0.36107453656230903 
-0.6648996842312964 1.2456958841924934 -0.36197906006007574 
-0.6648996842312964 1.2456958841924934 -0.36197906006007574 
-0.6652725665002264 1.2473974650723187 -0.3629963165427236 
-0.6652725665002264 1.2473974650723187 -0.3629963165427236 
-0.6652725665002264 1.2473974650723187 -0.3629963165427236 
-0.6652725665002264 1.2473974650723187 -0.3629963165427236 
-0.6652725665002264 1.2473974650723187 -0.3629963165427236 
-0.6661682090677714 1.2514802768827278 -0.3653885034596286 
-0.6661682090677714 1.2514802768827278 -0.3653885034596286 
-0.6661682090677714 1.2514802768827278 -0.3653885034596286 
-0.6661682090677714 1.2514802768827278 -0.3653885034596286 
-0.6665770201223822 1.2533450414225267 -0.3664945783450725 
-0.6665770201223822 1.2533450414225267 -0.3664945783450725 
-0.6665770201223822 1.2533450414225267 -0.3664945783450725 
-0.6666476691627792 1.2536677465859416 -0.3666910267531217 
-0.6666476691627792 1.2536677465859416 -0.3666910267531217 
-0.6666476691627792 1.2536677465859416 -0.3666910267531217 
-0.6666476691627792 1.2536677465859416 -0.3666910267531217 
-0.6666476691627792 1.2536677465859416 -0.3666910267531217 
-0.6656749615322921 1.2576971927285379 -0.3685477893363118 
-0.6656749615322921 1.2576971927285379 -0.3685477893363118 
-0.6658272257815404 1.258859954081791 -0.3692099556217687 
-0.6658272257815404 1.258859954081791 -0.3692099556217687 
-0.6658272257815404 1.258859954081791 -0.3692099556217687 
-0.6658272257815404 1.258859954081791 -0.3692099556217687 
-0.6683013273874852 1.2616327951173032 -0.37139393356002004 
-0.6683013273874852 1.2616327951173032 -0.37139393356002004 
-0.6683013273874852 1.2616327951173032 -0.37139393356002004 
-0.668383764356917 1.2615872488946682 -0.37139318874183724 
-0.6689558532553437 1.264193950959097 -0.3729070950029375 
-0.6689558532553437 1.264193950959097 -0.3729070950029375 
-0.6693593496565993 1.2660346402372467 -0.3740007855153017 
-0.6693593496565993 1.2660346402372467 -0.3740007855153017 
-0.6698912400214806 1.2684617339527855 -0.37545073394980777 
-0.6698912400214806 1.2684617339527855 -0.37545073394980777 
-0.6698912400214806 1.2684617339527855 -0.37545073394980777 
-0.6698912400214806 1.2684617339527855 -0.37545073394980777 
-0.6698912400214806 1.2684617339527855 -0.37545073394980777 
-0.6698912400214806 1.2684617339527855 -0.37545073394980777 
-0.6703803774078393 1.2706918213572125 -0.3767612469982119 
-0.6703803774078393 1.2706918213572125 -0.3767612469982119 
-0.6703803774078393 1.2706918213572125 -0.3767612469982119 
-0.6703803774078393 1.2706918213572125 -0.3767612469982119 
-0.6711534697022966 1.274216063134728 -0.3788270529819705 
-0.6716608750547672 1.2765304769599193 -0.380198904213236 
-0.6716608750547672 1.2765304769599193 -0.380198904213236 
-0.6716608750547672 1.2765304769599193 -0.380198904213236 
-0.6716608750547672 1.2765304769599193 -0.380198904213236 
-0.6716608750547672 1.2765304769599193 -0.380198904213236 
-0.6719729068412552 1.2779543728975655 -0.3810500983224733 
-0.6719729068412552 1.2779543728975655 -0.3810500983224733 
-0.6719729068412552 1.2779543728975655 -0.3810500983224733 
-0.6715340684153482 1.2800324361598534 -0.3820156041192755 
-0.6715340684153482 1.2800324361598534 -0.3820156041192755 
-0.6725085884467165 1.2807764371395811 -0.3826772313913529 
-0.6725085884467165 1.2807764371395811 -0.3826772313913529 
-0.6725085884467165 1.2807764371395811 -0.3826772313913529 
-0.6725085884467165 1.2807764371395811 -0.3826772313913529 
-0.6725830164278248 1.2807353155216439 -0.38267655893358155 
-0.6733573959752077 1.284268475875405 -0.38478220525804885 
-0.6733573959752077 1.284268475875405 -0.38478220525804885 
-0.6733573959752077 1.284268475875405 -0.38478220525804885 
-0.6733573959752077 1.284268475875405 -0.38478220525804885 
-0.6733573959752077 1.284268475875405 -0.38478220525804885 
-0.6729883287115823 1.2869307642976224 -0.38608227238022574 
-0.6742724469332665 1.2884413181838312 -0.38724480742326806 
-0.6742724469332665 1.2884413181838312 -0.38724480742326806 
-0.6747855741723723 1.290780983893835 -0.3886220192543114 
-0.6747855741723723 1.290780983893835 -0.3886220192543114 
-0.6747855741723723 1.290780983893835 -0.3886220192543114 
-0.6747855741723723 1.290780983893835 -0.3886220192543114 
-0.6752012327572481 1.292676296683759 -0.3897384311939648 
-0.6752012327572481 1.292676296683759 -0.3897384311939648 
-0.6756214052350932 1.2945933792016233 -0.3908811354453433 
-0.6756214052350932 1.2945933792016233 -0.3908811354453433 
-0.6756214052350932 1.2945933792016233 -0.3908811354453433 
-0.6756214052350932 1.2945933792016233 -0.3908811354453433 
-0.6756214052350932 1.2945933792016233 -0.3908811354453433 
-0.6762144998041303 1.2972982470786334 -0.39247991459085874 
-0.6762144998041303 1.2972982470786334 -0.39247991459085874 
-0.6766668202553369 1.2993611003274328 -0.3936992150906987 
-0.6754447054300754 1.3027217848064576 -0.3951394365448533 
-0.6757173867308517 1.3039653755079004 -0.39587449162681243 
-0.6757173867308517 1.3039653755079004 -0.39587449162681243 
-0.6757173867308517 1.3039653755079004 -0.39587449162681243 
-0.6779376798790074 1.305157997920517 -0.39713710993838014 
-0.6783188753373731 1.3068954649224516 -0.398152587875228 
-0.6783188753373731 1.3068954649224516 -0.398152587875228 
-0.6785347298527606 1.3078802316139282 -0.3987385182390294 
-0.6785347298527606 1.3078802316139282 -0.3987385182390294 
-0.6785347298527606 1.3078802316139282 -0.3987385182390294 
-0.6785347298527606 1.3078802316139282 -0.3987385182390294 
-0.6785347298527606 1.3078802316139282 -0.3987385182390294 
-0.6793256582822554 1.3114870005542059 -0.400866528721039 
-0.6798647989842334 1.3139458063536522 -0.4023198667818141 
-0.6798647989842334 1.3139458063536522 -0.4023198667818141 
-0.6798647989842334 1.3139458063536522 -0.4023198667818141 
-0.6798647989842334 1.3139458063536522 -0.4023198667818141 
-0.68051251717239 1.3168997907803597 -0.4040658924334687 
-0.68051251717239 1.3168997907803597 -0.4040658924334687 
-0.68051251717239 1.3168997907803597 -0.4040658924334687 
-0.6812517440966839 1.3202714503730177 -0.4060626549585825 
-0.6813978667453889 1.3209381978209536 -0.4064606121726534 
-0.6813978667453889 1.3209381978209536 -0.4064606121726534 
-0.6813978667453889 1.3209381978209536 -0.4064606121726534 
-0.6813978667453889 1.3209381978209536 -0.4064606121726534 
-0.6813978667453889 1.3209381978209536 -0.4064606121726534 
-0.6820133538870761 1.3237445086889759 -0.4081116324647073 
-0.6827818410856309 1.3272487693682269 -0.4101772069938435 
-0.6827818410856309 1.3272487693682269 -0.4101772069938435 
-0.6827818410856309 1.3272487693682269 -0.4101772069938435 
-0.6827818410856309 1.3272487693682269 -0.4101772069938435 
-0.6832830436352749 1.3295350574361142 -0.41153427970626055 
-0.6832830436352749 1.3295350574361142 -0.41153427970626055 
-0.6832830436352749 1.3295350574361142 -0.41153427970626055 
-0.6832830436352749 1.3295350574361142 -0.41153427970626055 
-0.6839401094535646 1.332532012979921 -0.41330956412365005 
-0.6846139818194709 1.3356044328253571 -0.4151160288105201 
-0.6848040555128695 1.3364712831631929 -0.41562840217048846 
-0.6848040555128695 1.3364712831631929 -0.41562840217048846 
-0.6848040555128695 1.3364712831631929 -0.41562840217048846 
-0.6839656879733352 1.3382815037984104 -0.41634885539557853 
-0.6839656879733352 1.3382815037984104 -0.41634885539557853 
-0.6839656879733352 1.3382815037984104 -0.41634885539557853 
-0.6835154938258108 1.3395279090881 -0.41687732341779227 
-0.6835154938258108 1.3395279090881 -0.41687732341779227 
-0.6835154938258108 1.3395279090881 -0.41687732341779227 
-0.6835154938258108 1.3395279090881 -0.41687732341779227 
-0.6835154938258108 1.3395279090881 -0.41687732341779227 
-0.6855337303054632 1.3413761351717801 -0.41845079240769745 
-0.6855337303054632 1.3413761351717801 -0.41845079240769745 
-0.6858418172787141 1.341205957716128 -0.4184480089361512 
-0.6858418172787141 1.341205957716128 -0.4184480089361512 
-0.6858418172787141 1.341205957716128 -0.4184480089361512 
-0.6864025639611263 1.3437607623038121 -0.41992931009697576 
-0.6864025639611263 1.3437607623038121 -0.41992931009697576 
-0.6867228319775891 1.3452225607055253 -0.42080676701904596 
-0.6867228319775891 1.3452225607055253 -0.42080676701904596 
-0.6868802673912384 1.3459405608615118 -0.42123115879271633 
-0.6868802673912384 1.3459405608615118 -0.42123115879271633 
-0.6868802673912384 1.3459405608615118 -0.42123115879271633 
-0.6868802673912384 1.3459405608615118 -0.42123115879271633 
-0.6861984859427883 1.3502948683297613 -0.42334586217988246 
-0.6861984859427883 1.3502948683297613 -0.42334586217988246 
-0.6859108332962415 1.3504532811108796 -0.42334845989663883 
-0.6859108332962415 1.3504532811108796 -0.42334845989663883 
-0.6875994207880676 1.3529082874765592 -0.4251322746161892 
-0.6883205500197821 1.3525101292349941 -0.42512575984056034 
-0.6883205500197821 1.3525101292349941 -0.42512575984056034 
-0.6883205500197821 1.3525101292349941 -0.42512575984056034 
-0.6888667522229874 1.3550004665187054 -0.4265901000252762 
-0.6888667522229874 1.3550004665187054 -0.4265901000252762 
-0.6888667522229874 1.3550004665187054 -0.4265901000252762 
-0.6888667522229874 1.3550004665187054 -0.4265901000252762 
-0.6895852940439376 1.3582771089961903 -0.42852298108577835 
-0.6895852940439376 1.3582771089961903 -0.42852298108577835 
-0.6897576343094535 1.3590637648448094 -0.4289956727524197 
-0.6897576343094535 1.3590637648448094 -0.4289956727524197 
-0.6900633611232588 1.3604573823512658 -0.4298116856473747 
-0.6900633611232588 1.3604573823512658 -0.4298116856473747 
-0.6900633611232588 1.3604573823512658 -0.4298116856473747 
-0.6902163606428275 1.3611551521628344 -0.430224119774966 
-0.6902163606428275 1.3611551521628344 -0.430224119774966 
-0.6902163606428275 1.3611551521628344 -0.430224119774966 
-0.6902163606428275 1.3611551521628344 -0.430224119774966 
-0.6910557104259143 1.3649830918951658 -0.4324867183537576 
-0.6910557104259143 1.3649830918951658 -0.4324867183537576 
-0.6912666580585252 1.365945139947817 -0.4330553606806661 
-0.6912666580585252 1.365945139947817 -0.4330553606806661 
-0.6912666580585252 1.365945139947817 -0.4330553606806661 
-0.6916654275599753 1.3677632656080196 -0.43412430334918894 
-0.6916654275599753 1.3677632656080196 -0.43412430334918894 
-0.6920464969737626 1.369501674337422 -0.4351575384102092 
-0.6920464969737626 1.369501674337422 -0.4351575384102092 
-0.6920464969737626 1.369501674337422 -0.4351575384102092 
-0.6920464969737626 1.369501674337422 -0.4351575384102092 
-0.692509494852671 1.3716135633798738 -0.4364096823530542 
-0.692509494852671 1.3716135633798738 -0.4364096823530542 
-0.692509494852671 1.3716135633798738 -0.4364096823530542 
-0.6931114512823738 1.3743585063676367 -0.4380282892624693 
-0.6931114512823738 1.3743585063676367 -0.4380282892624693 
-0.6931114512823738 1.3743585063676367 -0.4380282892624693 
-0.6931114512823738 1.3743585063676367 -0.4380282892624693 
-0.6931114512823738 1.3743585063676367 -0.4380282892624693 
-0.6936688014751501 1.376900358394934 -0.4395307138528787 
-0.6936688014751501 1.376900358394934 -0.4395307138528787 
-0.6936688014751501 1.376900358394934 -0.4395307138528787 
