-0.6757062619924838 1.0441479848084747 -0.24285690198469168 
-0.6757062619924838 1.0441479848084747 -0.24285690198469168 
-0.6757062619924838 1.0441479848084747 -0.24285690198469168 
-0.6750603257630704 1.0412017868824368 -0.24111161911431056 
-0.6750603257630704 1.0412017868824368 -0.24111161911431056 
-0.6750603257630704 1.0412017868824368 -0.24111161911431056 
-0.6750603257630704 1.0412017868824368 -0.24111161911431056 
-0.6750603257630704 1.0412017868824368 -0.24111161911431056 
-0.6750603257630704 1.0412017868824368 -0.24111161911431056 
-0.6750427312994475 1.0411207021893836 -0.24105412684628547 
-0.6750427312994475 1.0411207021893836 -0.24105412684628547 
-0.6750427312994475 1.0411207021893836 -0.24105412684628547 
-0.6750427312994475 1.0411207021893836 -0.24105412684628547 
-0.6750427312994475 1.0411207021893836 -0.24105412684628547 
-0.6756262806883067 1.043782038305033 -0.2426271754661723 
-0.6756262806883067 1.043782038305033 -0.2426271754661723 
-0.6756262806883067 1.043782038305033 -0.2426271754661723 
-0.6756262806883067 1.043782038305033 -0.2426271754661723 
-0.6756262806883067 1.043782038305033 -0.2426271754661723 
-0.6765165175793956 1.0478425569057284 -0.24503295107432 
-0.6765165175793956 1.0478425569057284 -0.24503295107432 
-0.6766919983151296 1.0486438680918335 -0.24551808085906424 
-0.6766919983151296 1.0486438680918335 -0.24551808085906424 
-0.6766919983151296 1.0486438680918335 -0.24551808085906424 
-0.6766919983151296 1.0486438680918335 -0.24551808085906424 
-0.6766919983151296 1.0486438680918335 -0.24551808085906424 
-0.6766919983151296 1.0486438680918335 -0.24551808085906424 
-0.6766919983151296 1.0486438680918335 -0.24551808085906424 
-0.6773030821575757 1.0514307778729772 -0.2471653529038086 
-0.6773030821575757 1.0514307778729772 -0.2471653529038086 
-0.6773030821575757 1.0514307778729772 -0.2471653529038086 
-0.6777106544377184 1.0532876956842867 -0.24824187004765874 
-0.6777106544377184 1.0532876956842867 -0.24824187004765874 
-0.6780992951826962 1.0550609745394783 -0.24929957558287652 
-0.6780992951826962 1.0550609745394783 -0.24929957558287652 
-0.6780992951826962 1.0550609745394783 -0.24929957558287652 
-0.6780992951826962 1.0550609745394783 -0.24929957558287652 
-0.6780992951826962 1.0550609745394783 -0.24929957558287652 
-0.6780992951826962 1.0550609745394783 -0.24929957558287652 
-0.6769513456915599 1.0587598975395338 -0.25093972129145814 
-0.6769513456915599 1.0587598975395338 -0.25093972129145814 
-0.6769513456915599 1.0587598975395338 -0.25093972129145814 
-0.6769513456915599 1.0587598975395338 -0.25093972129145814 
-0.6769513456915599 1.0587598975395338 -0.25093972129145814 
-0.6769513456915599 1.0587598975395338 -0.25093972129145814 
-0.6793933969554993 1.0619683160245088 -0.2533353354728485 
-0.6793933969554993 1.0619683160245088 -0.2533353354728485 
-0.679813714347504 1.0628792537967586 -0.2539150576304323 
-0.679813714347504 1.0628792537967586 -0.2539150576304323 
-0.679813714347504 1.0628792537967586 -0.2539150576304323 
-0.6804518357332557 1.0657884501255022 -0.25562303129925124 
-0.6804518357332557 1.0657884501255022 -0.25562303129925124 
-0.6804518357332557 1.0657884501255022 -0.25562303129925124 
-0.6804518357332557 1.0657884501255022 -0.25562303129925124 
-0.6804518357332557 1.0657884501255022 -0.25562303129925124 
-0.6809109015919236 1.067883590452927 -0.2568787002741849 
-0.6809109015919236 1.067883590452927 -0.2568787002741849 
-0.679897315141178 1.0704453212810074 -0.25794727818577934 
-0.679897315141178 1.0704453212810074 -0.25794727818577934 
-0.6801211421544409 1.071466107054117 -0.2585506388970207 
-0.6801211421544409 1.071466107054117 -0.2585506388970207 
-0.6797789055897708 1.071654590350497 -0.2585537295724841 
-0.6797789055897708 1.071654590350497 -0.2585537295724841 
-0.6797789055897708 1.071654590350497 -0.2585537295724841 
-0.6797789055897708 1.071654590350497 -0.2585537295724841 
-0.6797789055897708 1.071654590350497 -0.2585537295724841 
-0.6818648074977373 1.0730811014312711 -0.2598885964756896 
-0.6818648074977373 1.0730811014312711 -0.2598885964756896 
-0.6818648074977373 1.0730811014312711 -0.2598885964756896 
-0.6818648074977373 1.0730811014312711 -0.2598885964756896 
-0.6820306516854132 1.072989480853273 -0.2598870980920007 
-0.6828382673323119 1.0766730341448134 -0.26206821311197326 
-0.6828382673323119 1.0766730341448134 -0.26206821311197326 
-0.6828382673323119 1.0766730341448134 -0.26206821311197326 
-0.6828382673323119 1.0766730341448134 -0.26206821311197326 
-0.6828382673323119 1.0766730341448134 -0.26206821311197326 
-0.6828382673323119 1.0766730341448134 -0.26206821311197326 
-0.6832893226383296 1.0787313012324773 -0.26329822762258903 
-0.6832893226383296 1.0787313012324773 -0.26329822762258903 
-0.6837411609600257 1.0807912750753215 -0.26450810693266624 
-0.6837411609600257 1.0807912750753215 -0.26450810693266624 
-0.6837411609600257 1.0807912750753215 -0.26450810693266624 
-0.6837411609600257 1.0807912750753215 -0.26450810693266624 
-0.6837411609600257 1.0807912750753215 -0.26450810693266624 
-0.6844183282583123 1.083878041188264 -0.2663153320906724 
-0.6844183282583123 1.083878041188264 -0.2663153320906724 
-0.6844183282583123 1.083878041188264 -0.2663153320906724 
-0.6844183282583123 1.083878041188264 -0.2663153320906724 
-0.6844183282583123 1.083878041188264 -0.2663153320906724 
-0.6844183282583123 1.083878041188264 -0.2663153320906724 
-0.6844183282583123 1.083878041188264 -0.2663153320906724 
-0.6850137335540495 1.0865949713329461 -0.26793852533589435 
-0.6857751814225334 1.0900683120958414 -0.2699992486576208 
-0.6857751814225335 1.0900683120958412 -0.2699992486576206 
-0.6859861290551441 1.0910303601484925 -0.2705678909845294 
-0.6859861290551441 1.0910303601484925 -0.2705678909845294 
-0.6859861290551441 1.0910303601484925 -0.2705678909845294 
-0.6859861290551441 1.0910303601484925 -0.2705678909845294 
-0.6859861290551441 1.0910303601484925 -0.2705678909845294 
-0.6867710440549802 1.0946093639307692 -0.27267563055950894 
-0.6867710440549802 1.0946093639307692 -0.27267563055950894 
-0.6867710440549802 1.0946093639307692 -0.27267563055950894 
-0.6867710440549802 1.0946093639307692 -0.27267563055950894 
-0.687355053512665 1.09727313853965 -0.2742539801339915 
-0.687355053512665 1.09727313853965 -0.2742539801339915 
-0.68773626364133 1.0990108425983387 -0.2752715280004949 
-0.68773626364133 1.0990108425983387 -0.2752715280004949 
-0.68773626364133 1.0990108425983387 -0.2752715280004949 
-0.6879552058325009 1.100009350645347 -0.27586172091001016 
-0.6879552058325009 1.100009350645347 -0.27586172091001016 
-0.6879552058325009 1.100009350645347 -0.27586172091001016 
-0.6879552058325009 1.100009350645347 -0.27586172091001016 
-0.6879552058325009 1.100009350645347 -0.27586172091001016 
-0.6886217848427886 1.1030490114597071 -0.27765452808960556 
-0.6886217848427886 1.1030490114597071 -0.27765452808960556 
-0.6886217848427886 1.1030490114597071 -0.27765452808960556 
-0.6886217848427886 1.1030490114597071 -0.27765452808960556 
-0.6886217848427886 1.1030490114597071 -0.27765452808960556 
-0.6893768250784871 1.106493632620253 -0.2797039815084432 
-0.6895524687696158 1.1072946734706266 -0.2801774565410573 
-0.6895524687696158 1.1072946734706266 -0.2801774565410573 
-0.6895524687696158 1.1072946734706266 -0.2801774565410573 
-0.6900003288394192 1.109336844395356 -0.28138067261827004 
-0.6900003288394192 1.109336844395356 -0.28138067261827004 
-0.690172603239236 1.1101220161950927 -0.2818390623261744 
-0.690172603239236 1.1101220161950927 -0.2818390623261744 
-0.690172603239236 1.1101220161950927 -0.2818390623261744 
-0.690172603239236 1.1101220161950927 -0.2818390623261744 
-0.690172603239236 1.1101220161950927 -0.2818390623261744 
-0.6909446744865569 1.1136431253481098 -0.2839203010923169 
-0.6909446744865569 1.1136431253481098 -0.2839203010923169 
-0.6912371158997493 1.1149768340444077 -0.284708622646932 
-0.6912371158997493 1.1149768340444077 -0.284708622646932 
-0.6914367722908019 1.1158878903020721 -0.2852528305399167 
-0.6914367722908019 1.1158878903020721 -0.2852528305399167 
-0.6905976801973049 1.1209950484560995 -0.28772148888880833 
-0.6905976801973049 1.1209950484560995 -0.28772148888880833 
-0.6905976801973049 1.1209950484560995 -0.28772148888880833 
-0.690597680197305 1.1209950484560995 -0.28772148888880855 
-0.690597680197305 1.1209950484560995 -0.28772148888880855 
-0.69176659744573 1.1221109723388347 -0.2886383206043982 
-0.6926895847724093 1.1216014685648419 -0.288629982470488 
-0.6929656102011547 1.1228606508034658 -0.28937811293940796 
-0.6929656102011547 1.1228606508034658 -0.28937811293940796 
-0.6929656102011547 1.1228606508034658 -0.28937811293940796 
-0.6929656102011547 1.1228606508034658 -0.28937811293940796 
-0.6929656102011547 1.1228606508034658 -0.28937811293940796 
-0.6935651474938151 1.1255949013743654 -0.2909942594538174 
-0.6935651474938151 1.1255949013743654 -0.2909942594538174 
-0.6935651474938151 1.1255949013743654 -0.2909942594538174 
-0.6935651474938151 1.1255949013743654 -0.2909942594538174 
-0.6935651474938151 1.1255949013743654 -0.2909942594538174 
-0.6935651474938151 1.1255949013743654 -0.2909942594538174 
-0.6924386016752578 1.129257654217347 -0.29259616726816895 
-0.6924386016752578 1.129257654217347 -0.29259616726816895 
-0.692735142468226 1.1306119228176377 -0.2934177852836659 
-0.6944569201563905 1.1296622612630527 -0.29340223286811107 
-0.6947684592098528 1.1310830666828562 -0.2942420350981294 
-0.6945178682932255 1.1343313678027007 -0.2958933236198509 
-0.6936291600350576 1.1348210926264526 -0.2959013500422616 
-0.6936291600350576 1.1348210926264526 -0.2959013500422616 
-0.6936291600350576 1.1348210926264526 -0.2959013500422616 
-0.6960058706740726 1.136725955290835 -0.297560053168603 
-0.6960058706740726 1.136725955290835 -0.297560053168603 
-0.6960058706740726 1.136725955290835 -0.297560053168603 
-0.6960058706740726 1.136725955290835 -0.297560053168603 
-0.696006080370789 1.1367258394240318 -0.2975600512739701 
-0.696751352175623 1.140125910665839 -0.2995831723600465 
-0.696751352175623 1.140125910665839 -0.2995831723600465 
-0.6967513521756231 1.1401259106658388 -0.2995831723600463 
-0.6967513521756231 1.1401259106658388 -0.2995831723600463 
-0.6972656683869483 1.1424721750679248 -0.30097762538151307 
-0.6972656683869483 1.1424721750679248 -0.30097762538151307 
-0.6974941144903927 1.1435133534622488 -0.3015854043158316 
-0.6974941144903927 1.1435133534622488 -0.3015854043158316 
-0.6974941144903927 1.1435133534622488 -0.3015854043158316 
-0.6974941144903927 1.1435133534622488 -0.3015854043158316 
-0.6973598431447948 1.1474916538273048 -0.30365201027325217 
-0.6973598431447948 1.1474916538273048 -0.30365201027325217 
-0.6987253660733186 1.1491282607592022 -0.30490037470566167 
-0.6987253660733186 1.1491282607592022 -0.30490037470566167 
-0.6991879322316246 1.151238521198838 -0.3061554156452613 
-0.6991879322316246 1.151238521198838 -0.3061554156452613 
-0.6991879322316246 1.151238521198838 -0.3061554156452613 
-0.6996777437964923 1.1534716758647807 -0.3074676577697023 
-0.6996777437964923 1.1534716758647807 -0.3074676577697023 
-0.7001180718031991 1.1554798363553123 -0.30865463076028654 
-0.7001180718031991 1.1554798363553123 -0.30865463076028654 
-0.7001180718031991 1.1554798363553123 -0.30865463076028654 
-0.7001180718031991 1.1554798363553123 -0.30865463076028654 
-0.7007629219263022 1.1584210809834734 -0.3103969858612874 
-0.7007629219263022 1.1584210809834734 -0.3103969858612874 
-0.7009629398562811 1.1593324396608744 -0.3109261018255066 
-0.7009629398562811 1.1593324396608744 -0.3109261018255066 
-0.7009629398562811 1.1593324396608744 -0.3109261018255066 
-0.7000086333265384 1.1639146537605929 -0.31309018452004267 
-0.7022135781958626 1.165036945887594 -0.3143074566566103 
-0.7026209911605673 1.1668941506350272 -0.3153956383646641 
-0.7026209911605673 1.1668941506350272 -0.3153956383646641 
-0.7026209911605673 1.1668941506350272 -0.3153956383646641 
-0.7026209911605673 1.1668941506350272 -0.3153956383646641 
-0.7024697419960029 1.1688484142128812 -0.31640391651169775 
-0.7012390625152204 1.169526823955589 -0.31641503204147725 
-0.7033767496603014 1.1720909273789588 -0.31835866680193015 
-0.7040524902734819 1.1744254516854062 -0.3197945487103082 
-0.7040524902734819 1.1744254516854062 -0.3197945487103082 
-0.7025009311944087 1.175281030717454 -0.3198085631118952 
-0.7025009311944087 1.175281030717454 -0.3198085631118952 
-0.7025009311944087 1.175281030717454 -0.3198085631118952 
-0.7044258711697758 1.1751263321542529 -0.3202710382759878 
-0.7046334187362133 1.1760716901989234 -0.3208163907854543 
-0.7046334187362133 1.1760716901989234 -0.3208163907854543 
-0.7046334187362133 1.1760716901989234 -0.3208163907854543 
-0.7046334187362133 1.1760716901989234 -0.3208163907854543 
-0.7052129898731799 1.1787152233964582 -0.3223827761724767 
-0.7052129898731799 1.1787152233964582 -0.3223827761724767 
-0.7052129898731799 1.1787152233964582 -0.3223827761724767 
-0.7052129898731799 1.1787152233964582 -0.3223827761724767 
-0.7058287198996007 1.181522982267654 -0.324038511965448 
-0.7058287198996007 1.181522982267654 -0.324038511965448 
-0.7058287198996007 1.181522982267654 -0.324038511965448 
-0.7058287198996007 1.181522982267654 -0.324038511965448 
-0.7058287198996007 1.181522982267654 -0.324038511965448 
-0.7066212357921693 1.185137671599599 -0.3261789232366663 
-0.7071026758027592 1.187333830605704 -0.3274827229350453 
-0.7071026758027592 1.187333830605704 -0.3274827229350453 
-0.7071026758027592 1.187333830605704 -0.3274827229350453 
-0.7071026758027592 1.187333830605704 -0.3274827229350453 
-0.7062963955415957 1.191096124983406 -0.32924900260680734 
-0.7060040038265061 1.1912571484026604 -0.32925164312275346 
-0.7060040038265061 1.1912571484026604 -0.32925164312275346 
-0.7065872825197073 1.193916406624381 -0.33081389839986286 
-0.7089298978369886 1.1956665587786577 -0.33240228275468087 
-0.7089298978369886 1.1956665587786577 -0.33240228275468087 
-0.7094187007088534 1.1978969774651138 -0.3337340517311451 
-0.7094187007088534 1.1978969774651138 -0.3337340517311451 
-0.7094187007088534 1.1978969774651138 -0.3337340517311451 
-0.7094187007088534 1.1978969774651138 -0.3337340517311451 
-0.7094187007088534 1.1978969774651138 -0.3337340517311451 
-0.7097475414695958 1.1993963487713182 -0.3346164326512443 
-0.7103823131980825 1.2022901058952202 -0.33631343468913844 
-0.7103823131980825 1.2022901058952202 -0.33631343468913844 
-0.7103823131980825 1.2022901058952202 -0.33631343468913844 
-0.7103823131980825 1.2022901058952202 -0.33631343468913844 
-0.7103823131980825 1.2022901058952202 -0.33631343468913844 
-0.7108864230808741 1.204589993453246 -0.3376824053397781 
-0.7108864230808741 1.204589993453246 -0.3376824053397781 
-0.7108864230808741 1.204589993453246 -0.3376824053397781 
-0.7112155338612546 1.2060916171195748 -0.3385776964414541 
-0.7112155338612546 1.2060916171195748 -0.3385776964414541 
-0.7102794412103908 1.2096207080741357 -0.34015877333019795 
-0.7102794412103908 1.2096207080741357 -0.34015877333019795 
-0.7100576800305994 1.2097428255030742 -0.34016077597823613 
-0.7100576800305994 1.2097428255030742 -0.34016077597823613 
-0.7115721462981754 1.2110337779810116 -0.3412795790154247 
-0.7122209090096794 1.2106755486912522 -0.34127371794434735 
-0.7122209090096794 1.2106755486912522 -0.34127371794434735 
-0.7122209090096794 1.2106755486912522 -0.34127371794434735 
-0.7127985021204024 1.213310223653163 -0.3428367133583755 
-0.7127985021204024 1.213310223653163 -0.3428367133583755 
-0.7127985021204024 1.213310223653163 -0.3428367133583755 
-0.7127985021204024 1.213310223653163 -0.3428367133583755 
-0.7133866804164667 1.215992167312925 -0.3444162370482321 
-0.7133866804164667 1.215992167312925 -0.3444162370482321 
-0.7133866804164667 1.215992167312925 -0.3444162370482321 
-0.7133866804164667 1.215992167312925 -0.3444162370482321 
-0.7133866804164667 1.215992167312925 -0.3444162370482321 
-0.712920067241353 1.2195845599482429 -0.3461904475832551 
-0.712920067241353 1.2195845599482429 -0.3461904475832551 
-0.7122913568841596 1.2199309187812586 -0.3461961255961745 
-0.7138635787657954 1.2200713933350078 -0.34670913792546476 
-0.7138635787657954 1.2200713933350078 -0.34670913792546476 
-0.7129578959503334 1.2229698943702232 -0.3479828222270005 
-0.7129578959503334 1.2229698943702232 -0.3479828222270005 
-0.7136698444532981 1.223668895700047 -0.3485672742238748 
-0.7149186607274879 1.2229797621071856 -0.34855599315322794 
-0.7149186607274879 1.2229797621071856 -0.34855599315322794 
-0.7155733094085461 1.2259660269565833 -0.35032873428886735 
-0.7155733094085461 1.2259660269565833 -0.35032873428886735 
-0.7155733094085461 1.2259660269565833 -0.35032873428886735 
-0.7161038934237538 1.2283839522497406 -0.35173684879837064 
-0.7161038934237538 1.2283839522497406 -0.35173684879837064 
-0.7165332099150918 1.2303434175731218 -0.3529123237021349 
-0.7167465594773359 1.2313157392637684 -0.3534793192716471 
-0.7167465594773359 1.2313157392637684 -0.3534793192716471 
-0.7168361412115988 1.2353760424208058 -0.3556526177091264 
-0.7179281139893425 1.237478852368068 -0.35705670536941114 
-0.7179281139893425 1.237478852368068 -0.35705670536941114 
-0.7179281139893425 1.237478852368068 -0.35705670536941114 
-0.7179281139893425 1.237478852368068 -0.35705670536941114 
-0.718471675773253 1.2391833069275697 -0.3581296399818473 
-0.718471675773253 1.2391833069275697 -0.3581296399818473 
-0.718471675773253 1.2391833069275697 -0.3581296399818473 
-0.718471675773253 1.2391833069275697 -0.3581296399818473 
-0.7189686269487086 1.2414497031164857 -0.3594692495772406 
-0.7189686269487086 1.2414497031164857 -0.3594692495772406 
-0.7195626293012638 1.2441590513349465 -0.36107453656230903 
-0.7195626293012638 1.2441590513349465 -0.36107453656230903 
-0.7198996842312966 1.2456958841924937 -0.36197906006007574 
-0.7198996842312966 1.2456958841924937 -0.36197906006007574 
-0.7202725665002262 1.2473974650723185 -0.36299631654272335 
-0.7202725665002262 1.2473974650723185 -0.36299631654272335 
-0.7202725665002262 1.2473974650723185 -0.36299631654272335 
-0.7202725665002262 1.2473974650723185 -0.36299631654272335 
-0.7202725665002262 1.2473974650723185 -0.36299631654272335 
-0.7211682090677716 1.251480276882728 -0.3653885034596286 
-0.7211682090677716 1.251480276882728 -0.3653885034596286 
-0.7211682090677716 1.251480276882728 -0.3653885034596286 
-0.7211682090677716 1.251480276882728 -0.3653885034596286 
-0.7215770201223822 1.2533450414225262 -0.3664945783450725 
-0.7215770201223822 1.2533450414225262 -0.3664945783450725 
-0.7215770201223822 1.2533450414225262 -0.3664945783450725 
-0.7216476691627791 1.2536677465859416 -0.36669102675312193 
-0.7216476691627791 1.2536677465859416 -0.36669102675312193 
-0.7216476691627791 1.2536677465859416 -0.36669102675312193 
-0.7216476691627791 1.2536677465859416 -0.36669102675312193 
-0.7216476691627791 1.2536677465859416 -0.36669102675312193 
-0.7206749615322923 1.257697192728538 -0.36854778933631227 
-0.7206749615322923 1.257697192728538 -0.36854778933631227 
-0.7208272257815406 1.258859954081791 -0.3692099556217687 
-0.7208272257815406 1.258859954081791 -0.3692099556217687 
-0.7208272257815406 1.258859954081791 -0.3692099556217687 
-0.7208272257815406 1.258859954081791 -0.3692099556217687 
-0.7233013273874851 1.261632795117303 -0.3713939335600198 
-0.7233013273874851 1.261632795117303 -0.3713939335600198 
-0.7233013273874851 1.261632795117303 -0.3713939335600198 
-0.723383764356917 1.261587248894668 -0.371393188741837 
-0.7239558532553438 1.2641939509590971 -0.3729070950029375 
-0.7239558532553438 1.2641939509590971 -0.3729070950029375 
-0.7243593496565992 1.2660346402372467 -0.3740007855153017 
-0.7243593496565992 1.2660346402372467 -0.3740007855153017 
-0.7248912400214806 1.2684617339527857 -0.37545073394980777 
-0.7248912400214806 1.2684617339527857 -0.37545073394980777 
-0.7248912400214806 1.2684617339527857 -0.37545073394980777 
-0.7248912400214806 1.2684617339527857 -0.37545073394980777 
-0.7248912400214806 1.2684617339527857 -0.37545073394980777 
-0.7248912400214806 1.2684617339527857 -0.37545073394980777 
-0.7253803774078396 1.2706918213572131 -0.3767612469982117 
-0.7253803774078396 1.2706918213572131 -0.3767612469982117 
-0.7253803774078396 1.2706918213572131 -0.3767612469982117 
-0.7253803774078396 1.2706918213572131 -0.3767612469982117 
-0.7261534697022967 1.2742160631347281 -0.3788270529819703 
-0.7266608750547674 1.2765304769599195 -0.38019890421323577 
-0.7266608750547674 1.2765304769599195 -0.38019890421323577 
-0.7266608750547674 1.2765304769599195 -0.38019890421323577 
-0.7266608750547674 1.2765304769599195 -0.38019890421323577 
-0.7266608750547674 1.2765304769599195 -0.38019890421323577 
-0.7269729068412553 1.2779543728975657 -0.38105009832247305 
-0.7269729068412553 1.2779543728975657 -0.38105009832247305 
-0.7269729068412553 1.2779543728975657 -0.38105009832247305 
-0.7265340684153484 1.2800324361598538 -0.3820156041192755 
-0.7265340684153484 1.2800324361598538 -0.3820156041192755 
-0.7275085884467166 1.2807764371395813 -0.3826772313913531 
-0.7275085884467166 1.2807764371395813 -0.3826772313913531 
-0.7275085884467166 1.2807764371395813 -0.3826772313913531 
-0.7275085884467166 1.2807764371395813 -0.3826772313913531 
-0.727583016427825 1.280735315521644 -0.38267655893358177 
-0.7283573959752078 1.2842684758754053 -0.38478220525804907 
-0.7283573959752078 1.2842684758754053 -0.38478220525804907 
-0.7283573959752078 1.2842684758754053 -0.38478220525804907 
-0.7283573959752078 1.2842684758754053 -0.38478220525804907 
-0.7283573959752078 1.2842684758754053 -0.38478220525804907 
-0.7279883287115825 1.2869307642976224 -0.38608227238022597 
-0.7292724469332664 1.2884413181838312 -0.38724480742326806 
-0.7292724469332664 1.2884413181838312 -0.38724480742326806 
-0.7297855741723722 1.2907809838938353 -0.3886220192543114 
-0.7297855741723722 1.2907809838938353 -0.3886220192543114 
-0.7297855741723722 1.2907809838938353 -0.3886220192543114 
-0.7297855741723722 1.2907809838938353 -0.3886220192543114 
-0.7302012327572482 1.2926762966837588 -0.38973843119396456 
-0.7302012327572482 1.2926762966837588 -0.38973843119396456 
-0.7306214052350932 1.2945933792016233 -0.39088113544534353 
-0.7306214052350932 1.2945933792016233 -0.39088113544534353 
-0.7306214052350932 1.2945933792016233 -0.39088113544534353 
-0.7306214052350932 1.2945933792016233 -0.39088113544534353 
-0.7306214052350932 1.2945933792016233 -0.39088113544534353 
-0.7312144998041304 1.2972982470786336 -0.39247991459085874 
-0.7312144998041304 1.2972982470786336 -0.39247991459085874 
-0.7316668202553368 1.2993611003274326 -0.3936992150906985 
-0.7304447054300753 1.3027217848064574 -0.3951394365448533 
-0.7307173867308516 1.3039653755079004 -0.3958744916268122 
-0.7307173867308516 1.3039653755079004 -0.3958744916268122 
-0.7307173867308516 1.3039653755079004 -0.3958744916268122 
-0.7329376798790074 1.3051579979205166 -0.39713710993838036 
-0.7333188753373732 1.3068954649224516 -0.3981525878752282 
-0.7333188753373732 1.3068954649224516 -0.3981525878752282 
-0.7335347298527607 1.307880231613928 -0.39873851823902895 
-0.7335347298527607 1.307880231613928 -0.39873851823902895 
-0.7335347298527607 1.307880231613928 -0.39873851823902895 
-0.7335347298527607 1.307880231613928 -0.39873851823902895 
-0.7335347298527607 1.307880231613928 -0.39873851823902895 
-0.7343256582822555 1.3114870005542059 -0.4008665287210388 
-0.7348647989842334 1.3139458063536522 -0.4023198667818143 
-0.7348647989842334 1.3139458063536522 -0.4023198667818143 
-0.7348647989842334 1.3139458063536522 -0.4023198667818143 
-0.7348647989842334 1.3139458063536522 -0.4023198667818143 
-0.7355125171723903 1.31689979078036 -0.4040658924334687 
-0.7355125171723903 1.31689979078036 -0.4040658924334687 
-0.7355125171723903 1.31689979078036 -0.4040658924334687 
-0.7362517440966839 1.3202714503730177 -0.40606265495858296 
-0.7363978667453889 1.3209381978209536 -0.4064606121726536 
-0.7363978667453889 1.3209381978209536 -0.4064606121726536 
-0.7363978667453889 1.3209381978209536 -0.4064606121726536 
-0.7363978667453889 1.3209381978209536 -0.4064606121726536 
-0.7363978667453889 1.3209381978209536 -0.4064606121726536 
-0.737013353887076 1.323744508688976 -0.4081116324647073 
-0.7377818410856308 1.3272487693682264 -0.41017720699384375 
-0.7377818410856308 1.3272487693682264 -0.41017720699384375 
-0.7377818410856308 1.3272487693682264 -0.41017720699384375 
-0.7377818410856308 1.3272487693682264 -0.41017720699384375 
-0.7382830436352751 1.3295350574361144 -0.41153427970626055 
-0.7382830436352751 1.3295350574361144 -0.41153427970626055 
-0.7382830436352751 1.3295350574361144 -0.41153427970626055 
-0.7382830436352751 1.3295350574361144 -0.41153427970626055 
-0.7389401094535646 1.332532012979921 -0.41330956412365005 
-0.7396139818194711 1.3356044328253573 -0.4151160288105199 
-0.7398040555128695 1.3364712831631933 -0.4156284021704887 
-0.7398040555128695 1.3364712831631933 -0.4156284021704887 
-0.7398040555128695 1.3364712831631933 -0.4156284021704887 
-0.7389656879733353 1.3382815037984108 -0.41634885539557875 
-0.7389656879733353 1.3382815037984108 -0.41634885539557875 
-0.7389656879733353 1.3382815037984108 -0.41634885539557875 
-0.7385154938258108 1.3395279090881003 -0.4168773234177927 
-0.7385154938258108 1.3395279090881003 -0.4168773234177927 
-0.7385154938258108 1.3395279090881003 -0.4168773234177927 
-0.7385154938258108 1.3395279090881003 -0.4168773234177927 
-0.7385154938258108 1.3395279090881003 -0.4168773234177927 
-0.7405337303054632 1.34137613517178 -0.4184507924076972 
-0.7405337303054632 1.34137613517178 -0.4184507924076972 
-0.7408418172787141 1.3412059577161277 -0.418448008936151 
-0.7408418172787141 1.3412059577161277 -0.418448008936151 
-0.7408418172787141 1.3412059577161277 -0.418448008936151 
-0.7414025639611264 1.3437607623038126 -0.41992931009697576 
-0.7414025639611264 1.3437607623038126 -0.41992931009697576 
-0.7417228319775893 1.3452225607055253 -0.4208067670190462 
-0.7417228319775893 1.3452225607055253 -0.4208067670190462 
-0.7418802673912385 1.3459405608615116 -0.42123115879271633 
-0.7418802673912385 1.3459405608615116 -0.42123115879271633 
-0.7418802673912385 1.3459405608615116 -0.42123115879271633 
-0.7418802673912385 1.3459405608615116 -0.42123115879271633 
-0.7411984859427881 1.350294868329761 -0.423345862179882 
-0.7411984859427881 1.350294868329761 -0.423345862179882 
-0.7409108332962413 1.3504532811108794 -0.4233484598966384 
-0.7409108332962413 1.3504532811108794 -0.4233484598966384 
-0.7425994207880676 1.3529082874765592 -0.42513227461618897 
-0.7433205500197821 1.3525101292349941 -0.4251257598405601 
-0.7433205500197821 1.3525101292349941 -0.4251257598405601 
-0.7433205500197821 1.3525101292349941 -0.4251257598405601 
-0.7438667522229873 1.3550004665187048 -0.426590100025276 
-0.7438667522229873 1.3550004665187048 -0.426590100025276 
-0.7438667522229873 1.3550004665187048 -0.426590100025276 
-0.7438667522229873 1.3550004665187048 -0.426590100025276 
-0.7445852940439376 1.35827710899619 -0.42852298108577835 
-0.7445852940439376 1.35827710899619 -0.42852298108577835 
-0.7447576343094534 1.3590637648448096 -0.4289956727524197 
-0.7447576343094534 1.3590637648448096 -0.4289956727524197 
-0.7450633611232589 1.3604573823512658 -0.4298116856473745 
-0.7450633611232589 1.3604573823512658 -0.4298116856473745 
-0.7450633611232589 1.3604573823512658 -0.4298116856473745 
-0.7452163606428276 1.3611551521628344 -0.4302241197749662 
-0.7452163606428276 1.3611551521628344 -0.4302241197749662 
-0.7452163606428276 1.3611551521628344 -0.4302241197749662 
-0.7452163606428276 1.3611551521628344 -0.4302241197749662 
-0.7460557104259146 1.3649830918951658 -0.4324867183537572 
-0.7460557104259146 1.3649830918951658 -0.4324867183537572 
-0.7462666580585253 1.365945139947817 -0.43305536068066586 
-0.7462666580585253 1.365945139947817 -0.43305536068066586 
-0.7462666580585253 1.365945139947817 -0.43305536068066586 
-0.7466654275599754 1.3677632656080199 -0.43412430334918917 
-0.7466654275599754 1.3677632656080199 -0.43412430334918917 
-0.7470464969737627 1.369501674337422 -0.43515753841020943 
-0.7470464969737627 1.369501674337422 -0.43515753841020943 
-0.7470464969737627 1.369501674337422 -0.43515753841020943 
-0.7470464969737627 1.369501674337422 -0.43515753841020943 
-0.7475094948526712 1.3716135633798743 -0.4364096823530542 
-0.7475094948526712 1.3716135633798743 -0.4364096823530542 
-0.7475094948526712 1.3716135633798743 -0.4364096823530542 
-0.7481114512823739 1.3743585063676362 -0.4380282892624693 
-0.7481114512823739 1.3743585063676362 -0.4380282892624693 
-0.7481114512823739 1.3743585063676362 -0.4380282892624693 
-0.7481114512823739 1.3743585063676362 -0.4380282892624693 
-0.7481114512823739 1.3743585063676362 -0.4380282892624693 
-0.7486688014751501 1.376900358394934 -0.4395307138528787 
-0.7486688014751501 1.376900358394934 -0.4395307138528787 
-0.7486688014751501 1.376900358394934 -0.4395307138528787 
