-0.6207062619924839 0.9741479848084749 -0.24285690198469156 
-0.6207062619924839 0.9741479848084749 -0.24285690198469156 
-0.6207062619924839 0.9741479848084749 -0.24285690198469156 
-0.6200603257630705 0.9712017868824367 -0.24111161911431045 
-0.6200603257630705 0.9712017868824367 -0.24111161911431045 
-0.6200603257630705 0.9712017868824367 -0.24111161911431045 
-0.6200603257630705 0.9712017868824367 -0.24111161911431045 
-0.6200603257630705 0.9712017868824367 -0.24111161911431045 
-0.6200603257630705 0.9712017868824367 -0.24111161911431045 
-0.6200427312994473 0.9711207021893835 -0.24105412684628524 
-0.6200427312994473 0.9711207021893835 -0.24105412684628524 
-0.6200427312994473 0.9711207021893835 -0.24105412684628524 
-0.6200427312994473 0.9711207021893835 -0.24105412684628524 
-0.6200427312994473 0.9711207021893835 -0.24105412684628524 
-0.6206262806883065 0.9737820383050328 -0.2426271754661723 
-0.6206262806883065 0.9737820383050328 -0.2426271754661723 
-0.6206262806883065 0.9737820383050328 -0.2426271754661723 
-0.6206262806883065 0.9737820383050328 -0.2426271754661723 
-0.6206262806883065 0.9737820383050328 -0.2426271754661723 
-0.6215165175793955 0.9778425569057283 -0.24503295107431988 
-0.6215165175793955 0.9778425569057283 -0.24503295107431988 
-0.6216919983151294 0.9786438680918335 -0.24551808085906424 
-0.6216919983151294 0.9786438680918335 -0.24551808085906424 
-0.6216919983151294 0.9786438680918335 -0.24551808085906424 
-0.6216919983151294 0.9786438680918335 -0.24551808085906424 
-0.6216919983151294 0.9786438680918335 -0.24551808085906424 
-0.6216919983151294 0.9786438680918335 -0.24551808085906424 
-0.6216919983151294 0.9786438680918335 -0.24551808085906424 
-0.6223030821575758 0.9814307778729773 -0.24716535290380826 
-0.6223030821575758 0.9814307778729773 -0.24716535290380826 
-0.6223030821575758 0.9814307778729773 -0.24716535290380826 
-0.6227106544377183 0.9832876956842866 -0.24824187004765896 
-0.6227106544377183 0.9832876956842866 -0.24824187004765896 
-0.6230992951826962 0.9850609745394784 -0.24929957558287674 
-0.6230992951826962 0.9850609745394784 -0.24929957558287674 
-0.6230992951826962 0.9850609745394784 -0.24929957558287674 
-0.6230992951826962 0.9850609745394784 -0.24929957558287674 
-0.6230992951826962 0.9850609745394784 -0.24929957558287674 
-0.6230992951826962 0.9850609745394784 -0.24929957558287674 
-0.6219513456915599 0.9887598975395339 -0.25093972129145825 
-0.6219513456915599 0.9887598975395339 -0.25093972129145825 
-0.6219513456915599 0.9887598975395339 -0.25093972129145825 
-0.6219513456915599 0.9887598975395339 -0.25093972129145825 
-0.6219513456915599 0.9887598975395339 -0.25093972129145825 
-0.6219513456915599 0.9887598975395339 -0.25093972129145825 
-0.6243933969554993 0.9919683160245087 -0.25333533547284826 
-0.6243933969554993 0.9919683160245087 -0.25333533547284826 
-0.6248137143475039 0.9928792537967586 -0.25391505763043243 
-0.6248137143475039 0.9928792537967586 -0.25391505763043243 
-0.6248137143475039 0.9928792537967586 -0.25391505763043243 
-0.6254518357332558 0.9957884501255022 -0.25562303129925146 
-0.6254518357332558 0.9957884501255022 -0.25562303129925146 
-0.6254518357332558 0.9957884501255022 -0.25562303129925146 
-0.6254518357332558 0.9957884501255022 -0.25562303129925146 
-0.6254518357332558 0.9957884501255022 -0.25562303129925146 
-0.6259109015919236 0.9978835904529266 -0.25687870027418513 
-0.6259109015919236 0.9978835904529266 -0.25687870027418513 
-0.624897315141178 1.0004453212810074 -0.2579472781857792 
-0.624897315141178 1.0004453212810074 -0.2579472781857792 
-0.6251211421544408 1.0014661070541169 -0.25855063889702057 
-0.6251211421544408 1.0014661070541169 -0.25855063889702057 
-0.6247789055897708 1.001654590350497 -0.258553729572484 
-0.6247789055897708 1.001654590350497 -0.258553729572484 
-0.6247789055897708 1.001654590350497 -0.258553729572484 
-0.6247789055897708 1.001654590350497 -0.258553729572484 
-0.6247789055897708 1.001654590350497 -0.258553729572484 
-0.6268648074977372 1.003081101431271 -0.25988859647568974 
-0.6268648074977372 1.003081101431271 -0.25988859647568974 
-0.6268648074977372 1.003081101431271 -0.25988859647568974 
-0.6268648074977372 1.003081101431271 -0.25988859647568974 
-0.6270306516854132 1.0029894808532729 -0.25988709809200083 
-0.627838267332312 1.0066730341448134 -0.2620682131119735 
-0.627838267332312 1.0066730341448134 -0.2620682131119735 
-0.627838267332312 1.0066730341448134 -0.2620682131119735 
-0.627838267332312 1.0066730341448134 -0.2620682131119735 
-0.627838267332312 1.0066730341448134 -0.2620682131119735 
-0.627838267332312 1.0066730341448134 -0.2620682131119735 
-0.6282893226383297 1.0087313012324772 -0.2632982276225889 
-0.6282893226383297 1.0087313012324772 -0.2632982276225889 
-0.6287411609600256 1.0107912750753214 -0.26450810693266646 
-0.6287411609600256 1.0107912750753214 -0.26450810693266646 
-0.6287411609600256 1.0107912750753214 -0.26450810693266646 
-0.6287411609600256 1.0107912750753214 -0.26450810693266646 
-0.6287411609600256 1.0107912750753214 -0.26450810693266646 
-0.6294183282583123 1.0138780411882642 -0.2663153320906726 
-0.6294183282583123 1.0138780411882642 -0.2663153320906726 
-0.6294183282583123 1.0138780411882642 -0.2663153320906726 
-0.6294183282583123 1.0138780411882642 -0.2663153320906726 
-0.6294183282583123 1.0138780411882642 -0.2663153320906726 
-0.6294183282583123 1.0138780411882642 -0.2663153320906726 
-0.6294183282583123 1.0138780411882642 -0.2663153320906726 
-0.6300137335540495 1.0165949713329463 -0.26793852533589435 
-0.6307751814225333 1.0200683120958414 -0.2699992486576209 
-0.6307751814225334 1.0200683120958411 -0.2699992486576207 
-0.6309861290551442 1.0210303601484927 -0.27056789098452894 
-0.6309861290551442 1.0210303601484927 -0.27056789098452894 
-0.6309861290551442 1.0210303601484927 -0.27056789098452894 
-0.6309861290551442 1.0210303601484927 -0.27056789098452894 
-0.6309861290551442 1.0210303601484927 -0.27056789098452894 
-0.6317710440549802 1.024609363930769 -0.27267563055950916 
-0.6317710440549802 1.024609363930769 -0.27267563055950916 
-0.6317710440549802 1.024609363930769 -0.27267563055950916 
-0.6317710440549802 1.024609363930769 -0.27267563055950916 
-0.632355053512665 1.0272731385396496 -0.2742539801339916 
-0.632355053512665 1.0272731385396496 -0.2742539801339916 
-0.6327362636413301 1.0290108425983384 -0.27527152800049515 
-0.6327362636413301 1.0290108425983384 -0.27527152800049515 
-0.6327362636413301 1.0290108425983384 -0.27527152800049515 
-0.632955205832501 1.0300093506453472 -0.27586172091001016 
-0.632955205832501 1.0300093506453472 -0.27586172091001016 
-0.632955205832501 1.0300093506453472 -0.27586172091001016 
-0.632955205832501 1.0300093506453472 -0.27586172091001016 
-0.632955205832501 1.0300093506453472 -0.27586172091001016 
-0.6336217848427885 1.033049011459707 -0.27765452808960556 
-0.6336217848427885 1.033049011459707 -0.27765452808960556 
-0.6336217848427885 1.033049011459707 -0.27765452808960556 
-0.6336217848427885 1.033049011459707 -0.27765452808960556 
-0.6336217848427885 1.033049011459707 -0.27765452808960556 
-0.6343768250784871 1.0364936326202527 -0.27970398150844333 
-0.6345524687696158 1.0372946734706265 -0.2801774565410571 
-0.6345524687696158 1.0372946734706265 -0.2801774565410571 
-0.6345524687696158 1.0372946734706265 -0.2801774565410571 
-0.6350003288394193 1.0393368443953561 -0.2813806726182705 
-0.6350003288394193 1.0393368443953561 -0.2813806726182705 
-0.6351726032392359 1.0401220161950926 -0.2818390623261744 
-0.6351726032392359 1.0401220161950926 -0.2818390623261744 
-0.6351726032392359 1.0401220161950926 -0.2818390623261744 
-0.6351726032392359 1.0401220161950926 -0.2818390623261744 
-0.6351726032392359 1.0401220161950926 -0.2818390623261744 
-0.6359446744865569 1.04364312534811 -0.2839203010923167 
-0.6359446744865569 1.04364312534811 -0.2839203010923167 
-0.6362371158997493 1.0449768340444077 -0.284708622646932 
-0.6362371158997493 1.0449768340444077 -0.284708622646932 
-0.6364367722908018 1.0458878903020725 -0.28525283053991646 
-0.6364367722908018 1.0458878903020725 -0.28525283053991646 
-0.6355976801973049 1.0509950484560997 -0.2877214888888082 
-0.6355976801973049 1.0509950484560997 -0.2877214888888082 
-0.6355976801973049 1.0509950484560997 -0.2877214888888082 
-0.635597680197305 1.0509950484560997 -0.28772148888880844 
-0.635597680197305 1.0509950484560997 -0.28772148888880844 
-0.6367665974457299 1.0521109723388347 -0.2886383206043983 
-0.6376895847724092 1.0516014685648418 -0.2886299824704881 
-0.6379656102011546 1.0528606508034657 -0.2893781129394082 
-0.6379656102011546 1.0528606508034657 -0.2893781129394082 
-0.6379656102011546 1.0528606508034657 -0.2893781129394082 
-0.6379656102011546 1.0528606508034657 -0.2893781129394082 
-0.6379656102011546 1.0528606508034657 -0.2893781129394082 
-0.6379656102011546 1.0528606508034657 -0.2893781129394082 
-0.6385651474938152 1.0555949013743653 -0.2909942594538173 
-0.6385651474938152 1.0555949013743653 -0.2909942594538173 
-0.6385651474938152 1.0555949013743653 -0.2909942594538173 
-0.6385651474938152 1.0555949013743653 -0.2909942594538173 
-0.6385651474938152 1.0555949013743653 -0.2909942594538173 
-0.637438601675258 1.059257654217347 -0.29259616726816884 
-0.637438601675258 1.059257654217347 -0.29259616726816884 
-0.6377351424682262 1.0606119228176378 -0.29341778528366635 
-0.6394569201563907 1.0596622612630529 -0.2934022328681115 
-0.6397684592098527 1.0610830666828563 -0.2942420350981293 
-0.6395178682932255 1.0643313678027009 -0.29589332361985055 
-0.6386291600350577 1.0648210926264527 -0.29590135004226126 
-0.6386291600350577 1.0648210926264527 -0.29590135004226126 
-0.6386291600350577 1.0648210926264527 -0.29590135004226126 
-0.6410058706740727 1.066725955290835 -0.29756005316860334 
-0.6410058706740727 1.066725955290835 -0.29756005316860334 
-0.6410058706740727 1.066725955290835 -0.29756005316860334 
-0.6410058706740727 1.066725955290835 -0.29756005316860334 
-0.6410060803707892 1.0667258394240318 -0.29756005127397045 
-0.641751352175623 1.070125910665839 -0.29958317236004695 
-0.641751352175623 1.070125910665839 -0.29958317236004695 
-0.6417513521756231 1.0701259106658387 -0.2995831723600467 
-0.6417513521756231 1.0701259106658387 -0.2995831723600467 
-0.6422656683869483 1.072472175067925 -0.30097762538151285 
-0.6422656683869483 1.072472175067925 -0.30097762538151285 
-0.6424941144903927 1.0735133534622487 -0.3015854043158318 
-0.6424941144903927 1.0735133534622487 -0.3015854043158318 
-0.6424941144903927 1.0735133534622487 -0.3015854043158318 
-0.6424941144903927 1.0735133534622487 -0.3015854043158318 
-0.6423598431447949 1.0774916538273045 -0.30365201027325206 
-0.6423598431447949 1.0774916538273045 -0.30365201027325206 
-0.6437253660733186 1.0791282607592019 -0.30490037470566167 
-0.6437253660733186 1.0791282607592019 -0.30490037470566167 
-0.6441879322316246 1.0812385211988385 -0.3061554156452613 
-0.6441879322316246 1.0812385211988385 -0.3061554156452613 
-0.6441879322316246 1.0812385211988385 -0.3061554156452613 
-0.6446777437964923 1.0834716758647807 -0.30746765776970253 
-0.6446777437964923 1.0834716758647807 -0.30746765776970253 
-0.645118071803199 1.0854798363553122 -0.30865463076028676 
-0.645118071803199 1.0854798363553122 -0.30865463076028676 
-0.645118071803199 1.0854798363553122 -0.30865463076028676 
-0.645118071803199 1.0854798363553122 -0.30865463076028676 
-0.6457629219263024 1.0884210809834736 -0.3103969858612874 
-0.6457629219263024 1.0884210809834736 -0.3103969858612874 
-0.6459629398562812 1.0893324396608743 -0.31092610182550684 
-0.6459629398562812 1.0893324396608743 -0.31092610182550684 
-0.6459629398562812 1.0893324396608743 -0.31092610182550684 
-0.6450086333265383 1.0939146537605928 -0.31309018452004256 
-0.6472135781958627 1.0950369458875944 -0.3143074566566103 
-0.6476209911605674 1.0968941506350274 -0.315395638364664 
-0.6476209911605674 1.0968941506350274 -0.315395638364664 
-0.6476209911605674 1.0968941506350274 -0.315395638364664 
-0.6476209911605674 1.0968941506350274 -0.315395638364664 
-0.6474697419960028 1.098848414212881 -0.31640391651169764 
-0.6462390625152203 1.0995268239555887 -0.31641503204147714 
-0.6483767496603015 1.102090927378959 -0.3183586668019307 
-0.6490524902734819 1.1044254516854066 -0.31979454871030843 
-0.6490524902734819 1.1044254516854066 -0.31979454871030843 
-0.6475009311944087 1.1052810307174543 -0.3198085631118954 
-0.6475009311944087 1.1052810307174543 -0.3198085631118954 
-0.6475009311944087 1.1052810307174543 -0.3198085631118954 
-0.6494258711697758 1.1051263321542526 -0.3202710382759879 
-0.6496334187362134 1.1060716901989234 -0.32081639078545454 
-0.6496334187362134 1.1060716901989234 -0.32081639078545454 
-0.6496334187362134 1.1060716901989234 -0.32081639078545454 
-0.6496334187362134 1.1060716901989234 -0.32081639078545454 
-0.6502129898731799 1.1087152233964581 -0.32238277617247657 
-0.6502129898731799 1.1087152233964581 -0.32238277617247657 
-0.6502129898731799 1.1087152233964581 -0.32238277617247657 
-0.6502129898731799 1.1087152233964581 -0.32238277617247657 
-0.6508287198996007 1.1115229822676538 -0.3240385119654482 
-0.6508287198996007 1.1115229822676538 -0.3240385119654482 
-0.6508287198996007 1.1115229822676538 -0.3240385119654482 
-0.6508287198996007 1.1115229822676538 -0.3240385119654482 
-0.6508287198996007 1.1115229822676538 -0.3240385119654482 
-0.6516212357921694 1.1151376715995989 -0.32617892323666686 
-0.6521026758027593 1.117333830605704 -0.3274827229350452 
-0.6521026758027593 1.117333830605704 -0.3274827229350452 
-0.6521026758027593 1.117333830605704 -0.3274827229350452 
-0.6521026758027593 1.117333830605704 -0.3274827229350452 
-0.6512963955415957 1.121096124983406 -0.32924900260680745 
-0.651004003826506 1.1212571484026603 -0.32925164312275357 
-0.651004003826506 1.1212571484026603 -0.32925164312275357 
-0.6515872825197073 1.1239164066243807 -0.3308138983998631 
-0.6539298978369887 1.1256665587786578 -0.33240228275468087 
-0.6539298978369887 1.1256665587786578 -0.33240228275468087 
-0.6544187007088533 1.1278969774651137 -0.3337340517311451 
-0.6544187007088533 1.1278969774651137 -0.3337340517311451 
-0.6544187007088533 1.1278969774651137 -0.3337340517311451 
-0.6544187007088533 1.1278969774651137 -0.3337340517311451 
-0.6544187007088533 1.1278969774651137 -0.3337340517311451 
-0.6547475414695958 1.1293963487713181 -0.33461643265124486 
-0.6553823131980825 1.1322901058952202 -0.33631343468913844 
-0.6553823131980825 1.1322901058952202 -0.33631343468913844 
-0.6553823131980825 1.1322901058952202 -0.33631343468913844 
-0.6553823131980825 1.1322901058952202 -0.33631343468913844 
-0.6553823131980825 1.1322901058952202 -0.33631343468913844 
-0.6558864230808742 1.1345899934532462 -0.3376824053397781 
-0.6558864230808742 1.1345899934532462 -0.3376824053397781 
-0.6558864230808742 1.1345899934532462 -0.3376824053397781 
-0.6562155338612545 1.1360916171195747 -0.3385776964414545 
-0.6562155338612545 1.1360916171195747 -0.3385776964414545 
-0.6552794412103907 1.1396207080741358 -0.34015877333019773 
-0.6552794412103907 1.1396207080741358 -0.34015877333019773 
-0.6550576800305994 1.1397428255030744 -0.3401607759782359 
-0.6550576800305994 1.1397428255030744 -0.3401607759782359 
-0.6565721462981754 1.1410337779810114 -0.3412795790154247 
-0.6572209090096793 1.1406755486912519 -0.34127371794434735 
-0.6572209090096793 1.1406755486912519 -0.34127371794434735 
-0.6572209090096793 1.1406755486912519 -0.34127371794434735 
-0.6577985021204024 1.1433102236531634 -0.3428367133583755 
-0.6577985021204024 1.1433102236531634 -0.3428367133583755 
-0.6577985021204024 1.1433102236531634 -0.3428367133583755 
-0.6577985021204024 1.1433102236531634 -0.3428367133583755 
-0.6583866804164665 1.1459921673129245 -0.3444162370482321 
-0.6583866804164665 1.1459921673129245 -0.3444162370482321 
-0.6583866804164665 1.1459921673129245 -0.3444162370482321 
-0.6583866804164665 1.1459921673129245 -0.3444162370482321 
-0.6583866804164665 1.1459921673129245 -0.3444162370482321 
-0.6579200672413532 1.1495845599482433 -0.34619044758325557 
-0.6579200672413532 1.1495845599482433 -0.34619044758325557 
-0.6572913568841596 1.149930918781259 -0.34619612559617496 
-0.6588635787657954 1.150071393335008 -0.34670913792546476 
-0.6588635787657954 1.150071393335008 -0.34670913792546476 
-0.6579578959503333 1.1529698943702227 -0.3479828222270007 
-0.6579578959503333 1.1529698943702227 -0.3479828222270007 
-0.6586698444532979 1.153668895700047 -0.34856727422387457 
-0.6599186607274877 1.1529797621071856 -0.3485559931532277 
-0.6599186607274877 1.1529797621071856 -0.3485559931532277 
-0.6605733094085461 1.1559660269565835 -0.3503287342888671 
-0.6605733094085461 1.1559660269565835 -0.3503287342888671 
-0.6605733094085461 1.1559660269565835 -0.3503287342888671 
-0.6611038934237539 1.1583839522497403 -0.35173684879837086 
-0.6611038934237539 1.1583839522497403 -0.35173684879837086 
-0.6615332099150919 1.160343417573122 -0.3529123237021353 
-0.6617465594773358 1.1613157392637685 -0.3534793192716471 
-0.6617465594773358 1.1613157392637685 -0.3534793192716471 
-0.6618361412115987 1.1653760424208057 -0.3556526177091264 
-0.6629281139893426 1.167478852368068 -0.35705670536941114 
-0.6629281139893426 1.167478852368068 -0.35705670536941114 
-0.6629281139893426 1.167478852368068 -0.35705670536941114 
-0.6629281139893426 1.167478852368068 -0.35705670536941114 
-0.6634716757732528 1.1691833069275694 -0.3581296399818473 
-0.6634716757732528 1.1691833069275694 -0.3581296399818473 
-0.6634716757732528 1.1691833069275694 -0.3581296399818473 
-0.6634716757732528 1.1691833069275694 -0.3581296399818473 
-0.6639686269487085 1.1714497031164859 -0.35946924957724125 
-0.6639686269487085 1.1714497031164859 -0.35946924957724125 
-0.6645626293012638 1.1741590513349465 -0.3610745365623088 
-0.6645626293012638 1.1741590513349465 -0.3610745365623088 
-0.6648996842312964 1.1756958841924936 -0.36197906006007574 
-0.6648996842312964 1.1756958841924936 -0.36197906006007574 
-0.6652725665002261 1.1773974650723182 -0.3629963165427236 
-0.6652725665002261 1.1773974650723182 -0.3629963165427236 
-0.6652725665002261 1.1773974650723182 -0.3629963165427236 
-0.6652725665002261 1.1773974650723182 -0.3629963165427236 
-0.6652725665002261 1.1773974650723182 -0.3629963165427236 
-0.6661682090677715 1.1814802768827284 -0.3653885034596288 
-0.6661682090677715 1.1814802768827284 -0.3653885034596288 
-0.6661682090677715 1.1814802768827284 -0.3653885034596288 
-0.6661682090677715 1.1814802768827284 -0.3653885034596288 
-0.6665770201223822 1.1833450414225264 -0.3664945783450727 
-0.6665770201223822 1.1833450414225264 -0.3664945783450727 
-0.6665770201223822 1.1833450414225264 -0.3664945783450727 
-0.6666476691627791 1.1836677465859413 -0.36669102675312193 
-0.6666476691627791 1.1836677465859413 -0.36669102675312193 
-0.6666476691627791 1.1836677465859413 -0.36669102675312193 
-0.6666476691627791 1.1836677465859413 -0.36669102675312193 
-0.6666476691627791 1.1836677465859413 -0.36669102675312193 
-0.6656749615322922 1.187697192728538 -0.36854778933631205 
-0.6656749615322922 1.187697192728538 -0.36854778933631205 
-0.6658272257815405 1.1888599540817912 -0.3692099556217687 
-0.6658272257815405 1.1888599540817912 -0.3692099556217687 
-0.6658272257815405 1.1888599540817912 -0.3692099556217687 
-0.6658272257815405 1.1888599540817912 -0.3692099556217687 
-0.668301327387485 1.1916327951173027 -0.3713939335600198 
-0.668301327387485 1.1916327951173027 -0.3713939335600198 
-0.668301327387485 1.1916327951173027 -0.3713939335600198 
-0.6683837643569169 1.1915872488946677 -0.371393188741837 
-0.6689558532553438 1.1941939509590969 -0.3729070950029375 
-0.6689558532553438 1.1941939509590969 -0.3729070950029375 
-0.669359349656599 1.1960346402372466 -0.37400078551530147 
-0.669359349656599 1.1960346402372466 -0.37400078551530147 
-0.6698912400214805 1.1984617339527852 -0.3754507339498073 
-0.6698912400214805 1.1984617339527852 -0.3754507339498073 
-0.6698912400214805 1.1984617339527852 -0.3754507339498073 
-0.6698912400214805 1.1984617339527852 -0.3754507339498073 
-0.6698912400214805 1.1984617339527852 -0.3754507339498073 
-0.6698912400214805 1.1984617339527852 -0.3754507339498073 
-0.6703803774078394 1.2006918213572126 -0.37676124699821145 
-0.6703803774078394 1.2006918213572126 -0.37676124699821145 
-0.6703803774078394 1.2006918213572126 -0.37676124699821145 
-0.6703803774078394 1.2006918213572126 -0.37676124699821145 
-0.6711534697022966 1.2042160631347278 -0.3788270529819703 
-0.6716608750547673 1.2065304769599192 -0.38019890421323577 
-0.6716608750547673 1.2065304769599192 -0.38019890421323577 
-0.6716608750547673 1.2065304769599192 -0.38019890421323577 
-0.6716608750547673 1.2065304769599192 -0.38019890421323577 
-0.6716608750547673 1.2065304769599192 -0.38019890421323577 
-0.6719729068412552 1.2079543728975655 -0.38105009832247305 
-0.6719729068412552 1.2079543728975655 -0.38105009832247305 
-0.6719729068412552 1.2079543728975655 -0.38105009832247305 
-0.6715340684153484 1.2100324361598538 -0.38201560411927526 
-0.6715340684153484 1.2100324361598538 -0.38201560411927526 
-0.6725085884467165 1.210776437139581 -0.38267723139135335 
-0.6725085884467165 1.210776437139581 -0.38267723139135335 
-0.6725085884467165 1.210776437139581 -0.38267723139135335 
-0.6725085884467165 1.210776437139581 -0.38267723139135335 
-0.6725830164278248 1.2107353155216438 -0.382676558933582 
-0.6733573959752078 1.214268475875405 -0.3847822052580486 
-0.6733573959752078 1.214268475875405 -0.3847822052580486 
-0.6733573959752078 1.214268475875405 -0.3847822052580486 
-0.6733573959752078 1.214268475875405 -0.3847822052580486 
-0.6733573959752078 1.214268475875405 -0.3847822052580486 
-0.6729883287115823 1.2169307642976226 -0.38608227238022574 
-0.6742724469332664 1.2184413181838312 -0.38724480742326783 
-0.6742724469332664 1.2184413181838312 -0.38724480742326783 
-0.6747855741723722 1.2207809838938353 -0.3886220192543114 
-0.6747855741723722 1.2207809838938353 -0.3886220192543114 
-0.6747855741723722 1.2207809838938353 -0.3886220192543114 
-0.6747855741723722 1.2207809838938353 -0.3886220192543114 
-0.6752012327572481 1.2226762966837585 -0.3897384311939648 
-0.6752012327572481 1.2226762966837585 -0.3897384311939648 
-0.6756214052350931 1.2245933792016233 -0.3908811354453433 
-0.6756214052350931 1.2245933792016233 -0.3908811354453433 
-0.6756214052350931 1.2245933792016233 -0.3908811354453433 
-0.6756214052350931 1.2245933792016233 -0.3908811354453433 
-0.6756214052350931 1.2245933792016233 -0.3908811354453433 
-0.6762144998041302 1.2272982470786333 -0.39247991459085896 
-0.6762144998041302 1.2272982470786333 -0.39247991459085896 
-0.6766668202553368 1.2293611003274323 -0.3936992150906983 
-0.6754447054300755 1.2327217848064576 -0.3951394365448533 
-0.6757173867308517 1.2339653755079005 -0.39587449162681243 
-0.6757173867308517 1.2339653755079005 -0.39587449162681243 
-0.6757173867308517 1.2339653755079005 -0.39587449162681243 
-0.6779376798790073 1.2351579979205165 -0.39713710993838036 
-0.6783188753373731 1.2368954649224515 -0.3981525878752282 
-0.6783188753373731 1.2368954649224515 -0.3981525878752282 
-0.6785347298527606 1.2378802316139281 -0.39873851823902917 
-0.6785347298527606 1.2378802316139281 -0.39873851823902917 
-0.6785347298527606 1.2378802316139281 -0.39873851823902917 
-0.6785347298527606 1.2378802316139281 -0.39873851823902917 
-0.6785347298527606 1.2378802316139281 -0.39873851823902917 
-0.6793256582822554 1.2414870005542058 -0.40086652872103856 
-0.6798647989842331 1.243945806353652 -0.4023198667818143 
-0.6798647989842331 1.243945806353652 -0.4023198667818143 
-0.6798647989842331 1.243945806353652 -0.4023198667818143 
-0.6798647989842331 1.243945806353652 -0.4023198667818143 
-0.6805125171723903 1.2468997907803596 -0.4040658924334687 
-0.6805125171723903 1.2468997907803596 -0.4040658924334687 
-0.6805125171723903 1.2468997907803596 -0.4040658924334687 
-0.6812517440966839 1.250271450373018 -0.4060626549585825 
-0.6813978667453889 1.2509381978209533 -0.40646061217265317 
-0.6813978667453889 1.2509381978209533 -0.40646061217265317 
-0.6813978667453889 1.2509381978209533 -0.40646061217265317 
-0.6813978667453889 1.2509381978209533 -0.40646061217265317 
-0.6813978667453889 1.2509381978209533 -0.40646061217265317 
-0.682013353887076 1.2537445086889758 -0.4081116324647075 
-0.6827818410856308 1.2572487693682266 -0.4101772069938435 
-0.6827818410856308 1.2572487693682266 -0.4101772069938435 
-0.6827818410856308 1.2572487693682266 -0.4101772069938435 
-0.6827818410856308 1.2572487693682266 -0.4101772069938435 
-0.6832830436352749 1.2595350574361144 -0.41153427970626055 
-0.6832830436352749 1.2595350574361144 -0.41153427970626055 
-0.6832830436352749 1.2595350574361144 -0.41153427970626055 
-0.6832830436352749 1.2595350574361144 -0.41153427970626055 
-0.6839401094535646 1.262532012979921 -0.41330956412365005 
-0.6846139818194711 1.265604432825357 -0.4151160288105199 
-0.6848040555128696 1.266471283163193 -0.4156284021704887 
-0.6848040555128696 1.266471283163193 -0.4156284021704887 
-0.6848040555128696 1.266471283163193 -0.4156284021704887 
-0.6839656879733352 1.2682815037984105 -0.41634885539557853 
-0.6839656879733352 1.2682815037984105 -0.41634885539557853 
-0.6839656879733352 1.2682815037984105 -0.41634885539557853 
-0.6835154938258108 1.2695279090881 -0.4168773234177927 
-0.6835154938258108 1.2695279090881 -0.4168773234177927 
-0.6835154938258108 1.2695279090881 -0.4168773234177927 
-0.6835154938258108 1.2695279090881 -0.4168773234177927 
-0.6835154938258108 1.2695279090881 -0.4168773234177927 
-0.6855337303054632 1.2713761351717798 -0.4184507924076972 
-0.6855337303054632 1.2713761351717798 -0.4184507924076972 
-0.6858418172787141 1.2712059577161277 -0.418448008936151 
-0.6858418172787141 1.2712059577161277 -0.418448008936151 
-0.6858418172787141 1.2712059577161277 -0.418448008936151 
-0.6864025639611263 1.2737607623038123 -0.41992931009697576 
-0.6864025639611263 1.2737607623038123 -0.41992931009697576 
-0.686722831977589 1.275222560705525 -0.42080676701904596 
-0.686722831977589 1.275222560705525 -0.42080676701904596 
-0.6868802673912383 1.2759405608615118 -0.42123115879271633 
-0.6868802673912383 1.2759405608615118 -0.42123115879271633 
-0.6868802673912383 1.2759405608615118 -0.42123115879271633 
-0.6868802673912383 1.2759405608615118 -0.42123115879271633 
-0.6861984859427881 1.2802948683297612 -0.423345862179882 
-0.6861984859427881 1.2802948683297612 -0.423345862179882 
-0.6859108332962413 1.2804532811108795 -0.4233484598966384 
-0.6859108332962413 1.2804532811108795 -0.4233484598966384 
-0.6875994207880675 1.2829082874765592 -0.4251322746161894 
-0.688320550019782 1.282510129234994 -0.42512575984056056 
-0.688320550019782 1.282510129234994 -0.42512575984056056 
-0.688320550019782 1.282510129234994 -0.42512575984056056 
-0.6888667522229873 1.2850004665187047 -0.42659010002527575 
-0.6888667522229873 1.2850004665187047 -0.42659010002527575 
-0.6888667522229873 1.2850004665187047 -0.42659010002527575 
-0.6888667522229873 1.2850004665187047 -0.42659010002527575 
-0.6895852940439376 1.28827710899619 -0.42852298108577813 
-0.6895852940439376 1.28827710899619 -0.42852298108577813 
-0.6897576343094535 1.2890637648448096 -0.42899567275241945 
-0.6897576343094535 1.2890637648448096 -0.42899567275241945 
-0.6900633611232587 1.2904573823512653 -0.42981168564737426 
-0.6900633611232587 1.2904573823512653 -0.42981168564737426 
-0.6900633611232587 1.2904573823512653 -0.42981168564737426 
-0.6902163606428274 1.2911551521628342 -0.4302241197749662 
-0.6902163606428274 1.2911551521628342 -0.4302241197749662 
-0.6902163606428274 1.2911551521628342 -0.4302241197749662 
-0.6902163606428274 1.2911551521628342 -0.4302241197749662 
-0.6910557104259144 1.2949830918951655 -0.4324867183537572 
-0.6910557104259144 1.2949830918951655 -0.4324867183537572 
-0.6912666580585252 1.295945139947817 -0.43305536068066586 
-0.6912666580585252 1.295945139947817 -0.43305536068066586 
-0.6912666580585252 1.295945139947817 -0.43305536068066586 
-0.6916654275599752 1.2977632656080198 -0.43412430334918894 
-0.6916654275599752 1.2977632656080198 -0.43412430334918894 
-0.6920464969737626 1.299501674337422 -0.4351575384102092 
-0.6920464969737626 1.299501674337422 -0.4351575384102092 
-0.6920464969737626 1.299501674337422 -0.4351575384102092 
-0.6920464969737626 1.299501674337422 -0.4351575384102092 
-0.6925094948526711 1.301613563379874 -0.436409682353054 
-0.6925094948526711 1.301613563379874 -0.436409682353054 
-0.6925094948526711 1.301613563379874 -0.436409682353054 
-0.6931114512823738 1.3043585063676362 -0.43802828926246906 
-0.6931114512823738 1.3043585063676362 -0.43802828926246906 
-0.6931114512823738 1.3043585063676362 -0.43802828926246906 
-0.6931114512823738 1.3043585063676362 -0.43802828926246906 
-0.6931114512823738 1.3043585063676362 -0.43802828926246906 
-0.69366880147515 1.306900358394934 -0.4395307138528789 
-0.69366880147515 1.306900358394934 -0.4395307138528789 
-0.69366880147515 1.306900358394934 -0.4395307138528789 
