-0.5657062619924837 1.044147984808475 -0.2428569019846918 
-0.5657062619924837 1.044147984808475 -0.2428569019846918 
-0.5657062619924837 1.044147984808475 -0.2428569019846918 
-0.5650603257630704 1.041201786882437 -0.24111161911431067 
-0.5650603257630704 1.041201786882437 -0.24111161911431067 
-0.5650603257630704 1.041201786882437 -0.24111161911431067 
-0.5650603257630704 1.041201786882437 -0.24111161911431067 
-0.5650603257630704 1.041201786882437 -0.24111161911431067 
-0.5650603257630704 1.041201786882437 -0.24111161911431067 
-0.5650427312994473 1.0411207021893836 -0.2410541268462857 
-0.5650427312994473 1.0411207021893836 -0.2410541268462857 
-0.5650427312994473 1.0411207021893836 -0.2410541268462857 
-0.5650427312994473 1.0411207021893836 -0.2410541268462857 
-0.5650427312994473 1.0411207021893836 -0.2410541268462857 
-0.5656262806883064 1.043782038305033 -0.2426271754661723 
-0.5656262806883064 1.043782038305033 -0.2426271754661723 
-0.5656262806883064 1.043782038305033 -0.2426271754661723 
-0.5656262806883064 1.043782038305033 -0.2426271754661723 
-0.5656262806883064 1.043782038305033 -0.2426271754661723 
-0.5665165175793956 1.0478425569057284 -0.2450329510743201 
-0.5665165175793956 1.0478425569057284 -0.2450329510743201 
-0.5666919983151294 1.0486438680918333 -0.24551808085906435 
-0.5666919983151294 1.0486438680918333 -0.24551808085906435 
-0.5666919983151294 1.0486438680918333 -0.24551808085906435 
-0.5666919983151294 1.0486438680918333 -0.24551808085906435 
-0.5666919983151294 1.0486438680918333 -0.24551808085906435 
-0.5666919983151294 1.0486438680918333 -0.24551808085906435 
-0.5666919983151294 1.0486438680918333 -0.24551808085906435 
-0.5673030821575757 1.051430777872977 -0.2471653529038086 
-0.5673030821575757 1.051430777872977 -0.2471653529038086 
-0.5673030821575757 1.051430777872977 -0.2471653529038086 
-0.5677106544377184 1.053287695684287 -0.24824187004765907 
-0.5677106544377184 1.053287695684287 -0.24824187004765907 
-0.5680992951826961 1.0550609745394786 -0.24929957558287663 
-0.5680992951826961 1.0550609745394786 -0.24929957558287663 
-0.5680992951826961 1.0550609745394786 -0.24929957558287663 
-0.5680992951826961 1.0550609745394786 -0.24929957558287663 
-0.5680992951826961 1.0550609745394786 -0.24929957558287663 
-0.5680992951826961 1.0550609745394786 -0.24929957558287663 
-0.5669513456915598 1.058759897539534 -0.2509397212914585 
-0.5669513456915598 1.058759897539534 -0.2509397212914585 
-0.5669513456915598 1.058759897539534 -0.2509397212914585 
-0.5669513456915598 1.058759897539534 -0.2509397212914585 
-0.5669513456915598 1.058759897539534 -0.2509397212914585 
-0.5669513456915598 1.058759897539534 -0.2509397212914585 
-0.5693933969554992 1.061968316024509 -0.2533353354728485 
-0.5693933969554992 1.061968316024509 -0.2533353354728485 
-0.5698137143475039 1.0628792537967586 -0.25391505763043254 
-0.5698137143475039 1.0628792537967586 -0.25391505763043254 
-0.5698137143475039 1.0628792537967586 -0.25391505763043254 
-0.5704518357332556 1.0657884501255024 -0.2556230312992518 
-0.5704518357332556 1.0657884501255024 -0.2556230312992518 
-0.5704518357332556 1.0657884501255024 -0.2556230312992518 
-0.5704518357332556 1.0657884501255024 -0.2556230312992518 
-0.5704518357332556 1.0657884501255024 -0.2556230312992518 
-0.5709109015919236 1.0678835904529271 -0.2568787002741849 
-0.5709109015919236 1.0678835904529271 -0.2568787002741849 
-0.569897315141178 1.0704453212810074 -0.25794727818577934 
-0.569897315141178 1.0704453212810074 -0.25794727818577934 
-0.5701211421544408 1.0714661070541172 -0.2585506388970207 
-0.5701211421544408 1.0714661070541172 -0.2585506388970207 
-0.5697789055897707 1.0716545903504973 -0.2585537295724841 
-0.5697789055897707 1.0716545903504973 -0.2585537295724841 
-0.5697789055897707 1.0716545903504973 -0.2585537295724841 
-0.5697789055897707 1.0716545903504973 -0.2585537295724841 
-0.5697789055897707 1.0716545903504973 -0.2585537295724841 
-0.5718648074977373 1.0730811014312711 -0.25988859647568996 
-0.5718648074977373 1.0730811014312711 -0.25988859647568996 
-0.5718648074977373 1.0730811014312711 -0.25988859647568996 
-0.5718648074977373 1.0730811014312711 -0.25988859647568996 
-0.5720306516854132 1.072989480853273 -0.25988709809200106 
-0.5728382673323119 1.0766730341448136 -0.26206821311197337 
-0.5728382673323119 1.0766730341448136 -0.26206821311197337 
-0.5728382673323119 1.0766730341448136 -0.26206821311197337 
-0.5728382673323119 1.0766730341448136 -0.26206821311197337 
-0.5728382673323119 1.0766730341448136 -0.26206821311197337 
-0.5728382673323119 1.0766730341448136 -0.26206821311197337 
-0.5732893226383295 1.078731301232477 -0.26329822762258914 
-0.5732893226383295 1.078731301232477 -0.26329822762258914 
-0.5737411609600257 1.0807912750753217 -0.2645081069326667 
-0.5737411609600257 1.0807912750753217 -0.2645081069326667 
-0.5737411609600257 1.0807912750753217 -0.2645081069326667 
-0.5737411609600257 1.0807912750753217 -0.2645081069326667 
-0.5737411609600257 1.0807912750753217 -0.2645081069326667 
-0.5744183282583122 1.0838780411882643 -0.26631533209067215 
-0.5744183282583122 1.0838780411882643 -0.26631533209067215 
-0.5744183282583122 1.0838780411882643 -0.26631533209067215 
-0.5744183282583122 1.0838780411882643 -0.26631533209067215 
-0.5744183282583122 1.0838780411882643 -0.26631533209067215 
-0.5744183282583122 1.0838780411882643 -0.26631533209067215 
-0.5744183282583122 1.0838780411882643 -0.26631533209067215 
-0.5750137335540493 1.0865949713329461 -0.26793852533589435 
-0.5757751814225334 1.0900683120958414 -0.26999924865762115 
-0.5757751814225334 1.0900683120958412 -0.2699992486576209 
-0.5759861290551441 1.0910303601484928 -0.2705678909845294 
-0.5759861290551441 1.0910303601484928 -0.2705678909845294 
-0.5759861290551441 1.0910303601484928 -0.2705678909845294 
-0.5759861290551441 1.0910303601484928 -0.2705678909845294 
-0.5759861290551441 1.0910303601484928 -0.2705678909845294 
-0.5767710440549801 1.0946093639307692 -0.2726756305595087 
-0.5767710440549801 1.0946093639307692 -0.2726756305595087 
-0.5767710440549801 1.0946093639307692 -0.2726756305595087 
-0.5767710440549801 1.0946093639307692 -0.2726756305595087 
-0.5773550535126649 1.0972731385396497 -0.2742539801339917 
-0.5773550535126649 1.0972731385396497 -0.2742539801339917 
-0.57773626364133 1.0990108425983387 -0.27527152800049526 
-0.57773626364133 1.0990108425983387 -0.27527152800049526 
-0.57773626364133 1.0990108425983387 -0.27527152800049526 
-0.5779552058325009 1.1000093506453472 -0.2758617209100104 
-0.5779552058325009 1.1000093506453472 -0.2758617209100104 
-0.5779552058325009 1.1000093506453472 -0.2758617209100104 
-0.5779552058325009 1.1000093506453472 -0.2758617209100104 
-0.5779552058325009 1.1000093506453472 -0.2758617209100104 
-0.5786217848427886 1.1030490114597071 -0.27765452808960533 
-0.5786217848427886 1.1030490114597071 -0.27765452808960533 
-0.5786217848427886 1.1030490114597071 -0.27765452808960533 
-0.5786217848427886 1.1030490114597071 -0.27765452808960533 
-0.5786217848427886 1.1030490114597071 -0.27765452808960533 
-0.579376825078487 1.106493632620253 -0.27970398150844367 
-0.5795524687696157 1.1072946734706266 -0.2801774565410573 
-0.5795524687696157 1.1072946734706266 -0.2801774565410573 
-0.5795524687696157 1.1072946734706266 -0.2801774565410573 
-0.5800003288394191 1.1093368443953562 -0.2813806726182705 
-0.5800003288394191 1.1093368443953562 -0.2813806726182705 
-0.5801726032392358 1.1101220161950927 -0.2818390623261744 
-0.5801726032392358 1.1101220161950927 -0.2818390623261744 
-0.5801726032392358 1.1101220161950927 -0.2818390623261744 
-0.5801726032392358 1.1101220161950927 -0.2818390623261744 
-0.5801726032392358 1.1101220161950927 -0.2818390623261744 
-0.5809446744865567 1.1136431253481103 -0.2839203010923167 
-0.5809446744865567 1.1136431253481103 -0.2839203010923167 
-0.5812371158997492 1.114976834044408 -0.2847086226469321 
-0.5812371158997492 1.114976834044408 -0.2847086226469321 
-0.5814367722908018 1.1158878903020724 -0.2852528305399167 
-0.5814367722908018 1.1158878903020724 -0.2852528305399167 
-0.5805976801973047 1.1209950484560998 -0.28772148888880844 
-0.5805976801973047 1.1209950484560998 -0.28772148888880844 
-0.5805976801973047 1.1209950484560998 -0.28772148888880844 
-0.580597680197305 1.1209950484560998 -0.28772148888880866 
-0.580597680197305 1.1209950484560998 -0.28772148888880866 
-0.5817665974457298 1.122110972338835 -0.28863832060439853 
-0.5826895847724092 1.121601468564842 -0.2886299824704883 
-0.5829656102011547 1.1228606508034655 -0.2893781129394082 
-0.5829656102011547 1.1228606508034655 -0.2893781129394082 
-0.5829656102011547 1.1228606508034655 -0.2893781129394082 
-0.5829656102011547 1.1228606508034655 -0.2893781129394082 
-0.5829656102011547 1.1228606508034655 -0.2893781129394082 
-0.5829656102011547 1.1228606508034655 -0.2893781129394082 
-0.583565147493815 1.1255949013743656 -0.29099425945381774 
-0.583565147493815 1.1255949013743656 -0.29099425945381774 
-0.583565147493815 1.1255949013743656 -0.29099425945381774 
-0.583565147493815 1.1255949013743656 -0.29099425945381774 
-0.583565147493815 1.1255949013743656 -0.29099425945381774 
-0.5824386016752578 1.1292576542173471 -0.29259616726816884 
-0.5824386016752578 1.1292576542173471 -0.29259616726816884 
-0.5827351424682259 1.1306119228176377 -0.29341778528366635 
-0.5844569201563904 1.1296622612630527 -0.2934022328681115 
-0.5847684592098525 1.1310830666828562 -0.2942420350981295 
-0.5845178682932255 1.1343313678027007 -0.2958933236198509 
-0.5836291600350576 1.1348210926264526 -0.2959013500422616 
-0.5836291600350576 1.1348210926264526 -0.2959013500422616 
-0.5836291600350576 1.1348210926264526 -0.2959013500422616 
-0.5860058706740725 1.136725955290835 -0.29756005316860323 
-0.5860058706740725 1.136725955290835 -0.29756005316860323 
-0.5860058706740725 1.136725955290835 -0.29756005316860323 
-0.5860058706740725 1.136725955290835 -0.29756005316860323 
-0.586006080370789 1.1367258394240318 -0.29756005127397034 
-0.5867513521756228 1.140125910665839 -0.29958317236004683 
-0.5867513521756228 1.140125910665839 -0.29958317236004683 
-0.5867513521756229 1.1401259106658388 -0.2995831723600466 
-0.5867513521756229 1.1401259106658388 -0.2995831723600466 
-0.5872656683869482 1.1424721750679248 -0.30097762538151296 
-0.5872656683869482 1.1424721750679248 -0.30097762538151296 
-0.5874941144903927 1.1435133534622488 -0.3015854043158318 
-0.5874941144903927 1.1435133534622488 -0.3015854043158318 
-0.5874941144903927 1.1435133534622488 -0.3015854043158318 
-0.5874941144903927 1.1435133534622488 -0.3015854043158318 
-0.5873598431447947 1.1474916538273046 -0.3036520102732524 
-0.5873598431447947 1.1474916538273046 -0.3036520102732524 
-0.5887253660733185 1.1491282607592022 -0.3049003747056621 
-0.5887253660733185 1.1491282607592022 -0.3049003747056621 
-0.5891879322316245 1.1512385211988385 -0.3061554156452614 
-0.5891879322316245 1.1512385211988385 -0.3061554156452614 
-0.5891879322316245 1.1512385211988385 -0.3061554156452614 
-0.5896777437964923 1.1534716758647807 -0.30746765776970264 
-0.5896777437964923 1.1534716758647807 -0.30746765776970264 
-0.5901180718031989 1.155479836355312 -0.30865463076028676 
-0.5901180718031989 1.155479836355312 -0.30865463076028676 
-0.5901180718031989 1.155479836355312 -0.30865463076028676 
-0.5901180718031989 1.155479836355312 -0.30865463076028676 
-0.5907629219263021 1.1584210809834732 -0.3103969858612876 
-0.5907629219263021 1.1584210809834732 -0.3103969858612876 
-0.5909629398562811 1.1593324396608742 -0.3109261018255065 
-0.5909629398562811 1.1593324396608742 -0.3109261018255065 
-0.5909629398562811 1.1593324396608742 -0.3109261018255065 
-0.5900086333265384 1.1639146537605929 -0.31309018452004267 
-0.5922135781958625 1.1650369458875942 -0.31430745665661053 
-0.5926209911605673 1.1668941506350272 -0.3153956383646641 
-0.5926209911605673 1.1668941506350272 -0.3153956383646641 
-0.5926209911605673 1.1668941506350272 -0.3153956383646641 
-0.5926209911605673 1.1668941506350272 -0.3153956383646641 
-0.5924697419960028 1.168848414212881 -0.3164039165116975 
-0.5912390625152202 1.1695268239555887 -0.31641503204147703 
-0.5933767496603014 1.1720909273789588 -0.3183586668019305 
-0.5940524902734817 1.1744254516854062 -0.31979454871030866 
-0.5940524902734817 1.1744254516854062 -0.31979454871030866 
-0.5925009311944085 1.175281030717454 -0.31980856311189565 
-0.5925009311944085 1.175281030717454 -0.31980856311189565 
-0.5925009311944085 1.175281030717454 -0.31980856311189565 
-0.5944258711697759 1.1751263321542529 -0.320271038275988 
-0.5946334187362132 1.1760716901989234 -0.32081639078545454 
-0.5946334187362132 1.1760716901989234 -0.32081639078545454 
-0.5946334187362132 1.1760716901989234 -0.32081639078545454 
-0.5946334187362132 1.1760716901989234 -0.32081639078545454 
-0.5952129898731799 1.178715223396458 -0.32238277617247657 
-0.5952129898731799 1.178715223396458 -0.32238277617247657 
-0.5952129898731799 1.178715223396458 -0.32238277617247657 
-0.5952129898731799 1.178715223396458 -0.32238277617247657 
-0.5958287198996005 1.1815229822676536 -0.3240385119654481 
-0.5958287198996005 1.1815229822676536 -0.3240385119654481 
-0.5958287198996005 1.1815229822676536 -0.3240385119654481 
-0.5958287198996005 1.1815229822676536 -0.3240385119654481 
-0.5958287198996005 1.1815229822676536 -0.3240385119654481 
-0.5966212357921692 1.1851376715995992 -0.32617892323666675 
-0.5971026758027592 1.187333830605704 -0.32748272293504543 
-0.5971026758027592 1.187333830605704 -0.32748272293504543 
-0.5971026758027592 1.187333830605704 -0.32748272293504543 
-0.5971026758027592 1.187333830605704 -0.32748272293504543 
-0.5962963955415956 1.1910961249834058 -0.32924900260680734 
-0.596004003826506 1.1912571484026602 -0.32925164312275346 
-0.596004003826506 1.1912571484026602 -0.32925164312275346 
-0.5965872825197073 1.193916406624381 -0.33081389839986286 
-0.5989298978369885 1.1956665587786577 -0.33240228275468087 
-0.5989298978369885 1.1956665587786577 -0.33240228275468087 
-0.5994187007088532 1.1978969774651138 -0.33373405173114523 
-0.5994187007088532 1.1978969774651138 -0.33373405173114523 
-0.5994187007088532 1.1978969774651138 -0.33373405173114523 
-0.5994187007088532 1.1978969774651138 -0.33373405173114523 
-0.5994187007088532 1.1978969774651138 -0.33373405173114523 
-0.5997475414695957 1.1993963487713182 -0.33461643265124497 
-0.6003823131980823 1.2022901058952202 -0.33631343468913855 
-0.6003823131980823 1.2022901058952202 -0.33631343468913855 
-0.6003823131980823 1.2022901058952202 -0.33631343468913855 
-0.6003823131980823 1.2022901058952202 -0.33631343468913855 
-0.6003823131980823 1.2022901058952202 -0.33631343468913855 
-0.600886423080874 1.204589993453246 -0.3376824053397779 
-0.600886423080874 1.204589993453246 -0.3376824053397779 
-0.600886423080874 1.204589993453246 -0.3376824053397779 
-0.6012155338612545 1.206091617119575 -0.3385776964414543 
-0.6012155338612545 1.206091617119575 -0.3385776964414543 
-0.6002794412103907 1.2096207080741357 -0.34015877333019773 
-0.6002794412103907 1.2096207080741357 -0.34015877333019773 
-0.6000576800305993 1.2097428255030742 -0.3401607759782359 
-0.6000576800305993 1.2097428255030742 -0.3401607759782359 
-0.6015721462981753 1.2110337779810116 -0.3412795790154247 
-0.6022209090096793 1.2106755486912522 -0.34127371794434735 
-0.6022209090096793 1.2106755486912522 -0.34127371794434735 
-0.6022209090096793 1.2106755486912522 -0.34127371794434735 
-0.6027985021204023 1.2133102236531632 -0.3428367133583755 
-0.6027985021204023 1.2133102236531632 -0.3428367133583755 
-0.6027985021204023 1.2133102236531632 -0.3428367133583755 
-0.6027985021204023 1.2133102236531632 -0.3428367133583755 
-0.6033866804164665 1.2159921673129248 -0.3444162370482323 
-0.6033866804164665 1.2159921673129248 -0.3444162370482323 
-0.6033866804164665 1.2159921673129248 -0.3444162370482323 
-0.6033866804164665 1.2159921673129248 -0.3444162370482323 
-0.6033866804164665 1.2159921673129248 -0.3444162370482323 
-0.6029200672413528 1.2195845599482429 -0.34619044758325535 
-0.6029200672413528 1.2195845599482429 -0.34619044758325535 
-0.6022913568841594 1.2199309187812586 -0.34619612559617474 
-0.6038635787657952 1.220071393335008 -0.3467091379254652 
-0.6038635787657952 1.220071393335008 -0.3467091379254652 
-0.6029578959503333 1.222969894370223 -0.34798282222700094 
-0.6029578959503333 1.222969894370223 -0.34798282222700094 
-0.603669844453298 1.223668895700047 -0.3485672742238748 
-0.6049186607274878 1.2229797621071856 -0.34855599315322794 
-0.6049186607274878 1.2229797621071856 -0.34855599315322794 
-0.605573309408546 1.2259660269565835 -0.35032873428886757 
-0.605573309408546 1.2259660269565835 -0.35032873428886757 
-0.605573309408546 1.2259660269565835 -0.35032873428886757 
-0.6061038934237538 1.2283839522497404 -0.3517368487983711 
-0.6061038934237538 1.2283839522497404 -0.3517368487983711 
-0.6065332099150917 1.2303434175731218 -0.3529123237021353 
-0.6067465594773358 1.2313157392637686 -0.3534793192716471 
-0.6067465594773358 1.2313157392637686 -0.3534793192716471 
-0.6068361412115988 1.235376042420806 -0.3556526177091268 
-0.6079281139893425 1.2374788523680684 -0.3570567053694116 
-0.6079281139893425 1.2374788523680684 -0.3570567053694116 
-0.6079281139893425 1.2374788523680684 -0.3570567053694116 
-0.6079281139893425 1.2374788523680684 -0.3570567053694116 
-0.6084716757732528 1.23918330692757 -0.35812963998184777 
-0.6084716757732528 1.23918330692757 -0.35812963998184777 
-0.6084716757732528 1.23918330692757 -0.35812963998184777 
-0.6084716757732528 1.23918330692757 -0.35812963998184777 
-0.6089686269487085 1.2414497031164857 -0.3594692495772408 
-0.6089686269487085 1.2414497031164857 -0.3594692495772408 
-0.6095626293012637 1.2441590513349465 -0.3610745365623095 
-0.6095626293012637 1.2441590513349465 -0.3610745365623095 
-0.6098996842312963 1.2456958841924934 -0.36197906006007596 
-0.6098996842312963 1.2456958841924934 -0.36197906006007596 
-0.6102725665002261 1.2473974650723185 -0.36299631654272335 
-0.6102725665002261 1.2473974650723185 -0.36299631654272335 
-0.6102725665002261 1.2473974650723185 -0.36299631654272335 
-0.6102725665002261 1.2473974650723185 -0.36299631654272335 
-0.6102725665002261 1.2473974650723185 -0.36299631654272335 
-0.6111682090677715 1.2514802768827282 -0.36538850345962903 
-0.6111682090677715 1.2514802768827282 -0.36538850345962903 
-0.6111682090677715 1.2514802768827282 -0.36538850345962903 
-0.6111682090677715 1.2514802768827282 -0.36538850345962903 
-0.6115770201223822 1.2533450414225265 -0.3664945783450727 
-0.6115770201223822 1.2533450414225265 -0.3664945783450727 
-0.6115770201223822 1.2533450414225265 -0.3664945783450727 
-0.611647669162779 1.2536677465859416 -0.36669102675312193 
-0.611647669162779 1.2536677465859416 -0.36669102675312193 
-0.611647669162779 1.2536677465859416 -0.36669102675312193 
-0.611647669162779 1.2536677465859416 -0.36669102675312193 
-0.611647669162779 1.2536677465859416 -0.36669102675312193 
-0.6106749615322921 1.257697192728538 -0.3685477893363118 
-0.6106749615322921 1.257697192728538 -0.3685477893363118 
-0.6108272257815405 1.258859954081791 -0.3692099556217687 
-0.6108272257815405 1.258859954081791 -0.3692099556217687 
-0.6108272257815405 1.258859954081791 -0.3692099556217687 
-0.6108272257815405 1.258859954081791 -0.3692099556217687 
-0.613301327387485 1.261632795117303 -0.37139393356002004 
-0.613301327387485 1.261632795117303 -0.37139393356002004 
-0.613301327387485 1.261632795117303 -0.37139393356002004 
-0.6133837643569169 1.261587248894668 -0.37139318874183724 
-0.6139558532553436 1.2641939509590971 -0.3729070950029377 
-0.6139558532553436 1.2641939509590971 -0.3729070950029377 
-0.6143593496565989 1.2660346402372467 -0.374000785515301 
-0.6143593496565989 1.2660346402372467 -0.374000785515301 
-0.6148912400214807 1.268461733952786 -0.37545073394980777 
-0.6148912400214807 1.268461733952786 -0.37545073394980777 
-0.6148912400214807 1.268461733952786 -0.37545073394980777 
-0.6148912400214807 1.268461733952786 -0.37545073394980777 
-0.6148912400214807 1.268461733952786 -0.37545073394980777 
-0.6148912400214807 1.268461733952786 -0.37545073394980777 
-0.6153803774078392 1.2706918213572125 -0.3767612469982117 
-0.6153803774078392 1.2706918213572125 -0.3767612469982117 
-0.6153803774078392 1.2706918213572125 -0.3767612469982117 
-0.6153803774078392 1.2706918213572125 -0.3767612469982117 
-0.6161534697022965 1.2742160631347281 -0.3788270529819705 
-0.6166608750547673 1.2765304769599195 -0.380198904213236 
-0.6166608750547673 1.2765304769599195 -0.380198904213236 
-0.6166608750547673 1.2765304769599195 -0.380198904213236 
-0.6166608750547673 1.2765304769599195 -0.380198904213236 
-0.6166608750547673 1.2765304769599195 -0.380198904213236 
-0.616972906841255 1.2779543728975655 -0.38105009832247305 
-0.616972906841255 1.2779543728975655 -0.38105009832247305 
-0.616972906841255 1.2779543728975655 -0.38105009832247305 
-0.6165340684153483 1.2800324361598538 -0.38201560411927526 
-0.6165340684153483 1.2800324361598538 -0.38201560411927526 
-0.6175085884467164 1.2807764371395813 -0.3826772313913529 
-0.6175085884467164 1.2807764371395813 -0.3826772313913529 
-0.6175085884467164 1.2807764371395813 -0.3826772313913529 
-0.6175085884467164 1.2807764371395813 -0.3826772313913529 
-0.6175830164278246 1.280735315521644 -0.38267655893358155 
-0.6183573959752078 1.284268475875405 -0.38478220525804907 
-0.6183573959752078 1.284268475875405 -0.38478220525804907 
-0.6183573959752078 1.284268475875405 -0.38478220525804907 
-0.6183573959752078 1.284268475875405 -0.38478220525804907 
-0.6183573959752078 1.284268475875405 -0.38478220525804907 
-0.6179883287115822 1.2869307642976227 -0.38608227238022574 
-0.6192724469332663 1.2884413181838315 -0.38724480742326806 
-0.6192724469332663 1.2884413181838315 -0.38724480742326806 
-0.6197855741723721 1.2907809838938353 -0.3886220192543114 
-0.6197855741723721 1.2907809838938353 -0.3886220192543114 
-0.6197855741723721 1.2907809838938353 -0.3886220192543114 
-0.6197855741723721 1.2907809838938353 -0.3886220192543114 
-0.620201232757248 1.292676296683759 -0.38973843119396523 
-0.620201232757248 1.292676296683759 -0.38973843119396523 
-0.6206214052350931 1.2945933792016235 -0.39088113544534353 
-0.6206214052350931 1.2945933792016235 -0.39088113544534353 
-0.6206214052350931 1.2945933792016235 -0.39088113544534353 
-0.6206214052350931 1.2945933792016235 -0.39088113544534353 
-0.6206214052350931 1.2945933792016235 -0.39088113544534353 
-0.6212144998041302 1.2972982470786336 -0.39247991459085896 
-0.6212144998041302 1.2972982470786336 -0.39247991459085896 
-0.6216668202553367 1.2993611003274328 -0.3936992150906983 
-0.6204447054300753 1.3027217848064576 -0.3951394365448533 
-0.6207173867308515 1.3039653755079006 -0.3958744916268122 
-0.6207173867308515 1.3039653755079006 -0.3958744916268122 
-0.6207173867308515 1.3039653755079006 -0.3958744916268122 
-0.6229376798790074 1.305157997920517 -0.3971371099383806 
-0.6233188753373732 1.3068954649224518 -0.39815258787522845 
-0.6233188753373732 1.3068954649224518 -0.39815258787522845 
-0.6235347298527605 1.307880231613928 -0.39873851823902917 
-0.6235347298527605 1.307880231613928 -0.39873851823902917 
-0.6235347298527605 1.307880231613928 -0.39873851823902917 
-0.6235347298527605 1.307880231613928 -0.39873851823902917 
-0.6235347298527605 1.307880231613928 -0.39873851823902917 
-0.6243256582822554 1.311487000554206 -0.400866528721039 
-0.6248647989842333 1.3139458063536524 -0.4023198667818141 
-0.6248647989842333 1.3139458063536524 -0.4023198667818141 
-0.6248647989842333 1.3139458063536524 -0.4023198667818141 
-0.6248647989842333 1.3139458063536524 -0.4023198667818141 
-0.6255125171723901 1.31689979078036 -0.4040658924334689 
-0.6255125171723901 1.31689979078036 -0.4040658924334689 
-0.6255125171723901 1.31689979078036 -0.4040658924334689 
-0.6262517440966838 1.320271450373018 -0.4060626549585825 
-0.6263978667453888 1.3209381978209533 -0.4064606121726534 
-0.6263978667453888 1.3209381978209533 -0.4064606121726534 
-0.6263978667453888 1.3209381978209533 -0.4064606121726534 
-0.6263978667453888 1.3209381978209533 -0.4064606121726534 
-0.6263978667453888 1.3209381978209533 -0.4064606121726534 
-0.627013353887076 1.3237445086889763 -0.4081116324647073 
-0.6277818410856307 1.3272487693682267 -0.4101772069938435 
-0.6277818410856307 1.3272487693682267 -0.4101772069938435 
-0.6277818410856307 1.3272487693682267 -0.4101772069938435 
-0.6277818410856307 1.3272487693682267 -0.4101772069938435 
-0.6282830436352749 1.3295350574361144 -0.41153427970626055 
-0.6282830436352749 1.3295350574361144 -0.41153427970626055 
-0.6282830436352749 1.3295350574361144 -0.41153427970626055 
-0.6282830436352749 1.3295350574361144 -0.41153427970626055 
-0.6289401094535645 1.3325320129799207 -0.41330956412365005 
-0.629613981819471 1.3356044328253573 -0.41511602881052034 
-0.6298040555128694 1.3364712831631929 -0.41562840217048846 
-0.6298040555128694 1.3364712831631929 -0.41562840217048846 
-0.6298040555128694 1.3364712831631929 -0.41562840217048846 
-0.6289656879733353 1.3382815037984106 -0.41634885539557853 
-0.6289656879733353 1.3382815037984106 -0.41634885539557853 
-0.6289656879733353 1.3382815037984106 -0.41634885539557853 
-0.6285154938258107 1.3395279090881 -0.4168773234177925 
-0.6285154938258107 1.3395279090881 -0.4168773234177925 
-0.6285154938258107 1.3395279090881 -0.4168773234177925 
-0.6285154938258107 1.3395279090881 -0.4168773234177925 
-0.6285154938258107 1.3395279090881 -0.4168773234177925 
-0.6305337303054632 1.3413761351717803 -0.41845079240769745 
-0.6305337303054632 1.3413761351717803 -0.41845079240769745 
-0.630841817278714 1.3412059577161282 -0.4184480089361512 
-0.630841817278714 1.3412059577161282 -0.4184480089361512 
-0.630841817278714 1.3412059577161282 -0.4184480089361512 
-0.6314025639611263 1.3437607623038121 -0.41992931009697576 
-0.6314025639611263 1.3437607623038121 -0.41992931009697576 
-0.631722831977589 1.3452225607055253 -0.42080676701904596 
-0.631722831977589 1.3452225607055253 -0.42080676701904596 
-0.6318802673912385 1.345940560861512 -0.42123115879271633 
-0.6318802673912385 1.345940560861512 -0.42123115879271633 
-0.6318802673912385 1.345940560861512 -0.42123115879271633 
-0.6318802673912385 1.345940560861512 -0.42123115879271633 
-0.631198485942788 1.3502948683297613 -0.42334586217988246 
-0.631198485942788 1.3502948683297613 -0.42334586217988246 
-0.6309108332962412 1.3504532811108794 -0.42334845989663883 
-0.6309108332962412 1.3504532811108794 -0.42334845989663883 
-0.6325994207880674 1.3529082874765592 -0.4251322746161892 
-0.6333205500197819 1.3525101292349941 -0.42512575984056034 
-0.6333205500197819 1.3525101292349941 -0.42512575984056034 
-0.6333205500197819 1.3525101292349941 -0.42512575984056034 
-0.6338667522229873 1.355000466518705 -0.4265901000252762 
-0.6338667522229873 1.355000466518705 -0.4265901000252762 
-0.6338667522229873 1.355000466518705 -0.4265901000252762 
-0.6338667522229873 1.355000466518705 -0.4265901000252762 
-0.6345852940439376 1.3582771089961903 -0.42852298108577835 
-0.6345852940439376 1.3582771089961903 -0.42852298108577835 
-0.6347576343094534 1.3590637648448096 -0.4289956727524199 
-0.6347576343094534 1.3590637648448096 -0.4289956727524199 
-0.6350633611232588 1.360457382351266 -0.4298116856473747 
-0.6350633611232588 1.360457382351266 -0.4298116856473747 
-0.6350633611232588 1.360457382351266 -0.4298116856473747 
-0.6352163606428275 1.3611551521628344 -0.43022411977496644 
-0.6352163606428275 1.3611551521628344 -0.43022411977496644 
-0.6352163606428275 1.3611551521628344 -0.43022411977496644 
-0.6352163606428275 1.3611551521628344 -0.43022411977496644 
-0.6360557104259142 1.364983091895166 -0.4324867183537576 
-0.6360557104259142 1.364983091895166 -0.4324867183537576 
-0.6362666580585251 1.3659451399478173 -0.43305536068066564 
-0.6362666580585251 1.3659451399478173 -0.43305536068066564 
-0.6362666580585251 1.3659451399478173 -0.43305536068066564 
-0.6366654275599752 1.3677632656080199 -0.43412430334918917 
-0.6366654275599752 1.3677632656080199 -0.43412430334918917 
-0.6370464969737627 1.369501674337422 -0.435157538410209 
-0.6370464969737627 1.369501674337422 -0.435157538410209 
-0.6370464969737627 1.369501674337422 -0.435157538410209 
-0.6370464969737627 1.369501674337422 -0.435157538410209 
-0.6375094948526709 1.371613563379874 -0.436409682353054 
-0.6375094948526709 1.371613563379874 -0.436409682353054 
-0.6375094948526709 1.371613563379874 -0.436409682353054 
-0.6381114512823738 1.3743585063676367 -0.4380282892624693 
-0.6381114512823738 1.3743585063676367 -0.4380282892624693 
-0.6381114512823738 1.3743585063676367 -0.4380282892624693 
-0.6381114512823738 1.3743585063676367 -0.4380282892624693 
-0.6381114512823738 1.3743585063676367 -0.4380282892624693 
-0.63866880147515 1.3769003583949342 -0.4395307138528791 
-0.63866880147515 1.3769003583949342 -0.4395307138528791 
-0.63866880147515 1.3769003583949342 -0.4395307138528791 
