-0.5657062619924839 0.9741479848084751 -0.24285690198469145 
-0.5657062619924839 0.9741479848084751 -0.24285690198469145 
-0.5657062619924839 0.9741479848084751 -0.24285690198469145 
-0.5650603257630704 0.9712017868824366 -0.24111161911431045 
-0.5650603257630704 0.9712017868824366 -0.24111161911431045 
-0.5650603257630704 0.9712017868824366 -0.24111161911431045 
-0.5650603257630704 0.9712017868824366 -0.24111161911431045 
-0.5650603257630704 0.9712017868824366 -0.24111161911431045 
-0.5650603257630704 0.9712017868824366 -0.24111161911431045 
-0.5650427312994474 0.9711207021893835 -0.24105412684628535 
-0.5650427312994474 0.9711207021893835 -0.24105412684628535 
-0.5650427312994474 0.9711207021893835 -0.24105412684628535 
-0.5650427312994474 0.9711207021893835 -0.24105412684628535 
-0.5650427312994474 0.9711207021893835 -0.24105412684628535 
-0.5656262806883064 0.973782038305033 -0.2426271754661723 
-0.5656262806883064 0.973782038305033 -0.2426271754661723 
-0.5656262806883064 0.973782038305033 -0.2426271754661723 
-0.5656262806883064 0.973782038305033 -0.2426271754661723 
-0.5656262806883064 0.973782038305033 -0.2426271754661723 
-0.5665165175793955 0.9778425569057285 -0.24503295107431977 
-0.5665165175793955 0.9778425569057285 -0.24503295107431977 
-0.5666919983151295 0.9786438680918335 -0.24551808085906413 
-0.5666919983151295 0.9786438680918335 -0.24551808085906413 
-0.5666919983151295 0.9786438680918335 -0.24551808085906413 
-0.5666919983151295 0.9786438680918335 -0.24551808085906413 
-0.5666919983151295 0.9786438680918335 -0.24551808085906413 
-0.5666919983151295 0.9786438680918335 -0.24551808085906413 
-0.5666919983151295 0.9786438680918335 -0.24551808085906413 
-0.5673030821575757 0.9814307778729773 -0.24716535290380826 
-0.5673030821575757 0.9814307778729773 -0.24716535290380826 
-0.5673030821575757 0.9814307778729773 -0.24716535290380826 
-0.5677106544377183 0.9832876956842866 -0.24824187004765896 
-0.5677106544377183 0.9832876956842866 -0.24824187004765896 
-0.5680992951826961 0.9850609745394783 -0.24929957558287674 
-0.5680992951826961 0.9850609745394783 -0.24929957558287674 
-0.5680992951826961 0.9850609745394783 -0.24929957558287674 
-0.5680992951826961 0.9850609745394783 -0.24929957558287674 
-0.5680992951826961 0.9850609745394783 -0.24929957558287674 
-0.5680992951826961 0.9850609745394783 -0.24929957558287674 
-0.5669513456915598 0.9887598975395339 -0.25093972129145814 
-0.5669513456915598 0.9887598975395339 -0.25093972129145814 
-0.5669513456915598 0.9887598975395339 -0.25093972129145814 
-0.5669513456915598 0.9887598975395339 -0.25093972129145814 
-0.5669513456915598 0.9887598975395339 -0.25093972129145814 
-0.5669513456915598 0.9887598975395339 -0.25093972129145814 
-0.5693933969554992 0.9919683160245089 -0.2533353354728485 
-0.5693933969554992 0.9919683160245089 -0.2533353354728485 
-0.5698137143475038 0.9928792537967583 -0.25391505763043265 
-0.5698137143475038 0.9928792537967583 -0.25391505763043265 
-0.5698137143475038 0.9928792537967583 -0.25391505763043265 
-0.5704518357332556 0.9957884501255022 -0.25562303129925146 
-0.5704518357332556 0.9957884501255022 -0.25562303129925146 
-0.5704518357332556 0.9957884501255022 -0.25562303129925146 
-0.5704518357332556 0.9957884501255022 -0.25562303129925146 
-0.5704518357332556 0.9957884501255022 -0.25562303129925146 
-0.5709109015919236 0.9978835904529267 -0.25687870027418513 
-0.5709109015919236 0.9978835904529267 -0.25687870027418513 
-0.5698973151411779 1.0004453212810074 -0.25794727818577934 
-0.5698973151411779 1.0004453212810074 -0.25794727818577934 
-0.5701211421544408 1.001466107054117 -0.25855063889702046 
-0.5701211421544408 1.001466107054117 -0.25855063889702046 
-0.5697789055897706 1.0016545903504972 -0.2585537295724839 
-0.5697789055897706 1.0016545903504972 -0.2585537295724839 
-0.5697789055897706 1.0016545903504972 -0.2585537295724839 
-0.5697789055897706 1.0016545903504972 -0.2585537295724839 
-0.5697789055897706 1.0016545903504972 -0.2585537295724839 
-0.571864807497737 1.003081101431271 -0.2598885964756895 
-0.571864807497737 1.003081101431271 -0.2598885964756895 
-0.571864807497737 1.003081101431271 -0.2598885964756895 
-0.571864807497737 1.003081101431271 -0.2598885964756895 
-0.572030651685413 1.0029894808532729 -0.2598870980920006 
-0.5728382673323119 1.0066730341448134 -0.2620682131119735 
-0.5728382673323119 1.0066730341448134 -0.2620682131119735 
-0.5728382673323119 1.0066730341448134 -0.2620682131119735 
-0.5728382673323119 1.0066730341448134 -0.2620682131119735 
-0.5728382673323119 1.0066730341448134 -0.2620682131119735 
-0.5728382673323119 1.0066730341448134 -0.2620682131119735 
-0.5732893226383295 1.0087313012324772 -0.26329822762258914 
-0.5732893226383295 1.0087313012324772 -0.26329822762258914 
-0.5737411609600257 1.0107912750753216 -0.2645081069326666 
-0.5737411609600257 1.0107912750753216 -0.2645081069326666 
-0.5737411609600257 1.0107912750753216 -0.2645081069326666 
-0.5737411609600257 1.0107912750753216 -0.2645081069326666 
-0.5737411609600257 1.0107912750753216 -0.2645081069326666 
-0.5744183282583123 1.013878041188264 -0.26631533209067215 
-0.5744183282583123 1.013878041188264 -0.26631533209067215 
-0.5744183282583123 1.013878041188264 -0.26631533209067215 
-0.5744183282583123 1.013878041188264 -0.26631533209067215 
-0.5744183282583123 1.013878041188264 -0.26631533209067215 
-0.5744183282583123 1.013878041188264 -0.26631533209067215 
-0.5744183282583123 1.013878041188264 -0.26631533209067215 
-0.5750137335540495 1.0165949713329463 -0.26793852533589424 
-0.5757751814225333 1.0200683120958414 -0.26999924865762115 
-0.5757751814225334 1.0200683120958411 -0.2699992486576209 
-0.575986129055144 1.0210303601484927 -0.27056789098452916 
-0.575986129055144 1.0210303601484927 -0.27056789098452916 
-0.575986129055144 1.0210303601484927 -0.27056789098452916 
-0.575986129055144 1.0210303601484927 -0.27056789098452916 
-0.575986129055144 1.0210303601484927 -0.27056789098452916 
-0.5767710440549801 1.0246093639307692 -0.27267563055950894 
-0.5767710440549801 1.0246093639307692 -0.27267563055950894 
-0.5767710440549801 1.0246093639307692 -0.27267563055950894 
-0.5767710440549801 1.0246093639307692 -0.27267563055950894 
-0.5773550535126648 1.0272731385396496 -0.2742539801339914 
-0.5773550535126648 1.0272731385396496 -0.2742539801339914 
-0.5777362636413301 1.0290108425983389 -0.2752715280004949 
-0.5777362636413301 1.0290108425983389 -0.2752715280004949 
-0.5777362636413301 1.0290108425983389 -0.2752715280004949 
-0.577955205832501 1.0300093506453474 -0.27586172091001016 
-0.577955205832501 1.0300093506453474 -0.27586172091001016 
-0.577955205832501 1.0300093506453474 -0.27586172091001016 
-0.577955205832501 1.0300093506453474 -0.27586172091001016 
-0.577955205832501 1.0300093506453474 -0.27586172091001016 
-0.5786217848427886 1.033049011459707 -0.2776545280896052 
-0.5786217848427886 1.033049011459707 -0.2776545280896052 
-0.5786217848427886 1.033049011459707 -0.2776545280896052 
-0.5786217848427886 1.033049011459707 -0.2776545280896052 
-0.5786217848427886 1.033049011459707 -0.2776545280896052 
-0.5793768250784871 1.0364936326202532 -0.27970398150844333 
-0.5795524687696156 1.0372946734706268 -0.28017745654105697 
-0.5795524687696156 1.0372946734706268 -0.28017745654105697 
-0.5795524687696156 1.0372946734706268 -0.28017745654105697 
-0.5800003288394192 1.039336844395356 -0.2813806726182704 
-0.5800003288394192 1.039336844395356 -0.2813806726182704 
-0.5801726032392358 1.0401220161950926 -0.2818390623261743 
-0.5801726032392358 1.0401220161950926 -0.2818390623261743 
-0.5801726032392358 1.0401220161950926 -0.2818390623261743 
-0.5801726032392358 1.0401220161950926 -0.2818390623261743 
-0.5801726032392358 1.0401220161950926 -0.2818390623261743 
-0.5809446744865567 1.04364312534811 -0.2839203010923168 
-0.5809446744865567 1.04364312534811 -0.2839203010923168 
-0.5812371158997492 1.0449768340444079 -0.28470862264693186 
-0.5812371158997492 1.0449768340444079 -0.28470862264693186 
-0.5814367722908018 1.0458878903020725 -0.2852528305399167 
-0.5814367722908018 1.0458878903020725 -0.2852528305399167 
-0.5805976801973048 1.0509950484560997 -0.2877214888888082 
-0.5805976801973048 1.0509950484560997 -0.2877214888888082 
-0.5805976801973048 1.0509950484560997 -0.2877214888888082 
-0.580597680197305 1.0509950484560997 -0.28772148888880844 
-0.580597680197305 1.0509950484560997 -0.28772148888880844 
-0.5817665974457298 1.0521109723388349 -0.2886383206043982 
-0.5826895847724092 1.051601468564842 -0.288629982470488 
-0.5829656102011546 1.052860650803466 -0.28937811293940796 
-0.5829656102011546 1.052860650803466 -0.28937811293940796 
-0.5829656102011546 1.052860650803466 -0.28937811293940796 
-0.5829656102011546 1.052860650803466 -0.28937811293940796 
-0.5829656102011546 1.052860650803466 -0.28937811293940796 
-0.5829656102011546 1.052860650803466 -0.28937811293940796 
-0.5835651474938152 1.0555949013743657 -0.2909942594538173 
-0.5835651474938152 1.0555949013743657 -0.2909942594538173 
-0.5835651474938152 1.0555949013743657 -0.2909942594538173 
-0.5835651474938152 1.0555949013743657 -0.2909942594538173 
-0.5835651474938152 1.0555949013743657 -0.2909942594538173 
-0.5824386016752578 1.0592576542173473 -0.2925961672681687 
-0.5824386016752578 1.0592576542173473 -0.2925961672681687 
-0.5827351424682259 1.0606119228176376 -0.29341778528366624 
-0.5844569201563904 1.0596622612630526 -0.2934022328681114 
-0.5847684592098525 1.0610830666828563 -0.2942420350981295 
-0.5845178682932255 1.064331367802701 -0.2958933236198503 
-0.5836291600350576 1.064821092626453 -0.29590135004226104 
-0.5836291600350576 1.064821092626453 -0.29590135004226104 
-0.5836291600350576 1.064821092626453 -0.29590135004226104 
-0.5860058706740726 1.0667259552908352 -0.29756005316860323 
-0.5860058706740726 1.0667259552908352 -0.29756005316860323 
-0.5860058706740726 1.0667259552908352 -0.29756005316860323 
-0.5860058706740726 1.0667259552908352 -0.29756005316860323 
-0.5860060803707892 1.066725839424032 -0.29756005127397034 
-0.5867513521756229 1.0701259106658392 -0.29958317236004706 
-0.5867513521756229 1.0701259106658392 -0.29958317236004706 
-0.5867513521756229 1.070125910665839 -0.29958317236004683 
-0.5867513521756229 1.070125910665839 -0.29958317236004683 
-0.5872656683869482 1.072472175067925 -0.30097762538151296 
-0.5872656683869482 1.072472175067925 -0.30097762538151296 
-0.5874941144903926 1.0735133534622487 -0.3015854043158317 
-0.5874941144903926 1.0735133534622487 -0.3015854043158317 
-0.5874941144903926 1.0735133534622487 -0.3015854043158317 
-0.5874941144903926 1.0735133534622487 -0.3015854043158317 
-0.5873598431447947 1.0774916538273045 -0.30365201027325206 
-0.5873598431447947 1.0774916538273045 -0.30365201027325206 
-0.5887253660733185 1.079128260759202 -0.30490037470566167 
-0.5887253660733185 1.079128260759202 -0.30490037470566167 
-0.5891879322316245 1.0812385211988382 -0.3061554156452613 
-0.5891879322316245 1.0812385211988382 -0.3061554156452613 
-0.5891879322316245 1.0812385211988382 -0.3061554156452613 
-0.5896777437964922 1.0834716758647809 -0.3074676577697022 
-0.5896777437964922 1.0834716758647809 -0.3074676577697022 
-0.5901180718031989 1.0854798363553122 -0.30865463076028654 
-0.5901180718031989 1.0854798363553122 -0.30865463076028654 
-0.5901180718031989 1.0854798363553122 -0.30865463076028654 
-0.5901180718031989 1.0854798363553122 -0.30865463076028654 
-0.5907629219263022 1.0884210809834736 -0.3103969858612874 
-0.5907629219263022 1.0884210809834736 -0.3103969858612874 
-0.5909629398562811 1.0893324396608743 -0.3109261018255065 
-0.5909629398562811 1.0893324396608743 -0.3109261018255065 
-0.5909629398562811 1.0893324396608743 -0.3109261018255065 
-0.5900086333265384 1.093914653760593 -0.31309018452004267 
-0.5922135781958626 1.0950369458875944 -0.31430745665661 
-0.5926209911605673 1.0968941506350274 -0.3153956383646642 
-0.5926209911605673 1.0968941506350274 -0.3153956383646642 
-0.5926209911605673 1.0968941506350274 -0.3153956383646642 
-0.5926209911605673 1.0968941506350274 -0.3153956383646642 
-0.5924697419960028 1.098848414212881 -0.31640391651169764 
-0.5912390625152203 1.0995268239555887 -0.31641503204147714 
-0.5933767496603014 1.1020909273789588 -0.31835866680193037 
-0.5940524902734818 1.1044254516854066 -0.31979454871030866 
-0.5940524902734818 1.1044254516854066 -0.31979454871030866 
-0.5925009311944086 1.1052810307174543 -0.31980856311189565 
-0.5925009311944086 1.1052810307174543 -0.31980856311189565 
-0.5925009311944086 1.1052810307174543 -0.31980856311189565 
-0.5944258711697756 1.1051263321542528 -0.320271038275988 
-0.5946334187362133 1.1060716901989236 -0.3208163907854542 
-0.5946334187362133 1.1060716901989236 -0.3208163907854542 
-0.5946334187362133 1.1060716901989236 -0.3208163907854542 
-0.5946334187362133 1.1060716901989236 -0.3208163907854542 
-0.5952129898731799 1.1087152233964581 -0.32238277617247646 
-0.5952129898731799 1.1087152233964581 -0.32238277617247646 
-0.5952129898731799 1.1087152233964581 -0.32238277617247646 
-0.5952129898731799 1.1087152233964581 -0.32238277617247646 
-0.5958287198996006 1.1115229822676538 -0.3240385119654483 
-0.5958287198996006 1.1115229822676538 -0.3240385119654483 
-0.5958287198996006 1.1115229822676538 -0.3240385119654483 
-0.5958287198996006 1.1115229822676538 -0.3240385119654483 
-0.5958287198996006 1.1115229822676538 -0.3240385119654483 
-0.5966212357921692 1.115137671599599 -0.32617892323666675 
-0.5971026758027593 1.1173338306057041 -0.3274827229350452 
-0.5971026758027593 1.1173338306057041 -0.3274827229350452 
-0.5971026758027593 1.1173338306057041 -0.3274827229350452 
-0.5971026758027593 1.1173338306057041 -0.3274827229350452 
-0.5962963955415957 1.1210961249834062 -0.32924900260680723 
-0.5960040038265061 1.1212571484026606 -0.32925164312275335 
-0.5960040038265061 1.1212571484026606 -0.32925164312275335 
-0.5965872825197072 1.123916406624381 -0.3308138983998632 
-0.5989298978369886 1.1256665587786578 -0.3324022827546811 
-0.5989298978369886 1.1256665587786578 -0.3324022827546811 
-0.5994187007088532 1.1278969774651137 -0.33373405173114523 
-0.5994187007088532 1.1278969774651137 -0.33373405173114523 
-0.5994187007088532 1.1278969774651137 -0.33373405173114523 
-0.5994187007088532 1.1278969774651137 -0.33373405173114523 
-0.5994187007088532 1.1278969774651137 -0.33373405173114523 
-0.5997475414695959 1.1293963487713181 -0.33461643265124474 
-0.6003823131980826 1.1322901058952204 -0.33631343468913855 
-0.6003823131980826 1.1322901058952204 -0.33631343468913855 
-0.6003823131980826 1.1322901058952204 -0.33631343468913855 
-0.6003823131980826 1.1322901058952204 -0.33631343468913855 
-0.6003823131980826 1.1322901058952204 -0.33631343468913855 
-0.600886423080874 1.1345899934532462 -0.3376824053397781 
-0.600886423080874 1.1345899934532462 -0.3376824053397781 
-0.600886423080874 1.1345899934532462 -0.3376824053397781 
-0.6012155338612546 1.1360916171195752 -0.3385776964414543 
-0.6012155338612546 1.1360916171195752 -0.3385776964414543 
-0.6002794412103908 1.1396207080741358 -0.34015877333019773 
-0.6002794412103908 1.1396207080741358 -0.34015877333019773 
-0.6000576800305994 1.1397428255030744 -0.3401607759782359 
-0.6000576800305994 1.1397428255030744 -0.3401607759782359 
-0.6015721462981753 1.1410337779810116 -0.3412795790154247 
-0.6022209090096793 1.140675548691252 -0.34127371794434735 
-0.6022209090096793 1.140675548691252 -0.34127371794434735 
-0.6022209090096793 1.140675548691252 -0.34127371794434735 
-0.6027985021204023 1.1433102236531634 -0.34283671335837573 
-0.6027985021204023 1.1433102236531634 -0.34283671335837573 
-0.6027985021204023 1.1433102236531634 -0.34283671335837573 
-0.6027985021204023 1.1433102236531634 -0.34283671335837573 
-0.6033866804164666 1.1459921673129247 -0.3444162370482323 
-0.6033866804164666 1.1459921673129247 -0.3444162370482323 
-0.6033866804164666 1.1459921673129247 -0.3444162370482323 
-0.6033866804164666 1.1459921673129247 -0.3444162370482323 
-0.6033866804164666 1.1459921673129247 -0.3444162370482323 
-0.602920067241353 1.149584559948243 -0.34619044758325535 
-0.602920067241353 1.149584559948243 -0.34619044758325535 
-0.6022913568841595 1.1499309187812587 -0.34619612559617474 
-0.6038635787657953 1.1500713933350082 -0.346709137925465 
-0.6038635787657953 1.1500713933350082 -0.346709137925465 
-0.6029578959503333 1.152969894370223 -0.34798282222700117 
-0.6029578959503333 1.152969894370223 -0.34798282222700117 
-0.6036698444532979 1.153668895700047 -0.34856727422387435 
-0.6049186607274877 1.1529797621071856 -0.3485559931532275 
-0.6049186607274877 1.1529797621071856 -0.3485559931532275 
-0.6055733094085459 1.1559660269565835 -0.35032873428886757 
-0.6055733094085459 1.1559660269565835 -0.35032873428886757 
-0.6055733094085459 1.1559660269565835 -0.35032873428886757 
-0.6061038934237538 1.1583839522497406 -0.3517368487983713 
-0.6061038934237538 1.1583839522497406 -0.3517368487983713 
-0.606533209915092 1.160343417573122 -0.35291232370213554 
-0.6067465594773358 1.1613157392637685 -0.35347931927164733 
-0.6067465594773358 1.1613157392637685 -0.35347931927164733 
-0.6068361412115988 1.1653760424208062 -0.3556526177091266 
-0.6079281139893424 1.1674788523680681 -0.35705670536941136 
-0.6079281139893424 1.1674788523680681 -0.35705670536941136 
-0.6079281139893424 1.1674788523680681 -0.35705670536941136 
-0.6079281139893424 1.1674788523680681 -0.35705670536941136 
-0.6084716757732528 1.1691833069275699 -0.35812963998184777 
-0.6084716757732528 1.1691833069275699 -0.35812963998184777 
-0.6084716757732528 1.1691833069275699 -0.35812963998184777 
-0.6084716757732528 1.1691833069275699 -0.35812963998184777 
-0.6089686269487086 1.1714497031164859 -0.359469249577241 
-0.6089686269487086 1.1714497031164859 -0.359469249577241 
-0.6095626293012637 1.1741590513349465 -0.36107453656230903 
-0.6095626293012637 1.1741590513349465 -0.36107453656230903 
-0.6098996842312965 1.1756958841924938 -0.3619790600600755 
-0.6098996842312965 1.1756958841924938 -0.3619790600600755 
-0.6102725665002262 1.1773974650723185 -0.3629963165427236 
-0.6102725665002262 1.1773974650723185 -0.3629963165427236 
-0.6102725665002262 1.1773974650723185 -0.3629963165427236 
-0.6102725665002262 1.1773974650723185 -0.3629963165427236 
-0.6102725665002262 1.1773974650723185 -0.3629963165427236 
-0.6111682090677715 1.1814802768827282 -0.3653885034596288 
-0.6111682090677715 1.1814802768827282 -0.3653885034596288 
-0.6111682090677715 1.1814802768827282 -0.3653885034596288 
-0.6111682090677715 1.1814802768827282 -0.3653885034596288 
-0.6115770201223822 1.1833450414225266 -0.3664945783450727 
-0.6115770201223822 1.1833450414225266 -0.3664945783450727 
-0.6115770201223822 1.1833450414225266 -0.3664945783450727 
-0.6116476691627791 1.1836677465859418 -0.36669102675312215 
-0.6116476691627791 1.1836677465859418 -0.36669102675312215 
-0.6116476691627791 1.1836677465859418 -0.36669102675312215 
-0.6116476691627791 1.1836677465859418 -0.36669102675312215 
-0.6116476691627791 1.1836677465859418 -0.36669102675312215 
-0.6106749615322922 1.187697192728538 -0.36854778933631227 
-0.6106749615322922 1.187697192728538 -0.36854778933631227 
-0.6108272257815406 1.1888599540817915 -0.3692099556217687 
-0.6108272257815406 1.1888599540817915 -0.3692099556217687 
-0.6108272257815406 1.1888599540817915 -0.3692099556217687 
-0.6108272257815406 1.1888599540817915 -0.3692099556217687 
-0.613301327387485 1.1916327951173031 -0.37139393356002026 
-0.613301327387485 1.1916327951173031 -0.37139393356002026 
-0.613301327387485 1.1916327951173031 -0.37139393356002026 
-0.6133837643569169 1.1915872488946682 -0.37139318874183747 
-0.6139558532553437 1.1941939509590973 -0.3729070950029377 
-0.6139558532553437 1.1941939509590973 -0.3729070950029377 
-0.6143593496565991 1.1960346402372466 -0.37400078551530147 
-0.6143593496565991 1.1960346402372466 -0.37400078551530147 
-0.6148912400214805 1.1984617339527857 -0.37545073394980777 
-0.6148912400214805 1.1984617339527857 -0.37545073394980777 
-0.6148912400214805 1.1984617339527857 -0.37545073394980777 
-0.6148912400214805 1.1984617339527857 -0.37545073394980777 
-0.6148912400214805 1.1984617339527857 -0.37545073394980777 
-0.6148912400214805 1.1984617339527857 -0.37545073394980777 
-0.6153803774078394 1.2006918213572126 -0.3767612469982119 
-0.6153803774078394 1.2006918213572126 -0.3767612469982119 
-0.6153803774078394 1.2006918213572126 -0.3767612469982119 
-0.6153803774078394 1.2006918213572126 -0.3767612469982119 
-0.6161534697022965 1.204216063134728 -0.3788270529819705 
-0.6166608750547673 1.2065304769599192 -0.380198904213236 
-0.6166608750547673 1.2065304769599192 -0.380198904213236 
-0.6166608750547673 1.2065304769599192 -0.380198904213236 
-0.6166608750547673 1.2065304769599192 -0.380198904213236 
-0.6166608750547673 1.2065304769599192 -0.380198904213236 
-0.6169729068412552 1.207954372897566 -0.38105009832247305 
-0.6169729068412552 1.207954372897566 -0.38105009832247305 
-0.6169729068412552 1.207954372897566 -0.38105009832247305 
-0.6165340684153482 1.2100324361598538 -0.38201560411927526 
-0.6165340684153482 1.2100324361598538 -0.38201560411927526 
-0.6175085884467164 1.2107764371395815 -0.3826772313913531 
-0.6175085884467164 1.2107764371395815 -0.3826772313913531 
-0.6175085884467164 1.2107764371395815 -0.3826772313913531 
-0.6175085884467164 1.2107764371395815 -0.3826772313913531 
-0.6175830164278248 1.2107353155216443 -0.38267655893358177 
-0.6183573959752076 1.2142684758754052 -0.38478220525804907 
-0.6183573959752076 1.2142684758754052 -0.38478220525804907 
-0.6183573959752076 1.2142684758754052 -0.38478220525804907 
-0.6183573959752076 1.2142684758754052 -0.38478220525804907 
-0.6183573959752076 1.2142684758754052 -0.38478220525804907 
-0.6179883287115823 1.2169307642976228 -0.38608227238022574 
-0.6192724469332664 1.2184413181838316 -0.38724480742326806 
-0.6192724469332664 1.2184413181838316 -0.38724480742326806 
-0.6197855741723721 1.2207809838938355 -0.3886220192543114 
-0.6197855741723721 1.2207809838938355 -0.3886220192543114 
-0.6197855741723721 1.2207809838938355 -0.3886220192543114 
-0.6197855741723721 1.2207809838938355 -0.3886220192543114 
-0.620201232757248 1.2226762966837588 -0.38973843119396523 
-0.620201232757248 1.2226762966837588 -0.38973843119396523 
-0.6206214052350931 1.2245933792016233 -0.3908811354453433 
-0.6206214052350931 1.2245933792016233 -0.3908811354453433 
-0.6206214052350931 1.2245933792016233 -0.3908811354453433 
-0.6206214052350931 1.2245933792016233 -0.3908811354453433 
-0.6206214052350931 1.2245933792016233 -0.3908811354453433 
-0.6212144998041302 1.2272982470786336 -0.39247991459085874 
-0.6212144998041302 1.2272982470786336 -0.39247991459085874 
-0.6216668202553368 1.2293611003274327 -0.3936992150906985 
-0.6204447054300753 1.2327217848064578 -0.3951394365448533 
-0.6207173867308516 1.2339653755079005 -0.3958744916268122 
-0.6207173867308516 1.2339653755079005 -0.3958744916268122 
-0.6207173867308516 1.2339653755079005 -0.3958744916268122 
-0.6229376798790074 1.235157997920517 -0.39713710993838036 
-0.6233188753373732 1.2368954649224522 -0.3981525878752282 
-0.6233188753373732 1.2368954649224522 -0.3981525878752282 
-0.6235347298527607 1.2378802316139284 -0.3987385182390294 
-0.6235347298527607 1.2378802316139284 -0.3987385182390294 
-0.6235347298527607 1.2378802316139284 -0.3987385182390294 
-0.6235347298527607 1.2378802316139284 -0.3987385182390294 
-0.6235347298527607 1.2378802316139284 -0.3987385182390294 
-0.6243256582822554 1.241487000554206 -0.4008665287210388 
-0.6248647989842333 1.2439458063536526 -0.4023198667818141 
-0.6248647989842333 1.2439458063536526 -0.4023198667818141 
-0.6248647989842333 1.2439458063536526 -0.4023198667818141 
-0.6248647989842333 1.2439458063536526 -0.4023198667818141 
-0.6255125171723901 1.2468997907803598 -0.4040658924334689 
-0.6255125171723901 1.2468997907803598 -0.4040658924334689 
-0.6255125171723901 1.2468997907803598 -0.4040658924334689 
-0.6262517440966837 1.250271450373018 -0.4060626549585825 
-0.6263978667453888 1.2509381978209537 -0.4064606121726536 
-0.6263978667453888 1.2509381978209537 -0.4064606121726536 
-0.6263978667453888 1.2509381978209537 -0.4064606121726536 
-0.6263978667453888 1.2509381978209537 -0.4064606121726536 
-0.6263978667453888 1.2509381978209537 -0.4064606121726536 
-0.627013353887076 1.253744508688976 -0.40811163246470683 
-0.6277818410856308 1.2572487693682266 -0.41017720699384375 
-0.6277818410856308 1.2572487693682266 -0.41017720699384375 
-0.6277818410856308 1.2572487693682266 -0.41017720699384375 
-0.6277818410856308 1.2572487693682266 -0.41017720699384375 
-0.6282830436352749 1.2595350574361144 -0.41153427970626033 
-0.6282830436352749 1.2595350574361144 -0.41153427970626033 
-0.6282830436352749 1.2595350574361144 -0.41153427970626033 
-0.6282830436352749 1.2595350574361144 -0.41153427970626033 
-0.6289401094535647 1.262532012979921 -0.41330956412365005 
-0.629613981819471 1.2656044328253575 -0.4151160288105199 
-0.6298040555128694 1.2664712831631932 -0.4156284021704887 
-0.6298040555128694 1.2664712831631932 -0.4156284021704887 
-0.6298040555128694 1.2664712831631932 -0.4156284021704887 
-0.6289656879733353 1.2682815037984105 -0.4163488553955783 
-0.6289656879733353 1.2682815037984105 -0.4163488553955783 
-0.6289656879733353 1.2682815037984105 -0.4163488553955783 
-0.6285154938258107 1.2695279090881002 -0.4168773234177927 
-0.6285154938258107 1.2695279090881002 -0.4168773234177927 
-0.6285154938258107 1.2695279090881002 -0.4168773234177927 
-0.6285154938258107 1.2695279090881002 -0.4168773234177927 
-0.6285154938258107 1.2695279090881002 -0.4168773234177927 
-0.6305337303054631 1.27137613517178 -0.4184507924076972 
-0.6305337303054631 1.27137613517178 -0.4184507924076972 
-0.630841817278714 1.2712059577161279 -0.418448008936151 
-0.630841817278714 1.2712059577161279 -0.418448008936151 
-0.630841817278714 1.2712059577161279 -0.418448008936151 
-0.6314025639611263 1.2737607623038123 -0.41992931009697576 
-0.6314025639611263 1.2737607623038123 -0.41992931009697576 
-0.6317228319775892 1.2752225607055252 -0.42080676701904596 
-0.6317228319775892 1.2752225607055252 -0.42080676701904596 
-0.6318802673912381 1.2759405608615118 -0.42123115879271633 
-0.6318802673912381 1.2759405608615118 -0.42123115879271633 
-0.6318802673912381 1.2759405608615118 -0.42123115879271633 
-0.6318802673912381 1.2759405608615118 -0.42123115879271633 
-0.631198485942788 1.2802948683297612 -0.423345862179882 
-0.631198485942788 1.2802948683297612 -0.423345862179882 
-0.6309108332962412 1.2804532811108795 -0.4233484598966384 
-0.6309108332962412 1.2804532811108795 -0.4233484598966384 
-0.6325994207880674 1.2829082874765594 -0.4251322746161892 
-0.6333205500197819 1.2825101292349943 -0.42512575984056034 
-0.6333205500197819 1.2825101292349943 -0.42512575984056034 
-0.6333205500197819 1.2825101292349943 -0.42512575984056034 
-0.6338667522229874 1.2850004665187051 -0.426590100025276 
-0.6338667522229874 1.2850004665187051 -0.426590100025276 
-0.6338667522229874 1.2850004665187051 -0.426590100025276 
-0.6338667522229874 1.2850004665187051 -0.426590100025276 
-0.6345852940439376 1.2882771089961902 -0.42852298108577813 
-0.6345852940439376 1.2882771089961902 -0.42852298108577813 
-0.6347576343094533 1.2890637648448093 -0.42899567275241945 
-0.6347576343094533 1.2890637648448093 -0.42899567275241945 
-0.6350633611232587 1.2904573823512657 -0.42981168564737426 
-0.6350633611232587 1.2904573823512657 -0.42981168564737426 
-0.6350633611232587 1.2904573823512657 -0.42981168564737426 
-0.6352163606428275 1.2911551521628346 -0.430224119774966 
-0.6352163606428275 1.2911551521628346 -0.430224119774966 
-0.6352163606428275 1.2911551521628346 -0.430224119774966 
-0.6352163606428275 1.2911551521628346 -0.430224119774966 
-0.6360557104259144 1.294983091895166 -0.4324867183537574 
-0.6360557104259144 1.294983091895166 -0.4324867183537574 
-0.636266658058525 1.295945139947817 -0.43305536068066586 
-0.636266658058525 1.295945139947817 -0.43305536068066586 
-0.636266658058525 1.295945139947817 -0.43305536068066586 
-0.636665427559975 1.2977632656080196 -0.43412430334918894 
-0.636665427559975 1.2977632656080196 -0.43412430334918894 
-0.6370464969737624 1.2995016743374217 -0.43515753841020877 
-0.6370464969737624 1.2995016743374217 -0.43515753841020877 
-0.6370464969737624 1.2995016743374217 -0.43515753841020877 
-0.6370464969737624 1.2995016743374217 -0.43515753841020877 
-0.6375094948526709 1.301613563379874 -0.436409682353054 
-0.6375094948526709 1.301613563379874 -0.436409682353054 
-0.6375094948526709 1.301613563379874 -0.436409682353054 
-0.6381114512823737 1.3043585063676366 -0.4380282892624693 
-0.6381114512823737 1.3043585063676366 -0.4380282892624693 
-0.6381114512823737 1.3043585063676366 -0.4380282892624693 
-0.6381114512823737 1.3043585063676366 -0.4380282892624693 
-0.6381114512823737 1.3043585063676366 -0.4380282892624693 
-0.6386688014751499 1.306900358394934 -0.4395307138528787 
-0.6386688014751499 1.306900358394934 -0.4395307138528787 
-0.6386688014751499 1.306900358394934 -0.4395307138528787 
