-0.5877616471061584 1.2464423693962985 -0.34972828855481763 
-0.5859265254226067 1.239494184790446 -0.36230976426332717 
-0.5870019517114691 1.2435663473099983 -0.35494093192826837 
-0.5861394536262902 1.2403010910503456 -0.36085838390637703 
-0.5873943496378047 1.2450516983371214 -0.3522464562694212 
-0.5859726956851248 1.239669707872819 -0.36200166557798374 
-0.5874335862360519 1.2451997219340742 -0.35197110991550373 
-0.5858841823972458 1.2393333295321245 -0.3625937225385971 
-0.5872001825090217 1.2443172498478996 -0.35358609521237994 
-0.5854654459318189 1.2377491458965577 -0.36547933711691594 
-0.5868672517032546 1.2430559866699096 -0.3558602056567167 
-0.5854669223190803 1.2377547358317282 -0.365469215101231 
-0.5870160807666154 1.2436194870722073 -0.35483984321308315 
-0.5857147831262712 1.2386939028620545 -0.36377831600675525 
-0.5871530876299256 1.2441385819860002 -0.3539047538351269 
-0.5858134895229123 1.2390662053789416 -0.36308473108920103 
-0.5873458041791687 1.2448678942812912 -0.35257928079766 
-0.5862181488163976 1.2405983367350315 -0.360310413115172 
-0.5875176611347266 1.2455192955321617 -0.35140948226454305 
-0.5860089724237306 1.2398063477326324 -0.3617445129499248 
-0.5878116781794762 1.2466317983243946 -0.3493852787482963 
-0.5858365119367684 1.2391533734305094 -0.3629268909071146 
-0.587293506764238 1.244670952554831 -0.35295049097349984 
-0.5861428142818494 1.2403134592229033 -0.360831122643093 
-0.5867533077672833 1.2426252812830239 -0.3566498395723987 
-0.585983692895682 1.2397117018197956 -0.3619304902387318 
-0.5872276082769403 1.2444207339637394 -0.35339384509343263 
-0.5861400571576946 1.2403026641015982 -0.36084580448230374 
-0.5875341154998095 1.2455812394422645 -0.35129245137465415 
-0.5857216932704004 1.2387190000896606 -0.3637183010920083 
-0.5877430888892281 1.2463724598285773 -0.3498597433170575 
-0.5858691878391231 1.2392765567530475 -0.362696524260397 
-0.5870720339692794 1.2438316945451307 -0.3544604524962268 
-0.5856009998055258 1.2382630935458703 -0.3645584071030691 
-0.5870355542274253 1.2436942860692308 -0.3547189969014425 
-0.5861362886210988 1.2402891076268234 -0.3608800829775013 
-0.586624513308114 1.2421372803836173 -0.35752862523810747 
-0.5855614941505878 1.2381128061165043 -0.36482083673401666 
-0.5871309067858641 1.244054244280106 -0.3540526034431918 
-0.5859920935973101 1.2397427967161683 -0.3618644539193232 
-0.5872043828598359 1.244332797296086 -0.35355307705267514 
-0.5859214004552146 1.2394754925627334 -0.3623533423604355 
-0.587313116907092 1.2447448449513612 -0.35281182427508506 
-0.5856895576465232 1.2385964363282518 -0.3639280572562563 
-0.5870997358790077 1.243937646360182 -0.3542831694057611 
-0.585722974007294 1.2387242052757959 -0.3637137412684829 
-0.587551416913028 1.2456467464950458 -0.3511738340033467 
-0.585872989536321 1.2392909508361123 -0.3626704600700079 
-0.5869061415310904 1.2432039443844722 -0.35560202116121953 
-0.5859247353030523 1.2394874069940514 -0.36232203720734524 
-0.5873305973903771 1.244810317949033 -0.352683537559214 
-0.586055404803099 1.23998215119375 -0.36142617555663525 
-0.5873947740991423 1.245053305443483 -0.3522435461899117 
-0.5861274044898095 1.2402551142745597 -0.360936771181804 
-0.5875022089546641 1.2454600780384335 -0.35150697976104306 
-0.5858354839440265 1.2391501932728954 -0.36294238041069726 
-0.5875796989565025 1.2457538286906589 -0.3509799341403834 
-0.5864311619414044 1.2414052084988292 -0.35885422971723835 
-0.587953988934967 1.2471713309976624 -0.3484180470540731 
-0.5862920493517071 1.2408784968573732 -0.35980797664514585 
-0.5879963481503832 1.2473304654727526 -0.3481128505868202 
-0.5864716979991478 1.2415586871563589 -0.3585763171240901 
-0.5873704967561142 1.2449613859470203 -0.3524099900853299 
-0.5861366538463508 1.2402892433834034 -0.36086279459388493 
-0.5867931813252989 1.2427758955397712 -0.35637224820870816 
-0.5865801774277126 1.2419690587130683 -0.3578283683440435 
-0.5875828566088134 1.245765428247131 -0.3509540646542564 
-0.5864759241576833 1.2415746883457848 -0.35854734285419243 
-0.5872792619147461 1.24461506116386 -0.35302494973134513 
-0.5859458476408891 1.2395673430669918 -0.3621772923830512 
-0.5875790054384742 1.2457499577518842 -0.350969927496923 
-0.586640191889083 1.2421977091641223 -0.3574337733128752 
-0.5878784329423297 1.2468856149952587 -0.34894027488434765 
-0.5861651907762786 1.2403981816778336 -0.36067771084286915 
-0.587775825902208 1.2464967655709422 -0.34963952129684617 
-0.5866130747881564 1.242093080525882 -0.35759648339497274 
-0.5882192902474841 1.2481751095508256 -0.3465907167428972 
-0.5867889385864623 1.2427594755462006 -0.35639711532620155 
-0.588154273843464 1.2479289427807476 -0.3470364650086205 
-0.58663188789154 1.2421648461924208 -0.3574738447446809 
-0.5878387292269603 1.2467349317463072 -0.34920826016607187 
-0.5862424685474483 1.240691128776879 -0.3601521202619645 
-0.5878791968211978 1.2468869041169606 -0.34891603253141545 
-0.5870421106387145 1.2437194642030516 -0.35467824433046136 
-0.588498803516653 1.2492341218869223 -0.3446828334785591 
-0.5871583657143848 1.2441585660042354 -0.3538685676290536 
-0.5885127037608294 1.2492860392918055 -0.34457909265072373 
-0.5875121376589968 1.2454976703524565 -0.35143890920556176 
-0.5891002098675493 1.2515111819786933 -0.340559630389324 
-0.5878049402880567 1.2466066431751335 -0.34943569412245923 
-0.5898157631576649 1.2542197160734352 -0.3356454016072503 
-0.5881202892541927 1.2478002694605377 -0.3472694611571663 
-0.5894860397451116 1.2529713088643513 -0.33790596402267403 
-0.5883624241179287 1.2487174026955765 -0.34561362099984905 
-0.5896378123555748 1.253545954199896 -0.3368654208102685 
-0.5882220731793605 1.248186358413371 -0.3465800787934934 
-0.5897530886438824 1.2539827722553953 -0.3360793148506742 
-0.5878399341474674 1.2467382467785155 -0.34918521488603493 
-0.5891356376834797 1.2516446076257837 -0.3403082979202836 
-0.5883531744936255 1.248683093586481 -0.3456854774782767 
-0.5892819365591158 1.2521988841940568 -0.3393095031061111 
-0.587766050192459 1.2464585054603188 -0.34969175850846534 
-0.5895867790972364 1.253353798855425 -0.3372279640101785 
-0.5888865032245141 1.2507004392761203 -0.3420058071437968 
-0.5903521770377227 1.2562514120663224 -0.33197622435114515 
-0.5889842542314504 1.2510709007180139 -0.3413398303164801 
-0.589691008434084 1.253747366551514 -0.33650071193262276 
-0.5897754559108913 1.2540674597732306 -0.33592596631304816 
-0.5903869681616468 1.2563824270538708 -0.33172925700136924 
-0.5890687443640423 1.251392046485368 -0.3407753558486081 
-0.5903023508421931 1.256062402824357 -0.33231360870290927 
-0.5891787094072887 1.2518080429143428 -0.34001722179027805 
-0.5906681368881436 1.257446995270029 -0.3298015823767818 
-0.5900749890784904 1.2552012038781193 -0.33386816544078 
-0.5910667207899373 1.25895683587764 -0.32707735854745823 
-0.5898917601919409 1.2545074579863449 -0.33512437084987146 
-0.5912913162020647 1.2598072047654774 -0.32553754691139636 
-0.5896243292198551 1.2534952600343237 -0.33696208114359183 
-0.5906470077022437 1.2573664603926913 -0.32994009993918005 
-0.5893323828663508 1.2523898852914195 -0.3389636464826784 
-0.5904063918815534 1.2564559696384598 -0.3315960892325148 
-0.5891823246815392 1.2518220871854662 -0.33999665652945066 
-0.5893695656214157 1.2525313796434412 -0.3387171655678164 
-0.5881719736425368 1.247995423198398 -0.34690877355850636 
-0.5896641935504503 1.2536458393539764 -0.33668455304249933 
-0.5889133915144705 1.250803845557035 -0.3418404449490492 
-0.5901248152740204 1.2553902131200845 -0.333530781089016 
-0.5889353435475622 1.2508869609056035 -0.3416899432283347 
-0.5895835382756583 1.2533399252779764 -0.33723117762479193 
-0.5877745451653145 1.2464915603848072 -0.34964408112037126 
-0.5893954557659874 1.2526278024743287 -0.3385206591604474 
-0.5881696483326002 1.2479866190505045 -0.3469247157332096 
-0.5894284310851196 1.252753545511366 -0.3383051460997788 
-0.5879896787224697 1.2473068166103687 -0.34817758100249163 
-0.5895052159314457 1.2530433792171727 -0.3377681505568746 
-0.5886823484230752 1.2499271071233462 -0.3434012584476208 
-0.5903601625054335 1.256280934793428 -0.3319130348486481 
-0.5886484888555696 1.2498012203689932 -0.343660821290909 
-0.5904074530348975 1.2564599874043636 -0.33158881403374163 
-0.5885618506085681 1.2494715853285916 -0.34423580226652173 
-0.5903717706002756 1.2563248856587075 -0.3318334505003253 
-0.5889133915144705 1.250803845557035 -0.3418404449490492 
-0.590354943389298 1.2562622421247225 -0.3319614792493366 
-0.5891732190921607 1.2517872553429268 -0.3400548630361059 
-0.5910476223173238 1.2588825675747952 -0.3271850934318672 
-0.5894945418030859 1.2530045676556383 -0.33786033694009143 
-0.5902182077477744 1.2557415029396455 -0.33286304142185263 
-0.5895603128585539 1.253251988610323 -0.33739040958403466 
-0.5904927402069597 1.256783259901709 -0.3310083115177458 
-0.5886138509939908 1.2496697175850966 -0.343894075406315 
-0.5904678353993454 1.2566889646827988 -0.33117905726983043 
-0.5886625494472102 1.2498528538443259 -0.3435454175342151 
-0.5903318804619591 1.2561738525978152 -0.33210693471161146 
-0.5883605232693297 1.2487102056540444 -0.34562665309504315 
-0.5904040757990372 1.2564472004276606 -0.3316119681446206 
-0.5884295017180117 1.2489704825776362 -0.3451431777100733 
-0.5898147609726444 1.2542169896570605 -0.3356649350006393 
-0.5887698331826883 1.250259945305922 -0.34282045077160694 
-0.5899378363057157 1.254682980627725 -0.3348211384681088 
-0.5883316045338489 1.248600712798889 -0.34582491807727056 
-0.5899420108488083 1.2546980743346716 -0.33478407641859753 
-0.5887588006692275 1.2502172826803584 -0.34288552537415906 
-0.5901384845649251 1.2554410770973452 -0.3334265017166401 
-0.5882792407977139 1.2484020958558497 -0.3461796996434935 
-0.5900203571262028 1.2549954230666707 -0.3342553810539227 
-0.5886322062076728 1.2497388585367313 -0.34376401242123167 
-0.5903629030492874 1.2562913111105887 -0.33189424585703264 
-0.5894537603540714 1.2528494478366377 -0.3381314902681849 
-0.589676659795388 1.253693039369074 -0.3365990852725602 
-0.588647351885839 1.2497953124491628 -0.3436496110331717 
-0.589903613678054 1.254553050013095 -0.33505154576660323 
-0.5880421622925858 1.2475039281485174 -0.3477987517875988 
-0.5893207489637873 1.2523454806849006 -0.33903918694119417 
-0.5877416125019668 1.2463668698934065 -0.349869865332742 
-0.5894438574574605 1.252812309263855 -0.33820360471347244 
-0.5882782054520912 1.248398531831185 -0.34619101873207336 
-0.5885210077583723 1.2493189022635072 -0.3445390212189189 
-0.5880961580883912 1.2477076583009288 -0.34742014151270373 
-0.5885412238426941 1.249394378781839 -0.3443877816378125 
-0.587372574532478 1.2449687178631466 -0.3523894022136813 
-0.5889160896703018 1.250813349328811 -0.3418135049152232 
-0.5875325872293433 1.2455745620243623 -0.35129236550123466 
-0.5887153210643817 1.2500526590895822 -0.34318361873607883 
-0.587475641336841 1.245359843072411 -0.351693346458373 
-0.5875979009078394 1.2458234574386426 -0.35086358438967036 
-0.5873534149264451 1.2448970663144696 -0.35253132283188515 
-0.5878503041612003 1.2467780450032973 -0.34912046151294074 
-0.5875769584126487 1.2457434523734983 -0.3509987231319984 
-0.5888838195066823 1.250691523238192 -0.34203896789813637 
-0.5871446869282975 1.2441074870896276 -0.35397079015453614 
-0.5884567671384664 1.249074250623027 -0.344962590519985 
-0.5870686733137203 1.243819326372573 -0.3544877137595104 
-0.5886461469653319 1.2497919974169547 -0.3436726563132082 
-0.5875677087883454 1.2457091432644027 -0.3510705796104261 
-0.5891444299536052 1.2516766520204803 -0.3402332573260479 
-0.5880398277552288 1.2474950890635288 -0.34781475722490085 
-0.5888764449232562 1.250663957429389 -0.3420937483915635 
-0.5879824408210879 1.2472783442010715 -0.34821454110914374 
-0.5893121028708882 1.2523127446270574 -0.33909846399554844 
-0.5880871941010795 1.247676031828391 -0.34750902186650534 
