-0.6427616471061586 1.2464423693962985 -0.34972828855481763 
-0.6409265254226068 1.2394941847904457 -0.36230976426332706 
-0.6420019517114691 1.2435663473099985 -0.35494093192826837 
-0.6411394536262903 1.2403010910503456 -0.3608583839063767 
-0.6423943496378048 1.2450516983371214 -0.3522464562694212 
-0.640972695685125 1.239669707872819 -0.36200166557798363 
-0.6424335862360521 1.2451997219340745 -0.3519711099155042 
-0.640884182397246 1.2393333295321247 -0.36259372253859756 
-0.642200182509022 1.2443172498478996 -0.3535860952123796 
-0.6404654459318192 1.2377491458965577 -0.3654793371169158 
-0.6418672517032548 1.2430559866699096 -0.3558602056567167 
-0.6404669223190804 1.2377547358317282 -0.36546921510123076 
-0.6420160807666155 1.2436194870722077 -0.35483984321308293 
-0.6407147831262713 1.2386939028620547 -0.36377831600675514 
-0.6421530876299257 1.2441385819860005 -0.35390475383512665 
-0.6408134895229124 1.2390662053789419 -0.3630847310892008 
-0.6423458041791688 1.244867894281291 -0.3525792807976593 
-0.6412181488163977 1.2405983367350317 -0.36031041311517154 
-0.6425176611347267 1.2455192955321617 -0.3514094822645425 
-0.6410089724237308 1.2398063477326327 -0.36174451294992493 
-0.6428116781794763 1.2466317983243944 -0.34938527874829584 
-0.6408365119367686 1.2391533734305096 -0.3629268909071143 
-0.6422935067642381 1.244670952554831 -0.35295049097349984 
-0.6405409500412518 1.2380337744162295 -0.3649469013975375 
-0.6417533077672835 1.2426252812830236 -0.3566498395723984 
-0.640983692895682 1.2397117018197956 -0.36193049023873214 
-0.6422276082769405 1.2444207339637396 -0.35339384509343275 
-0.6411400571576947 1.2403026641015982 -0.36084580448230363 
-0.6425341154998097 1.2455812394422647 -0.35129245137465404 
-0.6407216932704005 1.2387190000896608 -0.363718301092008 
-0.6427430888892282 1.2463724598285775 -0.34985974331705716 
-0.6408691878391233 1.2392765567530477 -0.3626965242603971 
-0.6420720339692796 1.2438316945451309 -0.3544604524962266 
-0.640600999805526 1.2382630935458705 -0.36455840710306875 
-0.6420355542274253 1.2436942860692308 -0.3547189969014426 
-0.641136288621099 1.2402891076268234 -0.3608800829775012 
-0.6416245133081142 1.2421372803836175 -0.35752862523810736 
-0.640561494150588 1.2381128061165043 -0.3648208367340161 
-0.6421309067858642 1.2440542442801057 -0.35405260344319156 
-0.6409920935973101 1.2397427967161683 -0.36186445391932287 
-0.642204382859836 1.2443327972960863 -0.35355307705267514 
-0.6409214004552147 1.2394754925627331 -0.36235334236043526 
-0.6423131169070921 1.244744844951361 -0.35281182427508473 
-0.6406895576465234 1.2385964363282518 -0.3639280572562563 
-0.6420997358790077 1.2439376463601817 -0.35428316940576055 
-0.6407229740072942 1.2387242052757959 -0.36371374126848266 
-0.6425514169130282 1.245646746495046 -0.3511738340033467 
-0.6408729895363212 1.2392909508361125 -0.36267046007000847 
-0.6419061415310906 1.243203944384472 -0.3556020211612194 
-0.6409247353030524 1.2394874069940514 -0.36232203720734524 
-0.6423305973903772 1.244810317949033 -0.3526835375592139 
-0.6410554048030992 1.2399821511937503 -0.36142617555663525 
-0.6423947740991425 1.245053305443483 -0.35224354618991127 
-0.6411274044898096 1.24025511427456 -0.3609367711818039 
-0.6425022089546641 1.2454600780384333 -0.35150697976104284 
-0.6408354839440267 1.2391501932728952 -0.3629423804106968 
-0.6425796989565027 1.2457538286906589 -0.35097993414038353 
-0.6414311619414045 1.2414052084988294 -0.3588542297172381 
-0.6429539889349671 1.2471713309976622 -0.3484180470540731 
-0.6412920493517072 1.2408784968573736 -0.35980797664514585 
-0.6429963481503833 1.2473304654727528 -0.3481128505868202 
-0.6414716979991479 1.2415586871563589 -0.35857631712409066 
-0.6423704967561142 1.2449613859470203 -0.35240999008533014 
-0.6411366538463511 1.2402892433834036 -0.36086279459388504 
-0.641793181325299 1.2427758955397714 -0.35637224820870805 
-0.6415801774277127 1.2419690587130683 -0.3578283683440435 
-0.6425828566088135 1.245765428247131 -0.3509540646542564 
-0.6414759241576834 1.241574688345785 -0.3585473428541923 
-0.6422792619147462 1.2446150611638598 -0.35302494973134513 
-0.6409458476408892 1.239567343066992 -0.3621772923830511 
-0.6425790054384743 1.245749957751884 -0.3509699274969227 
-0.6416401918890831 1.2421977091641225 -0.35743377331287496 
-0.6428784329423297 1.2468856149952587 -0.3489402748843472 
-0.6411651907762788 1.240398181677834 -0.36067771084286915 
-0.6427758259022082 1.246496765570942 -0.34963952129684606 
-0.6416130747881565 1.2420930805258823 -0.35759648339497285 
-0.6432192902474843 1.2481751095508258 -0.3465907167428973 
-0.6417889385864625 1.2427594755462004 -0.35639711532620166 
-0.6431542738434641 1.2479289427807476 -0.3470364650086204 
-0.6416318878915401 1.2421648461924208 -0.35747384474468036 
-0.6428387292269605 1.2467349317463075 -0.34920826016607176 
-0.6412424685474486 1.2406911287768787 -0.3601521202619643 
-0.642879196821198 1.2468869041169606 -0.34891603253141557 
-0.6420421106387146 1.2437194642030518 -0.35467824433046113 
-0.6434988035166531 1.249234121886922 -0.34468283347855877 
-0.6421583657143849 1.2441585660042356 -0.35386856762905317 
-0.6435127037608296 1.2492860392918057 -0.34457909265072406 
-0.6425121376589968 1.2454976703524563 -0.35143890920556164 
-0.6441002098675496 1.251511181978693 -0.3405596303893238 
-0.6428049402880569 1.2466066431751335 -0.349435694122459 
-0.6448157631576651 1.2542197160734352 -0.3356454016072502 
-0.6431202892541928 1.247800269460538 -0.3472694611571664 
-0.6444860397451118 1.2529713088643513 -0.3379059640226737 
-0.6433624241179289 1.2487174026955767 -0.3456136209998488 
-0.6446378123555748 1.2535459541998957 -0.3368654208102684 
-0.6432220731793606 1.2481863584133708 -0.3465800787934932 
-0.6447530886438826 1.2539827722553956 -0.3360793148506741 
-0.6428399341474674 1.2467382467785155 -0.34918521488603504 
-0.6441356376834797 1.2516446076257837 -0.3403082979202834 
-0.6433531744936256 1.2486830935864812 -0.3456854774782767 
-0.6442819365591158 1.2521988841940568 -0.33930950310611063 
-0.6427660501924591 1.2464585054603188 -0.34969175850846534 
-0.6445867790972366 1.2533537988554255 -0.3372279640101786 
-0.6438865032245141 1.2507004392761203 -0.3420058071437966 
-0.6453521770377227 1.2562514120663222 -0.33197622435114504 
-0.6439842542314506 1.2510709007180139 -0.3413398303164801 
-0.644691008434084 1.253747366551514 -0.33650071193262276 
-0.6447754559108915 1.254067459773231 -0.33592596631304805 
-0.6453869681616469 1.2563824270538706 -0.331729257001369 
-0.6440687443640425 1.251392046485368 -0.34077535584860774 
-0.6453023508421931 1.2560624028243572 -0.3323136087029094 
-0.6441787094072888 1.251808042914343 -0.34001722179027827 
-0.6456681368881437 1.2574469952700291 -0.32980158237678203 
-0.6450749890784905 1.2552012038781193 -0.3338681654407798 
-0.6460667207899375 1.25895683587764 -0.3270773585474581 
-0.6448917601919412 1.2545074579863449 -0.33512437084987146 
-0.6462913162020648 1.2598072047654771 -0.32553754691139614 
-0.6446243292198552 1.2534952600343239 -0.3369620811435914 
-0.6456470077022439 1.2573664603926915 -0.32994009993918016 
-0.6443323828663509 1.2523898852914195 -0.3389636464826783 
-0.6454063918815536 1.2564559696384598 -0.33159608923251493 
-0.6441823246815394 1.2518220871854662 -0.33999665652945077 
-0.6443695656214158 1.2525313796434414 -0.3387171655678164 
-0.643171973642537 1.2479954231983985 -0.34690877355850647 
-0.6446641935504505 1.2536458393539767 -0.33668455304249933 
-0.6439133915144707 1.2508038455570347 -0.34184044494904875 
-0.6451248152740205 1.255390213120085 -0.3335307810890159 
-0.6439353435475623 1.2508869609056035 -0.3416899432283347 
-0.6445835382756586 1.2533399252779769 -0.33723117762479204 
-0.6427745451653145 1.2464915603848075 -0.34964408112037115 
-0.6443954557659877 1.252627802474329 -0.3385206591604474 
-0.6431696483326004 1.2479866190505047 -0.34692471573320993 
-0.6444284310851197 1.2527535455113663 -0.3383051460997788 
-0.6429896787224697 1.2473068166103685 -0.34817758100249174 
-0.6445052159314458 1.253043379217173 -0.3377681505568747 
-0.6436823484230753 1.2499271071233464 -0.34340125844762037 
-0.6453601625054337 1.2562809347934283 -0.33191303484864787 
-0.6436484888555698 1.2498012203689937 -0.34366082129090925 
-0.6454074530348975 1.2564599874043636 -0.3315888140337413 
-0.6435618506085683 1.2494715853285918 -0.34423580226652173 
-0.6453717706002757 1.2563248856587075 -0.3318334505003253 
-0.6439133915144707 1.2508038455570347 -0.34184044494904875 
-0.6453549433892981 1.2562622421247227 -0.3319614792493363 
-0.6441732190921609 1.2517872553429272 -0.3400548630361062 
-0.6460476223173239 1.2588825675747952 -0.3271850934318671 
-0.644494541803086 1.253004567655638 -0.3378603369400913 
-0.6452182077477745 1.2557415029396453 -0.3328630414218531 
-0.644560312858554 1.2532519886103233 -0.33739040958403455 
-0.6454927402069599 1.256783259901709 -0.3310083115177461 
-0.6436138509939909 1.2496697175850964 -0.34389407540631467 
-0.6454678353993456 1.256688964682799 -0.3311790572698302 
-0.6436625494472104 1.2498528538443259 -0.3435454175342154 
-0.6453318804619592 1.2561738525978152 -0.33210693471161123 
-0.6433605232693299 1.2487102056540444 -0.34562665309504337 
-0.6454040757990374 1.2564472004276608 -0.33161196814462035 
-0.6434295017180119 1.2489704825776362 -0.3451431777100733 
-0.6448147609726446 1.2542169896570607 -0.3356649350006392 
-0.6437698331826884 1.250259945305922 -0.3428204507716067 
-0.6449378363057159 1.2546829806277253 -0.3348211384681087 
-0.6433316045338491 1.2486007127988894 -0.3458249180772708 
-0.6449420108488084 1.2546980743346716 -0.33478407641859775 
-0.6437588006692276 1.2502172826803586 -0.3428855253741593 
-0.6451384845649252 1.2554410770973454 -0.33342650171664046 
-0.643279240797714 1.2484020958558495 -0.3461796996434934 
-0.6450203571262029 1.2549954230666704 -0.33425538105392194 
-0.6436322062076728 1.2497388585367315 -0.34376401242123167 
-0.6453629030492875 1.256291311110589 -0.3318942458570324 
-0.6444537603540716 1.252849447836638 -0.3381314902681849 
-0.6446766597953881 1.253693039369074 -0.3365990852725602 
-0.6436473518858391 1.2497953124491628 -0.3436496110331715 
-0.6449036136780542 1.2545530500130948 -0.335051545766603 
-0.6430421622925859 1.2475039281485176 -0.347798751787599 
-0.6443207489637873 1.2523454806849006 -0.33903918694119384 
-0.6427416125019668 1.246366869893407 -0.349869865332742 
-0.6444438574574607 1.252812309263855 -0.33820360471347244 
-0.6432782054520914 1.2483985318311852 -0.34619101873207314 
-0.6435210077583725 1.2493189022635072 -0.3445390212189188 
-0.6430961580883914 1.2477076583009286 -0.3474201415127035 
-0.6435412238426944 1.2493943787818393 -0.34438778163781225 
-0.6423725745324782 1.2449687178631468 -0.35238940221368154 
-0.643916089670302 1.2508133493288107 -0.341813504915223 
-0.6425325872293435 1.2455745620243621 -0.3512923655012349 
-0.6437153210643819 1.2500526590895824 -0.3431836187360785 
-0.6424756413368412 1.2453598430724113 -0.35169334645837325 
-0.6425979009078394 1.2458234574386429 -0.35086358438967036 
-0.6423534149264453 1.24489706631447 -0.35253132283188504 
-0.6428503041612005 1.246778045003297 -0.3491204615129406 
-0.642576958412649 1.2457434523734983 -0.35099872313199854 
-0.6438838195066825 1.2506915232381923 -0.34203896789813626 
-0.6421446869282976 1.2441074870896278 -0.3539707901545359 
-0.6434567671384666 1.249074250623027 -0.34496259051998457 
-0.6420686733137204 1.243819326372573 -0.35448771375951016 
-0.6436461469653322 1.2497919974169547 -0.34367265631320787 
-0.6425677087883456 1.2457091432644027 -0.3510705796104261 
-0.6441444299536052 1.2516766520204803 -0.3402332573260478 
-0.6430398277552289 1.247495089063529 -0.34781475722490074 
-0.6438764449232564 1.250663957429389 -0.3420937483915635 
-0.642982440821088 1.2472783442010715 -0.34821454110914374 
-0.6443121028708882 1.2523127446270572 -0.3390984639955483 
-0.6430871941010795 1.2476760318283908 -0.34750902186650556 
