-0.6427616471061585 1.1764423693962984 -0.34972828855481786 
-0.6409265254226068 1.1694941847904456 -0.3623097642633275 
-0.642001951711469 1.1735663473099982 -0.35494093192826826 
-0.6411394536262903 1.1703010910503453 -0.3608583839063766 
-0.6423943496378048 1.175051698337121 -0.3522464562694213 
-0.6409726956851249 1.1696697078728187 -0.3620016655779834 
-0.6424335862360521 1.1751997219340744 -0.35197110991550395 
-0.6408841823972461 1.1693333295321247 -0.36259372253859745 
-0.6422001825090218 1.1743172498478995 -0.3535860952123798 
-0.6404654459318191 1.1677491458965574 -0.3654793371169155 
-0.6418672517032546 1.1730559866699093 -0.35586020565671694 
-0.6404669223190804 1.1677547358317282 -0.36546921510123065 
-0.6420160807666155 1.1736194870722072 -0.35483984321308304 
-0.6407147831262713 1.1686939028620544 -0.3637783160067549 
-0.6421530876299256 1.1741385819860002 -0.3539047538351269 
-0.6408134895229124 1.1690662053789416 -0.3630847310892009 
-0.6423458041791688 1.174867894281291 -0.35257928079765977 
-0.6412181488163977 1.1705983367350314 -0.36031041311517176 
-0.6425176611347266 1.1755192955321616 -0.3514094822645425 
-0.6410089724237308 1.1698063477326326 -0.3617445129499248 
-0.6428116781794763 1.1766317983243944 -0.3493852787482963 
-0.6408365119367686 1.1691533734305093 -0.3629268909071146 
-0.642293506764238 1.1746709525548304 -0.35295049097349973 
-0.6405409500412518 1.1680337744162295 -0.36494690139753727 
-0.6417533077672833 1.1726252812830236 -0.35664983957239815 
-0.640983692895682 1.1697117018197953 -0.3619304902387319 
-0.6422276082769405 1.1744207339637394 -0.35339384509343275 
-0.6411400571576946 1.170302664101598 -0.36084580448230386 
-0.6425341154998095 1.1755812394422644 -0.35129245137465404 
-0.6407216932704005 1.1687190000896608 -0.36371830109200853 
-0.6427430888892282 1.1763724598285774 -0.3498597433170577 
-0.6408691878391234 1.1692765567530476 -0.3626965242603971 
-0.6420720339692795 1.1738316945451306 -0.35446045249622704 
-0.6406009998055259 1.1682630935458702 -0.36455840710306886 
-0.6420355542274253 1.1736942860692308 -0.3547189969014424 
-0.6411362886210988 1.1702891076268231 -0.36088008297750096 
-0.6416245133081142 1.1721372803836174 -0.35752862523810736 
-0.6405614941505879 1.168112806116504 -0.364820836734016 
-0.6421309067858642 1.1740542442801056 -0.3540526034431919 
-0.6409920935973101 1.1697427967161682 -0.3618644539193232 
-0.6422043828598359 1.174332797296086 -0.35355307705267536 
-0.6409214004552146 1.1694754925627329 -0.3623533423604349 
-0.642313116907092 1.1747448449513607 -0.3528118242750846 
-0.6406895576465235 1.1685964363282517 -0.36392805725625643 
-0.6420997358790077 1.1739376463601818 -0.354283169405761 
-0.640722974007294 1.1687242052757956 -0.36371374126848255 
-0.6425514169130281 1.1756467464950457 -0.3511738340033469 
-0.6408729895363212 1.1692909508361122 -0.36267046007000836 
-0.6419061415310905 1.173203944384472 -0.3556020211612191 
-0.6409247353030524 1.169487406994051 -0.36232203720734524 
-0.6423305973903772 1.174810317949033 -0.3526835375592139 
-0.6410554048030991 1.1699821511937503 -0.3614261755566356 
-0.6423947740991425 1.1750533054434829 -0.3522435461899116 
-0.6411274044898095 1.1702551142745599 -0.360936771181804 
-0.6425022089546641 1.1754600780384332 -0.35150697976104306 
-0.6408354839440266 1.1691501932728952 -0.36294238041069704 
-0.6425796989565027 1.1757538286906588 -0.35097993414038353 
-0.6414311619414044 1.1714052084988293 -0.35885422971723857 
-0.6429539889349671 1.1771713309976621 -0.34841804705407275 
-0.6412920493517071 1.1708784968573733 -0.35980797664514585 
-0.6429963481503833 1.1773304654727528 -0.3481128505868203 
-0.6414716979991478 1.1715586871563588 -0.3585763171240903 
-0.6423704967561142 1.1749613859470203 -0.35240999008533 
-0.6411366538463512 1.1702892433834033 -0.36086279459388504 
-0.641793181325299 1.1727758955397714 -0.35637224820870805 
-0.6415801774277126 1.171969058713068 -0.3578283683440433 
-0.6425828566088134 1.175765428247131 -0.35095406465425616 
-0.6414759241576834 1.171574688345785 -0.35854734285419276 
-0.642279261914746 1.1746150611638597 -0.35302494973134535 
-0.6409458476408891 1.1695673430669917 -0.3621772923830515 
-0.6425790054384742 1.175749957751884 -0.3509699274969227 
-0.6416401918890831 1.1721977091641225 -0.3574337733128755 
-0.6428784329423297 1.1768856149952587 -0.3489402748843473 
-0.6411651907762788 1.170398181677834 -0.36067771084286926 
-0.642775825902208 1.176496765570942 -0.3496395212968457 
-0.6416130747881567 1.1720930805258822 -0.3575964833949732 
-0.6432192902474843 1.1781751095508255 -0.34659071674289765 
-0.6417889385864624 1.1727594755462003 -0.35639711532620133 
-0.6431542738434641 1.1779289427807471 -0.3470364650086204 
-0.6416318878915401 1.1721648461924206 -0.3574738447446806 
-0.6428387292269604 1.1767349317463072 -0.34920826016607187 
-0.6412424685474485 1.1706911287768784 -0.3601521202619642 
-0.6428791968211981 1.1768869041169605 -0.3489160325314157 
-0.6420421106387146 1.1737194642030517 -0.35467824433046136 
-0.643498803516653 1.1792341218869222 -0.344682833478559 
-0.6421583657143848 1.1741585660042353 -0.3538685676290534 
-0.6435127037608295 1.1792860392918054 -0.34457909265072384 
-0.6425121376589968 1.1754976703524562 -0.3514389092055621 
-0.6441002098675495 1.181511181978693 -0.3405596303893237 
-0.6428049402880568 1.1766066431751336 -0.34943569412245923 
-0.644815763157665 1.184219716073435 -0.3356454016072504 
-0.6431202892541927 1.1778002694605374 -0.3472694611571667 
-0.6444860397451116 1.182971308864351 -0.3379059640226739 
-0.6433624241179288 1.1787174026955767 -0.34561362099984916 
-0.6446378123555747 1.1835459541998956 -0.3368654208102686 
-0.6432220731793605 1.1781863584133707 -0.34658007879349306 
-0.6447530886438825 1.1839827722553955 -0.3360793148506742 
-0.6428399341474675 1.1767382467785155 -0.34918521488603504 
-0.6441356376834797 1.1816446076257834 -0.3403082979202836 
-0.6433531744936255 1.1786830935864807 -0.3456854774782768 
-0.6442819365591157 1.1821988841940567 -0.33930950310611085 
-0.6427660501924591 1.1764585054603185 -0.3496917585084651 
-0.6445867790972365 1.183353798855425 -0.3372279640101785 
-0.643886503224514 1.18070043927612 -0.3420058071437968 
-0.6453521770377227 1.1862514120663221 -0.3319762243511448 
-0.6439842542314506 1.1810709007180138 -0.3413398303164803 
-0.644691008434084 1.183747366551514 -0.33650071193262276 
-0.6447754559108914 1.184067459773231 -0.3359259663130483 
-0.6453869681616469 1.1863824270538705 -0.33172925700136924 
-0.6440687443640424 1.1813920464853678 -0.34077535584860763 
-0.6453023508421931 1.1860624028243572 -0.33231360870290927 
-0.6441787094072888 1.181808042914343 -0.34001722179027816 
-0.6456681368881436 1.1874469952700286 -0.32980158237678214 
-0.6450749890784905 1.1852012038781192 -0.33386816544078013 
-0.6460667207899373 1.1889568358776395 -0.3270773585474581 
-0.644891760191941 1.1845074579863448 -0.3351243708498717 
-0.6462913162020647 1.1898072047654773 -0.3255375469113958 
-0.6446243292198551 1.1834952600343236 -0.3369620811435917 
-0.6456470077022439 1.1873664603926912 -0.3299400999391804 
-0.6443323828663508 1.1823898852914194 -0.3389636464826782 
-0.6454063918815536 1.1864559696384596 -0.33159608923251505 
-0.6441823246815392 1.1818220871854659 -0.3399966565294502 
-0.6443695656214158 1.182531379643441 -0.3387171655678165 
-0.643171973642537 1.1779954231983982 -0.34690877355850636 
-0.6446641935504503 1.1836458393539764 -0.3366845530424991 
-0.6439133915144707 1.1808038455570347 -0.3418404449490491 
-0.6451248152740204 1.1853902131200846 -0.3335307810890159 
-0.6439353435475623 1.1808869609056034 -0.34168994322833446 
-0.6445835382756586 1.1833399252779766 -0.33723117762479216 
-0.6427745451653145 1.1764915603848074 -0.3496440811203716 
-0.6443954557659877 1.1826278024743286 -0.3385206591604477 
-0.6431696483326005 1.1779866190505046 -0.3469247157332098 
-0.6444284310851196 1.182753545511366 -0.338305146099779 
-0.6429896787224697 1.1773068166103682 -0.34817758100249163 
-0.6445052159314459 1.1830433792171728 -0.3377681505568747 
-0.6436823484230753 1.1799271071233464 -0.3434012584476207 
-0.6453601625054336 1.186280934793428 -0.33191303484864787 
-0.6436484888555698 1.1798012203689932 -0.343660821290909 
-0.6454074530348975 1.1864599874043633 -0.3315888140337415 
-0.6435618506085684 1.1794715853285915 -0.34423580226652184 
-0.6453717706002757 1.1863248856587072 -0.33183345050032553 
-0.6439133915144707 1.1808038455570347 -0.3418404449490491 
-0.645354943389298 1.1862622421247224 -0.3319614792493366 
-0.6441732190921607 1.181787255342927 -0.3400548630361063 
-0.6460476223173239 1.1888825675747952 -0.3271850934318672 
-0.644494541803086 1.1830045676556378 -0.3378603369400911 
-0.6452182077477745 1.1857415029396452 -0.33286304142185263 
-0.6445603128585541 1.183251988610323 -0.33739040958403477 
-0.6454927402069599 1.1867832599017092 -0.33100831151774623 
-0.6436138509939908 1.1796697175850963 -0.34389407540631456 
-0.6454678353993456 1.186688964682799 -0.33117905726983043 
-0.6436625494472104 1.1798528538443258 -0.3435454175342151 
-0.6453318804619591 1.186173852597815 -0.33210693471161135 
-0.6433605232693298 1.1787102056540444 -0.3456266530950436 
-0.6454040757990374 1.1864472004276607 -0.33161196814462046 
-0.6434295017180119 1.1789704825776361 -0.3451431777100733 
-0.6448147609726446 1.1842169896570605 -0.3356649350006393 
-0.6437698331826883 1.180259945305922 -0.34282045077160705 
-0.6449378363057158 1.184682980627725 -0.3348211384681089 
-0.643331604533849 1.1786007127988891 -0.3458249180772708 
-0.6449420108488083 1.1846980743346716 -0.3347840764185981 
-0.6437588006692276 1.1802172826803583 -0.3428855253741595 
-0.6451384845649253 1.1854410770973454 -0.33342650171664046 
-0.6432792407977139 1.1784020958558492 -0.3461796996434934 
-0.6450203571262028 1.1849954230666702 -0.33425538105392194 
-0.6436322062076727 1.1797388585367312 -0.3437640124212318 
-0.6453629030492875 1.1862913111105886 -0.33189424585703287 
-0.6444537603540715 1.1828494478366378 -0.33813149026818534 
-0.6446766597953881 1.1836930393690737 -0.33659908527256 
-0.6436473518858392 1.1797953124491627 -0.3436496110331715 
-0.644903613678054 1.1845530500130947 -0.3350515457666031 
-0.6430421622925859 1.1775039281485173 -0.3477987517875991 
-0.6443207489637873 1.1823454806849005 -0.33903918694119395 
-0.6427416125019668 1.1763668698934067 -0.3498698653327421 
-0.6444438574574607 1.1828123092638547 -0.33820360471347233 
-0.6432782054520914 1.1783985318311851 -0.3461910187320736 
-0.6435210077583725 1.179318902263507 -0.344539021218919 
-0.6430961580883914 1.1777076583009285 -0.3474201415127035 
-0.6435412238426943 1.179394378781839 -0.3443877816378126 
-0.6423725745324783 1.1749687178631465 -0.35238940221368165 
-0.643916089670302 1.1808133493288107 -0.3418135049152231 
-0.6425325872293435 1.1755745620243623 -0.35129236550123477 
-0.6437153210643819 1.1800526590895823 -0.34318361873607894 
-0.6424756413368411 1.175359843072411 -0.35169334645837347 
-0.6425979009078394 1.1758234574386426 -0.35086358438967014 
-0.6423534149264452 1.1748970663144698 -0.35253132283188515 
-0.6428503041612004 1.176778045003297 -0.3491204615129404 
-0.6425769584126488 1.1757434523734984 -0.35099872313199854 
-0.6438838195066824 1.180691523238192 -0.34203896789813637 
-0.6421446869282975 1.1741074870896273 -0.3539707901545357 
-0.6434567671384666 1.179074250623027 -0.3449625905199847 
-0.6420686733137204 1.173819326372573 -0.35448771375951005 
-0.6436461469653321 1.1797919974169546 -0.343672656313208 
-0.6425677087883455 1.1757091432644025 -0.35107057961042587 
-0.6441444299536052 1.1816766520204798 -0.3402332573260479 
-0.6430398277552289 1.1774950890635287 -0.34781475722490085 
-0.6438764449232562 1.1806639574293887 -0.34209374839156304 
-0.6429824408210879 1.1772783442010712 -0.34821454110914407 
-0.6443121028708882 1.1823127446270572 -0.33909846399554877 
-0.6430871941010795 1.1776760318283908 -0.34750902186650523 
