-0.5500982747980666 1.111304921373372 -0.5511176899047316 
-0.5500982747980666 1.111304921373372 -0.5511176899047316 
-0.5500980397028781 1.1113034950170206 -0.5511129874865675 
-0.5500980397028781 1.1113034950170206 -0.5511129874865675 
-0.5500984448461221 1.1113050324769371 -0.5511102039322573 
-0.5500984448461221 1.1113050324769371 -0.5511102039322573 
-0.5500975997989059 1.111301468859181 -0.5511117904136686 
-0.5500975997989059 1.111301468859181 -0.5511117904136686 
-0.5500975997989059 1.111301468859181 -0.5511117904136686 
-0.5502426983975703 1.1118517402341266 -0.5501106647174363 
-0.5502426983975703 1.1118517402341266 -0.5501106647174363 
-0.5505877331167144 1.11316109700678 -0.5477400886467323 
-0.5505877331167144 1.11316109700678 -0.5477400886467323 
-0.5508285313875645 1.114075605131284 -0.5460941125401224 
-0.5508285313875645 1.114075605131284 -0.5460941125401224 
-0.5508285313875645 1.114075605131284 -0.5460941125401224 
-0.5512615784096371 1.1157182422708787 -0.5431104052029281 
-0.5512615784096371 1.1157182422708787 -0.5431104052029281 
-0.5514086737898543 1.116277695704696 -0.5421145365388551 
-0.5514086737898543 1.116277695704696 -0.5421145365388551 
-0.5518857434752023 1.1180875718415137 -0.538830490830313 
-0.5521532413725851 1.1191023308226427 -0.5369884154194173 
-0.5524704848778293 1.1203065807507617 -0.5348129995469539 
-0.5524704848778293 1.1203065807507617 -0.5348129995469539 
-0.5524704848778293 1.1203065807507617 -0.5348129995469539 
-0.5524704848778293 1.1203065807507617 -0.5348129995469539 
-0.5524704848778293 1.1203065807507617 -0.5348129995469539 
-0.5527892341548003 1.1215170790686075 -0.532633555854136 
-0.5529616419986543 1.1221693785608426 -0.5314258017350606 
-0.5529616419986543 1.1221693785608426 -0.5314258017350606 
-0.5529616419986543 1.1221693785608426 -0.5314258017350606 
-0.5529616419986543 1.1221693785608426 -0.5314258017350606 
-0.5534090677983103 1.1238676533858996 -0.5283559857940403 
-0.5537535231852028 1.1251760594527511 -0.5260041466053234 
-0.5537535231852028 1.1251760594527511 -0.5260041466053234 
-0.5538426270754984 1.1255141958076016 -0.5253919544448786 
-0.5538426270754984 1.1255141958076016 -0.5253919544448786 
-0.5541611157043539 1.1267228140134438 -0.523203764444089 
-0.5541611157043539 1.1267228140134438 -0.523203764444089 
-0.5546230434572172 1.1284757629143214 -0.5200300696923017 
-0.5546230434572172 1.1284757629143214 -0.5200300696923017 
-0.5547306429900383 1.128883196562855 -0.5192802653118438 
-0.5547306429900383 1.128883196562855 -0.5192802653118438 
-0.5547306429900383 1.128883196562855 -0.5192802653118438 
-0.5552724767992078 1.1309406251472822 -0.515572329073287 
-0.5552724767992078 1.1309406251472822 -0.515572329073287 
-0.5554796791859427 1.131725680410576 -0.5141339794931101 
-0.5556322135468644 1.132304882998035 -0.5130902049729291 
-0.5556322135468644 1.132304882998035 -0.5130902049729291 
-0.5556322135468644 1.132304882998035 -0.5130902049729291 
-0.5560090009048151 1.1337340228628403 -0.5104930321092622 
-0.5566228368881323 1.136063798276761 -0.5062798646939555 
-0.5568381876267008 1.1368826276931034 -0.5048192640688166 
-0.5568381876267008 1.1368826276931034 -0.5048192640688166 
-0.5569762268903664 1.1374037898306386 -0.5038392018727176 
-0.5569762268903664 1.1374037898306386 -0.5038392018727176 
-0.5569762268903664 1.1374037898306386 -0.5038392018727176 
-0.5573761299177871 1.1389233271820272 -0.5011148692156784 
-0.5573761299177871 1.1389233271820272 -0.5011148692156784 
-0.5575631538715745 1.139632521787606 -0.49982359534283094 
-0.5575631538715745 1.139632521787606 -0.49982359534283094 
-0.5575631538715745 1.139632521787606 -0.49982359534283094 
-0.558053736301156 1.1414942110353161 -0.496453027386196 
-0.558053736301156 1.1414942110353161 -0.496453027386196 
-0.558207294798465 1.1420769432859974 -0.4953979970400413 
-0.558207294798465 1.1420769432859974 -0.4953979970400413 
-0.558207294798465 1.1420769432859974 -0.4953979970400413 
-0.5586521604960719 1.143765144159022 -0.4923415278822709 
-0.5589013348694609 1.1447103680211932 -0.49062534504131294 
-0.5589013348694609 1.1447103680211932 -0.49062534504131294 
-0.5589013348694609 1.1447103680211932 -0.49062534504131294 
-0.559358891746536 1.146447621071846 -0.4874922176842693 
-0.559358891746536 1.146447621071846 -0.4874922176842693 
-0.5595609016927172 1.1472142195516508 -0.4861042995476561 
-0.5595609016927172 1.1472142195516508 -0.4861042995476561 
-0.5595609016927172 1.1472142195516508 -0.4861042995476561 
-0.5601073273648991 1.149288182600803 -0.482354277612004 
-0.5601073273648991 1.149288182600803 -0.482354277612004 
-0.560209422703197 1.1496743718425382 -0.48163807058752406 
-0.560209422703197 1.1496743718425382 -0.48163807058752406 
-0.560209422703197 1.1496743718425382 -0.48163807058752406 
-0.5606066677244981 1.1511815023619745 -0.47890456190879416 
-0.5608706816913616 1.152185001679669 -0.47710961845344424 
-0.5608706816913616 1.152185001679669 -0.47710961845344424 
-0.5608706816913616 1.152185001679669 -0.47710961845344424 
-0.5613558110322737 1.1540263540318862 -0.47378073563240264 
-0.5613558110322737 1.1540263540318862 -0.47378073563240264 
-0.5613558110322737 1.1540263540318862 -0.47378073563240264 
-0.5613558110322737 1.1540263540318862 -0.47378073563240264 
-0.561778850152551 1.155629049336244 -0.47084256950429015 
-0.561778850152551 1.155629049336244 -0.47084256950429015 
-0.5621250604218534 1.1569451872352454 -0.4684913547335483 
-0.5621250604218534 1.1569451872352454 -0.4684913547335483 
-0.5621250604218534 1.1569451872352454 -0.4684913547335483 
-0.5624597243273818 1.1582142972825202 -0.4661814946874323 
-0.5624597243273818 1.1582142972825202 -0.4661814946874323 
-0.5624597243273818 1.1582142972825202 -0.4661814946874323 
-0.5624597243273818 1.1582142972825202 -0.4661814946874323 
-0.5630117542206303 1.160308098445078 -0.4623760678404345 
-0.5631470731567368 1.1608232207152407 -0.46146535225813334 
-0.5631470731567368 1.1608232207152407 -0.46146535225813334 
-0.5631470731567368 1.1608232207152407 -0.46146535225813334 
-0.5631470731567368 1.1608232207152407 -0.46146535225813334 
-0.5635790195503265 1.1624611469250257 -0.45848288918698366 
-0.563911623738118 1.1637233316320545 -0.45619771762352435 
-0.563911623738118 1.1637233316320545 -0.45619771762352435 
-0.563911623738118 1.1637233316320545 -0.45619771762352435 
-0.5643131278303307 1.1652473382805666 -0.45344338571714204 
-0.5643131278303307 1.1652473382805666 -0.45344338571714204 
-0.5643131278303307 1.1652473382805666 -0.45344338571714204 
-0.5647405007765101 1.1668687999101683 -0.45050288181789155 
-0.5647405007765101 1.1668687999101683 -0.45050288181789155 
-0.5648913409020474 1.167441573119794 -0.44947074761573513 
-0.5648913409020474 1.167441573119794 -0.44947074761573513 
-0.5654307891315462 1.1694887009988153 -0.4457644450517343 
-0.5656113732840072 1.1701752394716516 -0.44453849031888604 
-0.5656113732840072 1.1701752394716516 -0.44453849031888604 
-0.5656113732840072 1.1701752394716516 -0.44453849031888604 
-0.566017476209872 1.1717159844556293 -0.44174412302092003 
-0.566017476209872 1.1717159844556293 -0.44174412302092003 
-0.56630878341017 1.1728214530779726 -0.43974268420930473 
-0.5667964285512317 1.1746719957412868 -0.4363922970214187 
-0.5667964285512317 1.1746719957412868 -0.4363922970214187 
-0.5669937744499424 1.1754203606324691 -0.43503010577625933 
-0.5669937744499424 1.1754203606324691 -0.43503010577625933 
-0.5669937744499424 1.1754203606324691 -0.43503010577625933 
-0.5673790940576812 1.1768838404972775 -0.43239750717780256 
-0.5676726889335797 1.1779972769451066 -0.4303719118866913 
-0.5676726889335797 1.1779972769451066 -0.4303719118866913 
-0.5680966848539526 1.179605745832843 -0.4274525117927819 
-0.5680966848539526 1.179605745832843 -0.4274525117927819 
-0.5684429810418339 1.1809198896966004 -0.42507326874615825 
-0.5684429810418339 1.1809198896966004 -0.42507326874615825 
-0.5684429810418339 1.1809198896966004 -0.42507326874615825 
-0.5684429810418339 1.1809198896966004 -0.42507326874615825 
-0.5689792546504628 1.1829546135633437 -0.42138455810085174 
-0.5689792546504628 1.1829546135633437 -0.42138455810085174 
-0.5690894167816498 1.1833726628915895 -0.42062768437887565 
-0.5690894167816498 1.1833726628915895 -0.42062768437887565 
-0.5690894167816498 1.1833726628915895 -0.42062768437887565 
-0.5695162778465572 1.1849945001400763 -0.4177181122936313 
-0.5697919727573079 1.186040008813406 -0.4158154994929517 
-0.5697919727573079 1.186040008813406 -0.4158154994929517 
-0.5697919727573079 1.186040008813406 -0.4158154994929517 
-0.5701483138968708 1.1873910240373817 -0.4133524856136399 
-0.570385749083194 1.1882929471615014 -0.411731713923394 
-0.570385749083194 1.1882929471615014 -0.411731713923394 
-0.5708895999540192 1.1902049882214822 -0.4082699845631008 
-0.5708895999540193 1.1902049882214825 -0.40826998456310115 
-0.5712807424404173 1.191688783086886 -0.4055763054187078 
-0.5712807424404173 1.191688783086886 -0.4055763054187078 
-0.571689747560703 1.1932398259565953 -0.4027535365058008 
-0.571689747560703 1.1932398259565953 -0.4027535365058008 
-0.5719577601170482 1.1942585012917324 -0.4009311436243186 
-0.5719577601170482 1.1942585012917324 -0.4009311436243186 
-0.5719577601170482 1.1942585012917324 -0.4009311436243186 
-0.5721647599321609 1.1950427878250673 -0.39949418582129703 
-0.5721647599321609 1.1950427878250673 -0.39949418582129703 
-0.5721647599321609 1.1950427878250673 -0.39949418582129703 
-0.5721647599321609 1.1950427878250673 -0.39949418582129703 
-0.5725838148522948 1.1966346450990482 -0.3966340267415207 
-0.5728260048123609 1.1975528299203468 -0.3949595129667025 
-0.5728260048123609 1.1975528299203468 -0.3949595129667025 
-0.5728260048123609 1.1975528299203468 -0.3949595129667025 
-0.5731815221499972 1.1989012531395282 -0.3925084767043199 
-0.5734296795243239 1.1998433312095877 -0.39080772010433984 
-0.5734296795243239 1.1998433312095877 -0.39080772010433984 
-0.5737810215871543 1.2011766234377617 -0.38839380915403443 
-0.5737810215871543 1.2011766234377617 -0.38839380915403443 
-0.5737810215871543 1.2011766234377617 -0.38839380915403443 
-0.5741919933692731 1.2027362018118497 -0.3855702096193496 
-0.5746981809510767 1.204657467137462 -0.38209664523677556 
-0.5746981809510767 1.204657467137462 -0.38209664523677556 
-0.5750542034065036 1.2060094117676396 -0.379661114547422 
-0.5752645569316572 1.2068060683587185 -0.3781968954811421 
-0.5752645569316572 1.2068060683587185 -0.3781968954811421 
-0.5752645569316572 1.2068060683587185 -0.3781968954811421 
-0.5756614039470389 1.2083120452893485 -0.37547034077172503 
-0.5756614039470389 1.2083120452893485 -0.37547034077172503 
-0.5756614039470388 1.2083120452893488 -0.37547034077172525 
-0.5756614039470388 1.2083120452893488 -0.37547034077172525 
-0.5761658901561333 1.2102264973660164 -0.3720042462921731 
-0.5763165673709402 1.210799543343188 -0.37098376847749415 
-0.5763165673709402 1.210799543343188 -0.37098376847749415 
-0.5763165673709402 1.210799543343188 -0.37098376847749415 
-0.5763165673709402 1.210799543343188 -0.37098376847749415 
-0.5768020855099705 1.2126420143419399 -0.36764799494973643 
-0.5768020855099705 1.2126420143419399 -0.36764799494973643 
-0.5768020855099705 1.2126420143419399 -0.36764799494973643 
-0.5772214987751321 1.2142339837072222 -0.3647706172903251 
-0.5772214987751321 1.2142339837072222 -0.3647706172903251 
-0.5774207811417406 1.2149905882037004 -0.3634056585603084 
-0.5774207811417406 1.2149905882037004 -0.3634056585603084 
-0.5774207811417406 1.2149905882037004 -0.3634056585603084 
-0.5777455047631389 1.2162212627407953 -0.3611556547647856 
-0.5777455047631389 1.2162212627407953 -0.3611556547647856 
-0.578071131508247 1.2174566122776924 -0.35891420257297724 
-0.578071131508247 1.2174566122776924 -0.35891420257297724 
-0.578071131508247 1.2174566122776924 -0.35891420257297724 
-0.578071131508247 1.2174566122776924 -0.35891420257297724 
-0.5784750538703826 1.2189917572583744 -0.3561664512968491 
-0.5788220737189588 1.2203063291754759 -0.3537548213964662 
