-0.6825530990974232 1.2375273598512142 -0.3397666985226485 
-0.6825558848321386 1.2375390679525402 -0.3397601044631344 
-0.6825550264709058 1.237535433241679 -0.33976181746972267 
-0.6825532939912743 1.2375277449840596 -0.3397611363304923 
-0.6825550107137401 1.2375350144057828 -0.33975771031731583 
-0.6825550422280715 1.237535852077575 -0.33976592462212984 
-0.6825545894117065 1.2375334064683001 -0.33976062039681343 
-0.6825562812182667 1.2375402220989646 -0.3397531504938267 
-0.6825537152933078 1.2375293529215423 -0.3397582262509945 
-0.6825549700406686 1.237534141778828 -0.339749559275099 
-0.6825554477729394 1.2375370411791615 -0.33975890739022496 
-0.6825545736545408 1.2375329876324042 -0.33975651324440614 
-0.6825541523525072 1.2375313796949212 -0.3397594233239041 
-0.6825558441590674 1.2375381953255857 -0.3397519534209179 
-0.6825541365953414 1.2375309608590248 -0.339755316171497 
-0.6825541681096731 1.2375317985308174 -0.33976353047631114 
-0.6825535361566226 1.237529386624593 -0.3397678955955581 
-0.6825549949565743 1.2375345955698867 -0.33975360316490855 
-0.6825554477729394 1.2375370411791615 -0.33975890739022496 
-0.6825554320157736 1.2375366223432653 -0.3397548002378179 
-0.6825581836758435 1.23754784169837 -0.3397442255510915 
-0.6825563061341722 1.2375406758900231 -0.3397571943836364 
-0.6825554635301051 1.2375374600150577 -0.3397630145426319 
-0.6825554477729394 1.2375370411791615 -0.33975890739022496 
-0.6825558441590674 1.2375381953255857 -0.33975195342091813 
-0.6825537152933078 1.2375293529215423 -0.3397582262509945 
-0.6825541523525072 1.2375313796949212 -0.3397594233239041 
-0.6825541365953414 1.2375309608590248 -0.339755316171497 
-0.682555407099868 1.2375361685522066 -0.33975075634800833 
-0.6825546051688723 1.2375338253041963 -0.3397647275492204 
-0.6825550107137401 1.2375350144057828 -0.33975771031731583 
-0.6825545894117065 1.2375334064683001 -0.33976062039681343 
-0.682556913171317 1.2375426340051887 -0.33974878537458 
-0.6825541523525072 1.2375313796949212 -0.3397594233239041 
-0.6825554477729394 1.2375370411791615 -0.33975890739022496 
-0.6825549949565741 1.237534595569887 -0.33975360316490866 
-0.6825550107137401 1.2375350144057828 -0.33975771031731583 
-0.6825550107137401 1.2375350144057828 -0.33975771031731583 
-0.6825550264709058 1.237535433241679 -0.33976181746972267 
-0.6825545894117065 1.2375334064683001 -0.33976062039681343 
-0.6825545736545408 1.2375329876324037 -0.33975651324440637 
-0.682554557897375 1.237532568796508 -0.3397524060919993 
-0.682551407290863 1.23752054422055 -0.3397741684256348 
-0.6825550264709058 1.237535433241679 -0.33976181746972267 
-0.6825554320157736 1.2375366223432653 -0.3397548002378179 
-0.6825554635301051 1.2375374600150577 -0.3397630145426319 
-0.6825532939912743 1.2375277449840596 -0.3397611363304923 
-0.6825541523525072 1.2375313796949212 -0.3397594233239041 
-0.6825550107137401 1.2375350144057828 -0.33975771031731583 
-0.6825545736545408 1.2375329876324037 -0.33975651324440637 
-0.6825558848321386 1.2375390679525402 -0.3397601044631344 
-0.6825554477729394 1.2375370411791615 -0.33975890739022496 
-0.6825550422280715 1.237535852077575 -0.33976592462212984 
-0.682555869074973 1.2375386491166445 -0.3397559973107269 
-0.6825545736545408 1.2375329876324037 -0.33975651324440637 
-0.6825526777953896 1.2375257519137315 -0.33976960860214656 
-0.6825550264709058 1.237535433241679 -0.33976181746972267 
-0.682553699536142 1.2375289340856463 -0.3397541190985879 
-0.6825561360702208 1.2375409245486546 -0.3397689205750941 
-0.6825537310504736 1.2375297717574383 -0.3397623334034018 
-0.682555407099868 1.2375361685522066 -0.33975075634800833 
-0.6825550107137401 1.2375350144057828 -0.33975771031731583 
-0.6825546051688723 1.2375338253041963 -0.3397647275492204 
-0.682554557897375 1.237532568796508 -0.3397524060919993 
-0.6825545736545408 1.2375329876324037 -0.3397565132444066 
-0.682553973215822 1.2375314133979722 -0.339769092668467 
-0.6825554477729394 1.2375370411791615 -0.33975890739022496 
-0.6825554320157736 1.2375366223432653 -0.3397548002378179 
-0.6825545736545408 1.2375329876324037 -0.33975651324440637 
-0.6825563061341722 1.2375406758900231 -0.3397571943836364 
-0.682555869074973 1.2375386491166445 -0.3397559973107269 
-0.6825537310504736 1.2375297717574383 -0.3397623334034018 
-0.6825537310504736 1.2375297717574383 -0.3397623334034018 
-0.6825550107137401 1.2375350144057828 -0.33975771031731583 
-0.682554557897375 1.237532568796508 -0.3397524060919991 
-0.6825545736545408 1.2375329876324037 -0.33975651324440637 
-0.6825535361566226 1.237529386624593 -0.3397678955955581 
-0.682553973215822 1.2375314133979722 -0.339769092668467 
-0.6825550264709058 1.237535433241679 -0.33976181746972267 
-0.6825558441590674 1.2375381953255857 -0.3397519534209179 
-0.6825545894117065 1.2375334064683001 -0.33976062039681343 
-0.6825545736545408 1.2375329876324037 -0.33975651324440637 
-0.6825545894117064 1.2375334064683006 -0.33976062039681354 
-0.6825541208381756 1.237530542023129 -0.33975120901909006 
-0.682555869074973 1.2375386491166445 -0.3397559973107269 
-0.6825546051688723 1.2375338253041963 -0.3397647275492204 
-0.6825541681096731 1.2375317985308174 -0.33976353047631114 
-0.6825554477729394 1.2375370411791615 -0.33975890739022496 
-0.6825545894117065 1.2375334064683001 -0.33976062039681343 
-0.6825550264709058 1.237535433241679 -0.33976181746972267 
-0.6825541523525072 1.2375313796949212 -0.3397594233239041 
-0.6825526620382238 1.2375253330778355 -0.33976550144973905 
-0.6825526620382238 1.2375253330778355 -0.33976550144973927 
-0.6825545894117065 1.2375334064683001 -0.33976062039681343 
-0.6825550422280715 1.237535852077575 -0.33976592462212984 
-0.6825565392267869 1.2375421025749767 -0.33976189680180735 
-0.6825545894117065 1.2375334064683001 -0.33976062039681343 
-0.6825550264709058 1.237535433241679 -0.33976181746972267 
-0.6825545894117065 1.2375334064683001 -0.33976062039681343 
-0.6825550107137401 1.2375350144057828 -0.33975771031731583 
-0.6825550264709057 1.2375354332416795 -0.3397618174697228 
-0.6825541681096731 1.2375317985308174 -0.33976353047631114 
-0.682554557897375 1.237532568796508 -0.3397524060919991 
-0.6825541365953414 1.2375309608590248 -0.339755316171497 
-0.6825544102750212 1.2375334401713507 -0.3397702897413768 
-0.6825537310504736 1.2375297717574383 -0.3397623334034018 
-0.6825567182774659 1.2375422488723433 -0.3397543475667367 
-0.6825545894117065 1.2375334064683001 -0.33976062039681343 
-0.6825554320157736 1.2375366223432653 -0.3397548002378179 
-0.6825526777953896 1.2375257519137315 -0.33976960860214633 
-0.6825550264709058 1.237535433241679 -0.33976181746972267 
-0.6825530990974232 1.2375273598512142 -0.3397666985226485 
-0.6825541523525072 1.2375313796949212 -0.3397594233239041 
-0.6825545736545408 1.2375329876324037 -0.33975651324440637 
-0.682555869074973 1.2375386491166445 -0.3397559973107269 
-0.6825541523525072 1.2375313796949212 -0.3397594233239043 
-0.6825550264709058 1.237535433241679 -0.33976181746972267 
-0.6825535361566226 1.237529386624593 -0.3397678955955581 
-0.6825546051688723 1.2375338253041963 -0.3397647275492204 
-0.6825554477729394 1.2375370411791615 -0.33975890739022496 
-0.6825562812182667 1.2375402220989646 -0.3397531504938267 
-0.6825550264709058 1.237535433241679 -0.33976181746972267 
-0.6825541523525072 1.2375313796949212 -0.3397594233239041 
-0.6825554635301051 1.2375374600150577 -0.3397630145426319 
-0.6825545736545408 1.2375329876324037 -0.33975651324440637 
-0.6825554320157736 1.2375366223432653 -0.3397548002378179 
-0.6825558848321386 1.2375390679525402 -0.3397601044631344 
-0.6825526620382238 1.2375253330778355 -0.33976550144973905 
-0.6825558848321386 1.2375390679525402 -0.3397601044631344 
-0.6825545894117065 1.2375334064683001 -0.33976062039681365 
-0.6825541365953414 1.2375309608590248 -0.33975531617149723 
-0.6825558848321386 1.2375390679525402 -0.3397601044631344 
-0.6825558848321386 1.2375390679525404 -0.3397601044631342 
-0.6825549949565743 1.2375345955698867 -0.33975360316490855 
-0.6825550107137401 1.2375350144057828 -0.33975771031731605 
-0.6825549949565743 1.2375345955698867 -0.33975360316490855 
-0.6825562812182667 1.2375402220989646 -0.3397531504938267 
-0.682554557897375 1.237532568796508 -0.3397524060919991 
-0.6825537310504736 1.2375297717574383 -0.3397623334034018 
-0.6825550264709058 1.237535433241679 -0.33976181746972267 
-0.6825532939912742 1.23752774498406 -0.33976113633049243 
-0.6825545736545408 1.2375329876324037 -0.33975651324440637 
-0.6825549949565743 1.2375345955698867 -0.33975360316490855 
-0.6825535361566226 1.237529386624593 -0.3397678955955581 
-0.6825550264709058 1.237535433241679 -0.33976181746972267 
-0.6825537310504736 1.2375297717574383 -0.3397623334034018 
-0.6825558848321386 1.2375390679525402 -0.33976010446313465 
-0.6825558441590674 1.2375381953255857 -0.33975195342091813 
-0.682555869074973 1.2375386491166445 -0.3397559973107269 
-0.6825545736545408 1.2375329876324037 -0.33975651324440637 
-0.6825573253146107 1.2375442069875089 -0.3397459385576803 
-0.6825545736545408 1.2375329876324037 -0.33975651324440637 
-0.6825554477729394 1.2375370411791615 -0.33975890739022496 
-0.6825554320157736 1.2375366223432653 -0.3397548002378179 
-0.6825558848321386 1.2375390679525402 -0.3397601044631344 
-0.6825545894117065 1.2375334064683001 -0.33976062039681343 
-0.6825563061341722 1.2375406758900231 -0.3397571943836364 
-0.682555869074973 1.2375386491166445 -0.33975599731072714 
-0.6825549949565743 1.2375345955698867 -0.33975360316490855 
-0.6825563061341722 1.2375406758900231 -0.3397571943836364 
-0.6825550264709058 1.237535433241679 -0.33976181746972267 
-0.682556913171317 1.2375426340051887 -0.33974878537458 
-0.6825558848321386 1.2375390679525402 -0.3397601044631344 
-0.6825541681096731 1.2375317985308174 -0.33976353047631114 
-0.6825541523525072 1.2375313796949212 -0.3397594233239043 
-0.6825544102750212 1.2375334401713507 -0.3397702897413766 
-0.6825537152933078 1.2375293529215423 -0.3397582262509945 
-0.6825554320157736 1.2375366223432653 -0.3397548002378181 
-0.6825542220656023 1.2375332589188215 -0.33977790223904547 
-0.682554557897375 1.237532568796508 -0.3397524060919991 
-0.682554557897375 1.237532568796508 -0.3397524060919991 
-0.6825545894117065 1.2375334064683001 -0.33976062039681343 
-0.6825526620382238 1.2375253330778355 -0.33976550144973905 
-0.6825554477729394 1.2375370411791615 -0.3397589073902252 
-0.6825549949565743 1.2375345955698867 -0.33975360316490855 
-0.6825541681096731 1.2375317985308174 -0.33976353047631114 
-0.6825550107137401 1.2375350144057828 -0.33975771031731583 
-0.6825541365953414 1.2375309608590248 -0.339755316171497 
-0.6825550422280715 1.237535852077575 -0.33976592462213007 
-0.6825537152933078 1.2375293529215423 -0.3397582262509945 
-0.6825554477729394 1.2375370411791615 -0.33975890739022496 
-0.6825545736545408 1.2375329876324037 -0.33975651324440637 
-0.6825567182774659 1.2375422488723433 -0.3397543475667365 
-0.6825564761121178 1.2375406072318098 -0.3397475883016712 
-0.6825554477729394 1.2375370411791615 -0.33975890739022496 
-0.6825550264709058 1.237535433241679 -0.33976181746972267 
-0.6825554477729394 1.2375370411791615 -0.33975890739022496 
-0.6825545736545408 1.2375329876324037 -0.33975651324440637 
-0.6825565573722543 1.2375425324861373 -0.3397660104955964 
-0.6825541681096731 1.2375317985308174 -0.33976353047631136 
-0.682555407099868 1.2375361685522068 -0.3397507563480081 
-0.6825535361566225 1.2375293866245936 -0.3397678955955582 
-0.6825550107137401 1.2375350144057828 -0.33975771031731583 
-0.6825535361566226 1.237529386624593 -0.3397678955955581 
-0.6825567182774658 1.2375422488723438 -0.3397543475667366 
-0.6825545894117065 1.2375334064683001 -0.33976062039681343 
-0.6825545894117065 1.2375334064683001 -0.33976062039681343 
-0.6825554635301051 1.2375374600150577 -0.3397630145426319 
-0.6825541523525072 1.2375313796949212 -0.3397594233239041 
-0.6825526620382238 1.2375253330778355 -0.33976550144973905 
