-0.6825530990974232 1.1675273598512146 -0.33976669852264885 
-0.6825558848321388 1.1675390679525406 -0.33976010446313454 
-0.6825550264709058 1.167535433241679 -0.33976181746972256 
-0.6825532939912743 1.1675277449840595 -0.33976113633049276 
-0.6825550107137399 1.1675350144057828 -0.3397577103173156 
-0.6825550422280717 1.1675358520775752 -0.33976592462213007 
-0.6825545894117064 1.1675334064683003 -0.33976062039681376 
-0.6825562812182667 1.1675402220989648 -0.3397531504938269 
-0.6825537152933078 1.1675293529215423 -0.33975822625099483 
-0.6825549700406687 1.167534141778828 -0.3397495592750991 
-0.6825554477729394 1.167537041179162 -0.33975890739022496 
-0.6825545736545406 1.1675329876324043 -0.33975651324440614 
-0.682554152352507 1.1675313796949214 -0.3397594233239043 
-0.6825558441590672 1.1675381953255857 -0.3397519534209179 
-0.6825541365953414 1.167530960859025 -0.33975531617149723 
-0.6825541681096728 1.1675317985308173 -0.33976353047631147 
-0.6825535361566225 1.1675293866245933 -0.3397678955955582 
-0.6825549949565742 1.1675345955698868 -0.3397536031649089 
-0.6825554477729394 1.167537041179162 -0.33975890739022496 
-0.6825554320157735 1.1675366223432657 -0.3397548002378181 
-0.6825581836758436 1.1675478416983704 -0.33974422555109185 
-0.6825563061341724 1.1675406758900233 -0.3397571943836367 
-0.6825554635301053 1.1675374600150579 -0.339763014542632 
-0.6825554477729394 1.167537041179162 -0.33975890739022496 
-0.6825558441590672 1.1675381953255857 -0.33975195342091813 
-0.6825537152933078 1.1675293529215423 -0.33975822625099483 
-0.682554152352507 1.1675313796949214 -0.3397594233239043 
-0.6825541365953414 1.167530960859025 -0.33975531617149723 
-0.682555407099868 1.167536168552207 -0.33975075634800866 
-0.6825546051688722 1.1675338253041962 -0.3397647275492206 
-0.6825550107137399 1.1675350144057828 -0.3397577103173156 
-0.6825545894117064 1.1675334064683003 -0.33976062039681376 
-0.6825569131713171 1.1675426340051889 -0.3397487853745801 
-0.682554152352507 1.1675313796949214 -0.3397594233239043 
-0.6825554477729394 1.167537041179162 -0.33975890739022496 
-0.6825549949565741 1.1675345955698873 -0.339753603164909 
-0.6825550107137399 1.1675350144057828 -0.3397577103173156 
-0.6825550107137399 1.1675350144057828 -0.3397577103173156 
-0.6825550264709058 1.167535433241679 -0.33976181746972256 
-0.6825545894117064 1.1675334064683003 -0.33976062039681376 
-0.6825545736545406 1.167532987632404 -0.33975651324440637 
-0.682554557897375 1.1675325687965077 -0.3397524060919993 
-0.682551407290863 1.16752054422055 -0.33977416842563524 
-0.6825550264709058 1.167535433241679 -0.33976181746972256 
-0.6825554320157735 1.1675366223432657 -0.3397548002378181 
-0.6825554635301053 1.1675374600150579 -0.339763014542632 
-0.6825532939912743 1.1675277449840595 -0.33976113633049276 
-0.682554152352507 1.1675313796949214 -0.3397594233239043 
-0.6825550107137399 1.1675350144057828 -0.3397577103173156 
-0.6825545736545406 1.167532987632404 -0.33975651324440637 
-0.6825558848321388 1.1675390679525406 -0.33976010446313454 
-0.6825554477729394 1.167537041179162 -0.33975890739022496 
-0.6825550422280717 1.1675358520775752 -0.33976592462213007 
-0.682555869074973 1.1675386491166444 -0.3397559973107269 
-0.6825545736545406 1.167532987632404 -0.33975651324440637 
-0.6825526777953896 1.1675257519137316 -0.3397696086021469 
-0.6825550264709058 1.167535433241679 -0.33976181746972256 
-0.6825536995361421 1.1675289340856463 -0.33975411909858777 
-0.6825561360702207 1.1675409245486543 -0.33976892057509434 
-0.6825537310504736 1.1675297717574387 -0.33976233340340223 
-0.682555407099868 1.167536168552207 -0.33975075634800866 
-0.6825550107137399 1.1675350144057828 -0.3397577103173156 
-0.6825546051688722 1.1675338253041962 -0.3397647275492206 
-0.682554557897375 1.1675325687965077 -0.3397524060919993 
-0.6825545736545406 1.167532987632404 -0.3397565132444066 
-0.6825539732158219 1.1675314133979724 -0.3397690926684672 
-0.6825554477729394 1.167537041179162 -0.33975890739022496 
-0.6825554320157735 1.1675366223432657 -0.3397548002378181 
-0.6825545736545406 1.167532987632404 -0.33975651324440637 
-0.6825563061341724 1.1675406758900233 -0.3397571943836367 
-0.682555869074973 1.1675386491166444 -0.3397559973107269 
-0.6825537310504736 1.1675297717574387 -0.33976233340340223 
-0.6825537310504736 1.1675297717574387 -0.33976233340340223 
-0.6825550107137399 1.1675350144057828 -0.3397577103173156 
-0.682554557897375 1.1675325687965077 -0.3397524060919991 
-0.6825545736545406 1.167532987632404 -0.33975651324440637 
-0.6825535361566225 1.1675293866245933 -0.3397678955955582 
-0.6825539732158219 1.1675314133979724 -0.3397690926684672 
-0.6825550264709058 1.167535433241679 -0.33976181746972256 
-0.6825558441590672 1.1675381953255857 -0.3397519534209179 
-0.6825545894117064 1.1675334064683003 -0.33976062039681376 
-0.6825545736545406 1.167532987632404 -0.33975651324440637 
-0.6825545894117063 1.1675334064683007 -0.3397606203968139 
-0.6825541208381756 1.1675305420231292 -0.3397512090190902 
-0.682555869074973 1.1675386491166444 -0.3397559973107269 
-0.6825546051688722 1.1675338253041962 -0.3397647275492206 
-0.6825541681096728 1.1675317985308173 -0.33976353047631147 
-0.6825554477729394 1.167537041179162 -0.33975890739022496 
-0.6825545894117064 1.1675334064683003 -0.33976062039681376 
-0.6825550264709058 1.167535433241679 -0.33976181746972256 
-0.682554152352507 1.1675313796949214 -0.3397594233239043 
-0.682552662038224 1.1675253330778355 -0.3397655014497394 
-0.682552662038224 1.1675253330778355 -0.3397655014497396 
-0.6825545894117064 1.1675334064683003 -0.33976062039681376 
-0.6825550422280717 1.1675358520775752 -0.33976592462213007 
-0.6825565392267868 1.1675421025749766 -0.3397618968018077 
-0.6825545894117064 1.1675334064683003 -0.33976062039681376 
-0.6825550264709058 1.167535433241679 -0.33976181746972256 
-0.6825545894117064 1.1675334064683003 -0.33976062039681376 
-0.6825550107137399 1.1675350144057828 -0.3397577103173156 
-0.6825550264709057 1.1675354332416794 -0.33976181746972267 
-0.6825541681096728 1.1675317985308173 -0.33976353047631147 
-0.682554557897375 1.1675325687965077 -0.3397524060919991 
-0.6825541365953414 1.167530960859025 -0.33975531617149723 
-0.6825544102750214 1.167533440171351 -0.339770289741377 
-0.6825537310504736 1.1675297717574387 -0.33976233340340223 
-0.6825567182774661 1.1675422488723435 -0.3397543475667367 
-0.6825545894117064 1.1675334064683003 -0.33976062039681376 
-0.6825554320157735 1.1675366223432657 -0.3397548002378181 
-0.6825526777953896 1.1675257519137316 -0.33976960860214667 
-0.6825550264709058 1.167535433241679 -0.33976181746972256 
-0.6825530990974232 1.1675273598512146 -0.33976669852264885 
-0.682554152352507 1.1675313796949214 -0.3397594233239043 
-0.6825545736545406 1.167532987632404 -0.33975651324440637 
-0.682555869074973 1.1675386491166444 -0.3397559973107269 
-0.682554152352507 1.1675313796949214 -0.3397594233239045 
-0.6825550264709058 1.167535433241679 -0.33976181746972256 
-0.6825535361566225 1.1675293866245933 -0.3397678955955582 
-0.6825546051688722 1.1675338253041962 -0.3397647275492206 
-0.6825554477729394 1.167537041179162 -0.33975890739022496 
-0.6825562812182667 1.1675402220989648 -0.3397531504938269 
-0.6825550264709058 1.167535433241679 -0.33976181746972256 
-0.682554152352507 1.1675313796949214 -0.3397594233239043 
-0.6825554635301053 1.1675374600150579 -0.339763014542632 
-0.6825545736545406 1.167532987632404 -0.33975651324440637 
-0.6825554320157735 1.1675366223432657 -0.3397548002378181 
-0.6825558848321388 1.1675390679525406 -0.33976010446313454 
-0.682552662038224 1.1675253330778355 -0.3397655014497394 
-0.6825558848321388 1.1675390679525406 -0.33976010446313454 
-0.6825545894117064 1.1675334064683003 -0.339760620396814 
-0.6825541365953414 1.167530960859025 -0.33975531617149746 
-0.6825558848321388 1.1675390679525406 -0.33976010446313454 
-0.6825558848321388 1.1675390679525408 -0.3397601044631343 
-0.6825549949565742 1.1675345955698868 -0.3397536031649089 
-0.6825550107137399 1.1675350144057828 -0.33975771031731583 
-0.6825549949565742 1.1675345955698868 -0.3397536031649089 
-0.6825562812182667 1.1675402220989648 -0.3397531504938269 
-0.682554557897375 1.1675325687965077 -0.3397524060919991 
-0.6825537310504736 1.1675297717574387 -0.33976233340340223 
-0.6825550264709058 1.167535433241679 -0.33976181746972256 
-0.6825532939912742 1.16752774498406 -0.3397611363304929 
-0.6825545736545406 1.167532987632404 -0.33975651324440637 
-0.6825549949565742 1.1675345955698868 -0.3397536031649089 
-0.6825535361566225 1.1675293866245933 -0.3397678955955582 
-0.6825550264709058 1.167535433241679 -0.33976181746972256 
-0.6825537310504736 1.1675297717574387 -0.33976233340340223 
-0.6825558848321388 1.1675390679525406 -0.33976010446313476 
-0.6825558441590672 1.1675381953255857 -0.33975195342091813 
-0.682555869074973 1.1675386491166444 -0.3397559973107269 
-0.6825545736545406 1.167532987632404 -0.33975651324440637 
-0.6825573253146107 1.1675442069875088 -0.3397459385576804 
-0.6825545736545406 1.167532987632404 -0.33975651324440637 
-0.6825554477729394 1.167537041179162 -0.33975890739022496 
-0.6825554320157735 1.1675366223432657 -0.3397548002378181 
-0.6825558848321388 1.1675390679525406 -0.33976010446313454 
-0.6825545894117064 1.1675334064683003 -0.33976062039681376 
-0.6825563061341724 1.1675406758900233 -0.3397571943836367 
-0.682555869074973 1.1675386491166444 -0.33975599731072714 
-0.6825549949565742 1.1675345955698868 -0.3397536031649089 
-0.6825563061341724 1.1675406758900233 -0.3397571943836367 
-0.6825550264709058 1.167535433241679 -0.33976181746972256 
-0.6825569131713171 1.1675426340051889 -0.3397487853745801 
-0.6825558848321388 1.1675390679525406 -0.33976010446313454 
-0.6825541681096728 1.1675317985308173 -0.33976353047631147 
-0.682554152352507 1.1675313796949214 -0.3397594233239045 
-0.6825544102750214 1.167533440171351 -0.3397702897413768 
-0.6825537152933078 1.1675293529215423 -0.33975822625099483 
-0.6825554320157735 1.1675366223432657 -0.33975480023781834 
-0.6825542220656023 1.1675332589188216 -0.3397779022390457 
-0.682554557897375 1.1675325687965077 -0.3397524060919991 
-0.682554557897375 1.1675325687965077 -0.3397524060919991 
-0.6825545894117064 1.1675334064683003 -0.33976062039681376 
-0.682552662038224 1.1675253330778355 -0.3397655014497394 
-0.6825554477729394 1.167537041179162 -0.3397589073902252 
-0.6825549949565742 1.1675345955698868 -0.3397536031649089 
-0.6825541681096728 1.1675317985308173 -0.33976353047631147 
-0.6825550107137399 1.1675350144057828 -0.3397577103173156 
-0.6825541365953414 1.167530960859025 -0.33975531617149723 
-0.6825550422280717 1.1675358520775752 -0.3397659246221303 
-0.6825537152933078 1.1675293529215423 -0.33975822625099483 
-0.6825554477729394 1.167537041179162 -0.33975890739022496 
-0.6825545736545406 1.167532987632404 -0.33975651324440637 
-0.6825567182774661 1.1675422488723435 -0.3397543475667365 
-0.6825564761121176 1.1675406072318097 -0.3397475883016716 
-0.6825554477729394 1.167537041179162 -0.33975890739022496 
-0.6825550264709058 1.167535433241679 -0.33976181746972256 
-0.6825554477729394 1.167537041179162 -0.33975890739022496 
-0.6825545736545406 1.167532987632404 -0.33975651324440637 
-0.6825565573722543 1.1675425324861373 -0.3397660104955965 
-0.6825541681096728 1.1675317985308173 -0.3397635304763117 
-0.682555407099868 1.1675361685522072 -0.33975075634800844 
-0.6825535361566224 1.1675293866245937 -0.3397678955955583 
-0.6825550107137399 1.1675350144057828 -0.3397577103173156 
-0.6825535361566225 1.1675293866245933 -0.3397678955955582 
-0.682556718277466 1.167542248872344 -0.3397543475667366 
-0.6825545894117064 1.1675334064683003 -0.33976062039681376 
-0.6825545894117064 1.1675334064683003 -0.33976062039681376 
-0.6825554635301053 1.1675374600150579 -0.339763014542632 
-0.682554152352507 1.1675313796949214 -0.3397594233239043 
-0.682552662038224 1.1675253330778355 -0.3397655014497394 
