-0.605096540901791 1.1112974504980349 -0.5511190656124334 
-0.6050957101292248 1.1112946546224998 -0.5511289929238513 
-0.6050957101292247 1.1112946546224998 -0.5511289929238512 
-0.6050956774389729 1.1112938169957363 -0.5511207786190404 
-0.6052465175645103 1.1118665902053624 -0.5500886444168849 
-0.6052465175645103 1.1118665902053624 -0.5500886444168849 
-0.605633026289843 1.113332978037007 -0.5474288999273742 
-0.605633026289843 1.113332978037007 -0.5474288999273742 
-0.605633026289843 1.113332978037007 -0.5474288999273742 
-0.6059401596295871 1.114498861351752 -0.5453229463874691 
-0.6059401596295871 1.114498861351752 -0.5453229463874691 
-0.6064199965553992 1.1163197729694 -0.5420262058826526 
-0.6064199965553992 1.1163197729694 -0.5420262058826526 
-0.6064199965553992 1.1163197729694 -0.5420262058826526 
-0.6065485474243986 1.11680885266976 -0.5411577480908676 
-0.6065485474243986 1.11680885266976 -0.5411577480908676 
-0.6065485474243986 1.11680885266976 -0.5411577480908676 
-0.6070066347650328 1.11854597998644 -0.5379956825041137 
-0.6070066347650328 1.11854597998644 -0.5379956825041137 
-0.6070066347650328 1.11854597998644 -0.5379956825041137 
-0.6070066347650328 1.11854597998644 -0.5379956825041137 
-0.6074472924975818 1.1202182122416937 -0.5349681243536104 
-0.6074472924975818 1.1202182122416937 -0.5349681243536104 
-0.6074472924975818 1.1202182122416937 -0.5349681243536104 
-0.6074472924975818 1.1202182122416937 -0.5349681243536104 
-0.6078812356727243 1.1218653205103504 -0.5319909183146201 
-0.6082391385900314 1.1232240444349377 -0.5295382483776807 
-0.6082391385900314 1.1232240444349377 -0.5295382483776807 
-0.6082391385900314 1.1232240444349377 -0.5295382483776807 
-0.608659289457167 1.1248168495950446 -0.5266325844755326 
-0.608659289457167 1.1248168495950446 -0.5266325844755326 
-0.608659289457167 1.1248168495950446 -0.5266325844755326 
-0.609163175422091 1.1267297393536895 -0.523179075961433 
-0.609163175422091 1.1267297393536895 -0.523179075961433 
-0.6096356461071016 1.1285226971546714 -0.5199329455349824 
-0.6096356461071016 1.1285226971546714 -0.5199329455349824 
-0.6096356461071016 1.1285226971546714 -0.5199329455349824 
-0.6099796127213295 1.1298280006239079 -0.5175697079256416 
-0.6099796127213295 1.1298280006239079 -0.5175697079256416 
-0.6099796127213295 1.1298280006239079 -0.5175697079256416 
-0.6103373549650675 1.1311868283875712 -0.5151265808080705 
-0.6103373549650675 1.1311868283875712 -0.5151265808080705 
-0.6107645161318236 1.1328074863449438 -0.5121875319485729 
-0.6109540955466523 1.133526912759124 -0.5108850183192042 
-0.6109540955466523 1.133526912759124 -0.5108850183192042 
-0.6112782257278345 1.1347560488485657 -0.5086475306851528 
-0.6112782257278345 1.1347560488485657 -0.5086475306851528 
-0.6112782257278345 1.1347560488485657 -0.5086475306851528 
-0.611697164328296 1.1363455033580843 -0.5057649753256324 
-0.611697164328296 1.1363455033580843 -0.5057649753256324 
-0.6118149392404356 1.136792798873149 -0.5049600171127457 
-0.6118149392404356 1.136792798873149 -0.5049600171127457 
-0.6123238451940108 1.1387240232398168 -0.5014635565861731 
-0.6125616714156134 1.139626896082002 -0.4998337806211026 
-0.6125616714156134 1.139626896082002 -0.4998337806211026 
-0.6125616714156134 1.139626896082002 -0.4998337806211026 
-0.6125616714156134 1.139626896082002 -0.4998337806211026 
-0.6129483847830443 1.141093703714765 -0.4971684106768359 
-0.6129483847830443 1.141093703714765 -0.4971684106768359 
-0.6133549184050802 1.142636439914312 -0.4943753037143668 
-0.6133549184050802 1.142636439914312 -0.4943753037143668 
-0.6133549184050802 1.142636439914312 -0.4943753037143668 
-0.6138799019384161 1.1446299241431148 -0.49078313803007434 
-0.6140153977265321 1.1451451813872129 -0.48986486667131923 
-0.6140153977265321 1.1451451813872129 -0.48986486667131923 
-0.6141776978087328 1.145759125337974 -0.48872658142618386 
-0.6141776978087328 1.145759125337974 -0.48872658142618386 
-0.6141776978087328 1.145759125337974 -0.48872658142618386 
-0.6145488947202107 1.1471686548304842 -0.4861867939753941 
-0.6145488947202107 1.1471686548304842 -0.4861867939753941 
-0.6148414073832285 1.1482774502330457 -0.48416231642513075 
-0.6149808758745285 1.1488070697381931 -0.4832083115314538 
-0.6149808758745285 1.1488070697381931 -0.4832083115314538 
-0.6149808758745285 1.1488070697381931 -0.4832083115314538 
-0.6154672411312511 1.1506527554258614 -0.47986671784468427 
-0.6154672411312511 1.1506527554258614 -0.47986671784468427 
-0.6154672411312511 1.1506527554258614 -0.47986671784468427 
-0.615798185844386 1.1519089994529803 -0.47759716722645895 
-0.6161716287000971 1.1533258042023136 -0.4750271923634515 
-0.6161716287000971 1.1533258042023136 -0.4750271923634515 
-0.6161716287000971 1.1533258042023136 -0.4750271923634515 
-0.6166243422738449 1.155044677618508 -0.4719273411329341 
-0.6166243422738449 1.155044677618508 -0.4719273411329341 
-0.6167635082189766 1.1555715444426171 -0.47095643888907346 
-0.6167635082189766 1.1555715444426171 -0.47095643888907346 
-0.6171926080907923 1.1572002730768156 -0.46801250897660873 
-0.6171926080907923 1.1572002730768156 -0.46801250897660873 
-0.6171926080907923 1.1572002730768156 -0.46801250897660873 
-0.6171926080907923 1.1572002730768156 -0.46801250897660873 
-0.6176537234866915 1.1589504959867003 -0.4648486150110429 
-0.618087201204935 1.1605951243418642 -0.4618661680093461 
-0.6183321910957171 1.1615251822707573 -0.4601871737430634 
-0.6183321910957171 1.1615251822707573 -0.4601871737430634 
-0.6183321910957171 1.1615251822707573 -0.4601871737430634 
-0.6187088503036652 1.1629550836010312 -0.4576056378940827 
-0.6187088503036652 1.1629550836010312 -0.4576056378940827 
-0.6191987740792121 1.164813739147932 -0.4542332775987903 
-0.6194258221067935 1.1656749967332913 -0.4526691147807269 
-0.6194258221067935 1.1656749967332913 -0.4526691147807269 
-0.6194258221067936 1.1656749967332916 -0.45266911478072724 
-0.6195333402878282 1.1660846172159087 -0.4519493824402807 
-0.6196229795418466 1.166423180636367 -0.451314536033238 
-0.6196229795418466 1.166423180636367 -0.451314536033238 
-0.6201527503724923 1.1684335841887423 -0.4476747224596913 
-0.6207667282804057 1.170762825878304 -0.4434478985312291 
-0.6207667282804057 1.170762825878304 -0.4434478985312291 
-0.6211859556524418 1.1723548053277506 -0.44058026002036144 
-0.6211859556524418 1.1723548053277506 -0.44058026002036144 
-0.6211859556524418 1.1723548053277506 -0.44058026002036144 
-0.6213572115432766 1.1730046966229732 -0.43940363896092993 
-0.621597960778749 1.1739179483073319 -0.43774534139710397 
-0.621597960778749 1.1739179483073319 -0.43774534139710397 
-0.621597960778749 1.1739179483073319 -0.43774534139710397 
-0.622018251614693 1.1755141389167638 -0.4348724714515997 
-0.6223255151749159 1.1766789118371996 -0.43274664721940725 
-0.6223255151749159 1.1766789118371996 -0.43274664721940725 
-0.6223255151749159 1.1766789118371996 -0.43274664721940725 
-0.6228263939964934 1.1785793176148611 -0.4293011180006536 
-0.6228263939964934 1.1785793176148611 -0.4293011180006536 
-0.6229342262206561 1.1789881665478448 -0.42855600949697736 
-0.6229342262206561 1.1789881665478448 -0.42855600949697736 
-0.6229342262206561 1.1789881665478448 -0.42855600949697736 
-0.6236560042772249 1.1817295297895822 -0.42362443988070186 
-0.6236560042772249 1.1817295297895822 -0.42362443988070186 
-0.6236560042772249 1.1817295297895822 -0.42362443988070186 
-0.6236560042772249 1.1817295297895822 -0.42362443988070186 
-0.6240639132433508 1.183275523872542 -0.42079868809761933 
-0.6240639132433508 1.183275523872542 -0.42079868809761933 
-0.6242351762715105 1.1839257990388752 -0.4196262374531916 
-0.6242351762715105 1.1839257990388752 -0.4196262374531916 
-0.6242351762715105 1.1839257990388752 -0.4196262374531916 
-0.6247468424949102 1.1858678550156332 -0.4161150318248328 
-0.6247468424949102 1.1858678550156332 -0.4161150318248328 
-0.6247468424949102 1.1858678550156332 -0.4161150318248328 
-0.6252037080276986 1.187601236738713 -0.41297189782432087 
-0.6252037080276986 1.187601236738713 -0.41297189782432087 
-0.6254984200438912 1.1887199829301043 -0.410951285529062 
-0.6258049250160056 1.189883659098902 -0.40885174741392794 
-0.6258049250160056 1.189883659098902 -0.40885174741392794 
-0.6258049250160056 1.189883659098902 -0.40885174741392794 
-0.6261916782110133 1.1913516882295394 -0.4061987621894749 
-0.6264568160816523 1.1923566002609143 -0.40436236434294326 
-0.6264568160816523 1.1923566002609143 -0.40436236434294326 
-0.6268714001514512 1.1939307777335892 -0.40152448353057224 
-0.6268714001514512 1.1939307777335892 -0.40152448353057224 
-0.6268714001514512 1.1939307777335892 -0.40152448353057224 
-0.6273196217962603 1.1956311797358876 -0.3984386395414341 
-0.6273196217962603 1.1956311797358876 -0.3984386395414341 
-0.6277089304523091 1.1971094406751264 -0.3957744145604598 
-0.6277089304523091 1.1971094406751264 -0.3957744145604598 
-0.6277089304523091 1.1971094406751264 -0.3957744145604598 
-0.627931111860798 1.1979516959419056 -0.3942373704110054 
-0.6282378286123355 1.1991161757829323 -0.39213637725611816 
-0.6282378286123355 1.1991161757829323 -0.39213637725611816 
-0.6282378286123355 1.1991161757829323 -0.39213637725611816 
-0.628530180601784 1.2002250750245698 -0.39012144252522285 
-0.628530180601784 1.2002250750245698 -0.39012144252522285 
-0.628530180601784 1.2002250750245698 -0.39012144252522285 
-0.6290633122797954 1.2022482325057993 -0.38645853810342135 
-0.6290633122797954 1.2022482325057993 -0.38645853810342135 
-0.6295239366658686 1.2039955217465383 -0.38328535928534135 
-0.6295239366658686 1.2039955217465383 -0.38328535928534135 
-0.6295239366658686 1.2039955217465383 -0.38328535928534135 
-0.6299762125728061 1.2057122000764235 -0.38018219741381576 
-0.6301407354906323 1.2063368975005073 -0.3790560549910933 
-0.6301407354906323 1.2063368975005073 -0.3790560549910933 
-0.6301407354906323 1.2063368975005073 -0.3790560549910933 
-0.6301407354906323 1.2063368975005073 -0.3790560549910933 
-0.6301407354906323 1.2063368975005073 -0.3790560549910933 
-0.6306641642168637 1.2083228768994385 -0.3754555956699388 
-0.6306641642168637 1.2083228768994385 -0.3754555956699388 
-0.6310275784660189 1.209703229101935 -0.3729734987920248 
-0.6310275784660189 1.209703229101935 -0.3729734987920248 
-0.6313519437423896 1.2109337915477283 -0.37074071357613714 
-0.6314747737372792 1.2114002703694802 -0.36990102419697135 
-0.6314747737372792 1.2114002703694802 -0.36990102419697135 
-0.6314747737372792 1.2114002703694802 -0.36990102419697135 
-0.6319996431881043 1.2133911829053516 -0.36628434866482473 
-0.6319996431881043 1.2133911829053516 -0.36628434866482473 
-0.6319996431881043 1.2133911829053516 -0.36628434866482473 
-0.6319996431881043 1.2133911829053516 -0.36628434866482473 
-0.6324663815540429 1.2151616738139244 -0.3630691634817004 
-0.6324663815540429 1.2151616738139244 -0.3630691634817004 
-0.6324663815540429 1.2151616738139244 -0.3630691634817004 
-0.6327821610189279 1.2163603679209813 -0.3609038063623121 
-0.633089692364591 1.2175274048245321 -0.3587908988530939 
-0.633089692364591 1.2175274048245321 -0.3587908988530939 
-0.6334656929185045 1.2189542724539966 -0.35620757066545594 
-0.6334656929185045 1.2189542724539966 -0.35620757066545594 
-0.6338136649261682 1.2202747758110455 -0.3538168138260034 
-0.6338136649261682 1.2202747758110455 -0.3538168138260034 
