-0.660096540901791 1.1112974504980346 -0.5511190656124338 
-0.6600957101292249 1.1112946546224998 -0.5511289929238515 
-0.6600957101292249 1.1112946546224998 -0.5511289929238514 
-0.660095677438973 1.1112938169957365 -0.5511207786190404 
-0.6602465175645104 1.1118665902053622 -0.5500886444168847 
-0.6602465175645104 1.1118665902053622 -0.5500886444168847 
-0.6606330262898431 1.1133329780370071 -0.5474288999273744 
-0.6606330262898431 1.1133329780370071 -0.5474288999273744 
-0.6606330262898431 1.1133329780370071 -0.5474288999273744 
-0.6609401596295872 1.114498861351752 -0.5453229463874694 
-0.6609401596295872 1.114498861351752 -0.5453229463874694 
-0.6614199965553993 1.1163197729693999 -0.5420262058826524 
-0.6614199965553993 1.1163197729693999 -0.5420262058826524 
-0.6614199965553993 1.1163197729693999 -0.5420262058826524 
-0.6615485474243986 1.11680885266976 -0.5411577480908676 
-0.6615485474243986 1.11680885266976 -0.5411577480908676 
-0.6615485474243986 1.11680885266976 -0.5411577480908676 
-0.6620066347650329 1.11854597998644 -0.5379956825041137 
-0.6620066347650329 1.11854597998644 -0.5379956825041137 
-0.6620066347650329 1.11854597998644 -0.5379956825041137 
-0.6620066347650329 1.11854597998644 -0.5379956825041137 
-0.6624472924975817 1.1202182122416933 -0.5349681243536104 
-0.6624472924975817 1.1202182122416933 -0.5349681243536104 
-0.6624472924975817 1.1202182122416933 -0.5349681243536104 
-0.6624472924975817 1.1202182122416933 -0.5349681243536104 
-0.6628812356727243 1.1218653205103502 -0.5319909183146201 
-0.6632391385900316 1.1232240444349375 -0.5295382483776809 
-0.6632391385900316 1.1232240444349375 -0.5295382483776809 
-0.6632391385900316 1.1232240444349375 -0.5295382483776809 
-0.6636592894571671 1.1248168495950448 -0.5266325844755331 
-0.6636592894571671 1.1248168495950448 -0.5266325844755331 
-0.6636592894571671 1.1248168495950448 -0.5266325844755331 
-0.664163175422091 1.1267297393536897 -0.5231790759614325 
-0.664163175422091 1.1267297393536897 -0.5231790759614325 
-0.6646356461071017 1.1285226971546711 -0.5199329455349826 
-0.6646356461071017 1.1285226971546711 -0.5199329455349826 
-0.6646356461071017 1.1285226971546711 -0.5199329455349826 
-0.6649796127213294 1.1298280006239079 -0.5175697079256416 
-0.6649796127213294 1.1298280006239079 -0.5175697079256416 
-0.6649796127213294 1.1298280006239079 -0.5175697079256416 
-0.6653373549650675 1.131186828387571 -0.5151265808080707 
-0.6653373549650675 1.131186828387571 -0.5151265808080707 
-0.6657645161318239 1.1328074863449438 -0.5121875319485734 
-0.6659540955466524 1.133526912759124 -0.5108850183192044 
-0.6659540955466524 1.133526912759124 -0.5108850183192044 
-0.6662782257278346 1.1347560488485657 -0.508647530685153 
-0.6662782257278346 1.1347560488485657 -0.508647530685153 
-0.6662782257278346 1.1347560488485657 -0.508647530685153 
-0.6666971643282961 1.1363455033580845 -0.5057649753256321 
-0.6666971643282961 1.1363455033580845 -0.5057649753256321 
-0.6668149392404357 1.136792798873149 -0.5049600171127453 
-0.6668149392404357 1.136792798873149 -0.5049600171127453 
-0.6673238451940109 1.1387240232398168 -0.5014635565861734 
-0.6675616714156134 1.139626896082002 -0.4998337806211024 
-0.6675616714156134 1.139626896082002 -0.4998337806211024 
-0.6675616714156134 1.139626896082002 -0.4998337806211024 
-0.6675616714156134 1.139626896082002 -0.4998337806211024 
-0.6679483847830443 1.1410937037147648 -0.49716841067683615 
-0.6679483847830443 1.1410937037147648 -0.49716841067683615 
-0.6683549184050802 1.1426364399143119 -0.49437530371436655 
-0.6683549184050802 1.1426364399143119 -0.49437530371436655 
-0.6683549184050802 1.1426364399143119 -0.49437530371436655 
-0.6688799019384164 1.144629924143115 -0.49078313803007456 
-0.6690153977265323 1.1451451813872127 -0.489864866671319 
-0.6690153977265323 1.1451451813872127 -0.489864866671319 
-0.6691776978087328 1.145759125337974 -0.48872658142618386 
-0.6691776978087328 1.145759125337974 -0.48872658142618386 
-0.6691776978087328 1.145759125337974 -0.48872658142618386 
-0.6695488947202108 1.1471686548304845 -0.4861867939753943 
-0.6695488947202108 1.1471686548304845 -0.4861867939753943 
-0.6698414073832286 1.148277450233046 -0.48416231642513097 
-0.6699808758745286 1.1488070697381927 -0.4832083115314534 
-0.6699808758745286 1.1488070697381927 -0.4832083115314534 
-0.6699808758745286 1.1488070697381927 -0.4832083115314534 
-0.6704672411312511 1.1506527554258614 -0.47986671784468404 
-0.6704672411312511 1.1506527554258614 -0.47986671784468404 
-0.6704672411312511 1.1506527554258614 -0.47986671784468404 
-0.6707981858443861 1.1519089994529803 -0.4775971672264583 
-0.6711716287000972 1.1533258042023131 -0.4750271923634515 
-0.6711716287000972 1.1533258042023131 -0.4750271923634515 
-0.6711716287000972 1.1533258042023131 -0.4750271923634515 
-0.6716243422738452 1.155044677618508 -0.47192734113293433 
-0.6716243422738452 1.155044677618508 -0.47192734113293433 
-0.6717635082189768 1.155571544442617 -0.47095643888907324 
-0.6717635082189768 1.155571544442617 -0.47095643888907324 
-0.6721926080907923 1.1572002730768154 -0.46801250897660873 
-0.6721926080907923 1.1572002730768154 -0.46801250897660873 
-0.6721926080907923 1.1572002730768154 -0.46801250897660873 
-0.6721926080907923 1.1572002730768154 -0.46801250897660873 
-0.6726537234866915 1.1589504959867 -0.46484861501104247 
-0.6730872012049351 1.1605951243418642 -0.4618661680093459 
-0.6733321910957172 1.1615251822707573 -0.46018717374306317 
-0.6733321910957172 1.1615251822707573 -0.46018717374306317 
-0.6733321910957172 1.1615251822707573 -0.46018717374306317 
-0.6737088503036653 1.1629550836010316 -0.45760563789408315 
-0.6737088503036653 1.1629550836010316 -0.45760563789408315 
-0.6741987740792121 1.164813739147932 -0.4542332775987903 
-0.6744258221067935 1.1656749967332911 -0.45266911478072647 
-0.6744258221067935 1.1656749967332911 -0.45266911478072647 
-0.6744258221067936 1.1656749967332913 -0.4526691147807268 
-0.6745333402878283 1.1660846172159085 -0.45194938244028116 
-0.6746229795418467 1.166423180636367 -0.4513145360332371 
-0.6746229795418467 1.166423180636367 -0.4513145360332371 
-0.6751527503724922 1.168433584188742 -0.4476747224596911 
-0.6757667282804057 1.1707628258783043 -0.44344789853122957 
-0.6757667282804057 1.1707628258783043 -0.44344789853122957 
-0.6761859556524419 1.1723548053277506 -0.44058026002036077 
-0.6761859556524419 1.1723548053277506 -0.44058026002036077 
-0.6761859556524419 1.1723548053277506 -0.44058026002036077 
-0.6763572115432768 1.1730046966229732 -0.4394036389609297 
-0.676597960778749 1.173917948307332 -0.43774534139710397 
-0.676597960778749 1.173917948307332 -0.43774534139710397 
-0.676597960778749 1.173917948307332 -0.43774534139710397 
-0.6770182516146932 1.1755141389167638 -0.43487247145159946 
-0.6773255151749159 1.1766789118371994 -0.43274664721940725 
-0.6773255151749159 1.1766789118371994 -0.43274664721940725 
-0.6773255151749159 1.1766789118371994 -0.43274664721940725 
-0.6778263939964935 1.1785793176148607 -0.4293011180006536 
-0.6778263939964935 1.1785793176148607 -0.4293011180006536 
-0.6779342262206562 1.1789881665478452 -0.4285560094969778 
-0.6779342262206562 1.1789881665478452 -0.4285560094969778 
-0.6779342262206562 1.1789881665478452 -0.4285560094969778 
-0.678656004277225 1.181729529789582 -0.42362443988070164 
-0.678656004277225 1.181729529789582 -0.42362443988070164 
-0.678656004277225 1.181729529789582 -0.42362443988070164 
-0.678656004277225 1.181729529789582 -0.42362443988070164 
-0.6790639132433509 1.183275523872542 -0.42079868809761956 
-0.6790639132433509 1.183275523872542 -0.42079868809761956 
-0.6792351762715105 1.1839257990388756 -0.4196262374531914 
-0.6792351762715105 1.1839257990388756 -0.4196262374531914 
-0.6792351762715105 1.1839257990388756 -0.4196262374531914 
-0.6797468424949104 1.1858678550156332 -0.4161150318248328 
-0.6797468424949104 1.1858678550156332 -0.4161150318248328 
-0.6797468424949104 1.1858678550156332 -0.4161150318248328 
-0.6802037080276987 1.1876012367387125 -0.41297189782432087 
-0.6802037080276987 1.1876012367387125 -0.41297189782432087 
-0.6804984200438913 1.188719982930104 -0.410951285529062 
-0.6808049250160058 1.1898836590989017 -0.40885174741392816 
-0.6808049250160058 1.1898836590989017 -0.40885174741392816 
-0.6808049250160058 1.1898836590989017 -0.40885174741392816 
-0.6811916782110135 1.1913516882295392 -0.40619876218947537 
-0.6814568160816523 1.1923566002609143 -0.40436236434294304 
-0.6814568160816523 1.1923566002609143 -0.40436236434294304 
-0.6818714001514514 1.1939307777335895 -0.40152448353057224 
-0.6818714001514514 1.1939307777335895 -0.40152448353057224 
-0.6818714001514514 1.1939307777335895 -0.40152448353057224 
-0.6823196217962605 1.1956311797358876 -0.3984386395414341 
-0.6823196217962605 1.1956311797358876 -0.3984386395414341 
-0.6827089304523092 1.1971094406751261 -0.3957744145604598 
-0.6827089304523092 1.1971094406751261 -0.3957744145604598 
-0.6827089304523092 1.1971094406751261 -0.3957744145604598 
-0.6829311118607981 1.1979516959419056 -0.39423737041100515 
-0.6832378286123356 1.1991161757829323 -0.39213637725611816 
-0.6832378286123356 1.1991161757829323 -0.39213637725611816 
-0.6832378286123356 1.1991161757829323 -0.39213637725611816 
-0.6835301806017842 1.2002250750245698 -0.39012144252522263 
-0.6835301806017842 1.2002250750245698 -0.39012144252522263 
-0.6835301806017842 1.2002250750245698 -0.39012144252522263 
-0.6840633122797954 1.202248232505799 -0.3864585381034218 
-0.6840633122797954 1.202248232505799 -0.3864585381034218 
-0.6845239366658687 1.2039955217465383 -0.3832853592853416 
-0.6845239366658687 1.2039955217465383 -0.3832853592853416 
-0.6845239366658687 1.2039955217465383 -0.3832853592853416 
-0.684976212572806 1.2057122000764233 -0.380182197413816 
-0.6851407354906324 1.206336897500507 -0.37905605499109307 
-0.6851407354906324 1.206336897500507 -0.37905605499109307 
-0.6851407354906324 1.206336897500507 -0.37905605499109307 
-0.6851407354906324 1.206336897500507 -0.37905605499109307 
-0.6851407354906324 1.206336897500507 -0.37905605499109307 
-0.6856641642168637 1.2083228768994383 -0.3754555956699388 
-0.6856641642168637 1.2083228768994383 -0.3754555956699388 
-0.686027578466019 1.209703229101935 -0.372973498792025 
-0.686027578466019 1.209703229101935 -0.372973498792025 
-0.6863519437423898 1.2109337915477283 -0.37074071357613714 
-0.6864747737372794 1.2114002703694802 -0.36990102419697135 
-0.6864747737372794 1.2114002703694802 -0.36990102419697135 
-0.6864747737372794 1.2114002703694802 -0.36990102419697135 
-0.6869996431881045 1.2133911829053519 -0.36628434866482484 
-0.6869996431881045 1.2133911829053519 -0.36628434866482484 
-0.6869996431881045 1.2133911829053519 -0.36628434866482484 
-0.6869996431881045 1.2133911829053519 -0.36628434866482484 
-0.687466381554043 1.2151616738139244 -0.36306916348170026 
-0.687466381554043 1.2151616738139244 -0.36306916348170026 
-0.687466381554043 1.2151616738139244 -0.36306916348170026 
-0.6877821610189279 1.2163603679209811 -0.36090380636231223 
-0.6880896923645912 1.217527404824532 -0.3587908988530939 
-0.6880896923645912 1.217527404824532 -0.3587908988530939 
-0.6884656929185046 1.2189542724539963 -0.3562075706654557 
-0.6884656929185046 1.2189542724539963 -0.3562075706654557 
-0.6888136649261682 1.2202747758110453 -0.3538168138260034 
-0.6888136649261682 1.2202747758110453 -0.3538168138260034 
