-0.5500965409017908 1.1112974504980349 -0.5511190656124336 
-0.5500957101292246 1.1112946546224998 -0.5511289929238509 
-0.5500957101292245 1.1112946546224998 -0.5511289929238508 
-0.5500956774389727 1.1112938169957365 -0.5511207786190404 
-0.5502465175645102 1.1118665902053624 -0.5500886444168847 
-0.5502465175645102 1.1118665902053624 -0.5500886444168847 
-0.5506330262898428 1.1133329780370071 -0.5474288999273744 
-0.5506330262898428 1.1133329780370071 -0.5474288999273744 
-0.5506330262898428 1.1133329780370071 -0.5474288999273744 
-0.5509401596295869 1.114498861351752 -0.5453229463874696 
-0.5509401596295869 1.114498861351752 -0.5453229463874696 
-0.551419996555399 1.1163197729694 -0.5420262058826524 
-0.551419996555399 1.1163197729694 -0.5420262058826524 
-0.551419996555399 1.1163197729694 -0.5420262058826524 
-0.5515485474243983 1.1168088526697602 -0.5411577480908674 
-0.5515485474243983 1.1168088526697602 -0.5411577480908674 
-0.5515485474243983 1.1168088526697602 -0.5411577480908674 
-0.5520066347650325 1.1185459799864401 -0.5379956825041134 
-0.5520066347650325 1.1185459799864401 -0.5379956825041134 
-0.5520066347650325 1.1185459799864401 -0.5379956825041134 
-0.5520066347650325 1.1185459799864401 -0.5379956825041134 
-0.5524472924975815 1.1202182122416937 -0.5349681243536102 
-0.5524472924975815 1.1202182122416937 -0.5349681243536102 
-0.5524472924975815 1.1202182122416937 -0.5349681243536102 
-0.5524472924975815 1.1202182122416937 -0.5349681243536102 
-0.5528812356727241 1.12186532051035 -0.5319909183146199 
-0.5532391385900314 1.1232240444349377 -0.5295382483776812 
-0.5532391385900314 1.1232240444349377 -0.5295382483776812 
-0.5532391385900314 1.1232240444349377 -0.5295382483776812 
-0.5536592894571669 1.124816849595045 -0.5266325844755331 
-0.5536592894571669 1.124816849595045 -0.5266325844755331 
-0.5536592894571669 1.124816849595045 -0.5266325844755331 
-0.5541631754220907 1.1267297393536897 -0.5231790759614328 
-0.5541631754220907 1.1267297393536897 -0.5231790759614328 
-0.5546356461071014 1.1285226971546714 -0.5199329455349824 
-0.5546356461071014 1.1285226971546714 -0.5199329455349824 
-0.5546356461071014 1.1285226971546714 -0.5199329455349824 
-0.5549796127213292 1.1298280006239079 -0.517569707925642 
-0.5549796127213292 1.1298280006239079 -0.517569707925642 
-0.5549796127213292 1.1298280006239079 -0.517569707925642 
-0.5553373549650672 1.131186828387571 -0.5151265808080707 
-0.5553373549650672 1.131186828387571 -0.5151265808080707 
-0.5557645161318236 1.132807486344944 -0.5121875319485731 
-0.5559540955466522 1.133526912759124 -0.5108850183192044 
-0.5559540955466522 1.133526912759124 -0.5108850183192044 
-0.5562782257278343 1.1347560488485655 -0.508647530685153 
-0.5562782257278343 1.1347560488485655 -0.508647530685153 
-0.5562782257278343 1.1347560488485655 -0.508647530685153 
-0.5566971643282959 1.1363455033580845 -0.5057649753256326 
-0.5566971643282959 1.1363455033580845 -0.5057649753256326 
-0.5568149392404353 1.1367927988731492 -0.5049600171127455 
-0.5568149392404353 1.1367927988731492 -0.5049600171127455 
-0.5573238451940106 1.138724023239817 -0.5014635565861736 
-0.5575616714156132 1.1396268960820015 -0.4998337806211026 
-0.5575616714156132 1.1396268960820015 -0.4998337806211026 
-0.5575616714156132 1.1396268960820015 -0.4998337806211026 
-0.5575616714156132 1.1396268960820015 -0.4998337806211026 
-0.557948384783044 1.141093703714765 -0.49716841067683615 
-0.557948384783044 1.141093703714765 -0.49716841067683615 
-0.55835491840508 1.1426364399143119 -0.494375303714367 
-0.55835491840508 1.1426364399143119 -0.494375303714367 
-0.55835491840508 1.1426364399143119 -0.494375303714367 
-0.5588799019384161 1.1446299241431146 -0.49078313803007456 
-0.559015397726532 1.1451451813872127 -0.48986486667131923 
-0.559015397726532 1.1451451813872127 -0.48986486667131923 
-0.5591776978087326 1.1457591253379742 -0.4887265814261845 
-0.5591776978087326 1.1457591253379742 -0.4887265814261845 
-0.5591776978087326 1.1457591253379742 -0.4887265814261845 
-0.5595488947202106 1.1471686548304845 -0.4861867939753939 
-0.5595488947202106 1.1471686548304845 -0.4861867939753939 
-0.5598414073832283 1.1482774502330457 -0.48416231642513097 
-0.5599808758745283 1.1488070697381931 -0.48320831153145405 
-0.5599808758745283 1.1488070697381931 -0.48320831153145405 
-0.5599808758745283 1.1488070697381931 -0.48320831153145405 
-0.5604672411312508 1.1506527554258614 -0.47986671784468427 
-0.5604672411312508 1.1506527554258614 -0.47986671784468427 
-0.5604672411312508 1.1506527554258614 -0.47986671784468427 
-0.5607981858443859 1.1519089994529803 -0.4775971672264585 
-0.5611716287000968 1.1533258042023133 -0.47502719236345126 
-0.5611716287000968 1.1533258042023133 -0.47502719236345126 
-0.5611716287000968 1.1533258042023133 -0.47502719236345126 
-0.561624342273845 1.1550446776185082 -0.47192734113293433 
-0.561624342273845 1.1550446776185082 -0.47192734113293433 
-0.5617635082189766 1.1555715444426171 -0.47095643888907346 
-0.5617635082189766 1.1555715444426171 -0.47095643888907346 
-0.5621926080907921 1.1572002730768154 -0.46801250897660873 
-0.5621926080907921 1.1572002730768154 -0.46801250897660873 
-0.5621926080907921 1.1572002730768154 -0.46801250897660873 
-0.5621926080907921 1.1572002730768154 -0.46801250897660873 
-0.5626537234866913 1.1589504959867 -0.46484861501104247 
-0.5630872012049348 1.1605951243418642 -0.4618661680093461 
-0.5633321910957169 1.161525182270757 -0.4601871737430636 
-0.5633321910957169 1.161525182270757 -0.4601871737430636 
-0.5633321910957169 1.161525182270757 -0.4601871737430636 
-0.5637088503036651 1.1629550836010314 -0.4576056378940827 
-0.5637088503036651 1.1629550836010314 -0.4576056378940827 
-0.5641987740792118 1.1648137391479318 -0.4542332775987903 
-0.5644258221067933 1.1656749967332913 -0.4526691147807267 
-0.5644258221067933 1.1656749967332913 -0.4526691147807267 
-0.5644258221067934 1.1656749967332916 -0.452669114780727 
-0.5645333402878281 1.1660846172159087 -0.45194938244028116 
-0.5646229795418464 1.166423180636367 -0.4513145360332378 
-0.5646229795418464 1.166423180636367 -0.4513145360332378 
-0.565152750372492 1.1684335841887423 -0.44767472245969153 
-0.5657667282804055 1.1707628258783043 -0.44344789853122935 
-0.5657667282804055 1.1707628258783043 -0.44344789853122935 
-0.5661859556524417 1.1723548053277504 -0.4405802600203612 
-0.5661859556524417 1.1723548053277504 -0.4405802600203612 
-0.5661859556524417 1.1723548053277504 -0.4405802600203612 
-0.5663572115432765 1.173004696622973 -0.4394036389609295 
-0.5665979607787487 1.173917948307332 -0.43774534139710397 
-0.5665979607787487 1.173917948307332 -0.43774534139710397 
-0.5665979607787487 1.173917948307332 -0.43774534139710397 
-0.5670182516146929 1.1755141389167638 -0.4348724714515999 
-0.5673255151749155 1.1766789118371996 -0.4327466472194075 
-0.5673255151749155 1.1766789118371996 -0.4327466472194075 
-0.5673255151749155 1.1766789118371996 -0.4327466472194075 
-0.5678263939964932 1.1785793176148607 -0.42930111800065385 
-0.5678263939964932 1.1785793176148607 -0.42930111800065385 
-0.567934226220656 1.1789881665478452 -0.4285560094969776 
-0.567934226220656 1.1789881665478452 -0.4285560094969776 
-0.567934226220656 1.1789881665478452 -0.4285560094969776 
-0.5686560042772247 1.181729529789582 -0.42362443988070186 
-0.5686560042772247 1.181729529789582 -0.42362443988070186 
-0.5686560042772247 1.181729529789582 -0.42362443988070186 
-0.5686560042772247 1.181729529789582 -0.42362443988070186 
-0.5690639132433506 1.183275523872542 -0.42079868809761956 
-0.5690639132433506 1.183275523872542 -0.42079868809761956 
-0.5692351762715102 1.1839257990388754 -0.4196262374531914 
-0.5692351762715102 1.1839257990388754 -0.4196262374531914 
-0.5692351762715102 1.1839257990388754 -0.4196262374531914 
-0.56974684249491 1.185867855015633 -0.4161150318248328 
-0.56974684249491 1.185867855015633 -0.4161150318248328 
-0.56974684249491 1.185867855015633 -0.4161150318248328 
-0.5702037080276985 1.187601236738713 -0.4129718978243211 
-0.5702037080276985 1.187601236738713 -0.4129718978243211 
-0.570498420043891 1.188719982930104 -0.41095128552906224 
-0.5708049250160055 1.189883659098902 -0.4088517474139277 
-0.5708049250160055 1.189883659098902 -0.4088517474139277 
-0.5708049250160055 1.189883659098902 -0.4088517474139277 
-0.5711916782110131 1.1913516882295394 -0.40619876218947515 
-0.5714568160816521 1.1923566002609145 -0.40436236434294304 
-0.5714568160816521 1.1923566002609145 -0.40436236434294304 
-0.5718714001514511 1.1939307777335897 -0.40152448353057224 
-0.5718714001514511 1.1939307777335897 -0.40152448353057224 
-0.5718714001514511 1.1939307777335897 -0.40152448353057224 
-0.5723196217962602 1.1956311797358874 -0.3984386395414339 
-0.5723196217962602 1.1956311797358874 -0.3984386395414339 
-0.572708930452309 1.1971094406751264 -0.3957744145604596 
-0.572708930452309 1.1971094406751264 -0.3957744145604596 
-0.572708930452309 1.1971094406751264 -0.3957744145604596 
-0.5729311118607978 1.1979516959419052 -0.3942373704110054 
-0.5732378286123354 1.1991161757829325 -0.39213637725611816 
-0.5732378286123354 1.1991161757829325 -0.39213637725611816 
-0.5732378286123354 1.1991161757829325 -0.39213637725611816 
-0.5735301806017838 1.2002250750245698 -0.39012144252522263 
-0.5735301806017838 1.2002250750245698 -0.39012144252522263 
-0.5735301806017838 1.2002250750245698 -0.39012144252522263 
-0.5740633122797951 1.202248232505799 -0.3864585381034211 
-0.5740633122797951 1.202248232505799 -0.3864585381034211 
-0.5745239366658683 1.2039955217465383 -0.3832853592853418 
-0.5745239366658683 1.2039955217465383 -0.3832853592853418 
-0.5745239366658683 1.2039955217465383 -0.3832853592853418 
-0.5749762125728057 1.2057122000764233 -0.380182197413816 
-0.5751407354906322 1.2063368975005073 -0.37905605499109307 
-0.5751407354906322 1.2063368975005073 -0.37905605499109307 
-0.5751407354906322 1.2063368975005073 -0.37905605499109307 
-0.5751407354906322 1.2063368975005073 -0.37905605499109307 
-0.5751407354906322 1.2063368975005073 -0.37905605499109307 
-0.5756641642168635 1.2083228768994387 -0.375455595669939 
-0.5756641642168635 1.2083228768994387 -0.375455595669939 
-0.5760275784660187 1.2097032291019352 -0.37297349879202524 
-0.5760275784660187 1.2097032291019352 -0.37297349879202524 
-0.5763519437423896 1.2109337915477283 -0.37074071357613736 
-0.5764747737372791 1.2114002703694802 -0.36990102419697113 
-0.5764747737372791 1.2114002703694802 -0.36990102419697113 
-0.5764747737372791 1.2114002703694802 -0.36990102419697113 
-0.5769996431881041 1.2133911829053516 -0.3662843486648246 
-0.5769996431881041 1.2133911829053516 -0.3662843486648246 
-0.5769996431881041 1.2133911829053516 -0.3662843486648246 
-0.5769996431881041 1.2133911829053516 -0.3662843486648246 
-0.5774663815540428 1.2151616738139244 -0.3630691634817005 
-0.5774663815540428 1.2151616738139244 -0.3630691634817005 
-0.5774663815540428 1.2151616738139244 -0.3630691634817005 
-0.5777821610189277 1.2163603679209816 -0.36090380636231245 
-0.5780896923645908 1.217527404824532 -0.3587908988530941 
-0.5780896923645908 1.217527404824532 -0.3587908988530941 
-0.5784656929185044 1.2189542724539966 -0.35620757066545583 
-0.5784656929185044 1.2189542724539966 -0.35620757066545583 
-0.5788136649261679 1.2202747758110457 -0.35381681382600383 
-0.5788136649261679 1.2202747758110457 -0.35381681382600383 
