-0.6825545894117065 1.2375334064683001 -0.33976062039681365 
-0.6825554477729394 1.2375370411791615 -0.33975890739022496 
-0.6825550107137401 1.2375350144057828 -0.33975771031731583 
-0.6825528569320749 1.237525718210681 -0.3397599392575835 
-0.6825558848321386 1.2375390679525402 -0.33976010446313465 
-0.682554168109673 1.2375317985308179 -0.33976353047631125 
-0.6825541365953414 1.2375309608590248 -0.339755316171497 
-0.6825558441590674 1.2375381953255857 -0.3397519534209179 
-0.6825563061341722 1.2375406758900231 -0.3397571943836364 
-0.6825562812182667 1.2375402220989646 -0.3397531504938267 
-0.6825545894117065 1.2375334064683001 -0.33976062039681343 
-0.682556913171317 1.2375426340051887 -0.33974878537458 
-0.6825554477729394 1.2375370411791615 -0.33975890739022496 
-0.682553973215822 1.2375314133979722 -0.339769092668467 
-0.6825554477729394 1.2375370411791615 -0.33975890739022496 
-0.6825545736545408 1.2375329876324037 -0.33975651324440637 
-0.6825541365953414 1.2375309608590248 -0.339755316171497 
-0.6825536861672779 1.2375285263250146 -0.3397500184875625 
-0.6825532939912743 1.2375277449840596 -0.3397611363304923 
-0.6825550107137401 1.2375350144057828 -0.33975771031731583 
-0.6825541681096731 1.2375317985308174 -0.33976353047631136 
-0.6825535519137884 1.2375298054604893 -0.33977200274796493 
-0.6825541681096731 1.2375317985308174 -0.33976353047631114 
-0.6825535361566226 1.237529386624593 -0.3397678955955581 
-0.6825550107137401 1.2375350144057828 -0.33975771031731583 
-0.682555869074973 1.2375386491166445 -0.3397559973107269 
-0.6825535361566226 1.237529386624593 -0.3397678955955581 
-0.6825554320157736 1.2375366223432653 -0.3397548002378179 
-0.6825545894117065 1.2375334064683001 -0.33976062039681343 
-0.682553973215822 1.2375314133979722 -0.339769092668467 
-0.6825565392267869 1.2375421025749767 -0.33976189680180735 
-0.682555869074973 1.2375386491166445 -0.3397559973107269 
-0.6825549949565743 1.2375345955698867 -0.33975360316490855 
-0.6825554477729394 1.2375370411791615 -0.33975890739022496 
-0.6825537152933078 1.2375293529215423 -0.3397582262509945 
-0.6825554320157736 1.2375366223432653 -0.3397548002378179 
-0.6825554477729394 1.2375370411791615 -0.33975890739022496 
-0.682555869074973 1.2375386491166445 -0.3397559973107269 
-0.6825554477729394 1.2375370411791615 -0.33975890739022496 
-0.6825565392267869 1.2375421025749767 -0.33976189680180735 
-0.682554557897375 1.237532568796508 -0.3397524060919991 
-0.6825550107137401 1.2375350144057828 -0.33975771031731583 
-0.6825554477729394 1.2375370411791615 -0.33975890739022496 
-0.6825554477729394 1.2375370411791615 -0.33975890739022496 
-0.682555407099868 1.2375361685522066 -0.33975075634800833 
-0.6825541365953414 1.2375309608590248 -0.339755316171497 
-0.6825545736545408 1.2375329876324037 -0.33975651324440637 
-0.682553973215822 1.2375314133979722 -0.339769092668467 
-0.6825549949565743 1.2375345955698867 -0.33975360316490855 
-0.6825545894117065 1.2375334064683001 -0.33976062039681343 
-0.682553699536142 1.2375289340856463 -0.3397541190985879 
-0.6825541523525072 1.2375313796949212 -0.3397594233239041 
-0.6825554635301051 1.2375374600150577 -0.3397630145426319 
-0.6825558441590674 1.2375381953255857 -0.3397519534209179 
-0.6825537152933078 1.2375293529215423 -0.3397582262509945 
-0.6825550107137401 1.2375350144057828 -0.33975771031731583 
-0.682553699536142 1.2375289340856463 -0.3397541190985881 
-0.6825562812182667 1.2375402220989646 -0.3397531504938267 
-0.6825561360702207 1.237540924548655 -0.3397689205750942 
-0.6825526620382238 1.2375253330778355 -0.33976550144973905 
-0.6825526620382238 1.2375253330778355 -0.33976550144973905 
-0.6825558848321386 1.2375390679525402 -0.33976010446313465 
-0.6825558441590674 1.2375381953255857 -0.3397519534209179 
-0.6825554477729394 1.2375370411791615 -0.33975890739022496 
-0.6825554477729394 1.2375370411791615 -0.33975890739022496 
-0.6825545894117065 1.2375334064683001 -0.33976062039681365 
-0.6825545736545408 1.2375329876324037 -0.33975651324440637 
-0.6825541523525072 1.2375313796949212 -0.3397594233239041 
-0.6825545736545408 1.2375329876324037 -0.3397565132444066 
-0.6825537310504736 1.2375297717574383 -0.3397623334034018 
-0.6825550646696694 1.2375364747937871 -0.33977208208004994 
-0.682555869074973 1.2375386491166445 -0.3397559973107269 
-0.6825546051688723 1.2375338253041963 -0.3397647275492204 
-0.682555869074973 1.2375386491166445 -0.3397559973107269 
-0.6825550107137401 1.2375350144057828 -0.33975771031731605 
-0.6825554477729394 1.2375370411791615 -0.33975890739022496 
-0.682554557897375 1.237532568796508 -0.3397524060919991 
-0.6825546051688723 1.2375338253041963 -0.3397647275492204 
-0.6825554477729394 1.2375370411791615 -0.33975890739022496 
-0.6825550107137401 1.2375350144057828 -0.33975771031731583 
-0.682554557897375 1.237532568796508 -0.3397524060919993 
-0.682554557897375 1.237532568796508 -0.3397524060919993 
-0.6825549949565743 1.2375345955698867 -0.33975360316490877 
-0.6825535361566226 1.237529386624593 -0.3397678955955581 
-0.6825541365953414 1.2375309608590248 -0.339755316171497 
-0.6825544102750212 1.2375334401713507 -0.3397702897413766 
-0.6825550107137401 1.2375350144057828 -0.33975771031731583 
-0.6825558848321386 1.2375390679525402 -0.3397601044631344 
-0.6825550422280715 1.237535852077575 -0.33976592462212984 
-0.682555407099868 1.2375361685522066 -0.33975075634800833 
-0.6825528435632108 1.237525310450049 -0.3397558386465581 
-0.6825558848321386 1.2375390679525402 -0.3397601044631344 
-0.6825550264709058 1.237535433241679 -0.33976181746972267 
-0.6825556966227198 1.237538886700011 -0.3397677169608031 
-0.6825556966227198 1.237538886700011 -0.3397677169608031 
-0.6825544102750212 1.2375334401713507 -0.3397702897413766 
-0.6825554477729394 1.2375370411791615 -0.33975890739022496 
-0.6825541681096731 1.2375317985308174 -0.33976353047631114 
-0.682553699536142 1.2375289340856463 -0.3397541190985879 
-0.6825554635301051 1.2375374600150577 -0.3397630145426319 
-0.682553699536142 1.2375289340856463 -0.3397541190985879 
-0.6825539889729877 1.2375318322338682 -0.3397731998208743 
-0.6825558848321386 1.2375390679525402 -0.3397601044631344 
-0.682555407099868 1.2375361685522066 -0.33975075634800855 
-0.682554557897375 1.237532568796508 -0.3397524060919993 
-0.6825541365953414 1.2375309608590248 -0.339755316171497 
-0.682553699536142 1.2375289340856463 -0.3397541190985879 
-0.6825550107137401 1.2375350144057828 -0.33975771031731583 
-0.682556913171317 1.2375426340051887 -0.33974878537458 
-0.6825541681096731 1.2375317985308174 -0.33976353047631136 
-0.6825535361566226 1.237529386624593 -0.3397678955955581 
-0.6825549949565743 1.2375345955698867 -0.33975360316490855 
-0.6825554320157736 1.2375366223432653 -0.3397548002378179 
-0.6825558848321386 1.2375390679525402 -0.3397601044631344 
-0.6825545329814693 1.2375321150054492 -0.33974836220218996 
-0.6825545736545408 1.2375329876324037 -0.33975651324440637 
-0.6825558848321386 1.2375390679525402 -0.3397601044631344 
-0.6825541523525072 1.2375313796949212 -0.3397594233239041 
-0.6825526620382238 1.2375253330778355 -0.33976550144973905 
-0.6825554320157736 1.2375366223432653 -0.3397548002378179 
-0.6825541523525072 1.2375313796949212 -0.3397594233239041 
-0.6825531306117548 1.2375281975230068 -0.33977491282746264 
-0.682555869074973 1.2375386491166445 -0.3397559973107269 
-0.6825541523525072 1.2375313796949212 -0.3397594233239041 
-0.6825537152933078 1.2375293529215423 -0.3397582262509945 
-0.6825537152933078 1.2375293529215423 -0.3397582262509945 
-0.6825562812182667 1.2375402220989646 -0.3397531504938267 
-0.682555869074973 1.2375386491166445 -0.33975599731072714 
-0.6825550107137401 1.2375350144057828 -0.33975771031731583 
-0.682555869074973 1.2375386491166445 -0.3397559973107269 
-0.6825545894117065 1.2375334064683001 -0.33976062039681343 
-0.6825541523525072 1.2375313796949212 -0.3397594233239041 
-0.6825550264709058 1.237535433241679 -0.33976181746972267 
-0.6825549949565743 1.2375345955698867 -0.33975360316490877 
-0.6825541523525072 1.2375313796949212 -0.3397594233239041 
-0.6825550264709058 1.237535433241679 -0.33976181746972267 
-0.6825541365953414 1.2375309608590248 -0.339755316171497 
-0.6825562812182667 1.2375402220989646 -0.3397531504938269 
-0.6825554320157736 1.2375366223432653 -0.3397548002378179 
-0.6825554477729393 1.237537041179162 -0.3397589073902251 
-0.68255501071374 1.2375350144057833 -0.33975771031731594 
-0.6825541365953414 1.2375309608590248 -0.339755316171497 
-0.6825545894117065 1.2375334064683001 -0.33976062039681343 
-0.682553973215822 1.2375314133979722 -0.339769092668467 
-0.6825545894117065 1.2375334064683001 -0.33976062039681343 
-0.6825545578973748 1.2375325687965084 -0.3397524060919992 
-0.6825522407361904 1.2375237251403528 -0.3397684115292371 
-0.6825562812182667 1.2375402220989646 -0.3397531504938267 
-0.6825549949565743 1.2375345955698867 -0.33975360316490855 
-0.6825545736545408 1.2375329876324037 -0.33975651324440637 
-0.6825546051688723 1.2375338253041963 -0.3397647275492204 
-0.6825532782341084 1.2375273261481636 -0.33975702917808537 
-0.6825554477729394 1.2375370411791615 -0.33975890739022496 
-0.6825565573722543 1.2375425324861373 -0.3397660104955964 
-0.6825541365953414 1.2375309608590248 -0.339755316171497 
-0.6825554635301051 1.2375374600150577 -0.3397630145426319 
-0.6825535361566226 1.237529386624593 -0.3397678955955581 
-0.6825537310504736 1.2375297717574383 -0.339762333403402 
-0.6825545894117065 1.2375334064683001 -0.33976062039681343 
-0.6825541681096731 1.2375317985308174 -0.33976353047631114 
-0.6825545736545408 1.2375329876324037 -0.33975651324440637 
-0.6825550107137401 1.2375350144057828 -0.33975771031731605 
-0.6825550107137401 1.2375350144057828 -0.33975771031731583 
-0.6825541523525072 1.2375313796949212 -0.3397594233239043 
-0.6825541365953414 1.2375309608590248 -0.339755316171497 
-0.6825541523525072 1.2375313796949212 -0.3397594233239041 
-0.6825546051688723 1.2375338253041963 -0.3397647275492204 
-0.6825545736545408 1.2375329876324037 -0.33975651324440637 
-0.6825554320157736 1.2375366223432653 -0.3397548002378179 
-0.6825530990974232 1.2375273598512142 -0.3397666985226485 
-0.6825558441590674 1.2375381953255857 -0.3397519534209179 
-0.6825558441590674 1.2375381953255857 -0.3397519534209179 
-0.6825550107137401 1.2375350144057828 -0.33975771031731583 
-0.6825554477729394 1.2375370411791615 -0.33975890739022496 
-0.6825549700406686 1.2375341417788281 -0.33974955927509876 
-0.6825550107137401 1.2375350144057828 -0.33975771031731583 
-0.6825558848321386 1.2375390679525402 -0.3397601044631344 
-0.6825550107137401 1.2375350144057828 -0.33975771031731605 
-0.6825545736545408 1.2375329876324037 -0.33975651324440637 
-0.6825537310504736 1.2375297717574383 -0.3397623334034018 
-0.6825537310504736 1.2375297717574383 -0.3397623334034018 
-0.6825545894117065 1.2375334064683001 -0.33976062039681343 
-0.6825535361566226 1.237529386624593 -0.3397678955955581 
-0.6825541523525072 1.2375313796949212 -0.3397594233239041 
-0.6825550264709058 1.237535433241679 -0.3397618174697229 
-0.6825530990974232 1.2375273598512142 -0.3397666985226485 
-0.682555601993719 1.237536553685052 -0.339745194155852 
-0.6825554477729394 1.2375370411791615 -0.33975890739022496 
-0.6825541681096731 1.2375317985308174 -0.33976353047631114 
-0.6825554477729394 1.2375370411791615 -0.33975890739022496 
-0.682554557897375 1.237532568796508 -0.3397524060919991 
-0.6825546051688723 1.2375338253041963 -0.3397647275492204 
-0.6825546051688723 1.2375338253041963 -0.3397647275492204 
-0.6825541681096731 1.2375317985308174 -0.33976353047631114 
-0.6825545894117065 1.2375334064683001 -0.33976062039681343 
-0.6825573726721141 1.23754528349478 -0.33975613990540954 
-0.682555407099868 1.2375361685522066 -0.33975075634800833 
-0.6825549700406686 1.237534141778828 -0.339749559275099 
-0.6825554635301051 1.2375374600150577 -0.33976301454263214 
-0.6825554320157736 1.2375366223432653 -0.3397548002378179 
