-0.06077778389180803 1.1195588902416669 -0.2592116807636723 
-0.06261135992555439 1.1196951138223035 -0.2592080327393066 
-0.06261135992555439 1.1196951138223035 -0.2592080327393066 
-0.060774293465820424 1.119569759036647 -0.25921824914286795 
-0.060774293465820424 1.119569759036647 -0.25921824914286795 
-0.06242970472962946 1.1202960220903664 -0.2595648645206353 
-0.06042222297794632 1.1206629756644864 -0.2598963721633748 
-0.05927710041847039 1.1242311599281045 -0.2620391886371699 
-0.05927710041847039 1.1242311599281045 -0.2620391886371699 
-0.060889661738441826 1.1255514208325463 -0.26274305564671663 
-0.05856972896942377 1.1264328148150895 -0.26337548486703954 
-0.05856972896942377 1.1264328148150895 -0.26337548486703954 
-0.05856972896942377 1.1264328148150895 -0.26337548486703954 
-0.05777495072578336 1.1289062844949638 -0.26487808157333026 
-0.05777495072578336 1.1289062844949638 -0.26487808157333026 
-0.0579786857593014 1.1306701766522038 -0.26590678595364214 
-0.0592096198585206 1.13076046268968 -0.26590092333144166 
-0.0592096198585206 1.13076046268968 -0.26590092333144166 
-0.05840736855075039 1.1332810033630971 -0.2674143029358036 
-0.05840736855075039 1.1332810033630971 -0.2674143029358036 
-0.05840736855075039 1.1332810033630971 -0.2674143029358036 
-0.05755265240349394 1.1359424935662574 -0.26902273118497555 
-0.05755265240349394 1.1359424935662574 -0.26902273118497555 
-0.05755265240349394 1.1359424935662574 -0.26902273118497555 
-0.057552652403493894 1.1359424935662574 -0.2690227311849751 
-0.05695353250985025 1.137809796469816 -0.27014154551459024 
-0.05695353250985025 1.137809796469816 -0.27014154551459024 
-0.05442826057300771 1.1399632429348334 -0.2715497031232603 
-0.05442826057300771 1.1399632429348334 -0.2715497031232603 
-0.05422886276678599 1.1399484046101764 -0.2715512069911765 
-0.0534633232419604 1.142333589429716 -0.2729848589851609 
-0.0534633232419604 1.142333589429716 -0.2729848589851609 
-0.0548259664554325 1.143845978083978 -0.2738047065609174 
-0.0548259664554325 1.143845978083978 -0.2738047065609174 
-0.05439808362208992 1.1457661571893831 -0.2749556044714493 
-0.05439808362208992 1.1457661571893831 -0.2749556044714493 
-0.05439808362208992 1.1457661571893831 -0.2749556044714493 
-0.05439808362208992 1.1457661571893831 -0.2749556044714493 
-0.05439808362208992 1.1457661571893831 -0.2749556044714493 
-0.05351798638034447 1.1485066812736107 -0.276611795559199 
-0.05351798638034447 1.1485066812736107 -0.276611795559199 
-0.05351798638034447 1.1485066812736107 -0.276611795559199 
-0.05351798638034447 1.1485066812736107 -0.276611795559199 
-0.05267721775634933 1.1511240501463886 -0.27819745759985814 
-0.05267721775634933 1.1511240501463886 -0.27819745759985814 
-0.0523107744395147 1.152265113528541 -0.27888704066718295 
-0.0523107744395147 1.152265113528541 -0.27888704066718295 
-0.0523107744395147 1.152265113528541 -0.27888704066718295 
-0.0523107744395147 1.152265113528541 -0.27888704066718295 
-0.0523107744395147 1.152265113528541 -0.27888704066718295 
-0.05140593016473926 1.155082697097579 -0.280589801399295 
-0.05140593016473926 1.155082697097579 -0.280589801399295 
-0.048885801699674866 1.1565874780202807 -0.2815989643620622 
-0.04825473309739318 1.1585511742414016 -0.282793487782657 
-0.04825473309739318 1.1585511742414016 -0.282793487782657 
-0.04825473309739318 1.1585511742414016 -0.282793487782657 
-0.0484797666748649 1.1608369014647846 -0.28412968367776614 
-0.049532763334675184 1.1609141478653024 -0.2841217392752319 
-0.048254798798345905 1.1620601959050516 -0.28483912831237257 
-0.04715499175100528 1.1619787368057233 -0.28484742402440366 
-0.046173147899125806 1.1650329970430602 -0.28671067180532783 
-0.046173147899125806 1.1650329970430602 -0.28671067180532783 
-0.04561760031585163 1.1667622195902412 -0.28775959708182597 
-0.04561760031585163 1.1667622195902412 -0.28775959708182597 
-0.04561760031585163 1.1667622195902412 -0.28775959708182597 
-0.04490537449002582 1.1689820818391978 -0.28908944127457137 
-0.04490537449002582 1.1689820818391978 -0.28908944127457137 
-0.04490537449002582 1.1689820818391978 -0.28908944127457137 
-0.04490537449002582 1.1689820818391978 -0.28908944127457137 
-0.04398179908636619 1.1718573017348441 -0.2908309313805626 
-0.04398179908636619 1.1718573017348441 -0.2908309313805626 
-0.04346940235417073 1.1734521573722938 -0.29179865420397366 
-0.04346940235417073 1.1734521573722938 -0.29179865420397366 
-0.044277504629342684 1.1772067622829485 -0.29396130348491467 
-0.044277504629342684 1.1772067622829485 -0.29396130348491467 
-0.04430042768774923 1.1772084347377834 -0.29396113051860406 
-0.04183802682835101 1.1801769273155125 -0.29584717933889704 
-0.04183802682835101 1.1801769273155125 -0.29584717933889704 
-0.04132146089616876 1.1801385502072035 -0.29585107545541023 
-0.04132146089616876 1.1801385502072035 -0.29585107545541023 
-0.0412327097183719 1.1835400690522673 -0.2978399661970377 
-0.04224327227508327 1.1836141859275364 -0.2978323419018103 
-0.04224327227508327 1.1836141859275364 -0.2978323419018103 
-0.04224327227508327 1.1836141859275364 -0.2978323419018103 
-0.04224327227508327 1.1836141859275364 -0.2978323419018103 
-0.03924463798505905 1.1866263258741672 -0.2997560532207383 
-0.03924463798505905 1.1866263258741672 -0.2997560532207383 
-0.03924463798505905 1.1866263258741672 -0.2997560532207383 
-0.039238981232180205 1.1866259044982406 -0.2997560958832306 
-0.03864208380412979 1.1884862868932513 -0.30087072791623815 
-0.03864208380412979 1.1884862868932513 -0.30087072791623815 
-0.039990678577606825 1.1906285100125313 -0.3020713344007331 
-0.039990678577606825 1.1906285100125313 -0.3020713344007331 
-0.039990678577606825 1.1906285100125313 -0.3020713344007331 
-0.039990678577606825 1.1906285100125313 -0.3020713344007331 
-0.03755743690992693 1.193408536423439 -0.30382962846833683 
-0.03755743690992693 1.193408536423439 -0.30382962846833683 
-0.03681634690876124 1.1941704063253296 -0.3043115948653299 
-0.03681634690876124 1.1941704063253296 -0.3043115948653299 
-0.03681634690876124 1.1941704063253296 -0.3043115948653299 
-0.03681634690876124 1.1941704063253296 -0.3043115948653299 
-0.037296172569639914 1.1974993574400956 -0.3062386578795656 
-0.03681182661780676 1.199005845639527 -0.3071587392447055 
-0.03728915376465251 1.1990407552314295 -0.3071551377650933 
-0.03728915376465251 1.1990407552314295 -0.3071551377650933 
-0.03728915376465251 1.1990407552314295 -0.3071551377650933 
-0.03728915376465251 1.1990407552314295 -0.3071551377650933 
-0.034962546620285966 1.2014393507724104 -0.308674099347653 
-0.034962546620285966 1.2014393507724104 -0.308674099347653 
-0.034962546620285966 1.2014393507724104 -0.308674099347653 
-0.034166181655052794 1.2024206527154813 -0.309309190272792 
-0.034166181655052794 1.2024206527154813 -0.309309190272792 
-0.034166181655052794 1.2024206527154813 -0.309309190272792 
-0.03316068152635376 1.205555449007143 -0.3111823001879812 
-0.03316068152635376 1.205555449007143 -0.3111823001879812 
-0.03477194917911691 1.2068783576310784 -0.31189556290122544 
-0.03477194917911691 1.2068783576310784 -0.31189556290122544 
-0.03477194917911691 1.2068783576310784 -0.31189556290122544 
-0.03477194917911691 1.2068783576310784 -0.31189556290122544 
-0.03257340910704678 1.2088052869360106 -0.313144195484682 
-0.03257340910704678 1.2088052869360106 -0.313144195484682 
-0.033790645673639236 1.209934026667564 -0.3137422067072285 
-0.033790645673639236 1.209934026667564 -0.3137422067072285 
-0.03319611118083798 1.211786721000193 -0.314854056749604 
-0.03319611118083798 1.211786721000193 -0.314854056749604 
-0.03319611118083798 1.211786721000193 -0.314854056749604 
-0.03028623379941541 1.2145054664746968 -0.31659499524939727 
-0.03028623379941541 1.2145054664746968 -0.31659499524939727 
-0.03028623379941541 1.2145054664746968 -0.31659499524939727 
-0.029898653514108975 1.2157106372434354 -0.31733298033369417 
-0.030693817701655052 1.2168396150314158 -0.3179561208958943 
-0.028930039905778835 1.218726791363717 -0.3191557439437792 
-0.028930039905778835 1.218726791363717 -0.3191557439437792 
-0.028930039905778835 1.218726791363717 -0.3191557439437792 
-0.028930039905778835 1.218726791363717 -0.3191557439437792 
-0.028129559971634355 1.2212187057757597 -0.3206655896247188 
-0.028129559971634355 1.2212187057757597 -0.3206655896247188 
-0.028129559971634355 1.2212187057757597 -0.3206655896247188 
-0.028129559971634355 1.2212187057757597 -0.3206655896247188 
-0.02832796099415572 1.226944904280055 -0.3240185556899914 
-0.02832796099415572 1.226944904280055 -0.3240185556899914 
-0.02832796099415572 1.226944904280055 -0.3240185556899914 
-0.026428879899008155 1.2277776721876814 -0.3246008323292997 
-0.026428879899008155 1.2277776721876814 -0.3246008323292997 
-0.02603309293899455 1.2277482495553296 -0.3246038174454733 
-0.02603309293899455 1.2277482495553296 -0.3246038174454733 
-0.0266774462323075 1.2292538810356113 -0.3254716462239169 
-0.0266774462323075 1.2292538810356113 -0.3254716462239169 
-0.02756489786337528 1.229318926348649 -0.3254649506511622 
-0.02756489786337528 1.229318926348649 -0.3254649506511622 
-0.026463051793847947 1.2327513320225698 -0.32753147350948664 
-0.026463051793847947 1.2327513320225698 -0.32753147350948664 
-0.02591058418720507 1.233717379512793 -0.3281314083754773 
-0.024157056484684525 1.2335879457035133 -0.328144636081552 
-0.024840420490109462 1.2354118965510443 -0.32916470821766297 
-0.024840420490109462 1.2354118965510443 -0.32916470821766297 
-0.025591732401447173 1.2354669239383025 -0.32915903968638516 
-0.025591732401447173 1.2354669239383025 -0.32915903968638516 
-0.02473618615494175 1.2381292882152501 -0.3307776559299971 
-0.02473618615494175 1.2381292882152501 -0.3307776559299971 
-0.02473618615494175 1.2381292882152501 -0.3307776559299971 
-0.02473618615494175 1.2381292882152501 -0.3307776559299971 
-0.024173978109257827 1.2398792506952254 -0.3318391150470309 
-0.024173978109257827 1.2398792506952254 -0.3318391150470309 
-0.023025276069309743 1.2425840858079735 -0.3334994597220281 
-0.021308288247883493 1.2424573248185735 -0.33351241173224067 
-0.020946677050024398 1.2435867780552865 -0.3341755741381698 
-0.020946677050024398 1.2435867780552865 -0.3341755741381698 
-0.020946677050024398 1.2435867780552865 -0.3341755741381698 
-0.020946677050024398 1.2435867780552865 -0.3341755741381698 
-0.0199139725267298 1.2468025040952482 -0.3361189457869288 
-0.0199139725267298 1.2468025040952482 -0.3361189457869288 
-0.02088170217864805 1.2501310286258815 -0.33803461004014634 
-0.02088170217864805 1.2501310286258815 -0.33803461004014634 
-0.02055906780174789 1.2511370564985023 -0.33863479099943217 
-0.018952032427789128 1.2518927788754894 -0.33915110222652967 
-0.018952032427789128 1.2518927788754894 -0.33915110222652967 
-0.018671869481354145 1.2527644845553443 -0.33968180115302626 
-0.0180153112889537 1.2527157426583968 -0.33968675322376396 
-0.0180153112889537 1.2527157426583968 -0.33968675322376396 
-0.0180153112889537 1.2527157426583968 -0.33968675322376396 
-0.018557363152257665 1.256346386976425 -0.34180734809719104 
-0.018557363152257665 1.256346386976425 -0.34180734809719104 
-0.01827056853818857 1.257240123540446 -0.34234356543210254 
-0.01859136696736092 1.2572635658586941 -0.3423411449305094 
-0.0183724523728278 1.257945241348913 -0.34275310440867457 
-0.0183724523728278 1.257945241348913 -0.34275310440867457 
-0.01745808980839544 1.26079246380421 -0.34447377691888637 
-0.017458089808395454 1.2607924638042098 -0.3444737769188868 
-0.017458089808395454 1.2607924638042098 -0.3444737769188868 
-0.014724185559889429 1.2639284737693857 -0.3464567366578595 
-0.014724185559889429 1.2639284737693857 -0.3464567366578595 
-0.015826717379116097 1.2658730648542433 -0.34754025760278995 
-0.015826717379116097 1.2658730648542433 -0.34754025760278995 
-0.015826717379116097 1.2658730648542433 -0.34754025760278995 
-0.015120798510477786 1.2680712170234023 -0.3488686750587914 
-0.015120798510477786 1.2680712170234023 -0.3488686750587914 
-0.015120798510477786 1.2680712170234023 -0.3488686750587914 
-0.012706276783094637 1.2717427390183151 -0.3511618179254974 
-0.012706276783094637 1.2717427390183151 -0.3511618179254974 
-0.011922622629299297 1.2716846003084892 -0.351167728705688 
-0.011922622629299297 1.2716846003084892 -0.351167728705688 
-0.012148067065522385 1.2732579196271288 -0.3520694859232606 
-0.013425012189379915 1.2733517053992722 -0.3520598521907182 
-0.013425012189379915 1.2733517053992722 -0.3520598521907182 
-0.013425012189379915 1.2733517053992722 -0.3520598521907182 
-0.013425012189379915 1.2733517053992722 -0.3520598521907182 
-0.012539506477162662 1.2761083805463065 -0.35372970170895424 
-0.012197786599359826 1.2771710772976395 -0.3543797207770718 
-0.012197786599359826 1.2771710772976395 -0.3543797207770718 
-0.011084069954503298 1.2791843165317802 -0.35559491202800997 
-0.009163697892158689 1.2802769630674322 -0.35635258757374566 
-0.009163697892158689 1.2802769630674322 -0.35635258757374566 
-0.008418001018499618 1.2826006902442095 -0.35774723447782564 
-0.008418001018499618 1.2826006902442095 -0.35774723447782564 
-0.008418001018499618 1.2826006902442095 -0.35774723447782564 
-0.008418001018499618 1.2826006902442095 -0.35774723447782564 
-0.009429014528134593 1.2857934132427418 -0.35958659125070414 
-0.008754504888528651 1.2878937605960836 -0.3608559019594856 
-0.008419760986971914 1.2889347349399294 -0.36149279344449137 
-0.008419760986971914 1.2889347349399294 -0.36149279344449137 
-0.008419760986971914 1.2889347349399294 -0.36149279344449137 
-0.008419760986971914 1.2889347349399294 -0.36149279344449137 
-0.008419760986971914 1.2889347349399294 -0.36149279344449137 
-0.00773451905715708 1.2910712626712135 -0.3627683779802061 
-0.00773451905715708 1.2910712626712135 -0.3627683779802061 
-0.00773451905715708 1.2910712626712135 -0.3627683779802061 
-0.006674491530016889 1.2943699985575308 -0.36477360867372677 
-0.006674491530016889 1.2943699985575308 -0.36477360867372677 
-0.0059628766050501564 1.2965865779146675 -0.3661092645018309 
-0.0059628766050501564 1.2965865779146675 -0.3661092645018309 
-0.0059628766050501564 1.2965865779146675 -0.3661092645018309 
-0.0059628766050501495 1.2965865779146675 -0.3661092645018308 
-0.004103176534009876 1.2983355886624957 -0.3672282144119745 
-0.004103176534009876 1.2983355886624957 -0.3672282144119745 
-0.0030448855307122075 1.299329568064122 -0.36787061683939815 
-0.0030448855307122075 1.299329568064122 -0.36787061683939815 
-0.0030448855307122075 1.299329568064122 -0.36787061683939815 
-0.0030448855307122907 1.299329568064122 -0.36787061683939815 
-0.0029545323078526697 1.3036895159530975 -0.37044250257212696 
-0.0029545323078526697 1.3036895159530975 -0.37044250257212696 
-0.003389514023859525 1.304599050013157 -0.370955369291867 
-0.003389514023859525 1.304599050013157 -0.370955369291867 
-0.003389514023859525 1.304599050013157 -0.370955369291867 
-0.002452958536807031 1.307516069047497 -0.3727143244288761 
-0.0018602987338021265 1.309361545191323 -0.37382960787398467 
-0.0018602987338021265 1.309361545191323 -0.37382960787398467 
-0.0018602987338021265 1.309361545191323 -0.37382960787398467 
0.0005361063631114868 1.310480375116969 -0.37460942543751674 
0.0005361063631114868 1.310480375116969 -0.37460942543751674 
0.0008133910173377737 1.3113438084253002 -0.37513122729226256 
0.0008133910173377737 1.3113438084253002 -0.37513122729226256 
0.0008133910173377737 1.3113438084253002 -0.37513122729226256 
0.0008133910173377737 1.3113438084253002 -0.37513122729226256 
0.0016268688994481757 1.3138768872967765 -0.3766620522449242 
0.0016268688994481757 1.3138768872967765 -0.3766620522449242 
0.0016193432081914871 1.3158525095279607 -0.37781923563522124 
0.0016193432081914871 1.3158525095279607 -0.37781923563522124 
0.0006064364493893713 1.317043372148646 -0.3784680970615433 
0.0006064364493893713 1.317043372148646 -0.3784680970615433 
0.00162424300733114 1.32021201728817 -0.38038691393383695 
0.00162424300733114 1.32021201728817 -0.38038691393383695 
0.0038615875775460835 1.3219081004592481 -0.3814979297815536 
0.0038615875775460835 1.3219081004592481 -0.3814979297815536 
0.0038615875775460835 1.3219081004592481 -0.3814979297815536 
0.004197994617657425 1.321883084362403 -0.38150046702229234 
0.004197994617657425 1.321883084362403 -0.38150046702229234 
0.0038094629983335543 1.3249096222974488 -0.38326006985667693 
0.005363571778033604 1.3265283394285592 -0.3842910291691908 
0.005682171703044674 1.3265046453159344 -0.38429343210031663 
0.006343037969624422 1.3285625087361443 -0.3855370683361643 
0.006343037969624422 1.3285625087361443 -0.3855370683361643 
0.006804652047879715 1.3299999231934012 -0.38640574634823244 
0.006804652047879715 1.3299999231934012 -0.38640574634823244 
0.006804652047879715 1.3299999231934012 -0.38640574634823244 
0.007692790754778373 1.3327678885677419 -0.38806496357168796 
0.007692790754778373 1.3327678885677419 -0.38806496357168796 
0.007692790754778373 1.3327678885677419 -0.38806496357168796 
0.007692790754778373 1.3327678885677419 -0.38806496357168796 
0.008570870236682977 1.3355004188120148 -0.38972598347466403 
0.008570870236682977 1.3355004188120148 -0.38972598347466403 
0.008570870236682977 1.3355004188120148 -0.38972598347466403 
0.00912673680097829 1.337230634630313 -0.39077550901838265 
0.00912673680097829 1.337230634630313 -0.39077550901838265 
0.00912673680097829 1.337230634630313 -0.39077550901838265 
0.00813866758447835 1.340497204653542 -0.3926459364767223 
0.00813866758447835 1.340497204653542 -0.3926459364767223 
0.00813866758447835 1.340497204653542 -0.3926459364767223 
0.010872325238954452 1.3426668915190323 -0.394056924514838 
0.010872325238954452 1.3426668915190323 -0.394056924514838 
0.01116867353367777 1.3435883062502982 -0.3946215620955813 
0.012200640770858643 1.3467993504010007 -0.3965755771470394 
0.012200640770858643 1.3467993504010007 -0.3965755771470394 
0.012200640770858643 1.3467993504010007 -0.3965755771470394 
0.012200640770858643 1.3467993504010007 -0.3965755771470394 
0.01110383745049073 1.3494122193501468 -0.3980309646687379 
0.01110383745049073 1.3494122193501468 -0.3980309646687379 
0.01110383745049073 1.3494122193501468 -0.3980309646687379 
0.011320550911188328 1.3500863504489815 -0.3984422626156432 
0.011220273357867665 1.350093669654473 -0.3984415059768902 
0.012618286299212616 1.351888933624835 -0.39957580748084176 
0.013806112632444977 1.351800995744154 -0.39958476720823244 
0.013806112632444977 1.351800995744154 -0.39958476720823244 
0.014798829582337285 1.354892895273759 -0.4014494085237892 
0.014798829582337285 1.354892895273759 -0.4014494085237892 
0.015676990210753732 1.3576287695763962 -0.4030949939942259 
0.015676990210753732 1.3576287695763962 -0.4030949939942259 
0.015676990210753732 1.3576287695763962 -0.4030949939942259 
0.015676990210753642 1.3576287695763962 -0.4030949939942259 
0.016382299912125503 1.3598236442519482 -0.40442922634790857 
0.016382299912125503 1.3598236442519482 -0.40442922634790857 
0.016382299912125503 1.3598236442519482 -0.40442922634790857 
0.016382299912125503 1.3598236442519482 -0.40442922634790857 
0.016232782944400403 1.3623044194978853 -0.4058878386200485 
0.015167422378113363 1.3623825780020218 -0.4058798009493634 
0.015167422378113363 1.3623825780020218 -0.4058798009493634 
0.015167422378113363 1.3623825780020218 -0.4058798009493634 
0.018349688800083502 1.366155165888589 -0.4082521949887088 
0.018349688800083502 1.366155165888589 -0.4082521949887088 
0.018349688800083502 1.366155165888589 -0.4082521949887088 
0.018414077264089015 1.366150371007506 -0.4082526806015996 
0.017666885411859824 1.368408060573165 -0.4095380879893964 
0.01930162298466213 1.3692112808204817 -0.4100898214886666 
0.01930162298466213 1.3692112808204817 -0.4100898214886666 
0.02041919143465517 1.3723947619147217 -0.4120224787278024 
0.02041919143465517 1.3723947619147217 -0.4120224787278024 
0.02041919143465517 1.3723947619147217 -0.4120224787278024 
0.020137349687234758 1.3745761650882862 -0.41330221458721705 
0.019648466706525345 1.3763374279861702 -0.4143053916181998 
0.019648466706525345 1.3763374279861702 -0.4143053916181998 
0.019648466706525345 1.3763374279861702 -0.4143053916181998 
0.021511265072219142 1.379053704122989 -0.415989338618576 
0.022533119739668032 1.3789779878301736 -0.41599704627168266 
0.02279300764544283 1.3797851786927302 -0.4164965523168309 
0.02279300764544283 1.3797851786927302 -0.4164965523168309 
0.02279300764544283 1.3797851786927302 -0.4164965523168309 
0.02390408148023313 1.3832442476699274 -0.41859088210448037 
0.024231791815992307 1.3842660815090297 -0.41920061514213436 
0.024231791815992307 1.3842660815090297 -0.41920061514213436 
0.024231791815992307 1.3842660815090297 -0.41920061514213436 
0.023857244712494147 1.386236825702619 -0.4203401078522735 
0.022851271927875685 1.3863106041647384 -0.42033251818080397 
0.022851271927875685 1.3863106041647384 -0.42033251818080397 
0.022851271927875685 1.3863106041647384 -0.42033251818080397 
0.02398839893516247 1.3898494341901377 -0.42248276112144034 
0.02398839893516247 1.3898494341901377 -0.42248276112144034 
0.024250976932745007 1.3906538541781563 -0.4229536514366905 
0.026235955977864926 1.3905075141957428 -0.4229686255159646 
0.026235955977864926 1.3905075141957428 -0.4229686255159646 
0.026235955977864926 1.3905075141957428 -0.4229686255159646 
0.02490619567833796 1.392710096516267 -0.4241960493383079 
0.02490619567833796 1.392710096516267 -0.4241960493383079 
0.02490619567833796 1.392710096516267 -0.4241960493383079 
0.02490619567833796 1.392710096516267 -0.4241960493383079 
0.02736317665526123 1.3955298468162953 -0.4259789113044987 
0.027837518079050452 1.3954945989205854 -0.4259824889308763 
0.027837518079050452 1.3954945989205854 -0.4259824889308763 
0.028880371052878287 1.3987419260970853 -0.42794495821172696 
0.028880371052878287 1.3987419260970853 -0.42794495821172696 
0.028880371052878287 1.3987419260970853 -0.42794495821172696 
0.029523174342836266 1.40074216281927 -0.4291615642889022 
0.029523174342836266 1.40074216281927 -0.4291615642889022 
0.029523174342836266 1.40074216281927 -0.4291615642889022 
0.030260796093937524 1.4030404148231612 -0.4305426798518659 
0.03059170423157421 1.4040708256435175 -0.43116539184597547 
0.03059170423157421 1.4040708256435175 -0.43116539184597547 
0.03059170423157421 1.4040708256435175 -0.43116539184597547 
0.02950148481022241 1.4070193113877296 -0.43284359025181685 
0.02950148481022241 1.4070193113877296 -0.43284359025181685 
0.03240391809675936 1.4097145466387322 -0.4345721848956454 
0.03240391809675936 1.4097145466387322 -0.4345721848956454 
0.03240391809675936 1.4097145466387322 -0.4345721848956454 
0.031761347998676616 1.4126590380145518 -0.43628620800683304 
0.031761347998676616 1.4126590380145518 -0.43628620800683304 
0.033721212633102675 1.4138164540549063 -0.437051105823413 
0.033721212633102675 1.4138164540549063 -0.437051105823413 
0.03420551267684535 1.4157266969597055 -0.43821056285714866 
0.03234231697351551 1.4158639634534445 -0.43819650724778825 
0.0339571887965736 1.41729894635551 -0.43911445270517824 
0.03481927758972432 1.4172350148447819 -0.4391209551479245 
0.03481927758972432 1.4172350148447819 -0.4391209551479245 
0.03468194661508313 1.4202023526441883 -0.440866281671905 
0.03375732371789395 1.4202701357243883 -0.44085930568412635 
0.035289055978094695 1.4213977442206807 -0.4415922878388362 
0.035289055978094695 1.4213977442206807 -0.4415922878388362 
0.03613593416402527 1.4213349357187204 -0.44159867554125243 
0.03613593416402527 1.4213349357187204 -0.44159867554125243 
0.03692466327951307 1.423790949707173 -0.44308292758722967 
0.03692466327951307 1.423790949707173 -0.44308292758722967 
0.03836921896051548 1.4282870631294462 -0.4458117738895806 
0.03836921896051548 1.4282870631294462 -0.4458117738895806 
0.03836921896051548 1.4282870631294462 -0.4458117738895806 
0.03703053947519166 1.4304639430285357 -0.44701197147588734 
0.03703053947519166 1.4304639430285357 -0.44701197147588734 
0.03703053947519166 1.4304639430285357 -0.44701197147588734 
0.03703053947519166 1.4304639430285357 -0.44701197147588734 
0.03703053947519166 1.4304639430285357 -0.44701197147588734 
0.03920668135927513 1.4321592335107307 -0.44812716246659823 
0.03920668135927513 1.4321592335107307 -0.44812716246659823 
0.03960305089057905 1.4321297676597766 -0.44813015197687167 
0.04070268889190103 1.4355546073494634 -0.45019600025464923 
0.03871270028783646 1.4357013127920129 -0.4501809883755845 
0.04028288942131185 1.4367173103744357 -0.4508658535674481 
0.03938657543258501 1.4377996843995446 -0.45144910507457037 
0.03938657543258501 1.4377996843995446 -0.45144910507457037 
0.041724607002620324 1.4387367457106517 -0.4521190737368781 
0.041724607002620324 1.4387367457106517 -0.4521190737368781 
0.04259234738747896 1.441437411313614 -0.4537589725983142 
0.04259234738747896 1.441437411313614 -0.4537589725983142 
0.0429336421866407 1.4433109682537508 -0.4548701019062886 
0.04287962501720203 1.4446780550944325 -0.4556671909202692 
0.04361486720244714 1.444623494236946 -0.45567273651608886 
0.04361486720244714 1.444623494236946 -0.45567273651608886 
0.04319974223058972 1.4469339782765522 -0.4570099320402321 
0.042339992441675404 1.4469969839682646 -0.4570034454481007 
0.042339992441675404 1.4469969839682646 -0.4570034454481007 
0.042339992441675404 1.4469969839682646 -0.4570034454481007 
0.04376668478235466 1.44940970071802 -0.4584983969472294 
0.045119993548330274 1.4493095985301025 -0.45850860510879476 
0.04547436013111696 1.450413746624697 -0.4591719812246493 
0.04547436013111696 1.450413746624697 -0.4591719812246493 
0.04616093210738285 1.4525516547412831 -0.46046399116884107 
0.04616093210738285 1.4525516547412831 -0.46046399116884107 
0.04616093210738285 1.4525516547412831 -0.46046399116884107 
0.04693346946886027 1.4549572494240877 -0.4619177731287696 
0.04693346946886027 1.4549572494240877 -0.4619177731287696 
0.04693346946886027 1.4549572494240877 -0.4619177731287696 
0.047733619491780704 1.4574488268371237 -0.4634235173510728 
0.04773361949178062 1.4574488268371237 -0.4634235173510728 
0.04821399956126953 1.4589426055633616 -0.4643379515872672 
0.04821399956126953 1.4589426055633616 -0.4643379515872672 
0.04881264213966347 1.46080878232123 -0.46545405171493415 
0.04881264213966347 1.46080878232123 -0.46545405171493415 
0.04881264213966347 1.46080878232123 -0.46545405171493415 
0.04881264213966347 1.46080878232123 -0.46545405171493415 
0.049575353498814125 1.46318377993504 -0.46688934283463546 
0.049575353498814125 1.46318377993504 -0.46688934283463546 
0.04863088032359318 1.4645579957259476 -0.4676452208893669 
0.04863088032359318 1.4645579957259476 -0.4676452208893669 
0.04799431190401019 1.4646045907975616 -0.46764041801244893 
0.04799431190401019 1.4646045907975616 -0.46764041801244893 
0.04922182768027565 1.468426246918418 -0.46995387143390177 
0.04922182768027565 1.468426246918418 -0.46995387143390177 
0.04922182768027565 1.468426246918418 -0.46995387143390177 
