0.04922221610819212 1.1195588902416669 -0.2592116807636726 
0.04738864007444584 1.1196951138223037 -0.2592080327393066 
0.04738864007444584 1.1196951138223037 -0.2592080327393066 
0.049225706534179604 1.119569759036647 -0.2592182491428682 
0.049225706534179604 1.119569759036647 -0.2592182491428682 
0.047570295270370676 1.1202960220903666 -0.25956486452063543 
0.04957777702205376 1.1206629756644866 -0.2598963721633746 
0.05072289958152973 1.1242311599281045 -0.26203918863717 
0.05072289958152973 1.1242311599281045 -0.26203918863717 
0.04911033826155839 1.1255514208325466 -0.26274305564671674 
0.05143027103057644 1.1264328148150897 -0.2633754848670392 
0.05143027103057644 1.1264328148150897 -0.2633754848670392 
0.05143027103057644 1.1264328148150897 -0.2633754848670392 
0.05222504927421683 1.128906284494964 -0.26487808157333037 
0.05222504927421683 1.128906284494964 -0.26487808157333037 
0.052021314240698766 1.130670176652204 -0.26590678595364203 
0.05079038014147957 1.1307604626896801 -0.26590092333144155 
0.05079038014147957 1.1307604626896801 -0.26590092333144155 
0.051592631449249776 1.1332810033630973 -0.2674143029358038 
0.051592631449249776 1.1332810033630973 -0.2674143029358038 
0.051592631449249776 1.1332810033630973 -0.2674143029358038 
0.05244734759650616 1.1359424935662576 -0.26902273118497544 
0.05244734759650616 1.1359424935662576 -0.26902273118497544 
0.05244734759650616 1.1359424935662576 -0.26902273118497544 
0.05244734759650621 1.1359424935662576 -0.269022731184975 
0.05304646749014993 1.1378097964698164 -0.27014154551459035 
0.05304646749014993 1.1378097964698164 -0.27014154551459035 
0.055571739426992374 1.1399632429348334 -0.27154970312326066 
0.055571739426992374 1.1399632429348334 -0.27154970312326066 
0.05577113723321409 1.1399484046101764 -0.27155120699117685 
0.056536676758039646 1.1423335894297164 -0.27298485898516067 
0.056536676758039646 1.1423335894297164 -0.27298485898516067 
0.05517403354456761 1.1438459780839783 -0.27380470656091715 
0.05517403354456761 1.1438459780839783 -0.27380470656091715 
0.05560191637791007 1.1457661571893831 -0.2749556044714492 
0.05560191637791007 1.1457661571893831 -0.2749556044714492 
0.05560191637791007 1.1457661571893831 -0.2749556044714492 
0.05560191637791007 1.1457661571893831 -0.2749556044714492 
0.05560191637791007 1.1457661571893831 -0.2749556044714492 
0.05648201361965568 1.1485066812736109 -0.27661179555919935 
0.05648201361965568 1.1485066812736109 -0.27661179555919935 
0.05648201361965568 1.1485066812736109 -0.27661179555919935 
0.05648201361965568 1.1485066812736109 -0.27661179555919935 
0.057322782243650845 1.1511240501463886 -0.27819745759985826 
0.057322782243650845 1.1511240501463886 -0.27819745759985826 
0.05768922556048526 1.152265113528541 -0.2788870406671826 
0.05768922556048526 1.152265113528541 -0.2788870406671826 
0.05768922556048526 1.152265113528541 -0.2788870406671826 
0.05768922556048526 1.152265113528541 -0.2788870406671826 
0.05768922556048526 1.152265113528541 -0.2788870406671826 
0.058594069835260894 1.155082697097579 -0.2805898013992951 
0.058594069835260894 1.155082697097579 -0.2805898013992951 
0.06111419830032521 1.156587478020281 -0.2815989643620622 
0.06174526690260699 1.1585511742414016 -0.282793487782657 
0.06174526690260699 1.1585511742414016 -0.282793487782657 
0.06174526690260699 1.1585511742414016 -0.282793487782657 
0.06152023332513511 1.1608369014647848 -0.28412968367776603 
0.060467236665324824 1.1609141478653027 -0.28412173927523177 
0.06174520120165431 1.1620601959050518 -0.2848391283123729 
0.06284500824899494 1.1619787368057235 -0.284847424024404 
0.06382685210087427 1.1650329970430602 -0.2867106718053277 
0.06382685210087427 1.1650329970430602 -0.2867106718053277 
0.06438239968414836 1.1667622195902412 -0.28775959708182586 
0.06438239968414836 1.1667622195902412 -0.28775959708182586 
0.06438239968414836 1.1667622195902412 -0.28775959708182586 
0.06509462550997422 1.1689820818391976 -0.2890894412745715 
0.06509462550997422 1.1689820818391976 -0.2890894412745715 
0.06509462550997422 1.1689820818391976 -0.2890894412745715 
0.06509462550997422 1.1689820818391976 -0.2890894412745715 
0.06601820091363389 1.1718573017348444 -0.2908309313805625 
0.06601820091363389 1.1718573017348444 -0.2908309313805625 
0.06653059764582928 1.173452157372294 -0.29179865420397333 
0.06653059764582928 1.173452157372294 -0.29179865420397333 
0.06572249537065751 1.1772067622829487 -0.29396130348491467 
0.06572249537065751 1.1772067622829487 -0.29396130348491467 
0.06569957231225096 1.1772084347377836 -0.29396113051860406 
0.06816197317164897 1.1801769273155125 -0.29584717933889726 
0.06816197317164897 1.1801769273155125 -0.29584717933889726 
0.06867853910383123 1.1801385502072035 -0.29585107545541045 
0.06867853910383123 1.1801385502072035 -0.29585107545541045 
0.06876729028162828 1.1835400690522677 -0.2978399661970378 
0.06775672772491692 1.1836141859275369 -0.2978323419018104 
0.06775672772491692 1.1836141859275369 -0.2978323419018104 
0.06775672772491692 1.1836141859275369 -0.2978323419018104 
0.06775672772491692 1.1836141859275369 -0.2978323419018104 
0.07075536201494093 1.1866263258741672 -0.2997560532207385 
0.07075536201494093 1.1866263258741672 -0.2997560532207385 
0.07075536201494093 1.1866263258741672 -0.2997560532207385 
0.07076101876781977 1.1866259044982406 -0.2997560958832308 
0.07135791619587029 1.1884862868932513 -0.30087072791623815 
0.07135791619587029 1.1884862868932513 -0.30087072791623815 
0.07000932142239327 1.1906285100125313 -0.3020713344007331 
0.07000932142239327 1.1906285100125313 -0.3020713344007331 
0.07000932142239327 1.1906285100125313 -0.3020713344007331 
0.07000932142239327 1.1906285100125313 -0.3020713344007331 
0.07244256309007313 1.1934085364234392 -0.3038296284683366 
0.07244256309007313 1.1934085364234392 -0.3038296284683366 
0.07318365309123892 1.1941704063253298 -0.30431159486533 
0.07318365309123892 1.1941704063253298 -0.30431159486533 
0.07318365309123892 1.1941704063253298 -0.30431159486533 
0.07318365309123892 1.1941704063253298 -0.30431159486533 
0.07270382743036027 1.1974993574400956 -0.30623865787956583 
0.07318817338219331 1.1990058456395272 -0.3071587392447054 
0.07271084623534757 1.1990407552314297 -0.3071551377650932 
0.07271084623534757 1.1990407552314297 -0.3071551377650932 
0.07271084623534757 1.1990407552314297 -0.3071551377650932 
0.07271084623534757 1.1990407552314297 -0.3071551377650932 
0.0750374533797141 1.2014393507724104 -0.3086740993476529 
0.0750374533797141 1.2014393507724104 -0.3086740993476529 
0.0750374533797141 1.2014393507724104 -0.3086740993476529 
0.07583381834494721 1.2024206527154813 -0.309309190272792 
0.07583381834494721 1.2024206527154813 -0.309309190272792 
0.07583381834494721 1.2024206527154813 -0.309309190272792 
0.07683931847364633 1.205555449007143 -0.311182300187981 
0.07683931847364633 1.205555449007143 -0.311182300187981 
0.07522805082088321 1.2068783576310784 -0.31189556290122544 
0.07522805082088321 1.2068783576310784 -0.31189556290122544 
0.07522805082088321 1.2068783576310784 -0.31189556290122544 
0.07522805082088321 1.2068783576310784 -0.31189556290122544 
0.07742659089295326 1.2088052869360109 -0.31314419548468175 
0.07742659089295326 1.2088052869360109 -0.31314419548468175 
0.07620935432636072 1.2099340266675642 -0.3137422067072284 
0.07620935432636072 1.2099340266675642 -0.3137422067072284 
0.07680388881916214 1.211786721000193 -0.3148540567496041 
0.07680388881916214 1.211786721000193 -0.3148540567496041 
0.07680388881916214 1.211786721000193 -0.3148540567496041 
0.07971376620058476 1.214505466474697 -0.31659499524939716 
0.07971376620058476 1.214505466474697 -0.31659499524939716 
0.07971376620058476 1.214505466474697 -0.31659499524939716 
0.08010134648589107 1.2157106372434352 -0.3173329803336943 
0.07930618229834499 1.2168396150314158 -0.317956120895894 
0.08106996009422132 1.218726791363717 -0.3191557439437789 
0.08106996009422132 1.218726791363717 -0.3191557439437789 
0.08106996009422132 1.218726791363717 -0.3191557439437789 
0.08106996009422132 1.218726791363717 -0.3191557439437789 
0.0818704400283658 1.2212187057757597 -0.320665589624719 
0.0818704400283658 1.2212187057757597 -0.320665589624719 
0.0818704400283658 1.2212187057757597 -0.320665589624719 
0.0818704400283658 1.2212187057757597 -0.320665589624719 
0.08167203900584427 1.226944904280055 -0.3240185556899915 
0.08167203900584427 1.226944904280055 -0.3240185556899915 
0.08167203900584427 1.226944904280055 -0.3240185556899915 
0.08357112010099194 1.2277776721876816 -0.3246008323292997 
0.08357112010099194 1.2277776721876816 -0.3246008323292997 
0.08396690706100554 1.2277482495553298 -0.3246038174454733 
0.08396690706100554 1.2277482495553298 -0.3246038174454733 
0.08332255376769235 1.229253881035611 -0.325471646223917 
0.08332255376769235 1.229253881035611 -0.325471646223917 
0.08243510213662456 1.2293189263486488 -0.3254649506511623 
0.08243510213662456 1.2293189263486488 -0.3254649506511623 
0.08353694820615207 1.2327513320225696 -0.32753147350948664 
0.08353694820615207 1.2327513320225696 -0.32753147350948664 
0.08408941581279497 1.2337173795127931 -0.32813140837547716 
0.08584294351531552 1.2335879457035135 -0.32814463608155187 
0.08515957950989064 1.2354118965510443 -0.3291647082176632 
0.08515957950989064 1.2354118965510443 -0.3291647082176632 
0.08440826759855294 1.2354669239383025 -0.3291590396863854 
0.08440826759855294 1.2354669239383025 -0.3291590396863854 
0.08526381384505835 1.2381292882152504 -0.3307776559299971 
0.08526381384505835 1.2381292882152504 -0.3307776559299971 
0.08526381384505835 1.2381292882152504 -0.3307776559299971 
0.08526381384505835 1.2381292882152504 -0.3307776559299971 
0.08582602189074232 1.2398792506952256 -0.3318391150470308 
0.08582602189074232 1.2398792506952256 -0.3318391150470308 
0.08697472393069036 1.2425840858079735 -0.3334994597220281 
0.0886917117521166 1.2424573248185735 -0.33351241173224067 
0.08905332294997564 1.2435867780552865 -0.3341755741381699 
0.08905332294997564 1.2435867780552865 -0.3341755741381699 
0.08905332294997564 1.2435867780552865 -0.3341755741381699 
0.08905332294997564 1.2435867780552865 -0.3341755741381699 
0.0900860274732703 1.2468025040952484 -0.3361189457869288 
0.0900860274732703 1.2468025040952484 -0.3361189457869288 
0.08911829782135192 1.2501310286258818 -0.3380346100401461 
0.08911829782135192 1.2501310286258818 -0.3380346100401461 
0.08944093219825211 1.2511370564985025 -0.3386347909994323 
0.09104796757221101 1.2518927788754897 -0.3391511022265298 
0.09104796757221101 1.2518927788754897 -0.3391511022265298 
0.09132813051864588 1.2527644845553443 -0.33968180115302626 
0.09198468871104631 1.2527157426583968 -0.33968675322376396 
0.09198468871104631 1.2527157426583968 -0.33968675322376396 
0.09198468871104631 1.2527157426583968 -0.33968675322376396 
0.0914426368477424 1.2563463869764249 -0.3418073480971906 
0.0914426368477424 1.2563463869764249 -0.3418073480971906 
0.09172943146181148 1.2572401235404462 -0.34234356543210265 
0.09140863303263913 1.2572635658586941 -0.3423411449305095 
0.09162754762717229 1.257945241348913 -0.3427531044086748 
0.09162754762717229 1.257945241348913 -0.3427531044086748 
0.09254191019160463 1.26079246380421 -0.34447377691888614 
0.0925419101916046 1.2607924638042098 -0.3444737769188866 
0.0925419101916046 1.2607924638042098 -0.3444737769188866 
0.09527581444011066 1.2639284737693857 -0.3464567366578595 
0.09527581444011066 1.2639284737693857 -0.3464567366578595 
0.09417328262088398 1.2658730648542431 -0.34754025760278995 
0.09417328262088398 1.2658730648542431 -0.34754025760278995 
0.09417328262088398 1.2658730648542431 -0.34754025760278995 
0.09487920148952225 1.2680712170234023 -0.34886867505879116 
0.09487920148952225 1.2680712170234023 -0.34886867505879116 
0.09487920148952225 1.2680712170234023 -0.34886867505879116 
0.09729372321690552 1.2717427390183151 -0.3511618179254974 
0.09729372321690552 1.2717427390183151 -0.3511618179254974 
0.09807737737070085 1.2716846003084892 -0.351167728705688 
0.09807737737070085 1.2716846003084892 -0.351167728705688 
0.09785193293447768 1.2732579196271285 -0.3520694859232605 
0.09657498781062016 1.273351705399272 -0.3520598521907181 
0.09657498781062016 1.273351705399272 -0.3520598521907181 
0.09657498781062016 1.273351705399272 -0.3520598521907181 
0.09657498781062016 1.273351705399272 -0.3520598521907181 
0.0974604935228374 1.2761083805463065 -0.35372970170895435 
0.09780221340064027 1.2771710772976392 -0.35437972077707147 
0.09780221340064027 1.2771710772976392 -0.35437972077707147 
0.09891593004549687 1.2791843165317804 -0.3555949120280101 
0.1008363021078415 1.2802769630674322 -0.35635258757374566 
0.1008363021078415 1.2802769630674322 -0.35635258757374566 
0.10158199898150053 1.2826006902442095 -0.35774723447782597 
0.10158199898150053 1.2826006902442095 -0.35774723447782597 
0.10158199898150053 1.2826006902442095 -0.35774723447782597 
0.10158199898150053 1.2826006902442095 -0.35774723447782597 
0.10057098547186546 1.2857934132427422 -0.359586591250704 
0.10124549511147143 1.2878937605960836 -0.36085590195948514 
0.10158023901302815 1.2889347349399294 -0.3614927934444916 
0.10158023901302815 1.2889347349399294 -0.3614927934444916 
0.10158023901302815 1.2889347349399294 -0.3614927934444916 
0.10158023901302815 1.2889347349399294 -0.3614927934444916 
0.10158023901302815 1.2889347349399294 -0.3614927934444916 
0.1022654809428429 1.2910712626712135 -0.3627683779802061 
0.1022654809428429 1.2910712626712135 -0.3627683779802061 
0.1022654809428429 1.2910712626712135 -0.3627683779802061 
0.10332550846998315 1.294369998557531 -0.36477360867372677 
0.10332550846998315 1.294369998557531 -0.36477360867372677 
0.10403712339494989 1.2965865779146677 -0.3661092645018308 
0.10403712339494989 1.2965865779146677 -0.3661092645018308 
0.10403712339494989 1.2965865779146677 -0.3661092645018308 
0.10403712339494989 1.2965865779146677 -0.3661092645018307 
0.10589682346599025 1.2983355886624957 -0.36722821441197484 
0.10589682346599025 1.2983355886624957 -0.36722821441197484 
0.10695511446928785 1.299329568064122 -0.36787061683939815 
0.10695511446928785 1.299329568064122 -0.36787061683939815 
0.10695511446928785 1.299329568064122 -0.36787061683939815 
0.10695511446928777 1.299329568064122 -0.36787061683939815 
0.10704546769214743 1.3036895159530977 -0.37044250257212674 
0.10704546769214743 1.3036895159530977 -0.37044250257212674 
0.10661048597614056 1.3045990500131572 -0.3709553692918671 
0.10661048597614056 1.3045990500131572 -0.3709553692918671 
0.10661048597614056 1.3045990500131572 -0.3709553692918671 
0.10754704146319294 1.307516069047497 -0.3727143244288762 
0.10813970126619804 1.3093615451913234 -0.3738296078739848 
0.10813970126619804 1.3093615451913234 -0.3738296078739848 
0.10813970126619804 1.3093615451913234 -0.3738296078739848 
0.11053610636311142 1.3104803751169685 -0.37460942543751674 
0.11053610636311142 1.3104803751169685 -0.37460942543751674 
0.11081339101733786 1.3113438084253006 -0.37513122729226256 
0.11081339101733786 1.3113438084253006 -0.37513122729226256 
0.11081339101733786 1.3113438084253006 -0.37513122729226256 
0.11081339101733786 1.3113438084253006 -0.37513122729226256 
0.11162686889944826 1.313876887296776 -0.3766620522449242 
0.11162686889944826 1.313876887296776 -0.3766620522449242 
0.11161934320819156 1.3158525095279607 -0.37781923563522124 
0.11161934320819156 1.3158525095279607 -0.37781923563522124 
0.11060643644938942 1.3170433721486463 -0.37846809706154305 
0.11060643644938942 1.3170433721486463 -0.37846809706154305 
0.1116242430073312 1.32021201728817 -0.38038691393383695 
0.1116242430073312 1.32021201728817 -0.38038691393383695 
0.11386158757754619 1.3219081004592481 -0.38149792978155384 
0.11386158757754619 1.3219081004592481 -0.38149792978155384 
0.11386158757754619 1.3219081004592481 -0.38149792978155384 
0.11419799461765753 1.321883084362403 -0.38150046702229257 
0.11419799461765753 1.321883084362403 -0.38150046702229257 
0.11380946299833364 1.3249096222974488 -0.38326006985667693 
0.1153635717780335 1.3265283394285592 -0.384291029169191 
0.11568217170304457 1.3265046453159344 -0.38429343210031686 
0.11634303796962447 1.3285625087361441 -0.3855370683361641 
0.11634303796962447 1.3285625087361441 -0.3855370683361641 
0.11680465204787976 1.3299999231934012 -0.38640574634823244 
0.11680465204787976 1.3299999231934012 -0.38640574634823244 
0.11680465204787976 1.3299999231934012 -0.38640574634823244 
0.11769279075477843 1.332767888567742 -0.38806496357168796 
0.11769279075477843 1.332767888567742 -0.38806496357168796 
0.11769279075477843 1.332767888567742 -0.38806496357168796 
0.11769279075477843 1.332767888567742 -0.38806496357168796 
0.118570870236683 1.3355004188120145 -0.38972598347466403 
0.118570870236683 1.3355004188120145 -0.38972598347466403 
0.118570870236683 1.3355004188120145 -0.38972598347466403 
0.11912673680097838 1.3372306346303133 -0.39077550901838265 
0.11912673680097838 1.3372306346303133 -0.39077550901838265 
0.11912673680097838 1.3372306346303133 -0.39077550901838265 
0.11813866758447841 1.3404972046535417 -0.3926459364767225 
0.11813866758447841 1.3404972046535417 -0.3926459364767225 
0.11813866758447841 1.3404972046535417 -0.3926459364767225 
0.1208723252389545 1.3426668915190323 -0.394056924514838 
0.1208723252389545 1.3426668915190323 -0.394056924514838 
0.1211686735336778 1.3435883062502985 -0.39462156209558175 
0.12220064077085865 1.346799350401001 -0.39657557714703917 
0.12220064077085865 1.346799350401001 -0.39657557714703917 
0.12220064077085865 1.346799350401001 -0.39657557714703917 
0.12220064077085865 1.346799350401001 -0.39657557714703917 
0.12110383745049072 1.349412219350147 -0.39803096466873766 
0.12110383745049072 1.349412219350147 -0.39803096466873766 
0.12110383745049072 1.349412219350147 -0.39803096466873766 
0.12132055091118851 1.350086350448982 -0.3984422626156432 
0.12122027335786786 1.3500936696544734 -0.3984415059768902 
0.12261828629921268 1.351888933624835 -0.39957580748084154 
0.12380611263244504 1.351800995744154 -0.3995847672082322 
0.12380611263244504 1.351800995744154 -0.3995847672082322 
0.12479882958233743 1.3548928952737593 -0.4014494085237892 
0.12479882958233743 1.3548928952737593 -0.4014494085237892 
0.1256769902107539 1.3576287695763962 -0.40309499399422566 
0.1256769902107539 1.3576287695763962 -0.40309499399422566 
0.1256769902107539 1.3576287695763962 -0.40309499399422566 
0.1256769902107538 1.3576287695763962 -0.40309499399422566 
0.1263822999121255 1.359823644251948 -0.4044292263479077 
0.1263822999121255 1.359823644251948 -0.4044292263479077 
0.1263822999121255 1.359823644251948 -0.4044292263479077 
0.1263822999121255 1.359823644251948 -0.4044292263479077 
0.12623278294440052 1.3623044194978853 -0.4058878386200485 
0.12516742237811349 1.362382578002022 -0.4058798009493634 
0.12516742237811349 1.362382578002022 -0.4058798009493634 
0.12516742237811349 1.362382578002022 -0.4058798009493634 
0.12834968880008357 1.366155165888589 -0.4082521949887088 
0.12834968880008357 1.366155165888589 -0.4082521949887088 
0.12834968880008357 1.366155165888589 -0.4082521949887088 
0.1284140772640891 1.366150371007506 -0.4082526806015996 
0.12766688541185992 1.368408060573165 -0.4095380879893966 
0.12930162298466213 1.3692112808204817 -0.4100898214886666 
0.12930162298466213 1.3692112808204817 -0.4100898214886666 
0.1304191914346552 1.3723947619147219 -0.4120224787278024 
0.1304191914346552 1.3723947619147219 -0.4120224787278024 
0.1304191914346552 1.3723947619147219 -0.4120224787278024 
0.13013734968723498 1.3745761650882862 -0.4133022145872173 
0.12964846670652547 1.3763374279861702 -0.4143053916181998 
0.12964846670652547 1.3763374279861702 -0.4143053916181998 
0.12964846670652547 1.3763374279861702 -0.4143053916181998 
0.13151126507221916 1.379053704122989 -0.415989338618576 
0.13253311973966805 1.3789779878301736 -0.41599704627168266 
0.13279300764544294 1.3797851786927304 -0.4164965523168307 
0.13279300764544294 1.3797851786927304 -0.4164965523168307 
0.13279300764544294 1.3797851786927304 -0.4164965523168307 
0.13390408148023325 1.3832442476699276 -0.41859088210448037 
0.1342317918159923 1.3842660815090297 -0.4192006151421337 
0.1342317918159923 1.3842660815090297 -0.4192006151421337 
0.1342317918159923 1.3842660815090297 -0.4192006151421337 
0.1338572447124942 1.386236825702619 -0.4203401078522735 
0.13285127192787574 1.3863106041647382 -0.42033251818080397 
0.13285127192787574 1.3863106041647382 -0.42033251818080397 
0.13285127192787574 1.3863106041647382 -0.42033251818080397 
0.1339883989351624 1.3898494341901377 -0.42248276112144056 
0.1339883989351624 1.3898494341901377 -0.42248276112144056 
0.13425097693274504 1.3906538541781563 -0.4229536514366905 
0.13623595597786498 1.3905075141957428 -0.4229686255159646 
0.13623595597786498 1.3905075141957428 -0.4229686255159646 
0.13623595597786498 1.3905075141957428 -0.4229686255159646 
0.13490619567833792 1.3927100965162666 -0.4241960493383081 
0.13490619567833792 1.3927100965162666 -0.4241960493383081 
0.13490619567833792 1.3927100965162666 -0.4241960493383081 
0.13490619567833792 1.3927100965162666 -0.4241960493383081 
0.13736317665526143 1.3955298468162958 -0.4259789113044987 
0.13783751807905065 1.3954945989205858 -0.4259824889308763 
0.13783751807905065 1.3954945989205858 -0.4259824889308763 
0.13888037105287832 1.3987419260970855 -0.42794495821172673 
0.13888037105287832 1.3987419260970855 -0.42794495821172673 
0.13888037105287832 1.3987419260970855 -0.42794495821172673 
0.13952317434283634 1.4007421628192704 -0.4291615642889022 
0.13952317434283634 1.4007421628192704 -0.4291615642889022 
0.13952317434283634 1.4007421628192704 -0.4291615642889022 
0.14026079609393752 1.4030404148231612 -0.4305426798518659 
0.1405917042315742 1.4040708256435177 -0.4311653918459757 
0.1405917042315742 1.4040708256435177 -0.4311653918459757 
0.1405917042315742 1.4040708256435177 -0.4311653918459757 
0.1395014848102225 1.4070193113877296 -0.43284359025181685 
0.1395014848102225 1.4070193113877296 -0.43284359025181685 
0.14240391809675948 1.4097145466387326 -0.43457218489564586 
0.14240391809675948 1.4097145466387326 -0.43457218489564586 
0.14240391809675948 1.4097145466387326 -0.43457218489564586 
0.14176134799867676 1.4126590380145518 -0.43628620800683304 
0.14176134799867676 1.4126590380145518 -0.43628620800683304 
0.14372121263310272 1.4138164540549063 -0.437051105823413 
0.14372121263310272 1.4138164540549063 -0.437051105823413 
0.14420551267684534 1.4157266969597053 -0.43821056285714843 
0.1423423169735155 1.4158639634534442 -0.438196507247788 
0.14395718879657357 1.4172989463555101 -0.43911445270517824 
0.1448192775897243 1.417235014844782 -0.4391209551479245 
0.1448192775897243 1.417235014844782 -0.4391209551479245 
0.1446819466150831 1.4202023526441885 -0.440866281671905 
0.14375732371789393 1.4202701357243885 -0.44085930568412635 
0.14528905597809486 1.4213977442206807 -0.441592287838836 
0.14528905597809486 1.4213977442206807 -0.441592287838836 
0.14613593416402543 1.4213349357187204 -0.4415986755412522 
0.14613593416402543 1.4213349357187204 -0.4415986755412522 
0.14692466327951328 1.4237909497071732 -0.44308292758722945 
0.14692466327951328 1.4237909497071732 -0.44308292758722945 
0.1483692189605155 1.4282870631294462 -0.4458117738895806 
0.1483692189605155 1.4282870631294462 -0.4458117738895806 
0.1483692189605155 1.4282870631294462 -0.4458117738895806 
0.14703053947519173 1.4304639430285357 -0.44701197147588734 
0.14703053947519173 1.4304639430285357 -0.44701197147588734 
0.14703053947519173 1.4304639430285357 -0.44701197147588734 
0.14703053947519173 1.4304639430285357 -0.44701197147588734 
0.14703053947519173 1.4304639430285357 -0.44701197147588734 
0.14920668135927528 1.432159233510731 -0.448127162466598 
0.14920668135927528 1.432159233510731 -0.448127162466598 
0.1496030508905792 1.4321297676597768 -0.44813015197687145 
0.1496030508905792 1.4321297676597768 -0.44813015197687145 
0.14871270028783645 1.4357013127920126 -0.4501809883755845 
0.1502828894213121 1.4367173103744357 -0.45086585356744835 
0.14938657543258518 1.4377996843995444 -0.45144910507457015 
0.14938657543258518 1.4377996843995444 -0.45144910507457015 
0.15172460700262033 1.438736745710652 -0.4521190737368781 
0.15172460700262033 1.438736745710652 -0.4521190737368781 
0.15259234738747932 1.4414374113136141 -0.4537589725983142 
0.15259234738747932 1.4414374113136141 -0.4537589725983142 
0.15293364218664068 1.4433109682537504 -0.4548701019062886 
0.15287962501720223 1.4446780550944327 -0.45566719092026964 
0.15361486720244735 1.4446234942369462 -0.4556727365160893 
0.15361486720244735 1.4446234942369462 -0.4556727365160893 
0.15319974223058977 1.4469339782765525 -0.45700993204023255 
0.15233999244167545 1.4469969839682648 -0.4570034454481011 
0.15233999244167545 1.4469969839682648 -0.4570034454481011 
0.15233999244167545 1.4469969839682648 -0.4570034454481011 
0.1537666847823549 1.4494097007180202 -0.45849839694723005 
0.1551199935483305 1.4493095985301028 -0.45850860510879543 
0.15547436013111712 1.4504137466246971 -0.45917198122464953 
0.15547436013111712 1.4504137466246971 -0.45917198122464953 
0.15616093210738297 1.4525516547412831 -0.46046399116884107 
0.15616093210738297 1.4525516547412831 -0.46046399116884107 
0.15616093210738297 1.4525516547412831 -0.46046399116884107 
0.1569334694688603 1.4549572494240874 -0.4619177731287696 
0.1569334694688603 1.4549572494240874 -0.4619177731287696 
0.1569334694688603 1.4549572494240874 -0.4619177731287696 
0.15773361949178097 1.4574488268371242 -0.46342351735107323 
0.15773361949178089 1.4574488268371242 -0.46342351735107323 
0.15821399956126983 1.4589426055633619 -0.46433795158726743 
0.15821399956126983 1.4589426055633619 -0.46433795158726743 
0.1588126421396637 1.4608087823212303 -0.4654540517149346 
0.1588126421396637 1.4608087823212303 -0.4654540517149346 
0.1588126421396637 1.4608087823212303 -0.4654540517149346 
0.1588126421396637 1.4608087823212303 -0.4654540517149346 
0.15957535349881422 1.46318377993504 -0.46688934283463546 
0.15957535349881422 1.46318377993504 -0.46688934283463546 
0.15863088032359327 1.4645579957259478 -0.46764522088936666 
0.15863088032359327 1.4645579957259478 -0.46764522088936666 
0.15799431190401028 1.4646045907975616 -0.4676404180124487 
0.15799431190401028 1.4646045907975616 -0.4676404180124487 
0.1592218276802758 1.468426246918418 -0.46995387143390155 
0.1592218276802758 1.468426246918418 -0.46995387143390155 
0.1592218276802758 1.468426246918418 -0.46995387143390155 
