0.04922221610819206 1.1895588902416672 -0.2592116807636724 
0.04738864007444568 1.1896951138223038 -0.2592080327393065 
0.04738864007444568 1.1896951138223038 -0.2592080327393065 
0.049225706534179556 1.189569759036647 -0.2592182491428682 
0.049225706534179556 1.189569759036647 -0.2592182491428682 
0.04757029527037063 1.1902960220903667 -0.25956486452063543 
0.049577777022053654 1.1906629756644864 -0.2598963721633746 
0.05072289958152976 1.1942311599281048 -0.26203918863717024 
0.05072289958152976 1.1942311599281048 -0.26203918863717024 
0.04911033826155834 1.1955514208325464 -0.26274305564671663 
0.051430271030576256 1.1964328148150896 -0.26337548486703966 
0.051430271030576256 1.1964328148150896 -0.26337548486703966 
0.051430271030576256 1.1964328148150896 -0.26337548486703966 
0.05222504927421675 1.198906284494964 -0.2648780815733305 
0.05222504927421675 1.198906284494964 -0.2648780815733305 
0.052021314240698766 1.2006701766522039 -0.26590678595364226 
0.05079038014147957 1.20076046268968 -0.2659009233314418 
0.05079038014147957 1.20076046268968 -0.2659009233314418 
0.0515926314492497 1.2032810033630972 -0.2674143029358038 
0.0515926314492497 1.2032810033630972 -0.2674143029358038 
0.0515926314492497 1.2032810033630972 -0.2674143029358038 
0.052447347596506044 1.2059424935662575 -0.26902273118497555 
0.052447347596506044 1.2059424935662575 -0.26902273118497555 
0.052447347596506044 1.2059424935662575 -0.26902273118497555 
0.05244734759650609 1.2059424935662575 -0.2690227311849751 
0.05304646749014985 1.2078097964698165 -0.27014154551459046 
0.05304646749014985 1.2078097964698165 -0.27014154551459046 
0.055571739426992374 1.2099632429348335 -0.27154970312326066 
0.055571739426992374 1.2099632429348335 -0.27154970312326066 
0.05577113723321409 1.2099484046101765 -0.27155120699117685 
0.05653667675803959 1.2123335894297163 -0.27298485898516067 
0.05653667675803959 1.2123335894297163 -0.27298485898516067 
0.05517403354456758 1.213845978083978 -0.27380470656091715 
0.05517403354456758 1.213845978083978 -0.27380470656091715 
0.055601916377910086 1.2157661571893832 -0.2749556044714495 
0.055601916377910086 1.2157661571893832 -0.2749556044714495 
0.055601916377910086 1.2157661571893832 -0.2749556044714495 
0.055601916377910086 1.2157661571893832 -0.2749556044714495 
0.055601916377910086 1.2157661571893832 -0.2749556044714495 
0.05648201361965565 1.2185066812736107 -0.27661179555919924 
0.05648201361965565 1.2185066812736107 -0.27661179555919924 
0.05648201361965565 1.2185066812736107 -0.27661179555919924 
0.05648201361965565 1.2185066812736107 -0.27661179555919924 
0.05732278224365076 1.2211240501463887 -0.27819745759985837 
0.05732278224365076 1.2211240501463887 -0.27819745759985837 
0.05768922556048529 1.222265113528541 -0.27888704066718295 
0.05768922556048529 1.222265113528541 -0.27888704066718295 
0.05768922556048529 1.222265113528541 -0.27888704066718295 
0.05768922556048529 1.222265113528541 -0.27888704066718295 
0.05768922556048529 1.222265113528541 -0.27888704066718295 
0.05859406983526088 1.225082697097579 -0.28058980139929524 
0.05859406983526088 1.225082697097579 -0.28058980139929524 
0.06111419830032514 1.2265874780202806 -0.2815989643620622 
0.06174526690260695 1.2285511742414017 -0.2827934877826568 
0.06174526690260695 1.2285511742414017 -0.2827934877826568 
0.06174526690260695 1.2285511742414017 -0.2827934877826568 
0.06152023332513505 1.2308369014647846 -0.28412968367776614 
0.06046723666532477 1.2309141478653025 -0.2841217392752319 
0.06174520120165423 1.2320601959050517 -0.28483912831237257 
0.06284500824899486 1.2319787368057233 -0.28484742402440366 
0.06382685210087422 1.2350329970430605 -0.2867106718053277 
0.06382685210087422 1.2350329970430605 -0.2867106718053277 
0.0643823996841483 1.2367622195902415 -0.28775959708182597 
0.0643823996841483 1.2367622195902415 -0.28775959708182597 
0.0643823996841483 1.2367622195902415 -0.28775959708182597 
0.06509462550997422 1.2389820818391977 -0.2890894412745715 
0.06509462550997422 1.2389820818391977 -0.2890894412745715 
0.06509462550997422 1.2389820818391977 -0.2890894412745715 
0.06509462550997422 1.2389820818391977 -0.2890894412745715 
0.06601820091363378 1.2418573017348442 -0.2908309313805626 
0.06601820091363378 1.2418573017348442 -0.2908309313805626 
0.0665305976458293 1.243452157372294 -0.29179865420397344 
0.0665305976458293 1.243452157372294 -0.29179865420397344 
0.06572249537065741 1.2472067622829486 -0.2939613034849148 
0.06572249537065741 1.2472067622829486 -0.2939613034849148 
0.06569957231225088 1.2472084347377834 -0.2939611305186042 
0.06816197317164896 1.2501769273155123 -0.29584717933889726 
0.06816197317164896 1.2501769273155123 -0.29584717933889726 
0.0686785391038312 1.2501385502072033 -0.29585107545541045 
0.0686785391038312 1.2501385502072033 -0.29585107545541045 
0.0687672902816282 1.2535400690522676 -0.29783996619703745 
0.06775672772491684 1.2536141859275367 -0.29783234190181007 
0.06775672772491684 1.2536141859275367 -0.29783234190181007 
0.06775672772491684 1.2536141859275367 -0.29783234190181007 
0.06775672772491684 1.2536141859275367 -0.29783234190181007 
0.07075536201494087 1.256626325874167 -0.2997560532207383 
0.07075536201494087 1.256626325874167 -0.2997560532207383 
0.07075536201494087 1.256626325874167 -0.2997560532207383 
0.0707610187678197 1.2566259044982404 -0.2997560958832306 
0.07135791619587023 1.2584862868932511 -0.30087072791623815 
0.07135791619587023 1.2584862868932511 -0.30087072791623815 
0.07000932142239327 1.2606285100125314 -0.3020713344007333 
0.07000932142239327 1.2606285100125314 -0.3020713344007333 
0.07000932142239327 1.2606285100125314 -0.3020713344007333 
0.07000932142239327 1.2606285100125314 -0.3020713344007333 
0.07244256309007309 1.263408536423439 -0.30382962846833694 
0.07244256309007309 1.263408536423439 -0.30382962846833694 
0.07318365309123895 1.2641704063253298 -0.3043115948653299 
0.07318365309123895 1.2641704063253298 -0.3043115948653299 
0.07318365309123895 1.2641704063253298 -0.3043115948653299 
0.07318365309123895 1.2641704063253298 -0.3043115948653299 
0.07270382743036019 1.2674993574400957 -0.3062386578795656 
0.0731881733821932 1.269005845639527 -0.3071587392447056 
0.07271084623534746 1.2690407552314296 -0.3071551377650934 
0.07271084623534746 1.2690407552314296 -0.3071551377650934 
0.07271084623534746 1.2690407552314296 -0.3071551377650934 
0.07271084623534746 1.2690407552314296 -0.3071551377650934 
0.07503745337971415 1.2714393507724102 -0.308674099347653 
0.07503745337971415 1.2714393507724102 -0.308674099347653 
0.07503745337971415 1.2714393507724102 -0.308674099347653 
0.07583381834494712 1.272420652715481 -0.30930919027279224 
0.07583381834494712 1.272420652715481 -0.30930919027279224 
0.07583381834494712 1.272420652715481 -0.30930919027279224 
0.07683931847364617 1.275555449007143 -0.3111823001879811 
0.07683931847364617 1.275555449007143 -0.3111823001879811 
0.07522805082088313 1.2768783576310785 -0.31189556290122544 
0.07522805082088313 1.2768783576310785 -0.31189556290122544 
0.07522805082088313 1.2768783576310785 -0.31189556290122544 
0.07522805082088313 1.2768783576310785 -0.31189556290122544 
0.07742659089295328 1.278805286936011 -0.313144195484682 
0.07742659089295328 1.278805286936011 -0.313144195484682 
0.07620935432636072 1.279934026667564 -0.31374220670722863 
0.07620935432636072 1.279934026667564 -0.31374220670722863 
0.07680388881916209 1.281786721000193 -0.3148540567496043 
0.07680388881916209 1.281786721000193 -0.3148540567496043 
0.07680388881916209 1.281786721000193 -0.3148540567496043 
0.07971376620058462 1.2845054664746969 -0.31659499524939716 
0.07971376620058462 1.2845054664746969 -0.31659499524939716 
0.07971376620058462 1.2845054664746969 -0.31659499524939716 
0.08010134648589098 1.2857106372434355 -0.3173329803336944 
0.07930618229834495 1.2868396150314159 -0.3179561208958942 
0.08106996009422116 1.288726791363717 -0.3191557439437791 
0.08106996009422116 1.288726791363717 -0.3191557439437791 
0.08106996009422116 1.288726791363717 -0.3191557439437791 
0.08106996009422116 1.288726791363717 -0.3191557439437791 
0.08187044002836574 1.29121870577576 -0.3206655896247189 
0.08187044002836574 1.29121870577576 -0.3206655896247189 
0.08187044002836574 1.29121870577576 -0.3206655896247189 
0.08187044002836574 1.29121870577576 -0.3206655896247189 
0.08167203900584422 1.296944904280055 -0.3240185556899915 
0.08167203900584422 1.296944904280055 -0.3240185556899915 
0.08167203900584422 1.296944904280055 -0.3240185556899915 
0.08357112010099191 1.2977776721876815 -0.3246008323292998 
0.08357112010099191 1.2977776721876815 -0.3246008323292998 
0.08396690706100551 1.2977482495553296 -0.3246038174454734 
0.08396690706100551 1.2977482495553296 -0.3246038174454734 
0.0833225537676924 1.2992538810356113 -0.3254716462239169 
0.0833225537676924 1.2992538810356113 -0.3254716462239169 
0.08243510213662461 1.299318926348649 -0.3254649506511622 
0.08243510213662461 1.299318926348649 -0.3254649506511622 
0.08353694820615204 1.3027513320225697 -0.32753147350948664 
0.08353694820615204 1.3027513320225697 -0.32753147350948664 
0.08408941581279503 1.303717379512793 -0.3281314083754774 
0.08584294351531557 1.3035879457035133 -0.3281446360815521 
0.08515957950989057 1.3054118965510442 -0.32916470821766286 
0.08515957950989057 1.3054118965510442 -0.32916470821766286 
0.08440826759855286 1.3054669239383023 -0.32915903968638505 
0.08440826759855286 1.3054669239383023 -0.32915903968638505 
0.08526381384505824 1.3081292882152502 -0.3307776559299971 
0.08526381384505824 1.3081292882152502 -0.3307776559299971 
0.08526381384505824 1.3081292882152502 -0.3307776559299971 
0.08526381384505824 1.3081292882152502 -0.3307776559299971 
0.08582602189074215 1.3098792506952253 -0.331839115047031 
0.08582602189074215 1.3098792506952253 -0.331839115047031 
0.08697472393069028 1.3125840858079736 -0.333499459722028 
0.08869171175211654 1.3124573248185736 -0.33351241173224055 
0.08905332294997553 1.3135867780552863 -0.3341755741381697 
0.08905332294997553 1.3135867780552863 -0.3341755741381697 
0.08905332294997553 1.3135867780552863 -0.3341755741381697 
0.08905332294997553 1.3135867780552863 -0.3341755741381697 
0.09008602747327024 1.3168025040952482 -0.3361189457869289 
0.09008602747327024 1.3168025040952482 -0.3361189457869289 
0.08911829782135189 1.3201310286258816 -0.33803461004014634 
0.08911829782135189 1.3201310286258816 -0.33803461004014634 
0.08944093219825205 1.3211370564985025 -0.3386347909994324 
0.09104796757221095 1.3218927788754895 -0.33915110222652944 
0.09104796757221095 1.3218927788754895 -0.33915110222652944 
0.09132813051864577 1.3227644845553443 -0.3396818011530264 
0.09198468871104623 1.3227157426583969 -0.33968675322376407 
0.09198468871104623 1.3227157426583969 -0.33968675322376407 
0.09198468871104623 1.3227157426583969 -0.33968675322376407 
0.09144263684774234 1.3263463869764252 -0.34180734809719104 
0.09144263684774234 1.3263463869764252 -0.34180734809719104 
0.09172943146181148 1.327240123540446 -0.3423435654321024 
0.09140863303263913 1.3272635658586942 -0.34234114493050927 
0.0916275476271722 1.327945241348913 -0.3427531044086747 
0.0916275476271722 1.327945241348913 -0.3427531044086747 
0.0925419101916046 1.3307924638042103 -0.34447377691888614 
0.0925419101916046 1.3307924638042101 -0.3444737769188866 
0.0925419101916046 1.3307924638042101 -0.3444737769188866 
0.09527581444011053 1.3339284737693855 -0.34645673665785925 
0.09527581444011053 1.3339284737693855 -0.34645673665785925 
0.09417328262088392 1.3358730648542434 -0.34754025760278984 
0.09417328262088392 1.3358730648542434 -0.34754025760278984 
0.09417328262088392 1.3358730648542434 -0.34754025760278984 
0.09487920148952225 1.3380712170234024 -0.34886867505879093 
0.09487920148952225 1.3380712170234024 -0.34886867505879093 
0.09487920148952225 1.3380712170234024 -0.34886867505879093 
0.09729372321690546 1.341742739018315 -0.3511618179254975 
0.09729372321690546 1.341742739018315 -0.3511618179254975 
0.0980773773707008 1.341684600308489 -0.35116772870568813 
0.0980773773707008 1.341684600308489 -0.35116772870568813 
0.09785193293447768 1.3432579196271286 -0.3520694859232608 
0.09657498781062016 1.343351705399272 -0.35205985219071845 
0.09657498781062016 1.343351705399272 -0.35205985219071845 
0.09657498781062016 1.343351705399272 -0.35205985219071845 
0.09657498781062016 1.343351705399272 -0.35205985219071845 
0.0974604935228374 1.3461083805463065 -0.35372970170895435 
0.09780221340064024 1.3471710772976395 -0.3543797207770718 
0.09780221340064024 1.3471710772976395 -0.3543797207770718 
0.09891593004549677 1.3491843165317803 -0.3555949120280102 
0.10083630210784145 1.350276963067432 -0.35635258757374555 
0.10083630210784145 1.350276963067432 -0.35635258757374555 
0.10158199898150055 1.3526006902442096 -0.3577472344778255 
0.10158199898150055 1.3526006902442096 -0.3577472344778255 
0.10158199898150055 1.3526006902442096 -0.3577472344778255 
0.10158199898150055 1.3526006902442096 -0.3577472344778255 
0.10057098547186558 1.355793413242742 -0.359586591250704 
0.1012454951114714 1.3578937605960837 -0.36085590195948547 
0.10158023901302804 1.3589347349399292 -0.36149279344449137 
0.10158023901302804 1.3589347349399292 -0.36149279344449137 
0.10158023901302804 1.3589347349399292 -0.36149279344449137 
0.10158023901302804 1.3589347349399292 -0.36149279344449137 
0.10158023901302804 1.3589347349399292 -0.36149279344449137 
0.10226548094284282 1.3610712626712136 -0.3627683779802061 
0.10226548094284282 1.3610712626712136 -0.3627683779802061 
0.10226548094284282 1.3610712626712136 -0.3627683779802061 
0.10332550846998312 1.3643699985575308 -0.364773608673727 
0.10332550846998312 1.3643699985575308 -0.364773608673727 
0.10403712339494989 1.3665865779146675 -0.3661092645018311 
0.10403712339494989 1.3665865779146675 -0.3661092645018311 
0.10403712339494989 1.3665865779146675 -0.3661092645018311 
0.10403712339494989 1.3665865779146675 -0.366109264501831 
0.10589682346599008 1.3683355886624957 -0.36722821441197484 
0.10589682346599008 1.3683355886624957 -0.36722821441197484 
0.10695511446928774 1.369329568064122 -0.36787061683939826 
0.10695511446928774 1.369329568064122 -0.36787061683939826 
0.10695511446928774 1.369329568064122 -0.36787061683939826 
0.10695511446928765 1.369329568064122 -0.36787061683939826 
0.10704546769214736 1.3736895159530975 -0.3704425025721273 
0.10704546769214736 1.3736895159530975 -0.3704425025721273 
0.10661048597614048 1.3745990500131573 -0.370955369291867 
0.10661048597614048 1.3745990500131573 -0.370955369291867 
0.10661048597614048 1.3745990500131573 -0.370955369291867 
0.1075470414631928 1.3775160690474966 -0.37271432442887587 
0.1081397012661979 1.379361545191323 -0.37382960787398467 
0.1081397012661979 1.379361545191323 -0.37382960787398467 
0.1081397012661979 1.379361545191323 -0.37382960787398467 
0.11053610636311151 1.3804803751169687 -0.37460942543751696 
0.11053610636311151 1.3804803751169687 -0.37460942543751696 
0.11081339101733792 1.3813438084253007 -0.3751312272922629 
0.11081339101733792 1.3813438084253007 -0.3751312272922629 
0.11081339101733792 1.3813438084253007 -0.3751312272922629 
0.11081339101733792 1.3813438084253007 -0.3751312272922629 
0.11162686889944812 1.3838768872967764 -0.3766620522449241 
0.11162686889944812 1.3838768872967764 -0.3766620522449241 
0.11161934320819145 1.3858525095279608 -0.37781923563522124 
0.11161934320819145 1.3858525095279608 -0.37781923563522124 
0.11060643644938925 1.3870433721486461 -0.37846809706154305 
0.11060643644938925 1.3870433721486461 -0.37846809706154305 
0.11162424300733118 1.39021201728817 -0.38038691393383695 
0.11162424300733118 1.39021201728817 -0.38038691393383695 
0.11386158757754619 1.3919081004592484 -0.38149792978155384 
0.11386158757754619 1.3919081004592484 -0.38149792978155384 
0.11386158757754619 1.3919081004592484 -0.38149792978155384 
0.11419799461765753 1.3918830843624033 -0.38150046702229257 
0.11419799461765753 1.3918830843624033 -0.38150046702229257 
0.11380946299833353 1.3949096222974486 -0.38326006985667715 
0.11536357177803344 1.396528339428559 -0.3842910291691908 
0.11568217170304451 1.3965046453159342 -0.38429343210031663 
0.11634303796962442 1.3985625087361444 -0.3855370683361645 
0.11634303796962442 1.3985625087361444 -0.3855370683361645 
0.11680465204787968 1.3999999231934013 -0.38640574634823244 
0.11680465204787968 1.3999999231934013 -0.38640574634823244 
0.11680465204787968 1.3999999231934013 -0.38640574634823244 
0.11769279075477834 1.402767888567742 -0.3880649635716882 
0.11769279075477834 1.402767888567742 -0.3880649635716882 
0.11769279075477834 1.402767888567742 -0.3880649635716882 
0.11769279075477834 1.402767888567742 -0.3880649635716882 
0.11857087023668292 1.4055004188120148 -0.38972598347466425 
0.11857087023668292 1.4055004188120148 -0.38972598347466425 
0.11857087023668292 1.4055004188120148 -0.38972598347466425 
0.11912673680097832 1.4072306346303134 -0.3907755090183824 
0.11912673680097832 1.4072306346303134 -0.3907755090183824 
0.11912673680097832 1.4072306346303134 -0.3907755090183824 
0.11813866758447827 1.410497204653542 -0.3926459364767223 
0.11813866758447827 1.410497204653542 -0.3926459364767223 
0.11813866758447827 1.410497204653542 -0.3926459364767223 
0.12087232523895447 1.4126668915190324 -0.394056924514838 
0.12087232523895447 1.4126668915190324 -0.394056924514838 
0.12116867353367775 1.4135883062502983 -0.3946215620955815 
0.12220064077085857 1.4167993504010008 -0.3965755771470394 
0.12220064077085857 1.4167993504010008 -0.3965755771470394 
0.12220064077085857 1.4167993504010008 -0.3965755771470394 
0.12220064077085857 1.4167993504010008 -0.3965755771470394 
0.12110383745049061 1.419412219350147 -0.39803096466873744 
0.12110383745049061 1.419412219350147 -0.39803096466873744 
0.12110383745049061 1.419412219350147 -0.39803096466873744 
0.1213205509111884 1.4200863504489816 -0.3984422626156434 
0.12122027335786775 1.420093669654473 -0.39844150597689043 
0.1226182862992127 1.421888933624835 -0.39957580748084176 
0.12380611263244506 1.421800995744154 -0.39958476720823244 
0.12380611263244506 1.421800995744154 -0.39958476720823244 
0.12479882958233746 1.4248928952737592 -0.40144940852378896 
0.12479882958233746 1.4248928952737592 -0.40144940852378896 
0.12567699021075365 1.427628769576396 -0.4030949939942261 
0.12567699021075365 1.427628769576396 -0.4030949939942261 
0.12567699021075365 1.427628769576396 -0.4030949939942261 
0.12567699021075357 1.427628769576396 -0.4030949939942261 
0.12638229991212535 1.4298236442519483 -0.4044292263479081 
0.12638229991212535 1.4298236442519483 -0.4044292263479081 
0.12638229991212535 1.4298236442519483 -0.4044292263479081 
0.12638229991212535 1.4298236442519483 -0.4044292263479081 
0.12623278294440052 1.4323044194978851 -0.40588783862004874 
0.12516742237811349 1.4323825780020216 -0.4058798009493636 
0.12516742237811349 1.4323825780020216 -0.4058798009493636 
0.12516742237811349 1.4323825780020216 -0.4058798009493636 
0.12834968880008357 1.4361551658885894 -0.4082521949887088 
0.12834968880008357 1.4361551658885894 -0.4082521949887088 
0.12834968880008357 1.4361551658885894 -0.4082521949887088 
0.1284140772640891 1.4361503710075063 -0.4082526806015996 
0.12766688541185986 1.438408060573165 -0.4095380879893966 
0.12930162298466208 1.4392112808204818 -0.4100898214886668 
0.12930162298466208 1.4392112808204818 -0.4100898214886668 
0.13041919143465527 1.4423947619147217 -0.4120224787278024 
0.13041919143465527 1.4423947619147217 -0.4120224787278024 
0.13041919143465527 1.4423947619147217 -0.4120224787278024 
0.13013734968723487 1.4445761650882862 -0.4133022145872173 
0.12964846670652533 1.4463374279861703 -0.41430539161820024 
0.12964846670652533 1.4463374279861703 -0.41430539161820024 
0.12964846670652533 1.4463374279861703 -0.41430539161820024 
0.1315112650722191 1.4490537041229892 -0.41598933861857645 
0.132533119739668 1.4489779878301736 -0.4159970462716831 
0.1327930076454429 1.4497851786927305 -0.4164965523168307 
0.1327930076454429 1.4497851786927305 -0.4164965523168307 
0.1327930076454429 1.4497851786927305 -0.4164965523168307 
0.13390408148023317 1.4532442476699274 -0.4185908821044806 
0.1342317918159925 1.45426608150903 -0.4192006151421339 
0.1342317918159925 1.45426608150903 -0.4192006151421339 
0.1342317918159925 1.45426608150903 -0.4192006151421339 
0.13385724471249397 1.4562368257026188 -0.4203401078522735 
0.13285127192787552 1.4563106041647382 -0.42033251818080397 
0.13285127192787552 1.4563106041647382 -0.42033251818080397 
0.13285127192787552 1.4563106041647382 -0.42033251818080397 
0.13398839893516246 1.4598494341901378 -0.4224827611214408 
0.13398839893516246 1.4598494341901378 -0.4224827611214408 
0.13425097693274504 1.4606538541781564 -0.42295365143669095 
0.13623595597786498 1.460507514195743 -0.42296862551596504 
0.13623595597786498 1.460507514195743 -0.42296862551596504 
0.13623595597786498 1.460507514195743 -0.42296862551596504 
0.13490619567833795 1.462710096516267 -0.4241960493383081 
0.13490619567833795 1.462710096516267 -0.4241960493383081 
0.13490619567833795 1.462710096516267 -0.4241960493383081 
0.13490619567833795 1.462710096516267 -0.4241960493383081 
0.13736317665526143 1.465529846816296 -0.42597891130449916 
0.13783751807905067 1.465494598920586 -0.42598248893087676 
0.13783751807905067 1.465494598920586 -0.42598248893087676 
0.13888037105287818 1.4687419260970855 -0.42794495821172673 
0.13888037105287818 1.4687419260970855 -0.42794495821172673 
0.13888037105287818 1.4687419260970855 -0.42794495821172673 
0.1395231743428363 1.4707421628192703 -0.4291615642889022 
0.1395231743428363 1.4707421628192703 -0.4291615642889022 
0.1395231743428363 1.4707421628192703 -0.4291615642889022 
0.14026079609393755 1.4730404148231613 -0.4305426798518661 
0.14059170423157422 1.4740708256435175 -0.43116539184597547 
0.14059170423157422 1.4740708256435175 -0.43116539184597547 
0.14059170423157422 1.4740708256435175 -0.43116539184597547 
0.13950148481022256 1.4770193113877297 -0.4328435902518173 
0.13950148481022256 1.4770193113877297 -0.4328435902518173 
0.14240391809675937 1.4797145466387325 -0.43457218489564586 
0.14240391809675937 1.4797145466387325 -0.43457218489564586 
0.14240391809675937 1.4797145466387325 -0.43457218489564586 
0.14176134799867673 1.4826590380145521 -0.43628620800683304 
0.14176134799867673 1.4826590380145521 -0.43628620800683304 
0.1437212126331028 1.4838164540549064 -0.4370511058234132 
0.1437212126331028 1.4838164540549064 -0.4370511058234132 
0.1442055126768455 1.4857266969597058 -0.43821056285714843 
0.14234231697351565 1.4858639634534447 -0.438196507247788 
0.14395718879657368 1.4872989463555102 -0.43911445270517846 
0.1448192775897244 1.4872350148447822 -0.4391209551479247 
0.1448192775897244 1.4872350148447822 -0.4391209551479247 
0.1446819466150831 1.4902023526441885 -0.440866281671905 
0.14375732371789393 1.4902701357243886 -0.44085930568412635 
0.14528905597809483 1.4913977442206807 -0.44159228783883664 
0.14528905597809483 1.4913977442206807 -0.44159228783883664 
0.1461359341640254 1.4913349357187204 -0.44159867554125287 
0.1461359341640254 1.4913349357187204 -0.44159867554125287 
0.14692466327951323 1.4937909497071735 -0.4430829275872299 
0.14692466327951323 1.4937909497071735 -0.4430829275872299 
0.14836921896051564 1.4982870631294465 -0.4458117738895804 
0.14836921896051564 1.4982870631294465 -0.4458117738895804 
0.14836921896051564 1.4982870631294465 -0.4458117738895804 
0.14703053947519182 1.5004639430285358 -0.44701197147588756 
0.14703053947519182 1.5004639430285358 -0.44701197147588756 
0.14703053947519182 1.5004639430285358 -0.44701197147588756 
0.14703053947519182 1.5004639430285358 -0.44701197147588756 
0.14703053947519182 1.5004639430285358 -0.44701197147588756 
0.14920668135927517 1.5021592335107312 -0.44812716246659823 
0.14920668135927517 1.5021592335107312 -0.44812716246659823 
0.1496030508905791 1.5021297676597771 -0.44813015197687167 
0.1496030508905791 1.5021297676597771 -0.44813015197687167 
0.14871270028783642 1.505701312792013 -0.4501809883755845 
0.15028288942131204 1.506717310374436 -0.45086585356744857 
0.14938657543258513 1.5077996843995447 -0.45144910507457037 
0.14938657543258513 1.5077996843995447 -0.45144910507457037 
0.15172460700262047 1.5087367457106517 -0.4521190737368783 
0.15172460700262047 1.5087367457106517 -0.4521190737368783 
0.15259234738747915 1.5114374113136142 -0.45375897259831444 
0.15259234738747915 1.5114374113136142 -0.45375897259831444 
0.1529336421866409 1.5133109682537509 -0.45487010190628885 
0.1528796250172022 1.5146780550944328 -0.45566719092026964 
0.15361486720244732 1.5146234942369463 -0.4556727365160893 
0.15361486720244732 1.5146234942369463 -0.4556727365160893 
0.15319974223058969 1.5169339782765523 -0.4570099320402323 
0.15233999244167537 1.5169969839682647 -0.4570034454481009 
0.15233999244167537 1.5169969839682647 -0.4570034454481009 
0.15233999244167537 1.5169969839682647 -0.4570034454481009 
0.15376668478235486 1.5194097007180203 -0.45849839694723005 
0.15511999354833048 1.5193095985301028 -0.45850860510879543 
0.15547436013111707 1.520413746624697 -0.45917198122464975 
0.15547436013111707 1.520413746624697 -0.45917198122464975 
0.15616093210738313 1.5225516547412832 -0.4604639911688415 
0.15616093210738313 1.5225516547412832 -0.4604639911688415 
0.15616093210738313 1.5225516547412832 -0.4604639911688415 
0.1569334694688604 1.5249572494240875 -0.4619177731287696 
0.1569334694688604 1.5249572494240875 -0.4619177731287696 
0.1569334694688604 1.5249572494240875 -0.4619177731287696 
0.1577336194917809 1.5274488268371242 -0.4634235173510737 
0.15773361949178083 1.5274488268371242 -0.4634235173510737 
0.15821399956126975 1.5289426055633621 -0.4643379515872672 
0.15821399956126975 1.5289426055633621 -0.4643379515872672 
0.1588126421396636 1.5308087823212302 -0.4654540517149346 
0.1588126421396636 1.5308087823212302 -0.4654540517149346 
0.1588126421396636 1.5308087823212302 -0.4654540517149346 
0.1588126421396636 1.5308087823212302 -0.4654540517149346 
0.15957535349881422 1.5331837799350398 -0.4668893428346357 
0.15957535349881422 1.5331837799350398 -0.4668893428346357 
0.15863088032359318 1.5345579957259476 -0.46764522088936666 
0.15863088032359318 1.5345579957259476 -0.46764522088936666 
0.1579943119040102 1.5346045907975614 -0.4676404180124487 
0.1579943119040102 1.5346045907975614 -0.4676404180124487 
0.15922182768027576 1.5384262469184184 -0.46995387143390177 
0.15922182768027576 1.5384262469184184 -0.46995387143390177 
0.15922182768027576 1.5384262469184184 -0.46995387143390177 
