-0.005777783891807971 1.119558890241667 -0.2592116807636723 
-0.007611359925554322 1.1196951138223037 -0.25920803273930626 
-0.007611359925554322 1.1196951138223037 -0.25920803273930626 
-0.0057742934658204514 1.1195697590366467 -0.25921824914286784 
-0.0057742934658204514 1.1195697590366467 -0.25921824914286784 
-0.007429704729629515 1.1202960220903664 -0.25956486452063554 
-0.00542222297794628 1.1206629756644864 -0.2598963721633746 
-0.004277100418470304 1.1242311599281045 -0.26203918863717013 
-0.004277100418470304 1.1242311599281045 -0.26203918863717013 
-0.005889661738441739 1.1255514208325463 -0.26274305564671674 
-0.0035697289694237265 1.1264328148150895 -0.26337548486703943 
-0.0035697289694237265 1.1264328148150895 -0.26337548486703943 
-0.0035697289694237265 1.1264328148150895 -0.26337548486703943 
-0.0027749507257832616 1.128906284494964 -0.2648780815733305 
-0.0027749507257832616 1.128906284494964 -0.2648780815733305 
-0.0029786857593012937 1.1306701766522038 -0.26590678595364237 
-0.004209619858520492 1.13076046268968 -0.2659009233314419 
-0.004209619858520492 1.13076046268968 -0.2659009233314419 
-0.003407368550750259 1.1332810033630971 -0.2674143029358037 
-0.003407368550750259 1.1332810033630971 -0.2674143029358037 
-0.003407368550750259 1.1332810033630971 -0.2674143029358037 
-0.002552652403493951 1.1359424935662574 -0.26902273118497566 
-0.002552652403493951 1.1359424935662574 -0.26902273118497566 
-0.002552652403493951 1.1359424935662574 -0.26902273118497566 
-0.0025526524034939022 1.1359424935662574 -0.2690227311849752 
-0.0019535325098501994 1.1378097964698162 -0.27014154551459035 
-0.0019535325098501994 1.1378097964698162 -0.27014154551459035 
0.0005717394269922869 1.1399632429348332 -0.2715497031232603 
0.0005717394269922869 1.1399632429348332 -0.2715497031232603 
0.0007711372332140053 1.1399484046101762 -0.2715512069911765 
0.0015366767580396318 1.1423335894297162 -0.27298485898516067 
0.0015366767580396318 1.1423335894297162 -0.27298485898516067 
0.0001740335445674663 1.1438459780839778 -0.27380470656091727 
0.0001740335445674663 1.1438459780839778 -0.27380470656091727 
0.0006019163779100948 1.1457661571893831 -0.2749556044714494 
0.0006019163779100948 1.1457661571893831 -0.2749556044714494 
0.0006019163779100948 1.1457661571893831 -0.2749556044714494 
0.0006019163779100948 1.1457661571893831 -0.2749556044714494 
0.0006019163779100948 1.1457661571893831 -0.2749556044714494 
0.0014820136196556349 1.1485066812736107 -0.27661179555919935 
0.0014820136196556349 1.1485066812736107 -0.27661179555919935 
0.0014820136196556349 1.1485066812736107 -0.27661179555919935 
0.0014820136196556349 1.1485066812736107 -0.27661179555919935 
0.002322782243650722 1.1511240501463886 -0.27819745759985814 
0.002322782243650722 1.1511240501463886 -0.27819745759985814 
0.002689225560485292 1.1522651135285409 -0.27888704066718306 
0.002689225560485292 1.1522651135285409 -0.27888704066718306 
0.002689225560485292 1.1522651135285409 -0.27888704066718306 
0.002689225560485292 1.1522651135285409 -0.27888704066718306 
0.002689225560485292 1.1522651135285409 -0.27888704066718306 
0.0035940698352608207 1.1550826970975787 -0.28058980139929535 
0.0035940698352608207 1.1550826970975787 -0.28058980139929535 
0.006114198300325141 1.1565874780202805 -0.28159896436206266 
0.0067452669026069525 1.1585511742414016 -0.282793487782657 
0.0067452669026069525 1.1585511742414016 -0.282793487782657 
0.0067452669026069525 1.1585511742414016 -0.282793487782657 
0.0065202333251350685 1.1608369014647848 -0.28412968367776625 
0.005467236665324785 1.1609141478653027 -0.284121739275232 
0.006745201201654212 1.1620601959050516 -0.2848391283123728 
0.007845008248994837 1.1619787368057235 -0.2848474240244039 
0.008826852100874161 1.1650329970430602 -0.28671067180532805 
0.008826852100874161 1.1650329970430602 -0.28671067180532805 
0.009382399684148293 1.1667622195902412 -0.2877595970818261 
0.009382399684148293 1.1667622195902412 -0.2877595970818261 
0.009382399684148293 1.1667622195902412 -0.2877595970818261 
0.010094625509974184 1.1689820818391976 -0.2890894412745715 
0.010094625509974184 1.1689820818391976 -0.2890894412745715 
0.010094625509974184 1.1689820818391976 -0.2890894412745715 
0.010094625509974184 1.1689820818391976 -0.2890894412745715 
0.011018200913633827 1.1718573017348441 -0.2908309313805628 
0.011018200913633827 1.1718573017348441 -0.2908309313805628 
0.011530597645829262 1.1734521573722938 -0.29179865420397333 
0.011530597645829262 1.1734521573722938 -0.29179865420397333 
0.010722495370657427 1.1772067622829483 -0.2939613034849148 
0.010722495370657427 1.1772067622829483 -0.2939613034849148 
0.010699572312250882 1.1772084347377831 -0.2939611305186042 
0.013161973171648897 1.1801769273155125 -0.29584717933889726 
0.013161973171648897 1.1801769273155125 -0.29584717933889726 
0.013678539103831149 1.1801385502072035 -0.29585107545541045 
0.013678539103831149 1.1801385502072035 -0.29585107545541045 
0.013767290281628153 1.1835400690522673 -0.2978399661970379 
0.012756727724916789 1.1836141859275364 -0.2978323419018105 
0.012756727724916789 1.1836141859275364 -0.2978323419018105 
0.012756727724916789 1.1836141859275364 -0.2978323419018105 
0.012756727724916789 1.1836141859275364 -0.2978323419018105 
0.015755362014940866 1.186626325874167 -0.2997560532207385 
0.015755362014940866 1.186626325874167 -0.2997560532207385 
0.015755362014940866 1.186626325874167 -0.2997560532207385 
0.01576101876781971 1.1866259044982403 -0.2997560958832308 
0.016357916195870417 1.1884862868932513 -0.30087072791623826 
0.016357916195870417 1.1884862868932513 -0.30087072791623826 
0.015009321422393307 1.1906285100125313 -0.3020713344007331 
0.015009321422393307 1.1906285100125313 -0.3020713344007331 
0.015009321422393307 1.1906285100125313 -0.3020713344007331 
0.015009321422393307 1.1906285100125313 -0.3020713344007331 
0.017442563090072992 1.193408536423439 -0.30382962846833683 
0.017442563090072992 1.193408536423439 -0.30382962846833683 
0.01818365309123887 1.1941704063253298 -0.3043115948653299 
0.01818365309123887 1.1941704063253298 -0.3043115948653299 
0.01818365309123887 1.1941704063253298 -0.3043115948653299 
0.01818365309123887 1.1941704063253298 -0.3043115948653299 
0.017703827430360204 1.1974993574400954 -0.3062386578795657 
0.018188173382193206 1.199005845639527 -0.3071587392447054 
0.017710846235347456 1.1990407552314295 -0.3071551377650932 
0.017710846235347456 1.1990407552314295 -0.3071551377650932 
0.017710846235347456 1.1990407552314295 -0.3071551377650932 
0.017710846235347456 1.1990407552314295 -0.3071551377650932 
0.02003745337971411 1.2014393507724102 -0.3086740993476529 
0.02003745337971411 1.2014393507724102 -0.3086740993476529 
0.02003745337971411 1.2014393507724102 -0.3086740993476529 
0.020833818344947276 1.2024206527154813 -0.30930919027279213 
0.020833818344947276 1.2024206527154813 -0.30930919027279213 
0.020833818344947276 1.2024206527154813 -0.30930919027279213 
0.02183931847364625 1.205555449007143 -0.311182300187981 
0.02183931847364625 1.205555449007143 -0.311182300187981 
0.02022805082088308 1.2068783576310784 -0.31189556290122566 
0.02022805082088308 1.2068783576310784 -0.31189556290122566 
0.02022805082088308 1.2068783576310784 -0.31189556290122566 
0.02022805082088308 1.2068783576310784 -0.31189556290122566 
0.02242659089295333 1.2088052869360109 -0.31314419548468164 
0.02242659089295333 1.2088052869360109 -0.31314419548468164 
0.021209354326360695 1.2099340266675638 -0.3137422067072285 
0.021209354326360695 1.2099340266675638 -0.3137422067072285 
0.021803888819162037 1.2117867210001927 -0.3148540567496042 
0.021803888819162037 1.2117867210001927 -0.3148540567496042 
0.021803888819162037 1.2117867210001927 -0.3148540567496042 
0.02471376620058472 1.214505466474697 -0.3165949952493974 
0.02471376620058472 1.214505466474697 -0.3165949952493974 
0.02471376620058472 1.214505466474697 -0.3165949952493974 
0.02510134648589104 1.2157106372434352 -0.3173329803336943 
0.02430618229834497 1.2168396150314156 -0.3179561208958943 
0.02606996009422119 1.2187267913637168 -0.31915574394377877 
0.02606996009422119 1.2187267913637168 -0.31915574394377877 
0.02606996009422119 1.2187267913637168 -0.31915574394377877 
0.02606996009422119 1.2187267913637168 -0.31915574394377877 
0.026870440028365743 1.22121870577576 -0.32066558962471925 
0.026870440028365743 1.22121870577576 -0.32066558962471925 
0.026870440028365743 1.22121870577576 -0.32066558962471925 
0.026870440028365743 1.22121870577576 -0.32066558962471925 
0.026672039005844243 1.2269449042800549 -0.3240185556899917 
0.026672039005844243 1.2269449042800549 -0.3240185556899917 
0.026672039005844243 1.2269449042800549 -0.3240185556899917 
0.02857112010099186 1.2277776721876814 -0.3246008323292999 
0.02857112010099186 1.2277776721876814 -0.3246008323292999 
0.028966907061005465 1.2277482495553296 -0.3246038174454735 
0.028966907061005465 1.2277482495553296 -0.3246038174454735 
0.02832255376769232 1.229253881035611 -0.3254716462239171 
0.02832255376769232 1.229253881035611 -0.3254716462239171 
0.02743510213662454 1.2293189263486488 -0.32546495065116243 
0.02743510213662454 1.2293189263486488 -0.32546495065116243 
0.028536948206152123 1.2327513320225698 -0.3275314735094865 
0.028536948206152123 1.2327513320225698 -0.3275314735094865 
0.02908941581279497 1.233717379512793 -0.32813140837547716 
0.030842943515315517 1.2335879457035133 -0.32814463608155187 
0.030159579509890608 1.235411896551044 -0.3291647082176631 
0.030159579509890608 1.235411896551044 -0.3291647082176631 
0.029408267598552897 1.2354669239383023 -0.32915903968638527 
0.029408267598552897 1.2354669239383023 -0.32915903968638527 
0.030263813845058246 1.23812928821525 -0.33077765592999697 
0.030263813845058246 1.23812928821525 -0.33077765592999697 
0.030263813845058246 1.23812928821525 -0.33077765592999697 
0.030263813845058246 1.23812928821525 -0.33077765592999697 
0.0308260218907423 1.2398792506952254 -0.3318391150470308 
0.0308260218907423 1.2398792506952254 -0.3318391150470308 
0.03197472393069033 1.2425840858079735 -0.3334994597220282 
0.03369171175211658 1.2424573248185735 -0.3335124117322408 
0.034053322949975505 1.243586778055286 -0.33417557413816956 
0.034053322949975505 1.243586778055286 -0.33417557413816956 
0.034053322949975505 1.243586778055286 -0.33417557413816956 
0.034053322949975505 1.243586778055286 -0.33417557413816956 
0.03508602747327028 1.2468025040952484 -0.33611894578692936 
0.03508602747327028 1.2468025040952484 -0.33611894578692936 
0.034118297821351985 1.2501310286258818 -0.33803461004014645 
0.034118297821351985 1.2501310286258818 -0.33803461004014645 
0.03444093219825204 1.2511370564985023 -0.3386347909994326 
0.03604796757221092 1.2518927788754897 -0.3391511022265299 
0.03604796757221092 1.2518927788754897 -0.3391511022265299 
0.03632813051864588 1.2527644845553443 -0.3396818011530264 
0.03698468871104633 1.2527157426583968 -0.33968675322376407 
0.03698468871104633 1.2527157426583968 -0.33968675322376407 
0.03698468871104633 1.2527157426583968 -0.33968675322376407 
0.036442636847742314 1.2563463869764249 -0.3418073480971908 
0.036442636847742314 1.2563463869764249 -0.3418073480971908 
0.036729431461811395 1.257240123540446 -0.34234356543210254 
0.03640863303263905 1.2572635658586941 -0.3423411449305094 
0.036627547627172186 1.257945241348913 -0.3427531044086747 
0.036627547627172186 1.257945241348913 -0.3427531044086747 
0.03754191019160466 1.2607924638042103 -0.34447377691888614 
0.03754191019160465 1.26079246380421 -0.3444737769188866 
0.03754191019160465 1.26079246380421 -0.3444737769188866 
0.04027581444011055 1.2639284737693857 -0.3464567366578597 
0.04027581444011055 1.2639284737693857 -0.3464567366578597 
0.03917328262088394 1.265873064854243 -0.34754025760278995 
0.03917328262088394 1.265873064854243 -0.34754025760278995 
0.03917328262088394 1.265873064854243 -0.34754025760278995 
0.0398792014895223 1.2680712170234023 -0.34886867505879127 
0.0398792014895223 1.2680712170234023 -0.34886867505879127 
0.0398792014895223 1.2680712170234023 -0.34886867505879127 
0.04229372321690548 1.271742739018315 -0.3511618179254975 
0.04229372321690548 1.271742739018315 -0.3511618179254975 
0.04307737737070082 1.271684600308489 -0.35116772870568813 
0.04307737737070082 1.271684600308489 -0.35116772870568813 
0.0428519329344776 1.2732579196271283 -0.3520694859232607 
0.04157498781062007 1.2733517053992718 -0.35205985219071834 
0.04157498781062007 1.2733517053992718 -0.35205985219071834 
0.04157498781062007 1.2733517053992718 -0.35205985219071834 
0.04157498781062007 1.2733517053992718 -0.35205985219071834 
0.04246049352283743 1.2761083805463067 -0.3537297017089547 
0.042802213400640214 1.2771710772976392 -0.3543797207770716 
0.042802213400640214 1.2771710772976392 -0.3543797207770716 
0.04391593004549682 1.2791843165317804 -0.35559491202800997 
0.04583630210784144 1.280276963067432 -0.35635258757374555 
0.04583630210784144 1.280276963067432 -0.35635258757374555 
0.04658199898150068 1.2826006902442098 -0.35774723447782597 
0.04658199898150068 1.2826006902442098 -0.35774723447782597 
0.04658199898150068 1.2826006902442098 -0.35774723447782597 
0.04658199898150068 1.2826006902442098 -0.35774723447782597 
0.04557098547186549 1.2857934132427418 -0.3595865912507039 
0.0462454951114714 1.2878937605960834 -0.3608559019594856 
0.04658023901302808 1.2889347349399294 -0.36149279344449137 
0.04658023901302808 1.2889347349399294 -0.36149279344449137 
0.04658023901302808 1.2889347349399294 -0.36149279344449137 
0.04658023901302808 1.2889347349399294 -0.36149279344449137 
0.04658023901302808 1.2889347349399294 -0.36149279344449137 
0.04726548094284282 1.2910712626712133 -0.36276837798020645 
0.04726548094284282 1.2910712626712133 -0.36276837798020645 
0.04726548094284282 1.2910712626712133 -0.36276837798020645 
0.04832550846998309 1.2943699985575308 -0.36477360867372666 
0.04832550846998309 1.2943699985575308 -0.36477360867372666 
0.04903712339494989 1.2965865779146675 -0.366109264501831 
0.04903712339494989 1.2965865779146675 -0.366109264501831 
0.04903712339494989 1.2965865779146675 -0.366109264501831 
0.049037123394949894 1.2965865779146675 -0.3661092645018309 
0.050896823465990206 1.2983355886624957 -0.36722821441197473 
0.050896823465990206 1.2983355886624957 -0.36722821441197473 
0.051955114469287876 1.299329568064122 -0.36787061683939826 
0.051955114469287876 1.299329568064122 -0.36787061683939826 
0.051955114469287876 1.299329568064122 -0.36787061683939826 
0.05195511446928779 1.299329568064122 -0.36787061683939826 
0.052045467692147365 1.3036895159530975 -0.37044250257212685 
0.052045467692147365 1.3036895159530975 -0.37044250257212685 
0.05161048597614048 1.3045990500131568 -0.37095536929186723 
0.05161048597614048 1.3045990500131568 -0.37095536929186723 
0.05161048597614048 1.3045990500131568 -0.37095536929186723 
0.05254704146319292 1.3075160690474967 -0.3727143244288762 
0.05313970126619794 1.3093615451913232 -0.3738296078739848 
0.05313970126619794 1.3093615451913232 -0.3738296078739848 
0.05313970126619794 1.3093615451913232 -0.3738296078739848 
0.055536106363111466 1.3104803751169687 -0.37460942543751663 
0.055536106363111466 1.3104803751169687 -0.37460942543751663 
0.05581339101733777 1.3113438084253004 -0.37513122729226245 
0.05581339101733777 1.3113438084253004 -0.37513122729226245 
0.05581339101733777 1.3113438084253004 -0.37513122729226245 
0.05581339101733777 1.3113438084253004 -0.37513122729226245 
0.05662686889944809 1.3138768872967759 -0.3766620522449242 
0.05662686889944809 1.3138768872967759 -0.3766620522449242 
0.05661934320819146 1.3158525095279607 -0.3778192356352217 
0.05661934320819146 1.3158525095279607 -0.3778192356352217 
0.0556064364493894 1.317043372148646 -0.3784680970615433 
0.0556064364493894 1.317043372148646 -0.3784680970615433 
0.05662424300733115 1.3202120172881695 -0.38038691393383695 
0.05662424300733115 1.3202120172881695 -0.38038691393383695 
0.05886158757754618 1.3219081004592481 -0.38149792978155384 
0.05886158757754618 1.3219081004592481 -0.38149792978155384 
0.05886158757754618 1.3219081004592481 -0.38149792978155384 
0.05919799461765752 1.321883084362403 -0.38150046702229257 
0.05919799461765752 1.321883084362403 -0.38150046702229257 
0.05880946299833365 1.3249096222974488 -0.3832600698566774 
0.060363571778033455 1.3265283394285592 -0.384291029169191 
0.060682171703044525 1.3265046453159344 -0.38429343210031686 
0.06134303796962436 1.3285625087361441 -0.3855370683361643 
0.06134303796962436 1.3285625087361441 -0.3855370683361643 
0.06180465204787971 1.329999923193401 -0.38640574634823244 
0.06180465204787971 1.329999923193401 -0.38640574634823244 
0.06180465204787971 1.329999923193401 -0.38640574634823244 
0.0626927907547784 1.332767888567742 -0.3880649635716882 
0.0626927907547784 1.332767888567742 -0.3880649635716882 
0.0626927907547784 1.332767888567742 -0.3880649635716882 
0.0626927907547784 1.332767888567742 -0.3880649635716882 
0.06357087023668301 1.3355004188120145 -0.38972598347466425 
0.06357087023668301 1.3355004188120145 -0.38972598347466425 
0.06357087023668301 1.3355004188120145 -0.38972598347466425 
0.0641267368009783 1.3372306346303133 -0.39077550901838287 
0.0641267368009783 1.3372306346303133 -0.39077550901838287 
0.0641267368009783 1.3372306346303133 -0.39077550901838287 
0.06313866758447834 1.340497204653542 -0.3926459364767225 
0.06313866758447834 1.340497204653542 -0.3926459364767225 
0.06313866758447834 1.340497204653542 -0.3926459364767225 
0.06587232523895456 1.3426668915190323 -0.394056924514838 
0.06587232523895456 1.3426668915190323 -0.394056924514838 
0.0661686735336777 1.3435883062502982 -0.3946215620955815 
0.06720064077085855 1.3467993504010007 -0.3965755771470396 
0.06720064077085855 1.3467993504010007 -0.3965755771470396 
0.06720064077085855 1.3467993504010007 -0.3965755771470396 
0.06720064077085855 1.3467993504010007 -0.3965755771470396 
0.06610383745049064 1.3494122193501468 -0.39803096466873766 
0.06610383745049064 1.3494122193501468 -0.39803096466873766 
0.06610383745049064 1.3494122193501468 -0.39803096466873766 
0.06632055091118844 1.3500863504489817 -0.3984422626156434 
0.06622027335786779 1.3500936696544732 -0.39844150597689043 
0.0676182862992126 1.3518889336248348 -0.39957580748084176 
0.06880611263244496 1.3518009957441537 -0.39958476720823244 
0.06880611263244496 1.3518009957441537 -0.39958476720823244 
0.06979882958233738 1.3548928952737591 -0.40144940852378896 
0.06979882958233738 1.3548928952737591 -0.40144940852378896 
0.07067699021075377 1.3576287695763964 -0.40309499399422566 
0.07067699021075377 1.3576287695763964 -0.40309499399422566 
0.07067699021075377 1.3576287695763964 -0.40309499399422566 
0.07067699021075369 1.3576287695763964 -0.40309499399422566 
0.07138229991212552 1.3598236442519485 -0.4044292263479079 
0.07138229991212552 1.3598236442519485 -0.4044292263479079 
0.07138229991212552 1.3598236442519485 -0.4044292263479079 
0.07138229991212552 1.3598236442519485 -0.4044292263479079 
0.07123278294440051 1.3623044194978853 -0.40588783862004874 
0.07016742237811346 1.3623825780020218 -0.4058798009493636 
0.07016742237811346 1.3623825780020218 -0.4058798009493636 
0.07016742237811346 1.3623825780020218 -0.4058798009493636 
0.07334968880008355 1.366155165888589 -0.408252194988709 
0.07334968880008355 1.366155165888589 -0.408252194988709 
0.07334968880008355 1.366155165888589 -0.408252194988709 
0.07341407726408905 1.3661503710075058 -0.4082526806015998 
0.07266688541185978 1.368408060573165 -0.40953808798939706 
0.07430162298466203 1.3692112808204815 -0.4100898214886666 
0.07430162298466203 1.3692112808204815 -0.4100898214886666 
0.07541919143465514 1.3723947619147217 -0.4120224787278024 
0.07541919143465514 1.3723947619147217 -0.4120224787278024 
0.07541919143465514 1.3723947619147217 -0.4120224787278024 
0.07513734968723476 1.374576165088286 -0.41330221458721705 
0.07464846670652528 1.37633742798617 -0.41430539161819957 
0.07464846670652528 1.37633742798617 -0.41430539161819957 
0.07464846670652528 1.37633742798617 -0.41430539161819957 
0.07651126507221914 1.379053704122989 -0.415989338618576 
0.07753311973966803 1.3789779878301736 -0.41599704627168266 
0.07779300764544272 1.3797851786927302 -0.41649655231683114 
0.07779300764544272 1.3797851786927302 -0.41649655231683114 
0.07779300764544272 1.3797851786927302 -0.41649655231683114 
0.07890408148023326 1.3832442476699276 -0.4185908821044806 
0.07923179181599221 1.3842660815090297 -0.4192006151421339 
0.07923179181599221 1.3842660815090297 -0.4192006151421339 
0.07923179181599221 1.3842660815090297 -0.4192006151421339 
0.07885724471249408 1.3862368257026187 -0.4203401078522735 
0.07785127192787561 1.3863106041647382 -0.42033251818080397 
0.07785127192787561 1.3863106041647382 -0.42033251818080397 
0.07785127192787561 1.3863106041647382 -0.42033251818080397 
0.07898839893516241 1.3898494341901377 -0.4224827611214408 
0.07898839893516241 1.3898494341901377 -0.4224827611214408 
0.07925097693274505 1.3906538541781566 -0.4229536514366907 
0.08123595597786495 1.390507514195743 -0.4229686255159648 
0.08123595597786495 1.390507514195743 -0.4229686255159648 
0.08123595597786495 1.390507514195743 -0.4229686255159648 
0.07990619567833784 1.3927100965162666 -0.4241960493383081 
0.07990619567833784 1.3927100965162666 -0.4241960493383081 
0.07990619567833784 1.3927100965162666 -0.4241960493383081 
0.07990619567833784 1.3927100965162666 -0.4241960493383081 
0.08236317665526134 1.3955298468162955 -0.4259789113044987 
0.08283751807905057 1.3954945989205856 -0.4259824889308763 
0.08283751807905057 1.3954945989205856 -0.4259824889308763 
0.08388037105287827 1.3987419260970855 -0.42794495821172673 
0.08388037105287827 1.3987419260970855 -0.42794495821172673 
0.08388037105287827 1.3987419260970855 -0.42794495821172673 
0.08452317434283627 1.40074216281927 -0.42916156428890173 
0.08452317434283627 1.40074216281927 -0.42916156428890173 
0.08452317434283627 1.40074216281927 -0.42916156428890173 
0.08526079609393755 1.4030404148231612 -0.4305426798518661 
0.08559170423157428 1.4040708256435175 -0.4311653918459757 
0.08559170423157428 1.4040708256435175 -0.4311653918459757 
0.08559170423157428 1.4040708256435175 -0.4311653918459757 
0.08450148481022243 1.4070193113877294 -0.43284359025181685 
0.08450148481022243 1.4070193113877294 -0.43284359025181685 
0.08740391809675935 1.4097145466387322 -0.43457218489564564 
0.08740391809675935 1.4097145466387322 -0.43457218489564564 
0.08740391809675935 1.4097145466387322 -0.43457218489564564 
0.08676134799867663 1.4126590380145518 -0.4362862080068335 
0.08676134799867663 1.4126590380145518 -0.4362862080068335 
0.08872121263310268 1.413816454054906 -0.4370511058234128 
0.08872121263310268 1.413816454054906 -0.4370511058234128 
0.08920551267684537 1.4157266969597055 -0.43821056285714843 
0.08734231697351552 1.4158639634534445 -0.438196507247788 
0.08895718879657366 1.4172989463555101 -0.4391144527051787 
0.08981927758972438 1.417235014844782 -0.43912095514792493 
0.08981927758972438 1.417235014844782 -0.43912095514792493 
0.08968194661508308 1.4202023526441885 -0.4408662816719048 
0.08875732371789391 1.4202701357243885 -0.4408593056841261 
0.09028905597809467 1.4213977442206807 -0.4415922878388362 
0.09028905597809467 1.4213977442206807 -0.4415922878388362 
0.09113593416402524 1.4213349357187204 -0.44159867554125243 
0.09113593416402524 1.4213349357187204 -0.44159867554125243 
0.09192466327951315 1.423790949707173 -0.44308292758722967 
0.09192466327951315 1.423790949707173 -0.44308292758722967 
0.09336921896051556 1.4282870631294462 -0.4458117738895806 
0.09336921896051556 1.4282870631294462 -0.4458117738895806 
0.09336921896051556 1.4282870631294462 -0.4458117738895806 
0.09203053947519163 1.4304639430285355 -0.44701197147588756 
0.09203053947519163 1.4304639430285355 -0.44701197147588756 
0.09203053947519163 1.4304639430285355 -0.44701197147588756 
0.09203053947519163 1.4304639430285355 -0.44701197147588756 
0.09203053947519163 1.4304639430285355 -0.44701197147588756 
0.09420668135927505 1.432159233510731 -0.44812716246659845 
0.09420668135927505 1.432159233510731 -0.44812716246659845 
0.09460305089057897 1.4321297676597768 -0.4481301519768719 
0.09460305089057897 1.4321297676597768 -0.4481301519768719 
0.09371270028783643 1.4357013127920124 -0.4501809883755843 
0.09528288942131195 1.4367173103744355 -0.4508658535674481 
0.09438657543258511 1.4377996843995444 -0.45144910507457015 
0.09438657543258511 1.4377996843995444 -0.45144910507457015 
0.09672460700262045 1.4387367457106517 -0.4521190737368783 
0.09672460700262045 1.4387367457106517 -0.4521190737368783 
0.09759234738747918 1.4414374113136141 -0.45375897259831444 
0.09759234738747918 1.4414374113136141 -0.45375897259831444 
0.09793364218664086 1.4433109682537506 -0.45487010190628885 
0.09787962501720221 1.4446780550944325 -0.4556671909202694 
0.09861486720244733 1.444623494236946 -0.4556727365160891 
0.09861486720244733 1.444623494236946 -0.4556727365160891 
0.0981997422305898 1.4469339782765525 -0.4570099320402323 
0.09733999244167549 1.4469969839682648 -0.4570034454481009 
0.09733999244167549 1.4469969839682648 -0.4570034454481009 
0.09733999244167549 1.4469969839682648 -0.4570034454481009 
0.09876668478235484 1.4494097007180198 -0.4584983969472298 
0.10011999354833045 1.4493095985301023 -0.4585086051087952 
0.10047436013111702 1.450413746624697 -0.45917198122464975 
0.10047436013111702 1.450413746624697 -0.45917198122464975 
0.10116093210738289 1.452551654741283 -0.46046399116884085 
0.10116093210738289 1.452551654741283 -0.46046399116884085 
0.10116093210738289 1.452551654741283 -0.46046399116884085 
0.10193346946886037 1.4549572494240877 -0.46191777312876936 
0.10193346946886037 1.4549572494240877 -0.46191777312876936 
0.10193346946886037 1.4549572494240877 -0.46191777312876936 
0.10273361949178089 1.457448826837124 -0.46342351735107346 
0.10273361949178081 1.457448826837124 -0.46342351735107346 
0.10321399956126964 1.4589426055633616 -0.4643379515872672 
0.10321399956126964 1.4589426055633616 -0.4643379515872672 
0.10381264213966357 1.4608087823212301 -0.4654540517149346 
0.10381264213966357 1.4608087823212301 -0.4654540517149346 
0.10381264213966357 1.4608087823212301 -0.4654540517149346 
0.10381264213966357 1.4608087823212301 -0.4654540517149346 
0.10457535349881411 1.4631837799350398 -0.46688934283463546 
0.10457535349881411 1.4631837799350398 -0.46688934283463546 
0.10363088032359326 1.4645579957259474 -0.46764522088936666 
0.10363088032359326 1.4645579957259474 -0.46764522088936666 
0.10299431190401026 1.4646045907975611 -0.4676404180124487 
0.10299431190401026 1.4646045907975611 -0.4676404180124487 
0.10422182768027574 1.4684262469184177 -0.46995387143390177 
0.10422182768027574 1.4684262469184177 -0.46995387143390177 
0.10422182768027574 1.4684262469184177 -0.46995387143390177 
