-0.06077778389180793 1.189558890241667 -0.2592116807636724 
-0.06261135992555433 1.1896951138223038 -0.2592080327393065 
-0.06261135992555433 1.1896951138223038 -0.2592080327393065 
-0.060774293465820445 1.1895697590366467 -0.25921824914286806 
-0.060774293465820445 1.1895697590366467 -0.25921824914286806 
-0.06242970472962946 1.1902960220903667 -0.25956486452063543 
-0.060422222977946284 1.1906629756644862 -0.2598963721633749 
-0.05927710041847035 1.1942311599281044 -0.26203918863717013 
-0.05927710041847035 1.1942311599281044 -0.26203918863717013 
-0.06088966173844168 1.1955514208325464 -0.26274305564671674 
-0.05856972896942363 1.1964328148150898 -0.26337548486703954 
-0.05856972896942363 1.1964328148150898 -0.26337548486703954 
-0.05856972896942363 1.1964328148150898 -0.26337548486703954 
-0.057774950725783286 1.198906284494964 -0.2648780815733305 
-0.057774950725783286 1.198906284494964 -0.2648780815733305 
-0.057978685759301346 1.2006701766522039 -0.2659067859536426 
-0.059209619858520544 1.20076046268968 -0.2659009233314421 
-0.059209619858520544 1.20076046268968 -0.2659009233314421 
-0.0584073685507503 1.2032810033630972 -0.2674143029358037 
-0.0584073685507503 1.2032810033630972 -0.2674143029358037 
-0.0584073685507503 1.2032810033630972 -0.2674143029358037 
-0.05755265240349396 1.2059424935662575 -0.26902273118497555 
-0.05755265240349396 1.2059424935662575 -0.26902273118497555 
-0.05755265240349396 1.2059424935662575 -0.26902273118497555 
-0.057552652403493915 1.2059424935662575 -0.2690227311849751 
-0.05695353250985019 1.2078097964698162 -0.27014154551459024 
-0.05695353250985019 1.2078097964698162 -0.27014154551459024 
-0.054428260573007634 1.2099632429348335 -0.27154970312326066 
-0.054428260573007634 1.2099632429348335 -0.27154970312326066 
-0.054228862766785915 1.2099484046101765 -0.27155120699117685 
-0.053463323241960514 1.212333589429716 -0.2729848589851609 
-0.053463323241960514 1.212333589429716 -0.2729848589851609 
-0.054825966455432425 1.213845978083978 -0.27380470656091715 
-0.054825966455432425 1.213845978083978 -0.27380470656091715 
-0.05439808362208998 1.215766157189383 -0.2749556044714495 
-0.05439808362208998 1.215766157189383 -0.2749556044714495 
-0.05439808362208998 1.215766157189383 -0.2749556044714495 
-0.05439808362208998 1.215766157189383 -0.2749556044714495 
-0.05439808362208998 1.215766157189383 -0.2749556044714495 
-0.053517986380344384 1.2185066812736107 -0.27661179555919946 
-0.053517986380344384 1.2185066812736107 -0.27661179555919946 
-0.053517986380344384 1.2185066812736107 -0.27661179555919946 
-0.053517986380344384 1.2185066812736107 -0.27661179555919946 
-0.05267721775634925 1.2211240501463887 -0.27819745759985814 
-0.05267721775634925 1.2211240501463887 -0.27819745759985814 
-0.05231077443951479 1.2222651135285412 -0.27888704066718295 
-0.05231077443951479 1.2222651135285412 -0.27888704066718295 
-0.05231077443951479 1.2222651135285412 -0.27888704066718295 
-0.05231077443951479 1.2222651135285412 -0.27888704066718295 
-0.05231077443951479 1.2222651135285412 -0.27888704066718295 
-0.051405930164739225 1.2250826970975788 -0.28058980139929535 
-0.051405930164739225 1.2250826970975788 -0.28058980139929535 
-0.04888580169967491 1.2265874780202808 -0.28159896436206233 
-0.04825473309739315 1.2285511742414017 -0.2827934877826568 
-0.04825473309739315 1.2285511742414017 -0.2827934877826568 
-0.04825473309739315 1.2285511742414017 -0.2827934877826568 
-0.04847976667486488 1.2308369014647846 -0.28412968367776614 
-0.04953276333467516 1.2309141478653025 -0.2841217392752319 
-0.04825479879834577 1.232060195905052 -0.2848391283123729 
-0.04715499175100515 1.2319787368057236 -0.284847424024404 
-0.046173147899125834 1.2350329970430602 -0.28671067180532783 
-0.046173147899125834 1.2350329970430602 -0.28671067180532783 
-0.045617600315851686 1.2367622195902412 -0.28775959708182597 
-0.045617600315851686 1.2367622195902412 -0.28775959708182597 
-0.045617600315851686 1.2367622195902412 -0.28775959708182597 
-0.044905374490025775 1.238982081839198 -0.28908944127457126 
-0.044905374490025775 1.238982081839198 -0.28908944127457126 
-0.044905374490025775 1.238982081839198 -0.28908944127457126 
-0.044905374490025775 1.238982081839198 -0.28908944127457126 
-0.04398179908636618 1.241857301734844 -0.2908309313805626 
-0.04398179908636618 1.241857301734844 -0.2908309313805626 
-0.043469402354170815 1.2434521573722939 -0.29179865420397344 
-0.043469402354170815 1.2434521573722939 -0.29179865420397344 
-0.044277504629342664 1.2472067622829486 -0.29396130348491456 
-0.044277504629342664 1.2472067622829486 -0.29396130348491456 
-0.04430042768774921 1.2472084347377834 -0.29396113051860395 
-0.041838026828351006 1.2501769273155123 -0.29584717933889726 
-0.041838026828351006 1.2501769273155123 -0.29584717933889726 
-0.041321460896168755 1.2501385502072033 -0.29585107545541045 
-0.041321460896168755 1.2501385502072033 -0.29585107545541045 
-0.041232709718371834 1.2535400690522676 -0.2978399661970378 
-0.0422432722750832 1.2536141859275367 -0.2978323419018104 
-0.0422432722750832 1.2536141859275367 -0.2978323419018104 
-0.0422432722750832 1.2536141859275367 -0.2978323419018104 
-0.0422432722750832 1.2536141859275367 -0.2978323419018104 
-0.03924463798505925 1.256626325874167 -0.2997560532207386 
-0.03924463798505925 1.256626325874167 -0.2997560532207386 
-0.03924463798505925 1.256626325874167 -0.2997560532207386 
-0.039238981232180406 1.2566259044982404 -0.29975609588323093 
-0.0386420838041298 1.2584862868932511 -0.30087072791623815 
-0.0386420838041298 1.2584862868932511 -0.30087072791623815 
-0.03999067857760682 1.2606285100125312 -0.30207133440073286 
-0.03999067857760682 1.2606285100125312 -0.30207133440073286 
-0.03999067857760682 1.2606285100125312 -0.30207133440073286 
-0.03999067857760682 1.2606285100125312 -0.30207133440073286 
-0.03755743690992701 1.263408536423439 -0.3038296284683367 
-0.03755743690992701 1.263408536423439 -0.3038296284683367 
-0.03681634690876115 1.2641704063253296 -0.30431159486532955 
-0.03681634690876115 1.2641704063253296 -0.30431159486532955 
-0.03681634690876115 1.2641704063253296 -0.30431159486532955 
-0.03681634690876115 1.2641704063253296 -0.30431159486532955 
-0.03729617256963987 1.2674993574400957 -0.3062386578795656 
-0.03681182661780694 1.2690058456395268 -0.3071587392447056 
-0.037289153764652694 1.2690407552314293 -0.3071551377650934 
-0.037289153764652694 1.2690407552314293 -0.3071551377650934 
-0.037289153764652694 1.2690407552314293 -0.3071551377650934 
-0.037289153764652694 1.2690407552314293 -0.3071551377650934 
-0.03496254662028595 1.27143935077241 -0.30867409934765266 
-0.03496254662028595 1.27143935077241 -0.30867409934765266 
-0.03496254662028595 1.27143935077241 -0.30867409934765266 
-0.034166181655052946 1.272420652715481 -0.3093091902727919 
-0.034166181655052946 1.272420652715481 -0.3093091902727919 
-0.034166181655052946 1.272420652715481 -0.3093091902727919 
-0.03316068152635374 1.275555449007143 -0.3111823001879811 
-0.03316068152635374 1.275555449007143 -0.3111823001879811 
-0.03477194917911693 1.2768783576310785 -0.31189556290122544 
-0.03477194917911693 1.2768783576310785 -0.31189556290122544 
-0.03477194917911693 1.2768783576310785 -0.31189556290122544 
-0.03477194917911693 1.2768783576310785 -0.31189556290122544 
-0.0325734091070468 1.278805286936011 -0.31314419548468186 
-0.0325734091070468 1.278805286936011 -0.31314419548468186 
-0.03379064567363933 1.2799340266675638 -0.3137422067072285 
-0.03379064567363933 1.2799340266675638 -0.3137422067072285 
-0.03319611118083803 1.2817867210001928 -0.3148540567496043 
-0.03319611118083803 1.2817867210001928 -0.3148540567496043 
-0.03319611118083803 1.2817867210001928 -0.3148540567496043 
-0.030286233799415332 1.284505466474697 -0.3165949952493974 
-0.030286233799415332 1.284505466474697 -0.3165949952493974 
-0.030286233799415332 1.284505466474697 -0.3165949952493974 
-0.029898653514108954 1.2857106372434353 -0.3173329803336944 
-0.030693817701655114 1.2868396150314156 -0.3179561208958943 
-0.028930039905778956 1.2887267913637166 -0.31915574394377866 
-0.028930039905778956 1.2887267913637166 -0.31915574394377866 
-0.028930039905778956 1.2887267913637166 -0.31915574394377866 
-0.028930039905778956 1.2887267913637166 -0.31915574394377866 
-0.02812955997163436 1.2912187057757598 -0.320665589624719 
-0.02812955997163436 1.2912187057757598 -0.320665589624719 
-0.02812955997163436 1.2912187057757598 -0.320665589624719 
-0.02812955997163436 1.2912187057757598 -0.320665589624719 
-0.028327960994155882 1.296944904280055 -0.3240185556899916 
-0.028327960994155882 1.296944904280055 -0.3240185556899916 
-0.028327960994155882 1.296944904280055 -0.3240185556899916 
-0.0264288798990082 1.2977776721876815 -0.3246008323292998 
-0.0264288798990082 1.2977776721876815 -0.3246008323292998 
-0.026033092938994595 1.2977482495553296 -0.3246038174454734 
-0.026033092938994595 1.2977482495553296 -0.3246038174454734 
-0.02667744623230771 1.2992538810356111 -0.3254716462239168 
-0.02667744623230771 1.2992538810356111 -0.3254716462239168 
-0.027564897863375487 1.2993189263486489 -0.3254649506511621 
-0.027564897863375487 1.2993189263486489 -0.3254649506511621 
-0.026463051793848186 1.3027513320225694 -0.32753147350948686 
-0.026463051793848186 1.3027513320225694 -0.32753147350948686 
-0.02591058418720512 1.3037173795127928 -0.32813140837547705 
-0.024157056484684573 1.303587945703513 -0.32814463608155175 
-0.024840420490109608 1.305411896551044 -0.32916470821766275 
-0.024840420490109608 1.305411896551044 -0.32916470821766275 
-0.02559173240144732 1.305466923938302 -0.32915903968638494 
-0.02559173240144732 1.305466923938302 -0.32915903968638494 
-0.024736186154941827 1.3081292882152498 -0.3307776559299971 
-0.024736186154941827 1.3081292882152498 -0.3307776559299971 
-0.024736186154941827 1.3081292882152498 -0.3307776559299971 
-0.024736186154941827 1.3081292882152498 -0.3307776559299971 
-0.024173978109257824 1.3098792506952255 -0.3318391150470309 
-0.024173978109257824 1.3098792506952255 -0.3318391150470309 
-0.02302527606930977 1.3125840858079736 -0.3334994597220283 
-0.02130828824788352 1.3124573248185736 -0.3335124117322409 
-0.0209466770500246 1.3135867780552861 -0.33417557413817 
-0.0209466770500246 1.3135867780552861 -0.33417557413817 
-0.0209466770500246 1.3135867780552861 -0.33417557413817 
-0.0209466770500246 1.3135867780552861 -0.33417557413817 
-0.019913972526729884 1.3168025040952478 -0.33611894578692925 
-0.019913972526729884 1.3168025040952478 -0.33611894578692925 
-0.0208817021786482 1.3201310286258816 -0.33803461004014645 
-0.0208817021786482 1.3201310286258816 -0.33803461004014645 
-0.020559067801748192 1.321137056498502 -0.3386347909994323 
-0.018952032427789235 1.3218927788754895 -0.33915110222652967 
-0.018952032427789235 1.3218927788754895 -0.33915110222652967 
-0.01867186948135434 1.3227644845553441 -0.3396818011530265 
-0.018015311288953895 1.3227157426583966 -0.3396867532237642 
-0.018015311288953895 1.3227157426583966 -0.3396867532237642 
-0.018015311288953895 1.3227157426583966 -0.3396867532237642 
-0.018557363152257762 1.3263463869764247 -0.3418073480971906 
-0.018557363152257762 1.3263463869764247 -0.3418073480971906 
-0.01827056853818871 1.327240123540446 -0.34234356543210254 
-0.018591366967361057 1.3272635658586942 -0.3423411449305094 
-0.018372452372827846 1.3279452413489128 -0.3427531044086747 
-0.018372452372827846 1.3279452413489128 -0.3427531044086747 
-0.017458089808395503 1.3307924638042103 -0.34447377691888625 
-0.017458089808395517 1.3307924638042101 -0.3444737769188867 
-0.017458089808395517 1.3307924638042101 -0.3444737769188867 
-0.014724185559889592 1.3339284737693855 -0.3464567366578595 
-0.014724185559889592 1.3339284737693855 -0.3464567366578595 
-0.015826717379116333 1.3358730648542432 -0.34754025760278984 
-0.015826717379116333 1.3358730648542432 -0.34754025760278984 
-0.015826717379116333 1.3358730648542432 -0.34754025760278984 
-0.015120798510477762 1.3380712170234026 -0.34886867505879116 
-0.015120798510477762 1.3380712170234026 -0.34886867505879116 
-0.015120798510477762 1.3380712170234026 -0.34886867505879116 
-0.012706276783094703 1.341742739018315 -0.3511618179254975 
-0.012706276783094703 1.341742739018315 -0.3511618179254975 
-0.011922622629299363 1.341684600308489 -0.35116772870568813 
-0.011922622629299363 1.341684600308489 -0.35116772870568813 
-0.012148067065522457 1.3432579196271284 -0.3520694859232607 
-0.013425012189379987 1.3433517053992718 -0.35205985219071834 
-0.013425012189379987 1.3433517053992718 -0.35205985219071834 
-0.013425012189379987 1.3433517053992718 -0.35205985219071834 
-0.013425012189379987 1.3433517053992718 -0.35205985219071834 
-0.012539506477162789 1.3461083805463065 -0.35372970170895457 
-0.012197786599359831 1.3471710772976393 -0.35437972077707147 
-0.012197786599359831 1.3471710772976393 -0.35437972077707147 
-0.011084069954503218 1.3491843165317805 -0.3555949120280101 
-0.00916369789215876 1.350276963067432 -0.3563525875737452 
-0.00916369789215876 1.350276963067432 -0.3563525875737452 
-0.008418001018499606 1.3526006902442096 -0.35774723447782575 
-0.008418001018499606 1.3526006902442096 -0.35774723447782575 
-0.008418001018499606 1.3526006902442096 -0.35774723447782575 
-0.008418001018499606 1.3526006902442096 -0.35774723447782575 
-0.009429014528134633 1.3557934132427418 -0.359586591250704 
-0.008754504888528771 1.3578937605960837 -0.36085590195948536 
-0.008419760986972013 1.3589347349399292 -0.36149279344449137 
-0.008419760986972013 1.3589347349399292 -0.36149279344449137 
-0.008419760986972013 1.3589347349399292 -0.36149279344449137 
-0.008419760986972013 1.3589347349399292 -0.36149279344449137 
-0.008419760986972013 1.3589347349399292 -0.36149279344449137 
-0.007734519057157224 1.3610712626712134 -0.3627683779802062 
-0.007734519057157224 1.3610712626712134 -0.3627683779802062 
-0.007734519057157224 1.3610712626712134 -0.3627683779802062 
-0.006674491530017096 1.3643699985575306 -0.36477360867372655 
-0.006674491530017096 1.3643699985575306 -0.36477360867372655 
-0.00596287660505021 1.3665865779146673 -0.3661092645018309 
-0.00596287660505021 1.3665865779146673 -0.3661092645018309 
-0.00596287660505021 1.3665865779146673 -0.3661092645018309 
-0.005962876605050203 1.3665865779146673 -0.3661092645018308 
-0.004103176534009932 1.3683355886624957 -0.36722821441197473 
-0.004103176534009932 1.3683355886624957 -0.36722821441197473 
-0.003044885530712329 1.3693295680641218 -0.3678706168393979 
-0.003044885530712329 1.3693295680641218 -0.3678706168393979 
-0.003044885530712329 1.3693295680641218 -0.3678706168393979 
-0.003044885530712412 1.3693295680641218 -0.3678706168393979 
-0.002954532307852689 1.3736895159530973 -0.37044250257212696 
-0.002954532307852689 1.3736895159530973 -0.37044250257212696 
-0.0033895140238595373 1.3745990500131569 -0.37095536929186723 
-0.0033895140238595373 1.3745990500131569 -0.37095536929186723 
-0.0033895140238595373 1.3745990500131569 -0.37095536929186723 
-0.0024529585368070605 1.3775160690474968 -0.372714324428876 
-0.0018602987338021057 1.379361545191323 -0.3738296078739848 
-0.0018602987338021057 1.379361545191323 -0.3738296078739848 
-0.0018602987338021057 1.379361545191323 -0.3738296078739848 
0.000536106363111407 1.3804803751169687 -0.3746094254375165 
0.000536106363111407 1.3804803751169687 -0.3746094254375165 
0.0008133910173377563 1.3813438084253005 -0.37513122729226234 
0.0008133910173377563 1.3813438084253005 -0.37513122729226234 
0.0008133910173377563 1.3813438084253005 -0.37513122729226234 
0.0008133910173377563 1.3813438084253005 -0.37513122729226234 
0.001626868899448023 1.3838768872967762 -0.3766620522449238 
0.001626868899448023 1.3838768872967762 -0.3766620522449238 
0.001619343208191435 1.3858525095279608 -0.37781923563522124 
0.001619343208191435 1.3858525095279608 -0.37781923563522124 
0.000606436449389328 1.387043372148646 -0.37846809706154305 
0.000606436449389328 1.387043372148646 -0.37846809706154305 
0.001624243007331128 1.39021201728817 -0.38038691393383695 
0.001624243007331128 1.39021201728817 -0.38038691393383695 
0.0038615875775461182 1.3919081004592484 -0.38149792978155384 
0.0038615875775461182 1.3919081004592484 -0.38149792978155384 
0.0038615875775461182 1.3919081004592484 -0.38149792978155384 
0.00419799461765746 1.3918830843624033 -0.38150046702229257 
0.00419799461765746 1.3918830843624033 -0.38150046702229257 
0.0038094629983335595 1.3949096222974489 -0.3832600698566767 
0.0053635717780334685 1.396528339428559 -0.38429102916919056 
0.005682171703044539 1.3965046453159342 -0.3842934321003164 
0.006343037969624354 1.3985625087361442 -0.3855370683361643 
0.006343037969624354 1.3985625087361442 -0.3855370683361643 
0.006804652047879615 1.399999923193401 -0.38640574634823244 
0.006804652047879615 1.399999923193401 -0.38640574634823244 
0.006804652047879615 1.399999923193401 -0.38640574634823244 
0.007692790754778234 1.402767888567742 -0.3880649635716882 
0.007692790754778234 1.402767888567742 -0.3880649635716882 
0.007692790754778234 1.402767888567742 -0.3880649635716882 
0.007692790754778234 1.402767888567742 -0.3880649635716882 
0.008570870236682968 1.4055004188120148 -0.38972598347466425 
0.008570870236682968 1.4055004188120148 -0.38972598347466425 
0.008570870236682968 1.4055004188120148 -0.38972598347466425 
0.0091267368009782 1.4072306346303132 -0.3907755090183824 
0.0091267368009782 1.4072306346303132 -0.3907755090183824 
0.0091267368009782 1.4072306346303132 -0.3907755090183824 
0.008138667584478287 1.4104972046535416 -0.3926459364767223 
0.008138667584478287 1.4104972046535416 -0.3926459364767223 
0.008138667584478287 1.4104972046535416 -0.3926459364767223 
0.0108723252389544 1.4126668915190324 -0.39405692451483754 
0.0108723252389544 1.4126668915190324 -0.39405692451483754 
0.011168673533677686 1.413588306250298 -0.3946215620955811 
0.012200640770858515 1.4167993504010006 -0.3965755771470396 
0.012200640770858515 1.4167993504010006 -0.3965755771470396 
0.012200640770858515 1.4167993504010006 -0.3965755771470396 
0.012200640770858515 1.4167993504010006 -0.3965755771470396 
0.011103837450490622 1.419412219350147 -0.39803096466873766 
0.011103837450490622 1.419412219350147 -0.39803096466873766 
0.011103837450490622 1.419412219350147 -0.39803096466873766 
0.011320550911188318 1.4200863504489818 -0.398442262615643 
0.011220273357867655 1.4200936696544733 -0.39844150597689 
0.012618286299212564 1.4218889336248348 -0.39957580748084176 
0.013806112632444925 1.4218009957441538 -0.39958476720823244 
0.013806112632444925 1.4218009957441538 -0.39958476720823244 
0.014798829582337275 1.424892895273759 -0.40144940852378874 
0.014798829582337275 1.424892895273759 -0.40144940852378874 
0.015676990210753725 1.4276287695763965 -0.4030949939942259 
0.015676990210753725 1.4276287695763965 -0.4030949939942259 
0.015676990210753725 1.4276287695763965 -0.4030949939942259 
0.015676990210753635 1.4276287695763965 -0.4030949939942259 
0.016382299912125413 1.429823644251948 -0.4044292263479079 
0.016382299912125413 1.429823644251948 -0.4044292263479079 
0.016382299912125413 1.429823644251948 -0.4044292263479079 
0.016382299912125413 1.429823644251948 -0.4044292263479079 
0.016232782944400375 1.432304419497885 -0.4058878386200485 
0.015167422378113336 1.4323825780020214 -0.4058798009493634 
0.015167422378113336 1.4323825780020214 -0.4058798009493634 
0.015167422378113336 1.4323825780020214 -0.4058798009493634 
0.018349688800083565 1.4361551658885892 -0.4082521949887088 
0.018349688800083565 1.4361551658885892 -0.4082521949887088 
0.018349688800083565 1.4361551658885892 -0.4082521949887088 
0.018414077264089078 1.436150371007506 -0.4082526806015996 
0.017666885411859696 1.438408060573165 -0.4095380879893964 
0.019301622984662002 1.4392112808204818 -0.41008982148866635 
0.019301622984662002 1.4392112808204818 -0.41008982148866635 
0.020419191434655107 1.442394761914722 -0.4120224787278024 
0.020419191434655107 1.442394761914722 -0.4120224787278024 
0.020419191434655107 1.442394761914722 -0.4120224787278024 
0.020137349687234858 1.444576165088286 -0.4133022145872173 
0.019648466706525262 1.4463374279861698 -0.4143053916181998 
0.019648466706525262 1.4463374279861698 -0.4143053916181998 
0.019648466706525262 1.4463374279861698 -0.4143053916181998 
0.02151126507221898 1.4490537041229892 -0.41598933861857623 
0.02253311973966787 1.4489779878301736 -0.4159970462716829 
0.022793007645442707 1.4497851786927303 -0.4164965523168309 
0.022793007645442707 1.4497851786927303 -0.4164965523168309 
0.022793007645442707 1.4497851786927303 -0.4164965523168309 
0.023904081480233038 1.4532442476699274 -0.41859088210448014 
0.024231791815992217 1.4542660815090298 -0.4192006151421337 
0.024231791815992217 1.4542660815090298 -0.4192006151421337 
0.024231791815992217 1.4542660815090298 -0.4192006151421337 
0.023857244712493952 1.4562368257026188 -0.4203401078522735 
0.02285127192787549 1.4563106041647385 -0.42033251818080397 
0.02285127192787549 1.4563106041647385 -0.42033251818080397 
0.02285127192787549 1.4563106041647385 -0.42033251818080397 
0.0239883989351622 1.4598494341901376 -0.42248276112144056 
0.0239883989351622 1.4598494341901376 -0.42248276112144056 
0.02425097693274484 1.4606538541781562 -0.4229536514366905 
0.02623595597786476 1.4605075141957427 -0.4229686255159646 
0.02623595597786476 1.4605075141957427 -0.4229686255159646 
0.02623595597786476 1.4605075141957427 -0.4229686255159646 
0.024906195678337753 1.462710096516267 -0.4241960493383077 
0.024906195678337753 1.462710096516267 -0.4241960493383077 
0.024906195678337753 1.462710096516267 -0.4241960493383077 
0.024906195678337753 1.462710096516267 -0.4241960493383077 
0.027363176655261154 1.4655298468162956 -0.42597891130449894 
0.027837518079050376 1.4654945989205856 -0.42598248893087653 
0.027837518079050376 1.4654945989205856 -0.42598248893087653 
0.028880371052878176 1.4687419260970855 -0.42794495821172696 
0.028880371052878176 1.4687419260970855 -0.42794495821172696 
0.028880371052878176 1.4687419260970855 -0.42794495821172696 
0.029523174342836342 1.47074216281927 -0.42916156428890173 
0.029523174342836342 1.47074216281927 -0.42916156428890173 
0.029523174342836342 1.47074216281927 -0.42916156428890173 
0.03026079609393751 1.4730404148231613 -0.43054267985186634 
0.03059170423157425 1.4740708256435173 -0.4311653918459757 
0.03059170423157425 1.4740708256435173 -0.4311653918459757 
0.03059170423157425 1.4740708256435173 -0.4311653918459757 
0.029501484810222446 1.4770193113877295 -0.43284359025181707 
0.029501484810222446 1.4770193113877295 -0.43284359025181707 
0.03240391809675931 1.4797145466387323 -0.43457218489564564 
0.03240391809675931 1.4797145466387323 -0.43457218489564564 
0.03240391809675931 1.4797145466387323 -0.43457218489564564 
0.03176134799867656 1.482659038014552 -0.43628620800683326 
0.03176134799867656 1.482659038014552 -0.43628620800683326 
0.03372121263310272 1.4838164540549061 -0.4370511058234132 
0.03372121263310272 1.4838164540549061 -0.4370511058234132 
0.03420551267684528 1.4857266969597056 -0.43821056285714843 
0.03234231697351544 1.4858639634534445 -0.438196507247788 
0.03395718879657356 1.48729894635551 -0.43911445270517846 
0.034819277589724286 1.487235014844782 -0.4391209551479247 
0.034819277589724286 1.487235014844782 -0.4391209551479247 
0.034681946615083045 1.4902023526441885 -0.440866281671905 
0.03375732371789387 1.4902701357243886 -0.44085930568412635 
0.03528905597809467 1.4913977442206805 -0.4415922878388362 
0.03528905597809467 1.4913977442206805 -0.4415922878388362 
0.03613593416402524 1.4913349357187202 -0.44159867554125243 
0.03613593416402524 1.4913349357187202 -0.44159867554125243 
0.03692466327951311 1.493790949707173 -0.44308292758722967 
0.03692466327951311 1.493790949707173 -0.44308292758722967 
0.038369218960515414 1.4982870631294463 -0.4458117738895804 
0.038369218960515414 1.4982870631294463 -0.4458117738895804 
0.038369218960515414 1.4982870631294463 -0.4458117738895804 
0.037030539475191616 1.5004639430285356 -0.4470119714758871 
0.037030539475191616 1.5004639430285356 -0.4470119714758871 
0.037030539475191616 1.5004639430285356 -0.4470119714758871 
0.037030539475191616 1.5004639430285356 -0.4470119714758871 
0.037030539475191616 1.5004639430285356 -0.4470119714758871 
0.03920668135927502 1.5021592335107308 -0.44812716246659823 
0.03920668135927502 1.5021592335107308 -0.44812716246659823 
0.03960305089057894 1.5021297676597767 -0.44813015197687167 
0.03960305089057894 1.5021297676597767 -0.44813015197687167 
0.038712700287836375 1.5057013127920127 -0.4501809883755843 
0.040282889421311883 1.5067173103744356 -0.4508658535674479 
0.03938657543258498 1.5077996843995443 -0.45144910507457015 
0.03938657543258498 1.5077996843995443 -0.45144910507457015 
0.04172460700262027 1.5087367457106517 -0.4521190737368781 
0.04172460700262027 1.5087367457106517 -0.4521190737368781 
0.04259234738747894 1.511437411313614 -0.45375897259831444 
0.04259234738747894 1.511437411313614 -0.45375897259831444 
0.04293364218664081 1.5133109682537504 -0.45487010190628885 
0.04287962501720211 1.5146780550944325 -0.45566719092026964 
0.04361486720244722 1.514623494236946 -0.4556727365160893 
0.04361486720244722 1.514623494236946 -0.4556727365160893 
0.04319974223058965 1.5169339782765523 -0.4570099320402323 
0.042339992441675335 1.5169969839682647 -0.4570034454481009 
0.042339992441675335 1.5169969839682647 -0.4570034454481009 
0.042339992441675335 1.5169969839682647 -0.4570034454481009 
0.043766684782354716 1.51940970071802 -0.4584983969472296 
0.04511999354833033 1.5193095985301026 -0.458508605108795 
0.045474360131116894 1.5204137466246972 -0.45917198122464975 
0.045474360131116894 1.5204137466246972 -0.45917198122464975 
0.04616093210738303 1.522551654741283 -0.4604639911688413 
0.04616093210738303 1.522551654741283 -0.4604639911688413 
0.04616093210738303 1.522551654741283 -0.4604639911688413 
0.04693346946886031 1.5249572494240877 -0.4619177731287696 
0.04693346946886031 1.5249572494240877 -0.4619177731287696 
0.04693346946886031 1.5249572494240877 -0.4619177731287696 
0.04773361949178077 1.527448826837124 -0.46342351735107323 
0.047733619491780684 1.527448826837124 -0.46342351735107323 
0.04821399956126965 1.528942605563362 -0.46433795158726743 
0.04821399956126965 1.528942605563362 -0.46433795158726743 
0.048812642139663506 1.5308087823212302 -0.4654540517149346 
0.048812642139663506 1.5308087823212302 -0.4654540517149346 
0.048812642139663506 1.5308087823212302 -0.4654540517149346 
0.048812642139663506 1.5308087823212302 -0.4654540517149346 
0.04957535349881411 1.5331837799350398 -0.4668893428346357 
0.04957535349881411 1.5331837799350398 -0.4668893428346357 
0.04863088032359322 1.5345579957259479 -0.46764522088936733 
0.04863088032359322 1.5345579957259479 -0.46764522088936733 
0.04799431190401023 1.5346045907975616 -0.4676404180124494 
0.04799431190401023 1.5346045907975616 -0.4676404180124494 
0.0492218276802756 1.538426246918418 -0.469953871433902 
0.0492218276802756 1.538426246918418 -0.469953871433902 
0.0492218276802756 1.538426246918418 -0.469953871433902 
