670	658	663	681	686	661
673	659	664	681	685	660
672	660	665	680	684	659
674	661	661	681	684	660
671	660	664	677	684	658
670	660	662	680	681	660
670	659	664	678	684	659
672	661	659	679	683	659
669	660	665	680	683	660
671	661	659	681	686	658
671	660	665	678	683	660
670	662	662	677	685	661
669	660	665	681	685	659
667	661	667	678	682	660
672	662	664	682	685	660
673	661	664	683	685	658
671	659	667	677	684	660
675	659	661	686	686	659
673	661	664	680	685	659
670	659	665	677	684	659
674	661	665	679	685	660
670	661	664	677	684	658
671	660	666	677	686	660
671	661	662	678	685	660
671	661	662	679	682	660
672	660	665	683	685	660
671	661	665	676	684	660
671	662	664	679	684	659
669	660	666	682	683	659
673	660	666	675	683	657
671	659	664	679	684	660
675	660	661	686	686	660
672	659	662	680	684	660
670	658	662	680	684	660
670	662	661	677	685	658
676	660	665	685	685	658
671	660	664	679	683	659
674	660	663	682	684	659
671	661	664	674	685	660
671	661	662	679	685	658
670	661	666	677	684	660
671	660	662	681	686	658
672	659	663	680	686	659
671	659	662	685	682	660
674	661	660	681	682	658
672	659	661	682	681	658
672	659	661	684	682	658
671	659	656	677	680	658
670	657	660	681	680	658
669	661	659	679	679	656
670	657	658	679	679	657
672	660	659	679	678	656
671	657	660	676	678	656
672	657	659	682	680	656
672	658	658	675	679	656
666	659	658	681	679	656
666	660	659	679	679	656
668	660	660	677	678	656
668	658	658	679	680	656
672	658	659	676	678	659
670	659	662	686	680	658
673	657	660	680	677	657
668	660	660	680	680	657
674	659	658	685	682	657
675	660	662	682	683	659
670	661	663	680	684	660
671	661	665	680	685	659
675	661	663	684	685	659
672	660	665	681	688	659
671	660	660	685	686	659
669	661	664	681	686	659
674	660	667	681	686	660
670	661	665	681	684	659
672	660	663	681	683	658
673	658	664	681	683	659
674	660	663	678	681	659
671	659	660	685	683	659
672	660	658	685	680	657
673	659	661	678	679	659
670	659	660	678	677	657
668	658	659	685	677	656
669	660	658	686	681	655
669	656	659	679	680	656
670	661	659	684	680	655
671	660	658	678	680	654
671	659	656	677	679	656
667	659	654	685	679	654
668	659	659	680	680	656
669	658	662	679	676	657
673	659	659	678	678	656
669	660	660	684	679	657
672	659	658	678	680	658
671	659	661	682	682	660
672	659	662	682	684	659
672	659	666	678	683	659
673	661	661	680	687	660
674	660	664	685	686	658
671	661	666	678	685	659
677	660	665	679	689	659
674	662	667	683	687	659
673	661	665	680	690	660
671	661	666	677	688	661
674	660	667	681	684	659
671	658	664	682	684	659
669	659	661	684	684	659
671	660	663	678	683	660
672	660	662	680	680	657
673	658	660	685	681	658
673	658	660	680	678	657
669	661	661	677	680	657
670	658	659	674	679	658
672	659	660	685	680	657
670	660	658	680	680	656
670	661	660	679	679	655
670	658	660	675	680	656
671	658	660	674	678	656
673	659	660	676	679	656
673	658	659	679	679	655
672	658	661	684	680	656
671	660	660	680	680	657
671	659	660	685	680	657
670	659	657	682	679	658
674	658	664	686	682	658
673	659	663	681	682	658
671	661	662	680	684	658
673	660	666	677	686	660
674	659	664	686	688	658
671	660	666	679	689	659
677	662	668	677	689	659
678	662	667	678	689	660
672	661	669	680	691	661
669	662	667	685	691	658
671	661	667	680	686	657
672	659	663	680	684	658
673	659	665	685	685	658
671	659	662	682	683	658
673	660	661	682	682	658
674	659	661	683	682	656
673	658	662	684	679	657
668	658	662	683	681	658
670	660	660	680	679	656
669	659	657	686	680	656
668	659	658	680	680	656
670	658	657	679	679	655
670	659	660	678	678	657
671	659	659	681	680	657
666	661	661	674	680	655
669	660	660	683	680	656
669	659	655	679	680	657
672	659	661	677	680	657
670	659	661	683	680	656
671	658	660	678	679	657
673	659	659	678	680	660
672	660	662	678	683	659
670	658	666	679	684	659
670	659	667	678	686	658
672	659	666	677	686	658
672	660	667	682	690	660
672	660	664	678	688	658
675	659	666	684	688	658
670	661	666	676	687	659
670	659	662	680	687	658
670	660	665	680	686	659
671	660	659	682	686	659
670	660	662	680	682	659
672	657	663	682	682	657
667	660	657	685	683	657
672	660	661	686	680	655
671	660	660	680	679	656
668	660	659	683	681	656
668	658	657	679	679	658
671	657	660	675	679	657
668	660	659	685	679	655
668	659	660	678	679	656
671	657	657	678	681	656
673	656	659	674	680	656
667	660	659	677	679	656
668	659	657	682	681	656
673	657	660	679	678	657
673	659	658	677	680	658
669	660	658	682	681	656
671	661	661	675	679	656
672	658	661	679	678	658
669	661	662	679	680	658
673	658	662	684	684	658
671	659	666	680	684	659
671	660	665	679	681	657
671	660	665	679	686	660
670	661	665	678	684	659
673	661	665	682	685	660
671	659	663	680	681	660
671	660	663	683	685	658
672	660	662	683	685	658
673	659	662	679	683	658
672	660	661	685	681	660
668	660	659	680	680	657
671	659	662	684	680	656
667	658	661	685	680	657
672	657	658	674	681	656
670	660	656	680	680	655
672	658	660	679	679	656
672	660	659	676	680	654
668	659	659	678	678	654
666	660	658	679	677	657
670	657	659	685	680	653
667	658	661	681	679	655
667	658	657	679	676	656
671	657	656	679	680	656
668	658	659	678	680	656
671	658	659	676	680	656
670	657	661	680	675	655
667	658	663	681	679	655
669	659	658	685	680	655
674	658	661	676	679	657
669	658	657	677	680	658
669	658	661	679	683	657
675	658	658	680	679	657
671	660	661	681	680	658
673	658	662	685	682	659
674	659	663	682	684	658
672	659	661	678	680	657
670	660	660	679	682	659
672	659	662	685	681	658
672	658	661	684	682	657
669	659	663	686	681	659
672	658	660	681	678	657
669	658	660	683	681	658
671	658	661	683	679	657
669	658	661	683	679	656
667	658	660	683	680	655
669	658	656	684	678	656
665	659	658	677	676	656
668	658	659	679	680	655
671	659	659	683	680	655
669	661	658	678	680	653
668	659	657	681	679	656
669	659	658	680	679	653
668	659	659	682	677	654
667	658	660	682	677	656
670	657	657	680	677	655
668	659	660	678	677	655
667	657	660	677	677	654
669	659	662	680	678	656
668	660	658	681	681	655
671	657	660	677	680	656
673	660	662	684	680	658
670	658	662	677	679	659
671	659	662	685	683	655
674	657	663	685	682	658
674	659	661	684	681	660
675	661	661	684	681	656
673	660	663	683	682	657
671	661	662	685	683	657
675	659	662	680	682	656
672	660	661	679	679	658
673	660	662	685	679	658
669	659	660	678	679	657
672	658	662	677	678	658
669	657	660	682	679	656
669	658	660	682	679	655
671	659	658	681	679	656
670	658	653	683	679	657
672	658	659	678	680	655
668	659	659	678	678	656
667	658	659	680	680	656
672	658	659	676	677	655
670	660	655	681	680	655
669	660	657	681	680	655
670	659	659	677	680	655
669	657	657	676	679	656
667	660	659	681	678	655
672	658	660	680	678	655
668	658	660	677	678	655
673	660	662	679	680	655
667	660	657	682	678	655
669	659	660	682	681	656
673	657	661	678	679	657
671	660	659	682	680	657
673	659	661	678	679	655
670	660	659	683	681	657
672	660	663	679	680	656
671	658	660	681	680	657
674	660	662	680	677	657
671	658	659	678	680	655
673	659	660	676	680	656
672	657	661	679	678	656
672	660	657	677	679	655
672	658	661	676	679	656
670	660	659	678	679	655
669	659	660	677	678	654
668	660	655	681	678	656
671	657	660	678	678	655
671	659	661	676	679	654
670	658	662	677	679	654
671	659	657	678	679	655
669	659	659	674	679	655
672	658	656	679	679	654
670	660	658	680	680	654
667	659	659	679	676	656
669	658	657	679	677	654
669	659	657	680	678	655
670	658	660	682	679	657
668	659	656	679	678	657
671	658	659	679	678	657
669	658	660	678	678	656
672	658	660	677	678	657
671	660	660	682	681	655
675	660	661	684	680	657
672	660	658	675	680	657
672	660	661	683	680	658
672	660	661	686	680	655
670	659	663	677	680	658
672	658	661	681	680	657
669	659	661	681	680	658
672	659	661	677	679	657
671	656	661	679	678	656
670	659	657	685	678	655
672	659	659	676	680	655
671	658	657	679	679	656
670	659	661	680	676	657
671	657	660	677	678	655
667	658	659	683	680	656
668	656	656	682	678	654
666	659	659	678	679	655
671	660	660	675	679	655
672	658	660	679	678	655
671	658	657	678	679	654
667	659	660	685	679	653
667	658	659	673	680	655
667	658	661	679	678	654
666	659	657	678	679	656
669	658	660	681	677	656
670	658	659	685	679	656
668	660	659	679	680	656
672	657	658	678	678	655
671	659	660	677	679	656
674	656	661	685	681	656
673	658	660	676	679	659
675	659	663	681	681	658
669	659	662	681	680	657
673	658	663	683	680	656
674	659	663	685	682	658
673	660	662	681	680	656
672	658	660	678	679	658
670	660	660	678	679	655
671	660	661	684	678	655
668	659	658	683	680	656
673	657	659	678	679	654
672	657	656	681	679	655
667	659	659	681	680	655
668	657	660	679	676	655
670	660	660	679	675	654
671	659	659	677	679	654
671	659	660	679	675	654
669	659	656	683	678	655
673	659	661	677	677	655
668	657	663	675	678	654
670	658	657	678	680	653
667	658	659	677	677	654
670	659	657	678	679	655
670	658	660	677	678	655
670	658	661	680	677	655
670	658	661	679	677	655
672	656	660	678	677	655
670	658	659	676	680	656
673	657	659	681	677	657
671	659	663	684	679	656
672	657	659	679	680	658
673	660	659	685	679	656
672	659	663	674	680	656
670	658	663	684	682	656
673	662	656	683	681	657
673	661	658	679	679	658
673	660	661	681	679	658
669	659	659	683	680	656
669	659	661	680	678	658
669	659	663	678	678	657
672	659	661	676	679	657
670	657	662	679	678	655
672	660	657	676	679	655
671	658	660	680	677	655
670	657	656	679	680	654
670	660	656	678	679	656
670	658	656	680	677	656
667	658	659	684	679	655
671	660	658	681	678	655
667	661	657	680	679	656
670	659	662	676	677	656
671	656	656	680	679	655
668	658	659	679	677	654
670	658	655	680	679	655
668	658	658	682	680	656
672	659	661	677	677	655
673	657	659	680	677	657
671	659	657	679	678	657
672	659	659	686	680	657
674	657	661	678	680	658
671	660	661	676	679	657
672	658	659	680	679	657
672	659	661	684	680	656
672	660	658	676	680	655
671	661	663	684	679	656
672	658	660	678	679	657
673	659	663	685	680	656
672	660	662	679	678	656
668	661	660	680	679	656
673	660	660	678	680	658
668	659	660	684	679	656
669	659	658	678	679	655
673	658	661	685	680	654
668	659	658	680	676	655
668	658	660	680	677	655
667	657	659	679	677	654
668	657	661	678	678	656
669	658	659	675	679	654
671	659	658	678	679	652
667	658	658	677	678	654
670	658	655	684	678	654
667	659	658	676	677	654
671	659	657	679	680	653
672	657	658	681	677	654
670	658	658	679	678	655
668	659	656	681	680	655
670	660	661	680	679	655
673	660	658	681	677	658
673	658	660	686	680	657
671	660	659	680	680	655
672	659	661	675	680	657
673	658	660	678	680	657
670	659	660	682	680	655
670	660	659	681	678	657
675	659	662	680	679	657
674	658	660	676	678	657
671	658	659	682	679	657
674	657	661	677	680	657
672	660	659	685	680	658
672	659	656	678	680	655
675	659	660	680	677	656
671	659	658	678	677	655
669	660	660	680	680	656
675	657	660	675	680	655
670	659	659	676	677	655
671	658	657	678	680	655
671	657	659	679	679	655
667	659	660	682	679	656
667	660	658	681	678	654
668	658	659	680	677	655
668	659	658	675	678	655
670	659	658	681	679	654
667	660	659	682	679	655
669	659	657	681	679	656
673	658	660	675	679	654
672	659	660	679	676	654
672	657	660	677	679	655
673	661	661	675	679	655
672	659	661	676	677	657
672	661	659	684	680	657
673	659	661	680	676	659
670	657	662	680	678	657
675	660	663	685	681	657
675	660	662	681	680	655
673	659	662	682	678	656
670	659	659	682	679	656
675	657	661	676	679	657
669	660	659	684	680	656
670	660	659	679	680	655
674	658	656	679	679	653
669	659	659	677	679	655
668	654	660	674	678	656
670	660	659	677	679	656
670	658	659	682	679	655
667	659	657	681	678	654
668	656	657	677	677	655
671	657	658	678	678	655
669	657	660	681	675	656
672	658	656	678	678	655
672	658	660	679	677	655
670	658	660	682	680	654
671	659	659	677	677	655
668	660	656	682	679	656
667	659	658	683	679	656
671	657	661	678	675	656
672	659	660	677	677	655
670	660	659	679	679	656
673	660	660	680	679	656
674	658	660	679	677	656
673	660	659	683	680	654
676	658	662	684	680	657
675	658	661	679	680	655
675	661	660	682	680	656
672	660	661	679	679	657
671	658	660	684	680	657
675	660	657	681	677	658
670	659	660	683	681	654
675	657	662	685	680	656
674	660	659	684	679	655
671	658	662	676	678	656
672	660	659	681	677	656
670	658	661	677	679	655
669	657	659	676	677	656
671	658	658	680	680	655
671	659	660	678	678	654
670	659	657	679	678	655
666	657	658	680	677	655
669	658	662	685	678	656
668	660	656	680	674	653
665	659	654	683	678	654
669	659	657	680	680	653
672	659	658	677	677	654
669	658	658	679	679	653
669	659	659	682	678	654
671	659	659	678	677	654
670	659	662	677	678	654
673	659	660	674	678	655
671	660	659	683	679	654
671	660	661	676	680	657
673	656	661	680	677	656
671	660	660	682	680	656
670	660	659	678	680	656
673	659	662	685	681	655
672	659	656	678	680	656
675	659	660	684	680	655
673	656	660	679	678	657
673	660	660	685	679	655
671	662	659	678	680	655
674	657	662	684	680	655
673	660	658	681	679	656
672	659	659	678	678	655
668	658	657	676	678	654
674	659	659	676	678	656
673	658	659	679	675	655
669	660	659	679	679	654
672	657	657	681	678	654
668	657	655	677	677	654
668	658	660	683	677	654
667	657	660	675	677	655
667	657	659	679	677	655
670	658	661	679	675	655
669	660	660	680	679	653
671	655	658	679	678	654
668	657	656	675	678	654
669	658	657	679	678	654
669	657	659	684	677	655
668	657	658	680	676	655
672	659	659	680	674	655
670	661	660	677	678	653
670	658	658	679	676	655
671	659	660	679	676	654
673	659	660	676	679	656
674	660	660	684	679	657
670	661	657	680	678	654
669	659	660	679	679	655
671	658	659	685	680	654
671	659	660	678	679	657
673	658	661	678	676	655
676	657	658	677	680	655
671	659	660	679	680	655
671	659	659	679	678	656
671	658	660	679	678	656
673	660	660	681	674	656
670	658	661	679	676	653
670	657	658	679	678	654
668	660	659	680	677	655
671	658	657	678	679	654
670	657	655	684	676	655
668	659	655	678	676	654
671	657	660	677	678	653
668	657	659	680	678	654
668	659	659	678	675	655
669	657	658	679	678	653
672	658	659	679	678	653
668	659	656	681	678	656
667	659	658	683	680	654
670	659	659	676	678	656
672	658	656	679	679	654
669	657	661	684	679	655
670	659	658	679	677	654
672	656	658	678	678	657
673	657	658	677	680	654
674	659	660	684	679	655
675	657	656	682	677	657
671	660	660	678	678	656
674	660	660	683	680	655
673	660	658	676	677	655
673	660	662	680	678	655
672	660	657	681	675	656
671	658	658	685	679	656
672	660	659	678	680	655
674	659	655	679	679	655
675	659	660	685	676	655
670	658	659	679	676	655
669	657	660	677	678	656
670	657	659	682	678	655
668	661	656	678	678	655
667	659	659	684	677	655
668	660	657	679	676	654
669	657	659	676	678	655
670	658	657	678	679	654
668	659	659	680	675	655
670	659	658	676	678	654
671	660	655	678	679	654
666	657	657	677	677	655
667	660	659	683	678	655
669	659	657	684	679	653
670	660	657	681	679	654
669	659	658	678	678	654
671	659	656	684	679	654
671	658	656	685	679	654
676	657	656	680	677	654
672	659	658	676	679	654
674	656	659	678	679	654
672	659	657	683	678	656
676	658	660	680	677	656
671	660	658	681	678	655
675	660	658	685	679	655
673	659	661	678	677	656
677	658	659	680	676	656
674	658	661	685	679	654
672	661	659	680	679	654
676	658	661	679	676	654
670	656	657	677	679	655
674	658	657	673	678	655
670	659	657	684	677	655
669	659	657	676	677	655
672	658	659	675	678	654
670	658	656	678	676	655
671	660	658	676	679	654
671	658	659	679	677	655
672	657	658	679	681	653
667	659	657	684	676	655
663	658	659	675	680	655
669	658	658	676	679	655
671	657	658	677	680	653
673	659	659	679	678	656
673	658	659	678	678	655
675	660	658	680	675	655
672	658	659	680	675	655
677	658	658	673	680	655
674	657	659	679	677	657
672	657	661	679	677	656
672	658	660	682	679	656
678	659	659	685	680	655
678	659	661	679	679	655
673	660	655	684	679	656
678	661	662	682	680	654
672	659	660	682	678	655
673	659	661	679	677	655
676	661	659	683	678	655
671	660	659	677	679	656
673	657	658	673	678	654
674	660	659	677	679	655
675	659	660	678	678	655
672	658	657	679	677	655
669	656	656	677	678	656
669	660	657	679	679	655
672	658	658	678	678	654
668	658	656	680	675	655
671	658	660	676	679	654
668	658	660	680	678	653
669	659	657	685	678	656
670	658	658	683	679	655
674	659	659	676	679	654
673	661	661	678	676	654
671	659	660	679	679	656
673	658	658	673	679	654
669	659	658	683	677	654
676	658	659	680	676	655
672	659	656	680	676	657
673	660	660	679	679	655
676	658	660	684	677	656
671	660	660	680	680	655
678	660	661	682	679	656
678	659	660	682	679	654
673	660	658	680	678	656
674	661	657	685	680	656
676	660	659	683	679	656
671	658	659	685	680	655
671	658	660	680	679	656
679	658	656	682	677	656
671	657	654	679	678	655
674	660	658	676	680	655
674	660	660	678	674	655
672	659	656	677	677	655
672	658	657	677	678	654
671	659	658	683	677	656
669	659	658	677	675	655
670	659	657	677	677	655
666	659	659	685	680	653
673	658	658	678	678	654
668	659	658	683	676	654
669	659	658	683	677	655
673	661	658	677	678	654
675	659	655	677	677	654
670	659	661	681	678	654
668	660	657	682	677	654
670	659	661	685	676	655
674	659	659	677	678	656
676	660	661	682	679	654
676	659	661	682	678	656
675	661	659	681	677	657
673	660	659	681	680	655
677	660	659	680	676	657
675	661	661	678	678	657
675	659	660	684	681	655
678	660	661	683	680	656
677	660	659	684	680	654
676	660	659	678	677	656
675	658	660	685	678	656
671	661	659	679	678	654
669	661	658	681	680	656
678	658	660	678	676	655
672	658	660	678	678	655
672	660	660	674	679	652
670	659	657	681	678	655
670	661	658	682	679	654
673	660	661	675	679	653
673	658	657	677	678	654
671	659	657	679	679	655
669	657	656	685	678	655
668	659	658	681	676	655
670	659	660	684	680	654
668	658	659	679	675	652
673	659	658	676	677	655
673	659	658	677	678	654
671	659	656	681	679	654
672	659	659	678	679	655
672	658	658	679	679	656
678	660	659	681	678	655
678	659	660	680	676	657
672	659	657	684	680	656
678	659	661	685	681	656
678	660	661	681	678	655
677	660	660	678	678	656
678	659	661	684	677	657
674	660	661	674	679	655
674	659	658	676	678	654
676	660	658	680	677	656
674	659	658	683	678	656
670	660	658	683	679	655
673	658	659	678	680	654
672	659	659	680	677	653
674	659	658	676	679	655
667	658	658	676	677	653
671	658	658	675	678	654
668	658	659	683	678	654
667	658	657	676	678	654
669	658	658	682	679	654
670	658	659	677	675	654
671	660	654	679	678	654
669	658	654	679	675	654
672	657	655	681	678	655
668	658	659	686	678	655
669	656	655	677	676	654
675	659	662	682	678	655
672	659	656	680	679	655
676	659	661	680	676	654
674	659	661	685	679	655
676	660	661	684	680	656
674	658	659	679	677	655
675	658	659	676	679	657
673	660	659	683	679	655
677	657	659	676	680	655
676	660	659	678	675	656
673	660	660	681	679	653
677	657	660	685	679	655
678	657	660	679	677	656
675	658	660	681	675	655
672	659	658	675	677	653
673	658	656	679	676	654
671	658	658	680	675	655
672	658	659	677	678	655
672	656	656	676	677	654
668	660	658	678	678	653
669	659	661	681	678	655
667	656	656	675	678	653
669	656	657	682	677	655
671	657	658	679	676	654
669	658	658	677	678	654
669	659	659	680	679	654
670	659	659	678	679	654
673	658	656	679	677	655
669	658	656	678	675	655
671	659	657	680	678	655
670	661	661	679	679	655
672	658	659	682	679	655
671	660	654	682	680	655
673	660	659	680	677	656
677	660	657	686	678	656
680	660	659	685	679	656
680	659	660	679	676	655
673	660	661	679	679	658
678	660	660	680	678	655
678	660	658	684	676	656
675	658	662	684	680	655
679	658	661	682	680	656
679	658	657	677	678	656
675	658	662	685	678	655
672	661	659	679	680	655
674	659	660	676	679	655
671	659	659	680	675	653
669	659	657	685	677	654
671	660	658	681	674	654
668	659	659	677	677	654
669	658	658	684	679	652
668	660	656	680	678	655
668	658	659	680	676	654
671	658	658	678	679	653
670	661	655	680	679	654
669	657	656	674	678	655
668	658	660	683	676	655
669	658	660	683	680	653
669	658	659	680	675	655
671	658	657	676	678	655
670	660	659	678	677	654
673	658	659	679	676	655
673	659	661	685	679	655
670	660	661	681	678	655
675	659	660	677	678	655
674	659	660	678	678	656
673	660	659	681	678	656
677	659	659	679	676	655
673	658	657	684	676	655
671	660	659	682	677	656
673	658	659	681	678	657
677	657	661	679	676	656
671	659	662	678	677	655
667	657	660	684	678	657
674	658	660	680	676	656
676	658	661	680	676	656
671	660	659	683	679	655
673	658	658	677	677	655
668	658	659	680	675	655
670	657	658	677	678	655
674	659	660	677	677	654
672	659	659	676	677	654
668	659	657	679	676	655
669	657	657	682	676	653
667	658	658	679	676	654
671	657	660	676	677	653
668	659	660	683	677	655
669	658	657	683	679	653
669	660	656	683	677	654
668	659	659	680	678	656
669	656	658	681	675	655
672	659	658	679	677	656
673	660	659	676	678	655
674	660	658	686	678	655
671	659	661	681	678	656
672	659	660	683	679	657
672	659	660	681	679	656
678	659	660	686	677	655
676	657	663	680	676	657
671	659	660	675	678	655
674	659	659	684	680	655
675	660	661	686	679	655
674	659	659	680	676	656
672	658	659	683	676	655
668	660	658	682	679	654
668	659	656	685	678	654
670	659	654	683	678	655
669	658	658	679	676	653
670	659	657	676	680	653
669	659	660	682	679	655
663	657	659	675	678	654
669	658	657	680	679	655
667	659	659	680	673	654
671	658	656	680	675	655
668	658	658	675	677	655
669	659	657	683	678	653
668	660	658	679	675	655
671	659	659	675	678	655
668	656	660	680	676	654
670	657	659	684	676	655
667	657	660	676	678	655
673	660	662	674	677	654
669	658	658	678	676	655
670	657	660	682	676	655
674	659	658	681	680	656
671	660	658	679	679	656
672	660	657	682	678	654
670	656	658	682	677	656
674	658	660	679	675	655
673	658	661	686	677	655
670	659	661	683	677	655
670	659	656	679	676	654
672	658	660	680	674	654
669	659	659	679	679	656
673	659	658	676	678	654
669	660	662	686	679	655
667	656	656	684	679	654
669	658	657	681	678	655
668	658	657	683	677	655
668	656	658	680	675	654
670	659	658	677	675	655
666	658	659	685	677	654
665	658	658	680	678	653
671	657	659	680	679	655
667	658	658	680	676	653
666	658	656	677	674	655
669	657	658	675	679	654
667	660	658	682	678	655
667	657	657	675	679	655
671	659	658	678	678	654
669	659	656	683	676	655
669	659	660	683	677	655
669	657	660	673	679	653
669	659	660	681	678	655
672	659	660	678	677	657
668	658	657	683	678	654
667	659	662	683	678	656
670	660	660	678	679	655
667	658	660	683	679	654
669	660	662	683	676	658
668	656	658	677	677	656
672	660	658	679	677	655
672	659	660	679	675	656
669	660	658	677	677	656
671	657	661	678	679	656
667	657	660	681	678	655
667	658	659	680	676	654
669	659	660	678	676	654
668	657	660	676	679	654
671	660	656	681	676	655
667	659	659	684	677	653
668	659	659	681	675	654
668	658	659	679	675	652
669	658	657	678	676	655
666	659	657	676	679	654
669	658	660	680	675	654
670	660	660	677	677	654
666	657	660	679	676	652
665	658	659	678	676	655
670	659	658	680	678	652
668	660	656	682	677	655
665	658	660	683	677	653
667	656	659	675	677	655
671	659	660	679	674	654
669	659	658	682	678	656
672	661	660	677	677	656
673	657	660	679	677	655
668	659	660	678	677	655
669	659	659	680	678	656
671	658	660	679	678	657
674	657	659	678	678	656
672	659	660	680	676	656
670	658	660	678	678	655
671	659	660	687	678	654
667	659	658	684	679	655
670	657	657	682	679	656
670	658	658	677	678	654
669	656	659	679	677	653
669	658	659	684	678	654
666	658	657	683	678	653
668	657	658	677	679	655
668	658	657	681	679	655
667	659	657	679	679	653
667	658	656	678	677	654
663	657	658	674	678	655
666	658	657	682	675	654
667	655	659	676	678	652
668	661	660	677	678	654
669	660	657	681	680	655
667	658	655	681	675	655
667	657	660	684	677	654
666	660	656	684	678	655
669	659	659	680	676	655
668	658	658	681	679	655
665	659	658	681	678	655
669	658	655	682	677	656
667	657	661	683	678	656
670	660	657	681	678	655
672	659	659	676	680	657
668	660	662	680	678	655
671	657	660	677	678	654
669	658	659	677	677	655
671	656	659	680	675	657
669	657	660	678	675	655
669	659	659	677	676	655
668	658	657	681	678	654
670	659	657	682	678	655
668	658	660	681	678	655
667	657	659	684	678	654
667	657	660	679	676	655
670	659	659	679	680	655
667	658	658	677	676	655
666	659	660	680	674	654
665	658	656	682	676	654
667	658	657	676	678	653
668	657	660	680	675	653
667	657	658	678	677	655
669	660	660	684	679	653
670	657	659	680	676	654
668	659	658	683	676	655
667	658	660	678	675	654
669	658	660	677	678	654
667	657	660	679	676	655
672	659	661	683	680	656
667	657	661	683	677	656
669	658	659	679	678	655
665	659	658	680	679	655
668	657	661	678	677	656
672	660	662	686	679	656
669	658	659	678	678	655
669	656	657	681	678	656
672	657	661	680	680	655
667	660	660	680	679	655
671	660	660	681	676	654
667	659	660	679	678	654
666	657	659	681	676	653
669	658	657	680	678	655
667	657	656	685	676	656
666	658	657	681	674	654
668	658	659	679	679	654
666	657	660	679	675	655
666	655	657	675	675	655
666	658	660	678	673	655
667	661	658	685	677	654
667	659	657	683	678	655
665	656	659	678	678	654
667	658	658	678	676	653
664	657	659	678	675	655
670	658	660	676	677	653
668	661	655	681	678	654
667	658	658	675	677	654
666	659	659	685	679	653
668	656	661	682	676	655
670	661	657	681	679	654
667	659	656	681	678	656
666	659	660	684	678	653
670	657	660	682	677	655
666	659	659	682	677	656
670	658	660	679	680	656
670	660	661	679	676	654
669	658	660	681	676	655
671	656	659	677	677	656
669	659	659	678	677	655
669	658	658	681	678	655
668	660	658	686	679	654
668	657	657	678	677	655
668	656	657	683	679	654
666	658	659	679	676	655
665	658	656	679	677	653
668	657	660	677	677	655
665	657	656	680	678	655
666	657	659	680	675	654
670	655	660	680	679	654
665	657	659	679	676	655
669	657	657	681	678	654
666	656	659	673	677	655
666	658	659	683	675	655
669	656	658	677	679	654
666	657	658	675	677	653
671	660	660	677	678	653
667	657	657	679	678	655
665	658	658	681	676	655
667	659	658	681	675	656
669	660	661	678	677	654
672	656	660	677	678	654
668	660	659	678	678	655
666	658	661	680	678	655
668	658	657	680	680	654
668	657	659	685	677	655
667	657	658	682	679	655
669	659	660	680	679	656
667	660	660	680	679	655
667	658	658	677	678	654
667	657	661	683	677	655
665	657	659	680	679	655
667	659	658	680	680	655
669	659	660	677	680	652
667	657	659	676	678	656
665	656	658	679	676	653
666	658	658	683	679	654
667	658	659	684	678	655
667	659	658	676	675	655
668	656	657	684	678	654
667	659	657	680	679	654
665	656	659	680	676	654
664	655	660	679	676	654
669	658	659	679	678	654
667	658	658	684	678	655
667	660	660	681	678	654
667	659	662	675	677	654
667	658	659	679	678	654
665	660	657	678	676	654
666	659	659	680	677	654
667	658	659	683	677	656
667	657	658	683	678	655
668	657	661	679	677	656
669	658	661	675	679	656
670	659	661	679	676	655
670	655	659	678	680	654
669	658	662	680	678	656
667	657	660	682	679	654
666	659	661	677	676	654
669	656	660	676	678	655
662	657	655	678	678	654
667	659	660	682	679	656
668	659	657	681	678	655
668	658	659	683	678	655
668	657	659	679	675	654
670	658	658	680	677	653
665	659	659	676	679	655
665	658	656	684	678	654
666	657	658	677	677	654
669	658	657	680	677	655
666	659	658	681	675	656
662	658	657	682	678	654
667	659	658	682	679	654
667	659	658	680	676	653
664	657	659	679	675	654
665	659	658	683	678	655
667	657	657	679	677	654
668	657	660	680	679	655
670	658	659	679	680	654
668	657	661	681	676	654
668	657	657	678	679	654
664	658	662	684	678	655
666	658	665	685	680	655
666	656	661	681	680	655
669	658	659	681	678	654
669	657	661	677	677	654
667	659	661	682	678	655
666	658	661	681	678	655
666	656	659	679	677	655
667	658	663	675	677	654
669	658	655	682	678	655
665	658	658	677	679	655
666	657	659	679	676	655
667	658	656	678	680	654
666	659	655	685	676	655
667	657	659	684	679	655
669	659	659	681	677	654
664	658	656	680	678	653
664	658	659	680	675	653
669	658	657	681	678	655
664	656	658	675	678	655
666	656	659	681	676	653
665	657	659	673	676	654
664	657	662	680	674	655
667	659	659	679	678	653
667	658	661	680	674	653
669	657	659	676	677	654
668	656	659	674	677	653
667	655	661	686	677	654
666	658	662	680	677	653
665	657	656	678	677	655
667	659	660	677	679	654
669	659	658	680	678	654
669	659	663	680	679	656
669	659	661	681	679	654
666	656	663	683	680	655
667	658	662	680	679	656
667	659	659	681	679	655
667	658	656	679	676	655
669	658	656	679	680	654
667	658	661	680	679	655
667	656	660	682	678	656
666	658	659	681	679	656
667	658	660	685	679	654
667	657	660	684	677	654
665	659	658	675	678	654
667	657	658	682	677	654
667	659	658	685	678	655
668	657	658	684	678	655
668	657	660	674	680	653
665	658	660	683	675	654
668	657	659	679	676	655
662	657	656	679	676	655
668	658	658	681	678	655
668	657	660	683	679	654
669	659	657	682	678	653
668	658	658	679	676	655
669	656	660	677	678	654
667	658	660	680	680	654
665	658	659	681	680	656
669	656	662	678	678	656
667	658	666	679	680	656
663	658	659	681	675	656
665	658	663	678	679	656
667	657	663	676	680	656
669	659	662	674	678	656
668	659	660	681	680	655
665	659	660	681	680	654
668	657	661	678	677	655
666	657	662	677	677	655
668	659	660	680	677	655
669	656	660	679	678	655
667	657	661	683	678	654
667	658	656	677	676	654
666	658	659	682	677	654
666	656	659	677	675	655
666	658	658	684	678	655
667	657	661	677	678	654
665	659	659	679	675	656
667	658	661	675	678	654
670	658	657	678	680	653
666	659	658	679	676	654
667	656	655	678	679	653
665	657	658	680	676	653
665	655	658	684	677	654
668	657	659	676	678	654
666	659	659	680	678	656
668	661	662	680	676	654
664	658	659	678	678	655
669	657	661	680	678	654
668	658	657	681	679	656
666	658	659	685	676	656
668	660	660	680	680	656
666	656	662	681	680	655
666	657	659	682	678	652
666	659	663	679	680	655
665	658	660	686	680	655
667	657	660	682	680	654
667	659	659	680	677	654
665	657	657	675	678	653
665	656	659	679	676	652
668	657	660	676	679	653
666	656	659	681	675	655
668	657	660	676	678	654
666	659	658	679	676	655
669	658	659	677	679	653
664	657	658	676	676	652
666	658	657	676	677	654
666	656	654	683	678	654
668	659	658	680	676	653
665	659	658	679	678	653
666	655	655	676	675	655
666	655	659	678	679	654
663	657	658	676	677	653
665	655	660	677	675	654
666	656	658	679	679	654
666	658	658	677	675	654
665	659	658	680	679	654
666	660	657	684	678	655
667	658	659	682	679	654
666	659	660	681	679	653
667	660	659	678	678	653
664	657	660	677	679	654
667	657	661	681	678	654
665	657	661	680	679	653
666	656	661	672	678	653
668	660	657	680	680	653
670	659	659	679	679	654
665	657	659	682	679	655
665	657	660	681	676	655
668	657	660	679	673	654
664	657	658	680	675	655
667	658	656	680	679	654
668	654	657	673	677	653
665	655	658	672	679	653
666	658	658	685	678	654
665	655	659	676	678	653
665	658	658	682	677	653
665	658	657	680	678	654
665	657	656	678	679	654
665	656	661	679	674	653
667	656	656	682	676	654
665	655	658	676	676	653
663	656	657	676	679	653
664	656	659	677	674	653
662	655	659	675	675	653
666	656	657	673	676	654
668	658	659	685	677	653
666	655	661	679	674	654
666	658	660	682	677	653
666	656	661	680	676	654
668	657	658	678	679	655
668	656	660	680	678	654
666	654	657	675	678	653
665	656	661	684	678	654
666	656	659	678	678	655
668	657	657	680	679	654
666	658	659	683	680	653
667	654	658	680	676	654
667	659	660	680	679	654
667	656	658	685	678	654
665	658	657	683	676	654
665	657	658	678	677	653
665	657	655	676	678	654
666	655	658	678	677	653
669	658	658	679	678	653
664	657	657	674	675	653
664	657	660	677	678	653
666	656	658	675	677	653
665	656	658	676	676	652
666	658	658	676	675	654
666	655	658	679	677	654
664	657	660	679	674	655
668	657	658	682	677	653
666	657	658	677	676	653
665	658	659	679	676	653
670	658	659	679	679	654
665	656	656	674	679	653
667	657	659	681	677	655
665	654	655	679	677	655
666	659	659	679	680	653
667	658	657	680	679	653
667	657	655	679	678	655
666	657	659	679	675	655
666	657	659	681	677	654
666	655	659	680	675	654
666	657	658	682	677	655
665	657	660	677	675	654
665	657	660	683	678	655
664	658	659	675	676	655
666	656	657	678	678	654
667	657	657	679	674	654
667	658	658	676	676	653
666	657	659	678	678	653
668	658	656	674	678	654
670	657	655	683	676	654
664	656	660	673	677	654
666	658	658	677	678	653
666	657	658	676	677	654
665	658	655	675	678	653
666	657	656	677	679	653
664	657	652	680	675	654
664	657	658	678	674	655
669	655	660	676	677	653
666	656	658	676	676	653
666	657	658	684	676	654
664	658	657	680	677	652
666	656	657	676	679	653
665	656	658	673	675	653
665	657	657	679	674	654
666	657	659	680	677	654
666	655	658	676	678	655
667	659	657	683	678	653
666	659	661	682	675	655
669	656	658	676	679	653
667	658	657	677	678	654
666	657	660	678	676	653
666	657	659	682	677	653
667	656	658	676	677	654
667	657	658	678	675	654
667	655	660	681	677	654
666	657	658	675	679	653
667	656	655	683	677	653
667	656	658	677	676	653
664	658	656	679	677	654
665	655	658	678	674	653
664	659	656	681	677	654
667	656	658	675	679	652
665	656	661	679	674	652
663	656	659	677	674	653
665	654	656	676	678	654
668	655	658	679	675	653
668	656	651	675	674	653
669	658	655	679	676	654
663	657	655	680	678	652
665	657	655	675	678	653
663	655	657	680	675	653
664	658	657	679	677	654
666	655	659	676	677	653
665	658	656	675	677	653
666	659	658	681	676	654
665	655	658	679	678	653
664	657	659	674	678	654
666	657	658	675	678	654
665	659	657	683	677	654
664	657	653	683	678	652
664	656	660	683	675	654
664	659	660	678	680	654
668	657	661	678	678	653
665	655	659	678	679	652
666	659	659	681	677	654
666	657	658	677	678	653
664	654	657	676	678	653
667	655	661	676	677	653
666	656	658	678	674	653
667	658	656	683	676	654
665	656	659	675	675	654
667	656	659	674	675	654
665	655	657	679	679	652
665	654	653	676	677	654
665	655	656	679	677	653
665	656	655	678	679	653
666	655	654	675	675	655
667	655	658	677	678	653
667	656	658	675	675	654
665	657	657	678	678	654
665	656	656	678	677	652
666	656	656	682	677	655
665	656	658	679	675	652
666	657	655	678	676	653
666	656	656	683	677	653
667	655	659	677	675	653
666	656	659	682	677	654
667	655	655	678	677	653
665	655	659	677	678	654
666	657	658	676	676	654
667	656	656	681	675	655
667	656	658	676	675	653
665	654	660	677	678	653
664	656	657	679	677	654
663	657	656	675	675	654
668	657	657	673	676	653
668	657	656	679	679	654
666	656	660	677	676	653
664	656	654	681	675	654
666	657	654	684	677	654
665	654	658	675	674	654
664	657	652	678	676	653
670	655	656	677	676	654
668	654	655	679	674	654
665	656	657	682	674	654
668	657	658	678	677	653
664	657	651	679	676	653
667	656	658	677	678	654
660	656	657	682	674	655
668	656	655	682	675	654
667	656	657	677	676	652
665	657	660	681	676	653
667	658	655	680	676	653
666	655	658	678	677	654
666	659	656	676	676	654
667	656	658	684	675	654
667	657	657	679	675	653
665	659	658	683	678	653
666	656	660	674	679	653
665	656	659	682	675	654
665	657	655	681	677	653
664	656	658	674	678	654
667	654	658	674	677	654
664	655	657	677	678	654
664	656	658	674	676	654
668	656	658	683	674	653
665	657	653	683	675	654
667	657	653	679	675	653
666	655	659	678	674	653
665	656	653	678	675	651
664	656	657	676	677	654
667	658	657	676	677	653
664	656	654	676	676	653
663	655	655	679	677	654
665	656	660	675	674	652
664	658	653	684	675	653
666	655	655	680	675	654
665	655	656	677	674	654
666	658	656	676	679	654
664	655	658	674	675	654
665	656	653	682	676	652
667	658	658	677	678	654
666	656	656	678	678	653
663	656	656	675	674	654
666	657	655	679	674	654
665	657	657	681	674	654
668	657	653	681	676	655
665	655	657	677	675	654
664	657	654	681	675	655
665	656	658	674	677	654
667	657	656	678	676	654
665	656	656	682	676	654
666	658	656	677	675	653
664	657	658	676	676	652
663	657	655	682	675	653
663	656	656	680	676	653
665	656	655	682	674	653
666	658	653	679	679	653
666	655	656	677	675	654
666	657	653	677	676	655
664	657	656	674	676	652
666	659	657	676	677	653
666	655	657	680	673	654
668	657	657	682	674	654
665	659	656	681	674	655
665	657	653	680	674	653
666	654	654	680	674	654
666	657	657	678	676	654
663	657	654	681	674	654
665	657	655	681	672	654
669	659	656	679	674	654
665	657	654	680	675	653
665	656	656	681	675	654
666	656	655	680	675	653
666	656	657	678	678	653
667	658	657	683	676	655
666	657	657	676	678	654
666	657	653	679	674	654
664	657	656	678	674	653
665	659	657	674	678	653
666	655	657	679	678	653
666	656	656	677	678	653
665	656	657	679	676	654
663	656	657	678	674	654
667	657	659	680	676	655
666	657	659	672	675	654
665	656	657	676	677	652
667	657	658	677	677	653
666	656	656	675	673	654
665	655	655	681	673	654
667	656	657	678	675	654
661	655	655	674	677	653
664	656	656	677	677	653
665	657	654	678	674	653
667	656	651	677	676	654
665	653	656	676	675	653
663	656	653	678	673	653
666	655	655	678	672	652
666	656	655	677	675	653
664	655	657	677	674	653
668	656	654	683	672	653
664	656	658	682	674	654
664	657	655	682	674	654
665	656	652	681	677	653
664	657	655	683	677	655
664	655	655	681	675	654
666	658	654	682	674	653
668	655	655	678	672	653
666	655	652	677	676	654
665	656	657	677	676	654
665	655	657	676	676	653
667	655	653	683	676	654
666	655	658	674	676	654
666	655	656	677	677	654
665	656	656	676	677	653
663	657	656	673	673	653
665	657	654	678	674	653
669	659	656	679	674	654
665	657	655	683	673	652
668	657	655	677	674	653
667	654	656	675	675	654
664	656	655	679	675	654
665	655	653	681	677	653
665	656	655	681	676	653
664	657	656	679	674	653
666	657	657	678	675	653
666	654	655	677	678	653
666	656	657	676	675	654
666	657	658	675	676	653
667	658	657	677	676	653
663	656	656	680	675	653
667	655	653	680	675	654
667	657	655	683	674	653
664	657	655	681	674	653
666	657	658	674	675	653
666	657	656	679	674	654
666	655	657	675	676	653
666	656	659	679	673	654
666	654	657	675	676	654
664	655	657	675	675	654
665	654	656	684	675	654
664	656	654	678	676	653
668	656	654	678	676	654
665	654	656	678	675	652
666	655	656	676	674	653
665	656	657	681	672	653
661	655	656	676	676	654
663	657	657	675	676	654
665	655	655	680	676	654
666	656	655	676	674	654
667	653	654	680	674	654
665	655	655	683	673	653
662	656	657	675	677	653
662	656	657	674	675	654
664	653	657	677	673	654
665	654	654	682	675	654
663	656	652	680	674	655
665	655	656	682	675	654
666	655	653	677	675	653
664	653	654	682	676	654
666	657	655	681	670	652
666	658	655	674	675	653
665	656	656	674	675	654
667	655	657	675	676	653
665	656	655	681	673	653
668	655	657	683	674	653
668	655	656	678	676	652
668	656	657	681	675	654
664	658	656	681	675	653
667	655	657	677	674	653
667	657	657	679	674	654
666	656	654	683	675	652
665	656	657	675	677	654
666	655	654	678	677	653
664	655	655	682	677	653
666	657	651	677	674	652
665	656	655	680	674	653
667	656	656	672	675	654
665	659	657	674	675	653
661	654	656	672	676	654
667	657	656	678	675	654
665	655	655	679	674	653
