-0.6427623335390682 1.1764460364682752 -0.3497362448927669 
-0.6409214004552146 1.1694754925627329 -0.3623533423604349 
-0.6423411867198977 1.174851123593793 -0.35261937945187594 
-0.6421339419263683 1.174067158170667 -0.3540486549548616 
-0.6430312077378132 1.1774629867471773 -0.3478801982785531 
-0.641678150428262 1.172340718645742 -0.3571651134333568 
-0.6431844991235601 1.178044094563277 -0.3468376840926731 
-0.6419592952215772 1.1734044841907054 -0.3552291612413627 
-0.6432889480439571 1.1784388496795963 -0.3461131473903656 
-0.641785773581271 1.1727474921226781 -0.35641881439732614 
-0.642370954378054 1.1749638306616716 -0.35241529431062957 
-0.6411335056892226 1.1702778587642781 -0.3608907209269052 
-0.6426640964246451 1.1760724854996891 -0.3503907469541043 
-0.6411822373030441 1.1704618326317975 -0.36055027735961453 
-0.6432176016295541 1.178168716062474 -0.34660229379833707 
-0.6414307632877883 1.1714040551337073 -0.35886118368655395 
-0.6425258235302026 1.1755489531338614 -0.35133873698559115 
-0.6420561831356012 1.1737713236862803 -0.354564903962043 
-0.6432328249986466 1.178226711198877 -0.34650214418918734 
-0.6418963918968248 1.1731663180153402 -0.3556604223721369 
-0.6424619533233336 1.1753087292207087 -0.35179563224645305 
-0.6420496408945492 1.1737465532860551 -0.3546097571440462 
-0.6429448759927079 1.1771361152880728 -0.3484720831457261 
-0.6416378616363294 1.1721885322197276 -0.3574455516139583 
-0.6429309591682303 1.1770837790790445 -0.34857171682115684 
-0.6416692755243931 1.1723067602305732 -0.35722173837506155 
-0.6430538130432123 1.1775489315594332 -0.34772943859097893 
-0.6417591306825853 1.1726457270032342 -0.35659093585712787 
-0.6434732620170323 1.1791374160084698 -0.34485794434990735 
-0.6420575062605169 1.1737774014177995 -0.35456849518072786 
-0.643802749265735 1.1803842169931775 -0.3425905594068319 
-0.641650733887764 1.172237269466997 -0.3573573002897058 
-0.6432150972495508 1.1781599459696892 -0.34662790531760423 
-0.6411358309991592 1.1702866629121722 -0.3608747787522014 
-0.6435257974703533 1.1793356150293504 -0.34448932302411883 
-0.6417587296189057 1.1726445625675632 -0.3565978832850618 
-0.6434215515532047 1.178941628529117 -0.3452124679492704 
-0.642081300173884 1.1738664224583713 -0.3543927031702039 
-0.6434694695472548 1.1791230568625 -0.34488394527769783 
-0.6424122969704502 1.1751196509865396 -0.3521234105162522 
-0.6433780461406375 1.1787765511971013 -0.3455065174213836 
-0.6425391721261795 1.175600384970224 -0.3512577834709335 
-0.6434314117940313 1.1789777145562634 -0.3451300823522807 
-0.6420454405437351 1.1737310058378692 -0.35464277530375066 
-0.6438791523065079 1.1806734961382597 -0.34206674509513924 
-0.6422700101481411 1.1745809209844669 -0.3530989197778819 
-0.6435809017503421 1.1795446082895507 -0.34411575246628157 
-0.6422738376530603 1.1745957688087711 -0.3530768994772998 
-0.6435785856678259 1.1795358390787518 -0.34413163137838676 
-0.6423196757284448 1.1747700341557306 -0.3527710782454856 
-0.6438888761330521 1.1807106687661513 -0.34200429999441573 
-0.6424380580536203 1.1752175442852228 -0.35195101502015136 
-0.6439695237872014 1.1810160189748489 -0.3414513848876293 
-0.6424392887818492 1.175221313058671 -0.3519320136299212 
-0.643235928893213 1.1782375722025724 -0.346470300491557 
-0.6427420203830034 1.1763680581956233 -0.34986284810082846 
-0.6437509708739254 1.1801872832274531 -0.3429350081836683 
-0.6425537164152433 1.1756550969017 -0.3511538479388365 
-0.6433858451854012 1.1788057241122663 -0.3454488268484468 
-0.6425112979637416 1.1754944910768277 -0.35144466610198277 
-0.6439810492483002 1.1810580558196564 -0.34135338488677547 
-0.6423549078940076 1.1749030750537854 -0.3525253079686045 
-0.6436727072302744 1.1798918485159262 -0.343482119200875 
-0.6427721940476565 1.1764823024956739 -0.3496559794052687 
-0.6438651786560085 1.1806196996499987 -0.342152007007845 
-0.6422409049897126 1.1744710783173704 -0.35330268368967055 
-0.6430099421376313 1.1773835384705855 -0.34803865633721676 
-0.6428163453796505 1.176649825424327 -0.3493575015512934 
-0.6439287754987891 1.1808617367641387 -0.34173075252053187 
-0.6423620041933223 1.1749283420930807 -0.3524576740148059 
-0.6436661649892227 1.1798670781157012 -0.3435269723828789 
-0.6427913394834521 1.1765535463107548 -0.34950995817604247 
-0.6437801678935176 1.1802990748521165 -0.3427495966618127 
-0.6423319205152933 1.1748163956805524 -0.3526871287778991 
-0.6442304125182357 1.1820034465266451 -0.33965852777591277 
-0.6427058874115607 1.176230715602114 -0.35010423064762397 
-0.6437136585219351 1.1800468993427227 -0.3432013597908161 
-0.6429178654587066 1.1770342033414998 -0.34866148644776207 
-0.6439731464143327 1.1810304471130224 -0.34143499004180433 
-0.6425503484068034 1.1756423448620916 -0.35117693878711786 
-0.6440775879818489 1.1814248183622917 -0.34070628292449356 
-0.6430960377188859 1.1777088037053145 -0.3474399489423915 
-0.6440651641249336 1.181378490892579 -0.34079990173664376 
-0.6420517186709134 1.1737538852021818 -0.3545891692723976 
-0.6431878671319999 1.1780568466028851 -0.34681459324439246 
-0.6417243205682966 1.1725142821409917 -0.3568337895131173 
-0.6435061781000788 1.1792616876957254 -0.3446280529851321 
-0.6416680021403802 1.1723019389114884 -0.35723046861358987 
-0.6429805823605117 1.1772720197049236 -0.348235724246549 
-0.6420243282058984 1.1736510697649285 -0.35478752012804426 
-0.6435669683455635 1.1794918532763776 -0.34421127898930726 
-0.6418290501828682 1.1729113470973684 -0.3561221128125629 
-0.6431417907504635 1.1778811439612529 -0.34711570551666404 
-0.6416095537851333 1.1720809962828747 -0.35763540758711543 
-0.6427674958291818 1.1764632688577485 -0.34967342872935336 
-0.6413418608414754 1.1710667383652382 -0.35946225146337707 
-0.6424492509145452 1.1752599229812355 -0.35187427748874023 
-0.6415906982937274 1.172008358070952 -0.35774989519519695 
-0.6430580299743275 1.1775648978117648 -0.347700527583679 
-0.6412933558963222 1.1708841557847478 -0.35980746071142644 
-0.6428832957928717 1.1769040268442268 -0.34890693549518503 
-0.6424338245422042 1.1752011592287468 -0.3519758188750469 
-0.6432035291326678 1.1781168565792453 -0.3467156341667559 
-0.6417483856806561 1.1726053980842737 -0.35666880065745377 
-0.6425648598030268 1.17569639918553 -0.3510669090597034 
-0.6414731485786878 1.1715638233502899 -0.35856215121859913 
-0.6427919031367931 1.1765583477165689 -0.34953771540229794 
-0.6416253456504885 1.1721400757921956 -0.3575186979266842 
-0.6429168559208054 1.177031093058075 -0.3486768494261482 
-0.6419890702326141 1.173517575125634 -0.35502924651511913 
-0.6428946584964428 1.1769463365480357 -0.3488205918818087 
-0.6418921988988914 1.173151154434204 -0.3556976109468435 
-0.6432414876718467 1.1782598660608647 -0.34644697428723725 
-0.6412793985583618 1.1708305981003797 -0.3598947096670456 
-0.6428517544729784 1.1767830011969755 -0.3491041754979579 
-0.641696505641944 1.172409859597377 -0.35703505044827355 
-0.6437639184062227 1.1802375506281444 -0.34286100209694437 
-0.6426127919673144 1.1758782352525086 -0.3507424869991538 
-0.6438709306749465 1.1806423671867778 -0.34212311206998447 
-0.6422584444413214 1.1745378426645718 -0.3531866551684153 
-0.6435735271669162 1.1795170424807475 -0.3441705329597077 
-0.6417722646378299 1.1726963442158667 -0.3565114308408429 
-0.6428612847914564 1.1768196201461287 -0.3490451790212845 
-0.6423589617998333 1.1749191341648662 -0.35250593323929036 
-0.6436023466883528 1.1796242025112857 -0.34394974517254506 
-0.64229115564658 1.1746616946656974 -0.35296238925839707 
-0.6431638112470609 1.1779657655966982 -0.3469795188374577 
-0.642141038493445 1.1740926052102145 -0.35398314111055473 
-0.6429877778738707 1.1772996195688359 -0.34819061309768595 
-0.6424968998519048 1.1754390874822056 -0.3515328380941979 
-0.6432235237589004 1.1781914946073015 -0.346565912888002 
-0.642646347152431 1.176004928669856 -0.35050823705649625 
-0.643815213636133 1.1804317659382302 -0.34250932531449274 
-0.6422634679070893 1.174556150584242 -0.35314377295988564 
-0.6431994844542624 1.1781008324052593 -0.34673494563347207 
-0.6419882047296378 1.1735139421087661 -0.35503095952173325 
-0.6435154608849843 1.179296834413111 -0.34456441081151323 
-0.6424220207969943 1.1751568236144316 -0.35206096541552845 
-0.6434461614964068 1.179033206174374 -0.34502476158441 
-0.642003241675783 1.1735715874332275 -0.35493630884214444 
-0.6436043467509962 1.179633732377435 -0.34395923588228583 
-0.6423210762993197 1.1747737339369748 -0.3527424707732896 
-0.6432313393839649 1.1782210863266112 -0.34651232946747057 
-0.6424097925904468 1.175110880893755 -0.35214902203551945 
-0.6437466077655838 1.1801720086382683 -0.3429796827308498 
-0.6425068761548384 1.1754781051383658 -0.3514792025640401 
-0.6442684441959758 1.1821481550913902 -0.3394062267020316 
-0.6427971504707137 1.1765775051970635 -0.3494933214327972 
-0.6444776132357621 1.1829397602267389 -0.3379679564522766 
-0.6433698318619568 1.1787458061126697 -0.3455670548112313 
-0.6446073911573492 1.1834302376680776 -0.3370676438088831 
-0.6425970188245619 1.1758194056176297 -0.35086119024387996 
-0.6447693805191999 1.184045169024752 -0.3359760604577535 
-0.6434204903998607 1.178937610763213 -0.3452197431480435 
-0.6446016886115523 1.183408646543481 -0.3371067400944665 
-0.6433679144330569 1.1787381902669924 -0.3455759797540211 
-0.6445803993459504 1.1833285755959462 -0.3372590406952144 
-0.6429706536561792 1.1772344273909012 -0.3483037948020298 
-0.6445985828424463 1.1833981344697404 -0.337142817469697 
-0.643509300449486 1.1792726185736109 -0.3445960827623057 
-0.644206821608117 1.1819151941021595 -0.3398329280092801 
-0.6429558120926399 1.177176986815223 -0.34839076317996875 
-0.6444334969389099 1.1827727259764205 -0.3382704149334602 
-0.6427991716888177 1.1765835568342093 -0.34946048190791523 
-0.6444672527172115 1.1829001769393046 -0.33803476667226384 
-0.6430292715863106 1.1774551210270585 -0.34788712963704793 
-0.644495706745634 1.1830070212130106 -0.33782914715922574 
-0.64333162111415 1.1786011316030338 -0.3458290252296753 
-0.6443801217903342 1.1825713476799113 -0.33864479315566964 
-0.6430269908066981 1.1774470204948462 -0.34790910928585295 
-0.6447098946760287 1.1838208313011775 -0.3363944320879684 
-0.6434774881755678 1.1791534171978957 -0.34482897008000957 
-0.6440362030014303 1.1812681254920392 -0.3409900156766602 
-0.6428213854257194 1.1766685521481415 -0.3493187264951687 
-0.6435369976841587 1.1793783775924132 -0.3444167559077105 
-0.6425239226816037 1.1755417560923294 -0.3513517690807856 
-0.6435304886037093 1.1793544448004776 -0.3444698233945227 
-0.6429087430212651 1.1769987726945634 -0.3487134656925217 
-0.6441538377602767 1.1817145853037223 -0.34019618184717115 
-0.6427137291121086 1.1762609410629155 -0.35005681122639 
-0.6442684183882543 1.1821477013501502 -0.33940218281222556 
-0.6428866048329879 1.1769154875343055 -0.34887158645228866 
-0.6439669343633914 1.181005323791043 -0.34145857421298353 
-0.6427291554844494 1.1763197048154042 -0.3499552698400835 
-0.6445035626164195 1.183037654407408 -0.33778582834901383 
-0.6427439378119034 1.1763756740413005 -0.34985392315803887 
-0.6442188210036945 1.1819599144655109 -0.3397422192766395 
-0.6429338953624519 1.1770945401452408 -0.3485473656373823 
-0.6441069219512472 1.181535883386714 -0.3405051711253547 
-0.6429605053682974 1.1771956476566476 -0.3483691499822633 
-0.6433432550167135 1.178645536209553 -0.3457534847711593 
-0.6418926399405303 1.1731531803447104 -0.35569880801973863 
-0.643161516687663 1.177957787986545 -0.34700366877558864 
-0.6414683539238898 1.1715467377879456 -0.3586076855397785 
-0.6424798582679563 1.1753758093247426 -0.3516644354510734 
-0.6411565188756583 1.1703649918787509 -0.3607329440074174 
-0.6428524596284906 1.1767869181433943 -0.3491141254202026 
-0.6421252134674881 1.1740326880926042 -0.3540916364661765 
-0.6430145503694819 1.1774002742209888 -0.34799862094559864 
-0.6412905069110035 1.1708714117058754 -0.35980379016070396 
