-0.6977623335390682 1.2464460364682755 -0.34973624489276645 
-0.6959214004552148 1.2394754925627334 -0.36235334236043504 
-0.6973411867198978 1.2448511235937931 -0.35261937945187594 
-0.6971339419263682 1.244067158170667 -0.35404865495486193 
-0.6980312077378132 1.2474629867471774 -0.3478801982785531 
-0.6966781504282622 1.2423407186457422 -0.3571651134333569 
-0.6981844991235603 1.2480440945632776 -0.34683768409267346 
-0.6969592952215773 1.2434044841907057 -0.35522916124136283 
-0.6982889480439571 1.2484388496795964 -0.34611314739036525 
-0.696785773581271 1.2427474921226784 -0.35641881439732603 
-0.6973709543780541 1.2449638306616717 -0.35241529431062935 
-0.6961335056892226 1.2402778587642784 -0.36089072092690544 
-0.6976640964246451 1.2460724854996892 -0.3503907469541042 
-0.6961822373030442 1.2404618326317973 -0.36055027735961465 
-0.6982176016295542 1.2481687160624741 -0.34660229379833707 
-0.6964307632877884 1.2414040551337076 -0.3588611836865543 
-0.6975258235302026 1.2455489531338617 -0.35133873698559137 
-0.6970561831356012 1.2437713236862806 -0.3545649039620429 
-0.6982328249986468 1.2482267111988767 -0.34650214418918734 
-0.696896391896825 1.2431663180153405 -0.3556604223721368 
-0.6974619533233336 1.245308729220709 -0.3517956322464534 
-0.6970496408945493 1.2437465532860557 -0.3546097571440463 
-0.697944875992708 1.247136115288073 -0.3484720831457262 
-0.6966378616363295 1.242188532219728 -0.3574455516139584 
-0.6979309591682304 1.2470837790790448 -0.34857171682115695 
-0.6966692755243934 1.2423067602305733 -0.35722173837506177 
-0.6980538130432125 1.2475489315594335 -0.34772943859097905 
-0.6967591306825853 1.2426457270032345 -0.35659093585712776 
-0.6984732620170324 1.24913741600847 -0.34485794434990735 
-0.6970575062605171 1.2437774014177998 -0.35456849518072786 
-0.698802749265735 1.2503842169931776 -0.3425905594068315 
-0.6966507338877641 1.2422372694669972 -0.3573573002897058 
-0.6982150972495509 1.2481599459696895 -0.34662790531760423 
-0.6961358309991592 1.2402866629121723 -0.3608747787522014 
-0.6985257974703534 1.2493356150293506 -0.34448932302411883 
-0.6967587296189056 1.2426445625675633 -0.3565978832850617 
-0.6984215515532048 1.248941628529117 -0.3452124679492703 
-0.697081300173884 1.2438664224583713 -0.35439270317020355 
-0.6984694695472549 1.2491230568625002 -0.34488394527769795 
-0.6974122969704503 1.2451196509865399 -0.35212341051625184 
-0.6983780461406378 1.2487765511971014 -0.34550651742138383 
-0.6975391721261797 1.2456003849702242 -0.35125778347093317 
-0.6984314117940313 1.2489777145562633 -0.3451300823522807 
-0.6970454405437353 1.2437310058378692 -0.35464277530375043 
-0.6988791523065081 1.2506734961382595 -0.34206674509513924 
-0.6972700101481412 1.244580920984467 -0.3530989197778819 
-0.6985809017503423 1.2495446082895507 -0.34411575246628145 
-0.6972738376530605 1.2445957688087712 -0.3530768994772999 
-0.6985785856678262 1.249535839078752 -0.34413163137838687 
-0.6973196757284449 1.2447700341557308 -0.35277107824548526 
-0.6988888761330523 1.2507106687661516 -0.34200429999441573 
-0.6974380580536205 1.2452175442852231 -0.35195101502015147 
-0.6989695237872016 1.2510160189748492 -0.3414513848876294 
-0.6974392887818492 1.2452213130586713 -0.3519320136299213 
-0.6982359288932131 1.2482375722025725 -0.3464703004915568 
-0.6977420203830035 1.2463680581956236 -0.34986284810082846 
-0.6987509708739255 1.2501872832274532 -0.3429350081836684 
-0.6975537164152433 1.2456550969017 -0.35115384793883664 
-0.6983858451854013 1.2488057241122663 -0.3454488268484467 
-0.6975112979637417 1.2454944910768275 -0.351444666101983 
-0.6989810492483001 1.2510580558196562 -0.3413533848867756 
-0.6973549078940077 1.2449030750537857 -0.3525253079686044 
-0.6986727072302745 1.2498918485159267 -0.34348211920087557 
-0.6977721940476566 1.246482302495674 -0.3496559794052686 
-0.6988651786560084 1.2506196996499988 -0.3421520070078452 
-0.6972409049897128 1.2444710783173705 -0.3533026836896709 
-0.6980099421376313 1.2473835384705858 -0.34803865633721687 
-0.6978163453796506 1.246649825424327 -0.34935750155129364 
-0.6989287754987893 1.250861736764139 -0.34173075252053176 
-0.6973620041933224 1.2449283420930808 -0.352457674014806 
-0.6986661649892228 1.2498670781157015 -0.3435269723828791 
-0.6977913394834521 1.246553546310755 -0.34950995817604236 
-0.6987801678935177 1.2502990748521168 -0.3427495966618127 
-0.6973319205152934 1.2448163956805525 -0.352687128777899 
-0.6992304125182357 1.2520034465266454 -0.339658527775913 
-0.6977058874115607 1.2462307156021142 -0.35010423064762397 
-0.6987136585219352 1.250046899342723 -0.3432013597908161 
-0.6979178654587067 1.2470342033414998 -0.3486614864477622 
-0.6989731464143327 1.2510304471130227 -0.3414349900418042 
-0.6975503484068034 1.2456423448620917 -0.35117693878711786 
-0.6990775879818489 1.2514248183622918 -0.34070628292449356 
-0.6980960377188861 1.2477088037053148 -0.3474399489423913 
-0.6990651641249338 1.2513784908925794 -0.3407999017366439 
-0.6970517186709133 1.2437538852021817 -0.3545891692723976 
-0.6981878671320001 1.2480568466028856 -0.34681459324439246 
-0.6967243205682966 1.2425142821409918 -0.3568337895131173 
-0.6985061781000791 1.2492616876957257 -0.34462805298513244 
-0.6966680021403805 1.2423019389114887 -0.35723046861358976 
-0.6979805823605117 1.2472720197049239 -0.34823572424654947 
-0.6970243282058985 1.2436510697649288 -0.35478752012804426 
-0.6985669683455636 1.2494918532763777 -0.34421127898930737 
-0.6968290501828683 1.2429113470973685 -0.3561221128125631 
-0.6981417907504635 1.247881143961253 -0.34711570551666404 
-0.6966095537851335 1.2420809962828754 -0.35763540758711554 
-0.6977674958291817 1.2464632688577486 -0.34967342872935325 
-0.6963418608414755 1.2410667383652383 -0.35946225146337685 
-0.6974492509145453 1.2452599229812358 -0.35187427748874067 
-0.6965906982937273 1.2420083580709516 -0.35774989519519684 
-0.6980580299743276 1.2475648978117648 -0.34770052758367886 
-0.6962933558963224 1.2408841557847479 -0.35980746071142666 
-0.6978832957928718 1.246904026844227 -0.34890693549518503 
-0.6974338245422043 1.245201159228747 -0.3519758188750468 
-0.6982035291326678 1.2481168565792455 -0.34671563416675555 
-0.6967483856806561 1.242605398084274 -0.3566688006574539 
-0.6975648598030268 1.24569639918553 -0.3510669090597033 
-0.6964731485786879 1.24156382335029 -0.35856215121859913 
-0.6977919031367931 1.246558347716569 -0.34953771540229783 
-0.6966253456504885 1.2421400757921959 -0.357518697926684 
-0.6979168559208055 1.2470310930580755 -0.3486768494261484 
-0.6969890702326142 1.2435175751256342 -0.3550292465151189 
-0.6978946584964429 1.246946336548036 -0.3488205918818088 
-0.6968921988988915 1.243151154434204 -0.3556976109468434 
-0.6982414876718469 1.248259866060865 -0.34644697428723725 
-0.696279398558362 1.2408305981003798 -0.3598947096670456 
-0.6978517544729784 1.2467830011969758 -0.349104175497958 
-0.6966965056419442 1.2424098595973774 -0.35703505044827366 
-0.6987639184062229 1.2502375506281445 -0.3428610020969445 
-0.6976127919673144 1.2458782352525086 -0.35074248699915367 
-0.6988709306749467 1.2506423671867781 -0.34212311206998425 
-0.6972584444413216 1.2445378426645726 -0.3531866551684155 
-0.6985735271669163 1.2495170424807478 -0.3441705329597079 
-0.69677226463783 1.2426963442158667 -0.356511430840843 
-0.6978612847914565 1.2468196201461288 -0.3490451790212844 
-0.6973589617998333 1.2449191341648662 -0.35250593323929014 
-0.6986023466883527 1.2496242025112858 -0.3439497451725452 
-0.6972911556465801 1.2446616946656974 -0.3529623892583974 
-0.6981638112470611 1.2479657655966985 -0.3469795188374578 
-0.697141038493445 1.2440926052102146 -0.3539831411105542 
-0.6979877778738708 1.2472996195688362 -0.34819061309768595 
-0.6974968998519048 1.2454390874822057 -0.3515328380941979 
-0.6982235237589005 1.2481914946073018 -0.3465659128880023 
-0.697646347152431 1.246004928669856 -0.35050823705649636 
-0.6988152136361332 1.2504317659382305 -0.34250932531449274 
-0.6972634679070895 1.2445561505842422 -0.3531437729598855 
-0.6981994844542625 1.2481008324052596 -0.3467349456334722 
-0.6969882047296379 1.2435139421087662 -0.35503095952173314 
-0.6985154608849846 1.2492968344131115 -0.34456441081151357 
-0.6974220207969944 1.245156823614432 -0.35206096541552845 
-0.6984461614964068 1.2490332061743745 -0.34502476158440976 
-0.6970032416757832 1.243571587433228 -0.35493630884214444 
-0.6986043467509964 1.2496337323774356 -0.3439592358822864 
-0.6973210762993196 1.2447737339369749 -0.3527424707732898 
-0.6982313393839651 1.2482210863266112 -0.34651232946747035 
-0.697409792590447 1.2451108808937552 -0.35214902203551934 
-0.6987466077655841 1.2501720086382688 -0.34297968273084956 
-0.6975068761548384 1.2454781051383657 -0.35147920256403964 
-0.699268444195976 1.2521481550913902 -0.3394062267020318 
-0.6977971504707138 1.2465775051970636 -0.3494933214327973 
-0.6994776132357623 1.252939760226739 -0.3379679564522765 
-0.698369831861957 1.2487458061126697 -0.3455670548112313 
-0.6996073911573493 1.2534302376680777 -0.3370676438088832 
-0.6975970188245622 1.24581940561763 -0.35086119024387985 
-0.6997693805192 1.2540451690247523 -0.3359760604577533 
-0.6984204903998608 1.2489376107632133 -0.3452197431480436 
-0.6996016886115524 1.253408646543481 -0.3371067400944663 
-0.698367914433057 1.2487381902669927 -0.3455759797540211 
-0.6995803993459505 1.2533285755959465 -0.33725904069521406 
-0.6979706536561793 1.2472344273909013 -0.3483037948020298 
-0.6995985828424465 1.2533981344697407 -0.3371428174696971 
-0.698509300449486 1.2492726185736107 -0.3445960827623058 
-0.6992068216081171 1.2519151941021598 -0.3398329280092801 
-0.6979558120926399 1.2471769868152232 -0.34839076317996853 
-0.6994334969389102 1.2527727259764205 -0.33827041493346 
-0.6977991716888177 1.2465835568342096 -0.34946048190791523 
-0.6994672527172117 1.2529001769393047 -0.33803476667226395 
-0.6980292715863107 1.2474551210270588 -0.3478871296370476 
-0.699495706745634 1.2530070212130109 -0.33782914715922574 
-0.6983316211141501 1.248601131603034 -0.3458290252296756 
-0.6993801217903342 1.2525713476799114 -0.3386447931556693 
-0.6980269908066983 1.2474470204948465 -0.34790910928585306 
-0.6997098946760287 1.2538208313011774 -0.33639443208796815 
-0.6984774881755679 1.2491534171978957 -0.34482897008000934 
-0.6990362030014303 1.2512681254920393 -0.3409900156766603 
-0.6978213854257195 1.2466685521481415 -0.3493187264951686 
-0.698536997684159 1.2493783775924132 -0.34441675590771037 
-0.6975239226816038 1.2455417560923296 -0.35135176908078547 
-0.6985304886037094 1.249354444800478 -0.3444698233945226 
-0.6979087430212652 1.2469987726945635 -0.3487134656925218 
-0.6991538377602767 1.2517145853037226 -0.34019618184717115 
-0.6977137291121086 1.2462609410629155 -0.35005681122639 
-0.6992684183882545 1.2521477013501505 -0.33940218281222534 
-0.697886604832988 1.2469154875343058 -0.3488715864522888 
-0.6989669343633913 1.251005323791043 -0.3414585742129833 
-0.6977291554844496 1.2463197048154044 -0.34995526984008385 
-0.6995035626164195 1.2530376544074082 -0.33778582834901394 
-0.6977439378119036 1.2463756740413008 -0.34985392315803887 
-0.6992188210036948 1.2519599144655111 -0.3397422192766393 
-0.6979338953624521 1.2470945401452413 -0.3485473656373823 
-0.6991069219512472 1.251535883386714 -0.3405051711253547 
-0.6979605053682975 1.2471956476566477 -0.3483691499822632 
-0.6983432550167137 1.2486455362095532 -0.3457534847711594 
-0.6968926399405303 1.2431531803447107 -0.3556988080197385 
-0.698161516687663 1.247957787986545 -0.34700366877558864 
-0.6964683539238898 1.2415467377879459 -0.35860768553977873 
-0.6974798582679564 1.2453758093247427 -0.3516644354510733 
-0.6961565188756583 1.240364991878751 -0.3607329440074174 
-0.6978524596284909 1.246786918143395 -0.3491141254202027 
-0.6971252134674881 1.2440326880926043 -0.3540916364661765 
-0.698014550369482 1.247400274220989 -0.3479986209455984 
-0.6962905069110036 1.2408714117058757 -0.3598037901607041 
