-0.5500986983569127 1.1113065287178303 -0.5511147798252249 
-0.550097159894934 1.1112994427013405 -0.5511105933407696 
-0.550097159894934 1.1112994427013405 -0.5511105933407696 
-0.550097159894934 1.1112994427013405 -0.5511105933407696 
-0.550097159894934 1.1112994427013405 -0.5511105933407696 
-0.5501154905562526 1.111369361691409 -0.5509888711858348 
-0.5501154905562526 1.111369361691409 -0.5509888711858348 
-0.5504144105375031 1.112504076500571 -0.5489393478833087 
-0.5504144105375031 1.112504076500571 -0.5489393478833087 
-0.5504144105375031 1.112504076500571 -0.5489393478833087 
-0.5506621280078579 1.1134441284127903 -0.5472373942104294 
-0.5506621280078579 1.1134441284127903 -0.5472373942104294 
-0.5510556446289644 1.1149383579698002 -0.5445442582221882 
-0.5510556446289644 1.1149383579698002 -0.5445442582221882 
-0.5513510966509778 1.1160579510279172 -0.5424953662255749 
-0.5515842913486764 1.116943247907873 -0.5408974113472778 
-0.5515842913486764 1.116943247907873 -0.5408974113472778 
-0.5516908365511749 1.1173468559941007 -0.540156925929715 
-0.5516908365511749 1.1173468559941007 -0.540156925929715 
-0.5522227510623486 1.1193661100251606 -0.5365108460674284 
-0.5523694065385938 1.119923537301138 -0.5355137803304557 
-0.5523694065385938 1.119923537301138 -0.5355137803304557 
-0.5526404537469998 1.1209512311992278 -0.5336410015736355 
-0.5529073489963656 1.1219644167904324 -0.5318115055868091 
-0.5529073489963656 1.1219644167904324 -0.5318115055868091 
-0.5529073489963656 1.1219644167904326 -0.5318115055868095 
-0.5529073489963656 1.1219644167904326 -0.5318115055868095 
-0.5529073489963656 1.1219644167904326 -0.5318115055868095 
-0.5533372377426944 1.1235950687311314 -0.5288494973207152 
-0.5533372377426944 1.1235950687311314 -0.5288494973207152 
-0.5533372377426944 1.1235950687311314 -0.5288494973207152 
-0.5533372377426944 1.1235950687311314 -0.5288494973207152 
-0.5533372377426944 1.1235950687311314 -0.5288494973207152 
-0.5537781491527194 1.1252689772276485 -0.5258286351726715 
-0.5537781491527194 1.1252689772276485 -0.5258286351726715 
-0.5540818354451451 1.1264203504035704 -0.5237294638552143 
-0.5540818354451451 1.1264203504035704 -0.5237294638552143 
-0.5540818354451451 1.1264203504035704 -0.5237294638552143 
-0.5540818354451451 1.1264203504035704 -0.5237294638552143 
-0.5540818354451451 1.1264203504035704 -0.5237294638552143 
-0.5544149542918988 1.127686451464607 -0.5214639748211682 
-0.5546379828180799 1.1285319214203027 -0.5199211105127022 
-0.5546379828180799 1.1285319214203027 -0.5199211105127022 
-0.5550404947015539 1.1300590389186556 -0.5171514156279404 
-0.5550404947015539 1.1300590389186556 -0.5171514156279404 
-0.5550404947015539 1.1300590389186556 -0.5171514156279404 
-0.5550404947015539 1.1300590389186556 -0.5171514156279404 
-0.5550404947015539 1.1300590389186556 -0.5171514156279404 
-0.5550404947015539 1.1300590389186556 -0.5171514156279404 
-0.5554788901447439 1.1317235771037049 -0.5141499377372483 
-0.5554788901447439 1.1317235771037049 -0.5141499377372483 
-0.5554788901447439 1.1317235771037049 -0.5141499377372483 
-0.5554788901447439 1.1317235771037049 -0.5141499377372483 
-0.5554788901447439 1.1317235771037049 -0.5141499377372483 
-0.556046944182268 1.1338783688897829 -0.5102365606206762 
-0.5562489937893407 1.1346460088670915 -0.5088589070943852 
-0.5562489937893408 1.1346460088670918 -0.5088589070943855 
-0.5562489937893408 1.1346460088670918 -0.5088589070943855 
-0.5566833676606543 1.1362951083513175 -0.505882961390892 
-0.5566833676606543 1.1362951083513175 -0.505882961390892 
-0.5568137174325897 1.1367890532795493 -0.504978948698988 
-0.5568137174325897 1.1367890532795493 -0.504978948698988 
-0.5573091198497324 1.1386684994775949 -0.5015689471579103 
-0.5573091198497324 1.1386684994775949 -0.5015689471579103 
-0.5573091198497324 1.1386684994775949 -0.5015689471579103 
-0.5577217418987067 1.1402339835893225 -0.49872978994058936 
-0.5579309318591933 1.1410281859692164 -0.4972967606551699 
-0.5579309318591933 1.1410281859692164 -0.4972967606551699 
-0.5584971704819701 1.1431775137136713 -0.4934127111768205 
-0.5584971704819701 1.1431775137136713 -0.4934127111768205 
-0.5584971704819701 1.1431775137136713 -0.4934127111768205 
-0.5586462511583047 1.1437423622923073 -0.49237790879255905 
-0.5588958490905398 1.1446891934989365 -0.4906588158720948 
-0.5588958490905398 1.1446891934989365 -0.4906588158720948 
-0.5590243510908465 1.1451771967595217 -0.48978015673258657 
-0.5590243510908465 1.1451771967595217 -0.48978015673258657 
-0.5590243510908465 1.1451771967595217 -0.48978015673258657 
-0.5594367869133248 1.1467423309546727 -0.48694649844482596 
-0.5597474765347316 1.1479213530571186 -0.4848118918645077 
-0.5597474765347316 1.1479213530571186 -0.4848118918645077 
-0.559921899909111 1.148583264493508 -0.48361350847137863 
-0.5602437330402062 1.1498042178148218 -0.4813981204699289 
-0.5604704086147954 1.150664775567028 -0.4798449555109867 
-0.5604704086147954 1.150664775567028 -0.4798449555109867 
-0.5604704086147954 1.150664775567028 -0.4798449555109867 
-0.5604704086147954 1.150664775567028 -0.4798449555109867 
-0.5609007932711139 1.152298913976453 -0.47689851608051836 
-0.5610602051001726 1.1529029677829636 -0.47579273306134806 
-0.5610602051001726 1.1529029677829636 -0.47579273306134806 
-0.5610602051001726 1.1529029677829636 -0.47579273306134806 
-0.5614526395083985 1.154392556294705 -0.47310071481395477 
-0.5614526395083984 1.154392556294705 -0.47310071481395477 
-0.5614526395083984 1.154392556294705 -0.47310071481395477 
-0.5620137905248587 1.156522043106079 -0.46924530230656525 
-0.5620137905248587 1.156522043106079 -0.46924530230656525 
-0.5625391324032223 1.1585156394261837 -0.46563591804263704 
-0.5625391324032223 1.1585156394261837 -0.46563591804263704 
-0.5625391324032223 1.1585156394261837 -0.46563591804263704 
-0.5625391324032223 1.1585156394261837 -0.46563591804263704 
-0.5629570376594957 1.1601015293302093 -0.4627646817716897 
-0.5629570376594957 1.1601015293302093 -0.4627646817716897 
-0.5629570376594957 1.1601015293302093 -0.4627646817716897 
-0.5633262725501487 1.1615023654617715 -0.4602236179159498 
-0.5634838761017851 1.1621013390977692 -0.45915133295000454 
-0.5634838761017851 1.1621013390977692 -0.45915133295000454 
-0.5634838761017851 1.1621013390977692 -0.45915133295000454 
-0.5640409820639178 1.164214584523827 -0.45531317506240554 
-0.5640409820639178 1.164214584523827 -0.45531317506240554 
-0.5640409820639178 1.164214584523827 -0.45531317506240554 
-0.5641475460153893 1.164618622495337 -0.45457680333862993 
-0.5641475460153893 1.164618622495337 -0.45457680333862993 
-0.5641475460153893 1.164618622495337 -0.45457680333862993 
-0.5646368996664853 1.1664763622787064 -0.4512231166627254 
-0.5646368996664853 1.1664763622787064 -0.4512231166627254 
-0.5646368996664853 1.1664763622787064 -0.4512231166627254 
-0.565066830310867 1.1681078867884398 -0.448269259438844 
-0.565066830310867 1.1681078867884398 -0.448269259438844 
-0.5655670830019766 1.1700059164916845 -0.44482803207675126 
-0.5655670830019766 1.1700059164916847 -0.4448280320767516 
-0.5655670830019766 1.1700059164916847 -0.4448280320767516 
-0.5655670830019766 1.1700059164916847 -0.4448280320767516 
-0.5655670830019766 1.1700059164916847 -0.4448280320767516 
-0.5660105662181685 1.171690475610185 -0.4418000373245914 
-0.566649838288805 1.1741160637184658 -0.4374036712585203 
-0.566649838288805 1.1741160637184658 -0.4374036712585203 
-0.566649838288805 1.1741160637184658 -0.4374036712585203 
-0.5670415905605453 1.1756018158449049 -0.4347015831050607 
-0.5670415905605453 1.1756018158449049 -0.4347015831050607 
-0.5670813539862236 1.1757519987126814 -0.43441994785187377 
-0.5670813539862236 1.1757519987126814 -0.43441994785187377 
-0.5675852956237943 1.177665988781471 -0.4309765708815172 
-0.5680090542118172 1.1792732002413255 -0.42805458193755364 
-0.5683349671579677 1.1805108836458795 -0.42582591994352414 
-0.5683349671579677 1.1805108836458795 -0.42582591994352414 
-0.5683349671579677 1.1805108836458795 -0.42582591994352414 
-0.5686911361789992 1.1818621366951296 -0.4233746257142874 
-0.5686911361789992 1.1818621366951296 -0.4233746257142874 
-0.5686911361789992 1.1818621366951296 -0.4233746257142874 
-0.5691231428862439 1.1835010053584907 -0.42040018716015415 
-0.5692948131281237 1.1841524690559007 -0.41922071928381466 
-0.5692948131281237 1.1841524690559007 -0.41922071928381466 
-0.5696419472258962 1.1854697926663038 -0.41683571934077635 
-0.570103069592435 1.1872202194469292 -0.4136738756807221 
-0.570103069592435 1.1872202194469292 -0.4136738756807221 
-0.5702233510969231 1.1876766703308204 -0.4128474763635892 
-0.5704295201394696 1.188458160988621 -0.4114204458719848 
-0.5704295201394696 1.188458160988621 -0.4114204458719848 
-0.5704295201394696 1.188458160988621 -0.4114204458719848 
-0.5704295201394696 1.188458160988621 -0.4114204458719848 
-0.5708128869341846 1.1899129824347516 -0.40878650760598 
-0.5708128869341846 1.1899129824347516 -0.40878650760598 
-0.5708128869341846 1.1899129824347516 -0.40878650760598 
-0.571231003969881 1.1914996760110068 -0.4059138162952797 
-0.5715340992259372 1.1926495218111755 -0.40382716768067595 
-0.5715340992259372 1.1926495218111755 -0.40382716768067595 
-0.571686412599635 1.1932278857841347 -0.4027849114628457 
-0.571686412599635 1.1932278857841347 -0.4027849114628457 
-0.571686412599635 1.1932278857841347 -0.4027849114628457 
-0.5720987018565085 1.1947937115602125 -0.39996701671496826 
-0.5725681516235791 1.1965739576391003 -0.39672688508233334 
-0.5729050218529219 1.1978532223459455 -0.3944229405967328 
-0.5729050218529219 1.1978532223459455 -0.3944229405967328 
-0.5729050218529219 1.1978532223459455 -0.3944229405967328 
-0.5733127936279295 1.199400122952474 -0.3916150092004269 
-0.5733127936279295 1.199400122952474 -0.3916150092004269 
-0.5733127936279295 1.199400122952474 -0.3916150092004269 
-0.5733127936279295 1.199400122952474 -0.3916150092004269 
-0.5740521920858723 1.2022069239710533 -0.38654547698246944 
-0.5740521920858723 1.2022069239710533 -0.38654547698246944 
-0.5744693896527331 1.203788523734124 -0.3836601269156481 
-0.5744693896527331 1.203788523734124 -0.3836601269156481 
-0.574564800886715 1.2041505955444953 -0.38300459987560154 
-0.574564800886715 1.2041505955444953 -0.38300459987560154 
-0.574704057598592 1.2046794113774135 -0.38205205002167686 
-0.574704057598592 1.2046794113774135 -0.38205205002167686 
-0.574704057598592 1.2046794113774135 -0.38205205002167686 
-0.5752412506760566 1.2067192290573407 -0.3783759981324917 
-0.5752412506760566 1.2067192290573407 -0.3783759981324917 
-0.5752412506760566 1.2067192290573407 -0.3783759981324917 
-0.5756972549831884 1.2084488083496523 -0.3752324635704767 
-0.5759377995765625 1.209361640232893 -0.3735797914614072 
-0.5759377995765625 1.209361640232893 -0.3735797914614072 
-0.5759377995765625 1.209361640232893 -0.3735797914614072 
-0.5763580740673808 1.2109574120289435 -0.3707028143634983 
-0.5763580740673808 1.2109574120289435 -0.3707028143634983 
-0.5765366565381256 1.211634215643328 -0.36946531861537757 
-0.5769941482013821 1.2133699734408245 -0.3663178827582051 
-0.5769941482013821 1.2133699734408245 -0.3663178827582051 
-0.5769941482013821 1.2133699734408245 -0.3663178827582051 
-0.5773693016376034 1.2147936263813723 -0.3637403747295791 
-0.5773693016376034 1.2147936263813723 -0.3637403747295791 
-0.5779710795425601 1.2170769295628217 -0.3596016139623952 
-0.5779710795425601 1.2170769295628217 -0.3596016139623952 
-0.5779710795425601 1.2170769295628217 -0.3596016139623952 
-0.5783128513184088 1.2183758652865408 -0.3572766515448864 
-0.5783128513184088 1.2183758652865408 -0.3572766515448864 
-0.5784916596765411 1.2190540603150062 -0.35604392147752806 
-0.5784916596765411 1.2190540603150062 -0.35604392147752806 
-0.5784916596765411 1.2190540603150062 -0.35604392147752806 
