-0.660098698356913 1.1113065287178303 -0.5511147798252254 
-0.6600971598949343 1.111299442701341 -0.5511105933407692 
-0.6600971598949343 1.111299442701341 -0.5511105933407692 
-0.6600971598949343 1.111299442701341 -0.5511105933407692 
-0.6600971598949343 1.111299442701341 -0.5511105933407692 
-0.660115490556253 1.1113693616914089 -0.5509888711858348 
-0.660115490556253 1.1113693616914089 -0.5509888711858348 
-0.6604144105375034 1.112504076500571 -0.5489393478833091 
-0.6604144105375034 1.112504076500571 -0.5489393478833091 
-0.6604144105375034 1.112504076500571 -0.5489393478833091 
-0.6606621280078581 1.1134441284127907 -0.5472373942104292 
-0.6606621280078581 1.1134441284127907 -0.5472373942104292 
-0.6610556446289647 1.1149383579698 -0.544544258222188 
-0.6610556446289647 1.1149383579698 -0.544544258222188 
-0.6613510966509781 1.116057951027917 -0.5424953662255747 
-0.6615842913486766 1.1169432479078727 -0.5408974113472773 
-0.6615842913486766 1.1169432479078727 -0.5408974113472773 
-0.6616908365511752 1.1173468559941007 -0.5401569259297145 
-0.6616908365511752 1.1173468559941007 -0.5401569259297145 
-0.6622227510623488 1.1193661100251604 -0.5365108460674282 
-0.662369406538594 1.119923537301138 -0.5355137803304557 
-0.662369406538594 1.119923537301138 -0.5355137803304557 
-0.6626404537470002 1.1209512311992278 -0.5336410015736355 
-0.6629073489963658 1.1219644167904324 -0.5318115055868093 
-0.6629073489963658 1.1219644167904324 -0.5318115055868093 
-0.6629073489963659 1.1219644167904326 -0.5318115055868097 
-0.6629073489963659 1.1219644167904326 -0.5318115055868097 
-0.6629073489963659 1.1219644167904326 -0.5318115055868097 
-0.6633372377426947 1.1235950687311316 -0.5288494973207156 
-0.6633372377426947 1.1235950687311316 -0.5288494973207156 
-0.6633372377426947 1.1235950687311316 -0.5288494973207156 
-0.6633372377426947 1.1235950687311316 -0.5288494973207156 
-0.6633372377426947 1.1235950687311316 -0.5288494973207156 
-0.6637781491527196 1.1252689772276485 -0.5258286351726718 
-0.6637781491527196 1.1252689772276485 -0.5258286351726718 
-0.6640818354451453 1.1264203504035701 -0.5237294638552141 
-0.6640818354451453 1.1264203504035701 -0.5237294638552141 
-0.6640818354451453 1.1264203504035701 -0.5237294638552141 
-0.6640818354451453 1.1264203504035701 -0.5237294638552141 
-0.6640818354451453 1.1264203504035701 -0.5237294638552141 
-0.664414954291899 1.1276864514646068 -0.5214639748211685 
-0.6646379828180801 1.128531921420303 -0.519921110512702 
-0.6646379828180801 1.128531921420303 -0.519921110512702 
-0.6650404947015542 1.1300590389186556 -0.5171514156279398 
-0.6650404947015542 1.1300590389186556 -0.5171514156279398 
-0.6650404947015542 1.1300590389186556 -0.5171514156279398 
-0.6650404947015542 1.1300590389186556 -0.5171514156279398 
-0.6650404947015542 1.1300590389186556 -0.5171514156279398 
-0.6650404947015542 1.1300590389186556 -0.5171514156279398 
-0.6654788901447443 1.1317235771037049 -0.514149937737248 
-0.6654788901447443 1.1317235771037049 -0.514149937737248 
-0.6654788901447443 1.1317235771037049 -0.514149937737248 
-0.6654788901447443 1.1317235771037049 -0.514149937737248 
-0.6654788901447443 1.1317235771037049 -0.514149937737248 
-0.6660469441822683 1.1338783688897829 -0.5102365606206758 
-0.666248993789341 1.1346460088670918 -0.5088589070943854 
-0.6662489937893411 1.134646008867092 -0.5088589070943857 
-0.6662489937893411 1.134646008867092 -0.5088589070943857 
-0.6666833676606545 1.1362951083513173 -0.5058829613908917 
-0.6666833676606545 1.1362951083513173 -0.5058829613908917 
-0.6668137174325899 1.1367890532795488 -0.5049789486989875 
-0.6668137174325899 1.1367890532795488 -0.5049789486989875 
-0.6673091198497327 1.1386684994775949 -0.5015689471579101 
-0.6673091198497327 1.1386684994775949 -0.5015689471579101 
-0.6673091198497327 1.1386684994775949 -0.5015689471579101 
-0.6677217418987069 1.1402339835893223 -0.49872978994058914 
-0.6679309318591935 1.1410281859692164 -0.4972967606551695 
-0.6679309318591935 1.1410281859692164 -0.4972967606551695 
-0.6684971704819703 1.143177513713671 -0.49341271117682006 
-0.6684971704819703 1.143177513713671 -0.49341271117682006 
-0.6684971704819703 1.143177513713671 -0.49341271117682006 
-0.6686462511583049 1.143742362292307 -0.49237790879255927 
-0.6688958490905401 1.144689193498937 -0.4906588158720948 
-0.6688958490905401 1.144689193498937 -0.4906588158720948 
-0.6690243510908468 1.1451771967595215 -0.48978015673258635 
-0.6690243510908468 1.1451771967595215 -0.48978015673258635 
-0.6690243510908468 1.1451771967595215 -0.48978015673258635 
-0.669436786913325 1.1467423309546725 -0.4869464984448253 
-0.6697474765347318 1.1479213530571186 -0.4848118918645077 
-0.6697474765347318 1.1479213530571186 -0.4848118918645077 
-0.6699218999091112 1.1485832644935077 -0.4836135084713784 
-0.6702437330402066 1.1498042178148218 -0.48139812046992914 
-0.6704704086147958 1.1506647755670278 -0.4798449555109865 
-0.6704704086147958 1.1506647755670278 -0.4798449555109865 
-0.6704704086147958 1.1506647755670278 -0.4798449555109865 
-0.6704704086147958 1.1506647755670278 -0.4798449555109865 
-0.6709007932711142 1.152298913976453 -0.4768985160805186 
-0.671060205100173 1.1529029677829634 -0.47579273306134784 
-0.671060205100173 1.1529029677829634 -0.47579273306134784 
-0.671060205100173 1.1529029677829634 -0.47579273306134784 
-0.6714526395083987 1.154392556294705 -0.473100714813955 
-0.6714526395083986 1.154392556294705 -0.473100714813955 
-0.6714526395083986 1.154392556294705 -0.473100714813955 
-0.6720137905248589 1.156522043106079 -0.4692453023065659 
-0.6720137905248589 1.156522043106079 -0.4692453023065659 
-0.6725391324032226 1.1585156394261837 -0.4656359180426375 
-0.6725391324032226 1.1585156394261837 -0.4656359180426375 
-0.6725391324032226 1.1585156394261837 -0.4656359180426375 
-0.6725391324032226 1.1585156394261837 -0.4656359180426375 
-0.6729570376594959 1.160101529330209 -0.4627646817716893 
-0.6729570376594959 1.160101529330209 -0.4627646817716893 
-0.6729570376594959 1.160101529330209 -0.4627646817716893 
-0.673326272550149 1.1615023654617715 -0.46022361791594957 
-0.6734838761017854 1.1621013390977692 -0.4591513329500043 
-0.6734838761017854 1.1621013390977692 -0.4591513329500043 
-0.6734838761017854 1.1621013390977692 -0.4591513329500043 
-0.6740409820639182 1.1642145845238268 -0.4553131750624053 
-0.6740409820639182 1.1642145845238268 -0.4553131750624053 
-0.6740409820639182 1.1642145845238268 -0.4553131750624053 
-0.6741475460153895 1.1646186224953372 -0.4545768033386297 
-0.6741475460153895 1.1646186224953372 -0.4545768033386297 
-0.6741475460153895 1.1646186224953372 -0.4545768033386297 
-0.6746368996664855 1.1664763622787064 -0.45122311666272563 
-0.6746368996664855 1.1664763622787064 -0.45122311666272563 
-0.6746368996664855 1.1664763622787064 -0.45122311666272563 
-0.6750668303108673 1.1681078867884398 -0.44826925943884377 
-0.6750668303108673 1.1681078867884398 -0.44826925943884377 
-0.6755670830019768 1.1700059164916845 -0.4448280320767515 
-0.6755670830019769 1.1700059164916847 -0.4448280320767518 
-0.6755670830019769 1.1700059164916847 -0.4448280320767518 
-0.6755670830019769 1.1700059164916847 -0.4448280320767518 
-0.6755670830019769 1.1700059164916847 -0.4448280320767518 
-0.6760105662181687 1.1716904756101847 -0.4418000373245916 
-0.6766498382888053 1.1741160637184656 -0.4374036712585201 
-0.6766498382888053 1.1741160637184656 -0.4374036712585201 
-0.6766498382888053 1.1741160637184656 -0.4374036712585201 
-0.6770415905605456 1.1756018158449049 -0.4347015831050607 
-0.6770415905605456 1.1756018158449049 -0.4347015831050607 
-0.6770813539862239 1.1757519987126814 -0.43441994785187354 
-0.6770813539862239 1.1757519987126814 -0.43441994785187354 
-0.6775852956237945 1.1776659887814707 -0.430976570881517 
-0.6780090542118176 1.1792732002413258 -0.42805458193755386 
-0.678334967157968 1.1805108836458793 -0.42582591994352414 
-0.678334967157968 1.1805108836458793 -0.42582591994352414 
-0.678334967157968 1.1805108836458793 -0.42582591994352414 
-0.6786911361789995 1.1818621366951299 -0.4233746257142874 
-0.6786911361789995 1.1818621366951299 -0.4233746257142874 
-0.6786911361789995 1.1818621366951299 -0.4233746257142874 
-0.6791231428862441 1.1835010053584907 -0.4204001871601546 
-0.679294813128124 1.1841524690559007 -0.41922071928381444 
-0.679294813128124 1.1841524690559007 -0.41922071928381444 
-0.6796419472258963 1.1854697926663036 -0.4168357193407768 
-0.6801030695924353 1.1872202194469292 -0.4136738756807221 
-0.6801030695924353 1.1872202194469292 -0.4136738756807221 
-0.6802233510969233 1.1876766703308204 -0.4128474763635894 
-0.6804295201394699 1.1884581609886207 -0.411420445871985 
-0.6804295201394699 1.1884581609886207 -0.411420445871985 
-0.6804295201394699 1.1884581609886207 -0.411420445871985 
-0.6804295201394699 1.1884581609886207 -0.411420445871985 
-0.680812886934185 1.189912982434752 -0.4087865076059798 
-0.680812886934185 1.189912982434752 -0.4087865076059798 
-0.680812886934185 1.189912982434752 -0.4087865076059798 
-0.6812310039698812 1.1914996760110064 -0.40591381629527945 
-0.6815340992259376 1.1926495218111752 -0.4038271676806755 
-0.6815340992259376 1.1926495218111752 -0.4038271676806755 
-0.6816864125996352 1.1932278857841345 -0.40278491146284545 
-0.6816864125996352 1.1932278857841345 -0.40278491146284545 
-0.6816864125996352 1.1932278857841345 -0.40278491146284545 
-0.6820987018565088 1.1947937115602123 -0.39996701671496826 
-0.6825681516235794 1.1965739576391003 -0.3967268850823331 
-0.6829050218529222 1.1978532223459455 -0.3944229405967332 
-0.6829050218529222 1.1978532223459455 -0.3944229405967332 
-0.6829050218529222 1.1978532223459455 -0.3944229405967332 
-0.6833127936279297 1.199400122952474 -0.3916150092004269 
-0.6833127936279297 1.199400122952474 -0.3916150092004269 
-0.6833127936279297 1.199400122952474 -0.3916150092004269 
-0.6833127936279297 1.199400122952474 -0.3916150092004269 
-0.6840521920858726 1.202206923971053 -0.3865454769824692 
-0.6840521920858726 1.202206923971053 -0.3865454769824692 
-0.6844693896527334 1.2037885237341241 -0.3836601269156481 
-0.6844693896527334 1.2037885237341241 -0.3836601269156481 
-0.6845648008867153 1.2041505955444953 -0.3830045998756013 
-0.6845648008867153 1.2041505955444953 -0.3830045998756013 
-0.6847040575985923 1.2046794113774133 -0.38205205002167686 
-0.6847040575985923 1.2046794113774133 -0.38205205002167686 
-0.6847040575985923 1.2046794113774133 -0.38205205002167686 
-0.6852412506760568 1.2067192290573403 -0.37837599813249123 
-0.6852412506760568 1.2067192290573403 -0.37837599813249123 
-0.6852412506760568 1.2067192290573403 -0.37837599813249123 
-0.6856972549831886 1.2084488083496523 -0.3752324635704767 
-0.6859377995765628 1.2093616402328928 -0.3735797914614074 
-0.6859377995765628 1.2093616402328928 -0.3735797914614074 
-0.6859377995765628 1.2093616402328928 -0.3735797914614074 
-0.686358074067381 1.210957412028943 -0.3707028143634983 
-0.686358074067381 1.210957412028943 -0.3707028143634983 
-0.6865366565381258 1.2116342156433282 -0.36946531861537735 
-0.6869941482013824 1.2133699734408243 -0.36631788275820487 
-0.6869941482013824 1.2133699734408243 -0.36631788275820487 
-0.6869941482013824 1.2133699734408243 -0.36631788275820487 
-0.6873693016376037 1.2147936263813721 -0.3637403747295791 
-0.6873693016376037 1.2147936263813721 -0.3637403747295791 
-0.6879710795425604 1.2170769295628214 -0.359601613962395 
-0.6879710795425604 1.2170769295628214 -0.359601613962395 
-0.6879710795425604 1.2170769295628214 -0.359601613962395 
-0.688312851318409 1.2183758652865406 -0.3572766515448864 
-0.688312851318409 1.2183758652865406 -0.3572766515448864 
-0.6884916596765415 1.219054060315006 -0.3560439214775275 
-0.6884916596765415 1.219054060315006 -0.3560439214775275 
-0.6884916596765415 1.219054060315006 -0.3560439214775275 
