-0.6050986983569129 1.0413065287178302 -0.5511147798252256 
-0.6050971598949342 1.0412994427013404 -0.551110593340769 
-0.6050971598949342 1.0412994427013404 -0.551110593340769 
-0.6050971598949342 1.0412994427013404 -0.551110593340769 
-0.6050971598949342 1.0412994427013404 -0.551110593340769 
-0.6051154905562529 1.041369361691409 -0.5509888711858353 
-0.6051154905562529 1.041369361691409 -0.5509888711858353 
-0.6054144105375032 1.0425040765005706 -0.5489393478833091 
-0.6054144105375032 1.0425040765005706 -0.5489393478833091 
-0.6054144105375032 1.0425040765005706 -0.5489393478833091 
-0.6056621280078579 1.0434441284127904 -0.5472373942104296 
-0.6056621280078579 1.0434441284127904 -0.5472373942104296 
-0.6060556446289647 1.0449383579698 -0.544544258222188 
-0.6060556446289647 1.0449383579698 -0.544544258222188 
-0.606351096650978 1.0460579510279167 -0.5424953662255749 
-0.6065842913486765 1.0469432479078726 -0.5408974113472773 
-0.6065842913486765 1.0469432479078726 -0.5408974113472773 
-0.6066908365511752 1.0473468559941002 -0.5401569259297148 
-0.6066908365511752 1.0473468559941002 -0.5401569259297148 
-0.6072227510623488 1.0493661100251606 -0.5365108460674279 
-0.607369406538594 1.049923537301138 -0.5355137803304559 
-0.607369406538594 1.049923537301138 -0.5355137803304559 
-0.607640453747 1.0509512311992277 -0.5336410015736357 
-0.6079073489963657 1.0519644167904323 -0.5318115055868093 
-0.6079073489963657 1.0519644167904323 -0.5318115055868093 
-0.6079073489963658 1.0519644167904325 -0.5318115055868097 
-0.6079073489963658 1.0519644167904325 -0.5318115055868097 
-0.6079073489963658 1.0519644167904325 -0.5318115055868097 
-0.6083372377426947 1.0535950687311315 -0.5288494973207156 
-0.6083372377426947 1.0535950687311315 -0.5288494973207156 
-0.6083372377426947 1.0535950687311315 -0.5288494973207156 
-0.6083372377426947 1.0535950687311315 -0.5288494973207156 
-0.6083372377426947 1.0535950687311315 -0.5288494973207156 
-0.6087781491527194 1.0552689772276485 -0.5258286351726715 
-0.6087781491527194 1.0552689772276485 -0.5258286351726715 
-0.6090818354451453 1.0564203504035699 -0.5237294638552146 
-0.6090818354451453 1.0564203504035699 -0.5237294638552146 
-0.6090818354451453 1.0564203504035699 -0.5237294638552146 
-0.6090818354451453 1.0564203504035699 -0.5237294638552146 
-0.6090818354451453 1.0564203504035699 -0.5237294638552146 
-0.609414954291899 1.0576864514646067 -0.5214639748211685 
-0.60963798281808 1.0585319214203028 -0.5199211105127022 
-0.60963798281808 1.0585319214203028 -0.5199211105127022 
-0.6100404947015541 1.0600590389186553 -0.5171514156279393 
-0.6100404947015541 1.0600590389186553 -0.5171514156279393 
-0.6100404947015541 1.0600590389186553 -0.5171514156279393 
-0.6100404947015541 1.0600590389186553 -0.5171514156279393 
-0.6100404947015541 1.0600590389186553 -0.5171514156279393 
-0.6100404947015541 1.0600590389186553 -0.5171514156279393 
-0.6104788901447441 1.0617235771037048 -0.514149937737248 
-0.6104788901447441 1.0617235771037048 -0.514149937737248 
-0.6104788901447441 1.0617235771037048 -0.514149937737248 
-0.6104788901447441 1.0617235771037048 -0.514149937737248 
-0.6104788901447441 1.0617235771037048 -0.514149937737248 
-0.6110469441822682 1.063878368889783 -0.510236560620676 
-0.6112489937893408 1.0646460088670915 -0.5088589070943852 
-0.6112489937893409 1.0646460088670917 -0.5088589070943855 
-0.6112489937893409 1.0646460088670917 -0.5088589070943855 
-0.6116833676606545 1.0662951083513172 -0.5058829613908917 
-0.6116833676606545 1.0662951083513172 -0.5058829613908917 
-0.6118137174325897 1.0667890532795488 -0.5049789486989877 
-0.6118137174325897 1.0667890532795488 -0.5049789486989877 
-0.6123091198497327 1.0686684994775952 -0.5015689471579101 
-0.6123091198497327 1.0686684994775952 -0.5015689471579101 
-0.6123091198497327 1.0686684994775952 -0.5015689471579101 
-0.6127217418987069 1.0702339835893222 -0.49872978994058936 
-0.6129309318591935 1.0710281859692166 -0.4972967606551699 
-0.6129309318591935 1.0710281859692166 -0.4972967606551699 
-0.6134971704819703 1.073177513713671 -0.49341271117682006 
-0.6134971704819703 1.073177513713671 -0.49341271117682006 
-0.6134971704819703 1.073177513713671 -0.49341271117682006 
-0.6136462511583048 1.073742362292307 -0.49237790879255905 
-0.6138958490905401 1.0746891934989364 -0.4906588158720946 
-0.6138958490905401 1.0746891934989364 -0.4906588158720946 
-0.6140243510908467 1.0751771967595214 -0.4897801567325861 
-0.6140243510908467 1.0751771967595214 -0.4897801567325861 
-0.6140243510908467 1.0751771967595214 -0.4897801567325861 
-0.6144367869133249 1.0767423309546724 -0.48694649844482574 
-0.6147474765347317 1.0779213530571186 -0.48481189186450746 
-0.6147474765347317 1.0779213530571186 -0.48481189186450746 
-0.6149218999091112 1.0785832644935078 -0.4836135084713782 
-0.6152437330402064 1.0798042178148215 -0.48139812046992914 
-0.6154704086147956 1.080664775567028 -0.47984495551098627 
-0.6154704086147956 1.080664775567028 -0.47984495551098627 
-0.6154704086147956 1.080664775567028 -0.47984495551098627 
-0.6154704086147956 1.080664775567028 -0.47984495551098627 
-0.615900793271114 1.0822989139764527 -0.4768985160805186 
-0.6160602051001728 1.0829029677829636 -0.47579273306134806 
-0.6160602051001728 1.0829029677829636 -0.47579273306134806 
-0.6160602051001728 1.0829029677829636 -0.47579273306134806 
-0.6164526395083986 1.0843925562947048 -0.473100714813955 
-0.6164526395083985 1.0843925562947048 -0.473100714813955 
-0.6164526395083985 1.0843925562947048 -0.473100714813955 
-0.6170137905248587 1.0865220431060787 -0.4692453023065657 
-0.6170137905248587 1.0865220431060787 -0.4692453023065657 
-0.6175391324032224 1.0885156394261835 -0.46563591804263704 
-0.6175391324032224 1.0885156394261835 -0.46563591804263704 
-0.6175391324032224 1.0885156394261835 -0.46563591804263704 
-0.6175391324032224 1.0885156394261835 -0.46563591804263704 
-0.6179570376594957 1.0901015293302092 -0.4627646817716895 
-0.6179570376594957 1.0901015293302092 -0.4627646817716895 
-0.6179570376594957 1.0901015293302092 -0.4627646817716895 
-0.6183262725501489 1.0915023654617715 -0.46022361791594935 
-0.6184838761017853 1.0921013390977692 -0.45915133295000454 
-0.6184838761017853 1.0921013390977692 -0.45915133295000454 
-0.6184838761017853 1.0921013390977692 -0.45915133295000454 
-0.619040982063918 1.094214584523827 -0.45531317506240576 
-0.619040982063918 1.094214584523827 -0.45531317506240576 
-0.619040982063918 1.094214584523827 -0.45531317506240576 
-0.6191475460153895 1.094618622495337 -0.4545768033386295 
-0.6191475460153895 1.094618622495337 -0.4545768033386295 
-0.6191475460153895 1.094618622495337 -0.4545768033386295 
-0.6196368996664854 1.0964763622787064 -0.4512231166627252 
-0.6196368996664854 1.0964763622787064 -0.4512231166627252 
-0.6196368996664854 1.0964763622787064 -0.4512231166627252 
-0.6200668303108672 1.0981078867884395 -0.4482692594388442 
-0.6200668303108672 1.0981078867884395 -0.4482692594388442 
-0.6205670830019767 1.1000059164916844 -0.44482803207675126 
-0.6205670830019768 1.1000059164916847 -0.4448280320767516 
-0.6205670830019768 1.1000059164916847 -0.4448280320767516 
-0.6205670830019768 1.1000059164916847 -0.4448280320767516 
-0.6205670830019768 1.1000059164916847 -0.4448280320767516 
-0.6210105662181686 1.1016904756101844 -0.44180003732459117 
-0.6216498382888052 1.1041160637184655 -0.43740367125852053 
-0.6216498382888052 1.1041160637184655 -0.43740367125852053 
-0.6216498382888052 1.1041160637184655 -0.43740367125852053 
-0.6220415905605454 1.1056018158449048 -0.4347015831050609 
-0.6220415905605454 1.1056018158449048 -0.4347015831050609 
-0.6220813539862239 1.1057519987126812 -0.4344199478518733 
-0.6220813539862239 1.1057519987126812 -0.4344199478518733 
-0.6225852956237945 1.1076659887814708 -0.430976570881517 
-0.6230090542118174 1.1092732002413253 -0.4280545819375541 
-0.623334967157968 1.1105108836458792 -0.4258259199435239 
-0.623334967157968 1.1105108836458792 -0.4258259199435239 
-0.623334967157968 1.1105108836458792 -0.4258259199435239 
-0.6236911361789994 1.1118621366951296 -0.4233746257142872 
-0.6236911361789994 1.1118621366951296 -0.4233746257142872 
-0.6236911361789994 1.1118621366951296 -0.4233746257142872 
-0.624123142886244 1.1135010053584908 -0.42040018716015415 
-0.6242948131281238 1.1141524690559006 -0.4192207192838149 
-0.6242948131281238 1.1141524690559006 -0.4192207192838149 
-0.6246419472258963 1.1154697926663037 -0.41683571934077635 
-0.6251030695924352 1.1172202194469292 -0.41367387568072234 
-0.6251030695924352 1.1172202194469292 -0.41367387568072234 
-0.6252233510969234 1.1176766703308203 -0.412847476363589 
-0.6254295201394697 1.1184581609886206 -0.411420445871985 
-0.6254295201394697 1.1184581609886206 -0.411420445871985 
-0.6254295201394697 1.1184581609886206 -0.411420445871985 
-0.6254295201394697 1.1184581609886206 -0.411420445871985 
-0.6258128869341848 1.1199129824347518 -0.40878650760597957 
-0.6258128869341848 1.1199129824347518 -0.40878650760597957 
-0.6258128869341848 1.1199129824347518 -0.40878650760597957 
-0.6262310039698812 1.1214996760110065 -0.40591381629527923 
-0.6265340992259375 1.1226495218111752 -0.4038271676806757 
-0.6265340992259375 1.1226495218111752 -0.4038271676806757 
-0.6266864125996352 1.1232278857841345 -0.4027849114628457 
-0.6266864125996352 1.1232278857841345 -0.4027849114628457 
-0.6266864125996352 1.1232278857841345 -0.4027849114628457 
-0.6270987018565087 1.1247937115602125 -0.39996701671496804 
-0.6275681516235793 1.1265739576391 -0.3967268850823329 
-0.6279050218529221 1.1278532223459452 -0.394422940596733 
-0.6279050218529221 1.1278532223459452 -0.394422940596733 
-0.6279050218529221 1.1278532223459452 -0.394422940596733 
-0.6283127936279296 1.1294001229524737 -0.3916150092004267 
-0.6283127936279296 1.1294001229524737 -0.3916150092004267 
-0.6283127936279296 1.1294001229524737 -0.3916150092004267 
-0.6283127936279296 1.1294001229524737 -0.3916150092004267 
-0.6290521920858726 1.1322069239710533 -0.3865454769824692 
-0.6290521920858726 1.1322069239710533 -0.3865454769824692 
-0.6294693896527334 1.1337885237341239 -0.3836601269156481 
-0.6294693896527334 1.1337885237341239 -0.3836601269156481 
-0.6295648008867152 1.134150595544495 -0.3830045998756013 
-0.6295648008867152 1.134150595544495 -0.3830045998756013 
-0.6297040575985923 1.1346794113774135 -0.38205205002167686 
-0.6297040575985923 1.1346794113774135 -0.38205205002167686 
-0.6297040575985923 1.1346794113774135 -0.38205205002167686 
-0.6302412506760569 1.1367192290573405 -0.37837599813249145 
-0.6302412506760569 1.1367192290573405 -0.37837599813249145 
-0.6302412506760569 1.1367192290573405 -0.37837599813249145 
-0.6306972549831885 1.1384488083496522 -0.3752324635704769 
-0.6309377995765627 1.1393616402328928 -0.3735797914614072 
-0.6309377995765627 1.1393616402328928 -0.3735797914614072 
-0.6309377995765627 1.1393616402328928 -0.3735797914614072 
-0.631358074067381 1.1409574120289432 -0.37070281436349806 
-0.631358074067381 1.1409574120289432 -0.37070281436349806 
-0.6315366565381257 1.1416342156433281 -0.36946531861537735 
-0.6319941482013822 1.1433699734408242 -0.366317882758205 
-0.6319941482013822 1.1433699734408242 -0.366317882758205 
-0.6319941482013822 1.1433699734408242 -0.366317882758205 
-0.6323693016376035 1.144793626381372 -0.36374037472957876 
-0.6323693016376035 1.144793626381372 -0.36374037472957876 
-0.6329710795425603 1.1470769295628211 -0.3596016139623951 
-0.6329710795425603 1.1470769295628211 -0.3596016139623951 
-0.6329710795425603 1.1470769295628211 -0.3596016139623951 
-0.633312851318409 1.1483758652865406 -0.3572766515448862 
-0.633312851318409 1.1483758652865406 -0.3572766515448862 
-0.6334916596765414 1.149054060315006 -0.35604392147752784 
-0.6334916596765414 1.149054060315006 -0.35604392147752784 
-0.6334916596765414 1.149054060315006 -0.35604392147752784 
