-0.5947412034409786 1.2121930075249965 -0.48953384052512483 
-0.5947412034409786 1.2121930075249965 -0.48953384052512483 
-0.5947412034409786 1.2121930075249965 -0.48953384052512483 
-0.5947415990430509 1.2121941500419016 -0.48952688001442946 
-0.5947415990430509 1.2121941500419016 -0.48952688001442946 
-0.5947436356521806 1.2122045535986474 -0.4895445217664023 
-0.5947436356521806 1.2122045535986474 -0.4895445217664023 
-0.5947436356521806 1.2122045535986474 -0.4895445217664023 
-0.5947436356521806 1.2122045535986474 -0.4895445217664023 
-0.5947436356521806 1.2122045535986474 -0.4895445217664023 
-0.5947436356521806 1.2122045535986474 -0.4895445217664023 
-0.5947470665210584 1.2122188249244592 -0.48953575250104087 
-0.5947492961606382 1.212229602268152 -0.4895478255194736 
-0.5947492961606382 1.212229602268152 -0.4895478255194736 
-0.594749296160638 1.212229602268152 -0.4895478255194733 
-0.594749296160638 1.212229602268152 -0.4895478255194733 
-0.5947435798128486 1.2122032732881323 -0.48953227011316636 
-0.5947435798128486 1.2122032732881323 -0.48953227011316636 
-0.5947516679657154 1.212239675232448 -0.48954421134338544 
-0.5947516679657154 1.212239675232448 -0.48954421134338544 
-0.5947426674813379 1.2121985633460588 -0.4895237817720497 
-0.5947488121956674 1.2122265218143384 -0.4895364401816147 
-0.5947488121956672 1.2122265218143384 -0.48953644018161435 
-0.5947488121956672 1.2122265218143384 -0.48953644018161435 
-0.5947488121956672 1.2122265218143384 -0.48953644018161435 
-0.5947446434434418 1.212207664448488 -0.48952915878802306 
-0.5947446434434418 1.212207664448488 -0.48952915878802306 
-0.5947483698878485 1.2122244845845978 -0.48953523656733333 
-0.5947440360619465 1.212205718259354 -0.48953757433847134 
-0.5947440360619465 1.212205718259354 -0.48953757433847134 
-0.5947440360619465 1.212205718259354 -0.48953757433847134 
-0.5947440360619465 1.212205718259354 -0.48953757433847134 
-0.5947448971209178 1.2122093406897514 -0.4895358547904822 
-0.5947463891180509 1.212215361338367 -0.4895298464685962 
-0.5947463891180509 1.212215361338367 -0.4895298464685962 
-0.5947463891180509 1.212215361338367 -0.4895298464685962 
-0.5947424927922742 1.2121986100990625 -0.4895333747712516 
-0.5947424927922742 1.2121986100990625 -0.4895333747712516 
-0.5947435937541277 1.212203681029613 -0.4895363707241902 
-0.5947435937541277 1.212203681029613 -0.4895363707241902 
-0.5947484351016669 1.2122259798377542 -0.4895495450674632 
-0.5947484351016669 1.2122259798377542 -0.4895495450674632 
-0.5947484351016669 1.2122259798377542 -0.4895495450674632 
-0.5947484351016669 1.2122259798377542 -0.4895495450674632 
-0.5947411615429257 1.2121921349559623 -0.48952568948291253 
-0.5947411615429257 1.2121921349559623 -0.48952568948291253 
-0.5947411615429257 1.2121921349559623 -0.48952568948291253 
-0.594746501037616 1.2122177513043595 -0.48955231909370145 
-0.594746501037616 1.2122177513043595 -0.48955231909370145 
-0.594746501037616 1.2122177513043595 -0.48955231909370145 
-0.594746501037616 1.2122177513043595 -0.48955231909370145 
-0.594746501037616 1.2122177513043595 -0.48955231909370145 
-0.5947479323877234 1.2122224694986588 -0.4895340460358162 
-0.5947479323877234 1.2122224694986588 -0.4895340460358162 
-0.5947479323877234 1.2122224694986588 -0.4895340460358162 
-0.5947448971209178 1.2122093406897514 -0.4895358547904822 
-0.5947448971209178 1.2122093406897514 -0.4895358547904822 
-0.5947403236330344 1.2121889552093164 -0.489531446379327 
-0.5947403236330344 1.2121889552093164 -0.489531446379327 
-0.5947403236330344 1.2121889552093164 -0.489531446379327 
-0.5947403236330344 1.2121889552093164 -0.489531446379327 
-0.5947403236330344 1.2121889552093164 -0.489531446379327 
-0.5947492357545135 1.212228129158797 -0.4895335301021084 
-0.5947492357545135 1.212228129158797 -0.4895335301021084 
-0.5947470665210584 1.2122188249244592 -0.48953575250104087 
-0.5947470665210584 1.2122188249244592 -0.48953575250104087 
-0.5947474900799044 1.2122204322689174 -0.48953284242153505 
-0.5947474900799044 1.2122204322689174 -0.48953284242153505 
-0.5947474900799044 1.2122204322689174 -0.48953284242153505 
-0.5947474900799044 1.2122204322689174 -0.48953284242153505 
-0.5947510605842201 1.2122377290433137 -0.48955262689383416 
-0.5947510605842201 1.2122377290433137 -0.48955262689383416 
-0.5947435424815883 1.2122025935179375 -0.48952616283508377 
-0.5947435424815883 1.2122025935179375 -0.48952616283508377 
-0.5947435424815883 1.2122025935179375 -0.48952616283508377 
-0.5947435424815883 1.2122025935179375 -0.48952616283508377 
-0.5947435424815883 1.2122025935179375 -0.48952616283508377 
-0.594742225173519 1.212196526116318 -0.489522578157769 
-0.594742225173519 1.212196526116318 -0.489522578157769 
-0.594742225173519 1.212196526116318 -0.489522578157769 
-0.594742225173519 1.212196526116318 -0.489522578157769 
-0.5947417876733938 1.2121945110303787 -0.4895213876262514 
-0.5947417876733938 1.2121945110303787 -0.4895213876262514 
-0.5947459655592049 1.212213753993909 -0.489532756548102 
-0.5947459655592049 1.212213753993909 -0.489532756548102 
-0.5947459655592049 1.212213753993909 -0.489532756548102 
-0.5947459655592049 1.212213753993909 -0.489532756548102 
-0.5947459655592049 1.212213753993909 -0.489532756548102 
-0.594748858660513 1.2122275871822128 -0.4895466349879567 
-0.594748858660513 1.2122275871822128 -0.4895466349879567 
-0.594748858660513 1.2122275871822128 -0.4895466349879567 
-0.594748858660513 1.2122275871822128 -0.4895466349879567 
-0.5947446434434418 1.212207664448488 -0.48952915878802306 
-0.5947446434434418 1.212207664448488 -0.48952915878802306 
-0.5947436544011533 1.21220498348393 -0.4895486354601897 
-0.5947436544011533 1.21220498348393 -0.4895486354601897 
-0.5947436544011533 1.21220498348393 -0.4895486354601897 
-0.594745178921853 1.2122116617589385 -0.4895487213336225 
-0.594745178921853 1.2122116617589385 -0.4895487213336225 
-0.594745178921853 1.2122116617589385 -0.4895487213336225 
-0.594745178921853 1.2122116617589385 -0.4895487213336225 
-0.594745178921853 1.2122116617589385 -0.4895487213336225 
-0.594745178921853 1.2122116617589385 -0.4895487213336225 
-0.5947435285403091 1.2122021857764564 -0.489522062224061 
-0.5947435285403091 1.2122021857764564 -0.489522062224061 
-0.5947435285403091 1.2122021857764564 -0.489522062224061 
-0.5947440360619465 1.212205718259354 -0.48953757433847134 
-0.5947468826984093 1.2122184860797838 -0.4895412579719831 
-0.5947468826984093 1.2122184860797838 -0.4895412579719831 
-0.5947439660404343 1.2122042008623957 -0.4895232527555782 
-0.5947439660404343 1.2122042008623957 -0.4895232527555782 
-0.5947484351016669 1.2122259798377542 -0.4895495450674632 
-0.5947484351016669 1.2122259798377542 -0.4895495450674632 
-0.5947484351016669 1.2122259798377542 -0.4895495450674632 
-0.594748858660513 1.2122275871822128 -0.4895466349879567 
-0.5947507881577712 1.2122356229167675 -0.4895418171975874 
-0.5947507881577712 1.2122356229167675 -0.4895418171975874 
-0.5947507881577709 1.2122356229167675 -0.48954181719758705 
-0.5947507881577709 1.2122356229167675 -0.48954181719758705 
-0.5947475971917757 1.2122228000911086 -0.48955530196387675 
-0.5947475971917757 1.2122228000911086 -0.48955530196387675 
-0.5947477625063533 1.212222538395464 -0.48954365211778184 
-0.5947477625063533 1.212222538395464 -0.48954365211778184 
-0.5947477625063533 1.212222538395464 -0.48954365211778184 
-0.5947475088288772 1.2122208621542 -0.4895369561153222 
-0.5947475088288772 1.2122208621542 -0.4895369561153222 
-0.5947475088288772 1.2122208621542 -0.4895369561153222 
-0.5947482000064784 1.2122245534814031 -0.489544842649299 
-0.5947482000064784 1.2122245534814031 -0.489544842649299 
-0.5947442059433168 1.2122056493625488 -0.48952796825650546 
-0.5947447553630069 1.2122100544144803 -0.48955163141312874 
-0.5947447553630069 1.2122100544144803 -0.48955163141312874 
-0.5947447553630069 1.2122100544144798 -0.48955163141312874 
-0.5947447553630069 1.2122100544144798 -0.48955163141312874 
-0.5947473201985344 1.212220501165723 -0.4895424485035005 
-0.5947473201985344 1.212220501165723 -0.4895424485035005 
-0.5947473201985344 1.212220501165723 -0.4895424485035005 
-0.5947431049814631 1.2122005784319982 -0.4895249723035666 
-0.5947439660404343 1.2122042008623957 -0.4895232527555782 
-0.5947439660404343 1.2122042008623957 -0.4895232527555782 
-0.5947439660404343 1.2122042008623957 -0.4895232527555782 
-0.5947439660404343 1.2122042008623957 -0.4895232527555782 
-0.5947517192382548 1.2122407627441236 -0.4895544192324921 
-0.5947440360619465 1.212205718259354 -0.48953757433847134 
-0.5947442059433168 1.2122056493625488 -0.48952796825650546 
-0.5947427419029574 1.2122000935414865 -0.4895380270095806 
-0.5947427419029574 1.2122000935414865 -0.4895380270095806 
-0.5947402304624423 1.2121869951286066 -0.48951308744800826 
-0.5947402304624423 1.2121869951286066 -0.48951308744800826 
-0.5947402304624423 1.2121869951286066 -0.48951308744800826 
-0.5947402304624423 1.2121869951286066 -0.48951308744800826 
-0.5947402304624423 1.2121869951286066 -0.48951308744800826 
-0.5947473201985344 1.212220501165723 -0.4895424485035005 
-0.5947473201985344 1.212220501165723 -0.4895424485035005 
-0.5947473201985344 1.212220501165723 -0.4895424485035005 
-0.5947473201985344 1.212220501165723 -0.4895424485035005 
-0.5932448835882624 1.2130282429828683 -0.4895487141959519 
-0.5932448835882624 1.2130282429828683 -0.4895487141959519 
-0.5947489332488178 1.2122292973780107 -0.48956300033497935 
-0.5947489332488178 1.2122292973780107 -0.48956300033497935 
-0.5947470665210584 1.2122188249244592 -0.48953575250104087 
-0.5947470665210584 1.2122188249244592 -0.48953575250104087 
-0.5947470665210584 1.2122188249244592 -0.48953575250104087 
-0.5947445015188455 1.2122081981728465 -0.4895428153011776 
-0.5947445015188455 1.2122081981728465 -0.4895428153011776 
-0.5947444735620717 1.2122077333452932 -0.4895387648699885 
-0.5947431562540025 1.2122016659436738 -0.48953518019267306 
-0.5947431562540025 1.2122016659436738 -0.48953518019267306 
-0.5947431562540025 1.2122016659436738 -0.48953518019267306 
-0.5947431562540025 1.2122016659436738 -0.48953518019267306 
-0.594745067002288 1.2122092717929462 -0.489526248708517 
-0.594745067002288 1.2122092717929462 -0.489526248708517 
-0.5947497524097362 1.2122320472393735 -0.4895531297447784 
-0.5947497524097362 1.2122320472393735 -0.4895531297447784 
-0.594750194717555 1.2122340844691144 -0.48955433335905973 
-0.594750194717555 1.2122340844691144 -0.48955433335905973 
-0.5947473201985344 1.212220501165723 -0.4895424485035005 
-0.5947473201985344 1.212220501165723 -0.4895424485035005 
-0.5947473201985344 1.212220501165723 -0.4895424485035005 
-0.5947506182764012 1.2122356918135728 -0.48955142327955303 
-0.5947506182764012 1.2122356918135728 -0.48955142327955303 
-0.5947506182764012 1.2122356918135728 -0.48955142327955303 
-0.5947506182764012 1.2122356918135728 -0.48955142327955303 
-0.5947415990430509 1.2121941500419016 -0.48952688001442946 
-0.5947415990430509 1.2121941500419016 -0.48952688001442946 
-0.5947475088288772 1.2122208621542 -0.4895369561153222 
-0.594752768927569 1.2122447461629984 -0.4895472072963247 
-0.594752768927569 1.2122447461629984 -0.4895472072963247 
-0.594742478850995 1.2121982023575817 -0.48952927416022773 
-0.594742478850995 1.2121982023575817 -0.48952927416022773 
-0.594742478850995 1.2121982023575817 -0.48952927416022773 
-0.594742478850995 1.2121982023575817 -0.48952927416022773 
-0.5947468966396883 1.2122188938212644 -0.48954535858300674 
-0.5947468966396883 1.2122188938212644 -0.48954535858300674 
-0.5947411754842048 1.212192542697443 -0.48952979009393593 
-0.5947411754842048 1.212192542697443 -0.48952979009393593 
-0.5947411754842048 1.212192542697443 -0.48952979009393593 
-0.5947470665210584 1.2122188249244592 -0.48953575250104087 
-0.5947470665210584 1.2122188249244592 -0.48953575250104087 
-0.5947472549847158 1.2122190059125661 -0.48952814000337086 
-0.5947448971209178 1.2122093406897514 -0.4895358547904822 
-0.5947448971209178 1.2122093406897514 -0.4895358547904822 
-0.5947448971209178 1.2122093406897514 -0.4895358547904822 
-0.5947446295021628 1.212207256707007 -0.489525058176999 
-0.5947446295021628 1.212207256707007 -0.489525058176999 
-0.5947446295021628 1.212207256707007 -0.489525058176999 
-0.5947446295021628 1.212207256707007 -0.489525058176999 
-0.5947473201985344 1.212220501165723 -0.4895424485035005 
-0.5947473201985342 1.212220501165723 -0.48954244850350015 
-0.5947442059433168 1.2122056493625488 -0.48952796825650546 
-0.5947442059433168 1.2122056493625488 -0.48952796825650546 
-0.5947450857512606 1.212209701678229 -0.4895303624023042 
-0.5947450857512606 1.212209701678229 -0.4895303624023042 
-0.5947450857512604 1.212209701678229 -0.48953036240230385 
-0.5947493380586911 1.2122304748371862 -0.4895559765616859 
-0.5947493380586911 1.2122304748371862 -0.4895559765616859 
-0.5947493380586911 1.2122304748371862 -0.4895559765616859 
-0.5947442059433166 1.2122056493625488 -0.48952796825650513 
-0.5947442059433166 1.2122056493625488 -0.48952796825650513 
-0.5947442059433166 1.2122056493625488 -0.48952796825650513 
-0.5947406867115403 1.2121894400998283 -0.48951839167331257 
-0.5947406867115403 1.2121894400998283 -0.48951839167331257 
-0.5947399000741884 1.2121873478648582 -0.4895343564588328 
-0.5947399000741884 1.2121873478648582 -0.4895343564588328 
-0.5947399000741884 1.2121873478648582 -0.4895343564588328 
-0.5947399000741884 1.2121873478648582 -0.4895343564588328 
-0.5947512956794088 1.2122391553996652 -0.48955732931199836 
-0.5947512956794088 1.2122391553996652 -0.48955732931199836 
-0.5947512956794088 1.2122391553996652 -0.48955732931199836 
-0.5947512956794088 1.2122391553996652 -0.48955732931199836 
-0.5947446434434418 1.212207664448488 -0.48952915878802306 
-0.5947431562540025 1.2122016659436738 -0.48953518019267306 
-0.5947431562540025 1.2122016659436738 -0.48953518019267306 
-0.5947431562540025 1.2122016659436738 -0.48953518019267306 
-0.5947512444068693 1.2122380678879896 -0.4895471214228919 
-0.5947512444068693 1.2122380678879896 -0.4895471214228919 
-0.5947512444068693 1.2122380678879896 -0.4895471214228919 
-0.5947435424815883 1.2122025935179375 -0.48952616283508377 
-0.5947435424815883 1.2122025935179375 -0.48952616283508377 
-0.5947435424815883 1.2122025935179375 -0.48952616283508377 
-0.5947435424815883 1.2122025935179375 -0.48952616283508377 
-0.5947450530610089 1.2122088640514654 -0.48952214809749317 
-0.5947464403905902 1.2122164488500426 -0.489540054357702 
-0.5947459655592049 1.212213753993909 -0.489532756548102 
-0.5947444735620717 1.2122077333452932 -0.4895387648699885 
-0.5947453581777093 1.2122118078047748 -0.48954117209855075 
-0.5947503319086732 1.212233177945546 -0.48953651297228307 
-0.5947436217109013 1.2122041458571664 -0.48954042115538 
-0.5947416409411037 1.2121950226109357 -0.4895350310566424 
-0.594746016831744 1.212214841505584 -0.4895429644372089 
-0.594746044788518 1.2122153063331378 -0.4895470148683978 
-0.5947424927922742 1.2121986100990625 -0.4895333747712516 
-0.5947449158698906 1.2122097705750339 -0.4895399684842696 
-0.5947436544011533 1.21220498348393 -0.4895486354601897 
-0.5947436544011533 1.21220498348393 -0.4895486354601897 
-0.5947470665210584 1.2122188249244592 -0.48953575250104087 
-0.5947442059433168 1.2122056493625488 -0.48952796825650546 
-0.5947440173129739 1.2122052883740715 -0.48953346064468417 
-0.594745067002288 1.2122092717929462 -0.489526248708517 
-0.594745523251386 1.2122117167641682 -0.4895315529338211 
-0.5947399140154676 1.212187755606339 -0.4895384570698562 
-0.5947512444068693 1.2122380678879896 -0.4895471214228919 
-0.5947464403905902 1.2122164488500426 -0.489540054357702 
-0.5947450857512606 1.212209701678229 -0.4895303624023042 
-0.594746016831744 1.212214841505584 -0.4895429644372089 
-0.5947470665210584 1.2122188249244592 -0.48953575250104087 
-0.5947483886368213 1.2122249144698802 -0.4895393502611205 
-0.5947492496957926 1.212228536900278 -0.4895376307131316 
-0.5947450857512606 1.212209701678229 -0.4895303624023042 
-0.5947420413508698 1.2121961872716425 -0.4895280836287106 
-0.5947435798128486 1.2122032732881323 -0.48953227011316636 
-0.5947453394287366 1.2122113779194923 -0.48953705840476336 
-0.5947412034409786 1.2121930075249965 -0.48953384052512483 
-0.5947431049814631 1.2122005784319982 -0.4895249723035666 
-0.5947517192382548 1.2122407627441236 -0.4895544192324921 
-0.594741345365575 1.2121924738006382 -0.4895201840119703 
-0.5947402956762607 1.2121884903817632 -0.48952739594813743 
-0.5947489005585659 1.212228459751247 -0.4895547860301692 
-0.5947459468102321 1.2122133241086264 -0.48952864285431485 
-0.5947513236361824 1.2122396202272183 -0.48956137974318725 
-0.5947508020990504 1.2122360306582487 -0.489545917808611 
-0.594746044788518 1.2122153063331378 -0.4895470148683978 
-0.594745067002288 1.2122092717929462 -0.489526248708517 
-0.5947431049814631 1.2122005784319982 -0.4895249723035666 
-0.5947449438266643 1.2122102354025872 -0.4895440189154585 
-0.5947440360619465 1.212205718259354 -0.48953757433847134 
-0.5947477625063533 1.212222538395464 -0.48954365211778184 
-0.5947431794030826 1.2122021086274255 -0.4895392175410984 
-0.5947483698878485 1.2122244845845978 -0.48953523656733333 
-0.5929993614997942 1.2131823209512047 -0.4895570428613505 
-0.5946556707198902 1.2122507267329607 -0.4895228560189939 
-0.5947435798128486 1.2122032732881323 -0.48953227011316636 
-0.5947499222911063 1.2122319783425686 -0.48954352366281273 
-0.594749314909611 1.2122300321534343 -0.489551939213261 
-0.594741345365575 1.2121924738006382 -0.4895201840119703 
-0.594748858660513 1.2122275871822128 -0.4895466349879567 
-0.5947463891180509 1.212215361338367 -0.4895298464685962 
-0.5947477625063533 1.212222538395464 -0.48954365211778184 
-0.5947453581777093 1.2122118078047748 -0.48954117209855075 
-0.5947470665210584 1.2122188249244592 -0.48953575250104087 
-0.5947506182764012 1.2122356918135728 -0.48955142327955303 
-0.5947446434434418 1.212207664448488 -0.48952915878802306 
-0.5947492496957926 1.212228536900278 -0.4895376307131316 
-0.5947479463290025 1.2122228772401396 -0.4895381466468396 
-0.5947459468102321 1.2122133241086264 -0.48952864285431485 
-0.5947450857512606 1.212209701678229 -0.4895303624023042 
-0.5947473201985344 1.212220501165723 -0.4895424485035005 
-0.5947464078670237 1.2122157912236498 -0.4895339601623836 
-0.5947506182764012 1.2122356918135728 -0.48955142327955303 
-0.594750618276401 1.2122356918135728 -0.4895514232795527 
-0.5947459328689528 1.2122129163671456 -0.4895245422432919 
-0.594745602480699 1.2122132691033967 -0.48954581125411667 
-0.594745523251386 1.2122117167641682 -0.4895315529338211 
-0.5947406867115401 1.2121894400998283 -0.48951839167331224 
-0.5947416177920237 1.212194579927184 -0.48953099370821707 
-0.5947459468102321 1.2122133241086264 -0.48952864285431485 
-0.5947474900799044 1.2122204322689174 -0.48953284242153505 
-0.5947440360619465 1.212205718259354 -0.48953757433847134 
-0.5947420552921489 1.2121965950131233 -0.48953218423973466 
-0.5947453581777093 1.2122118078047748 -0.48954117209855075 
-0.5947440173129739 1.2122052883740715 -0.48953346064468417 
-0.5947457817365556 1.2122134151492332 -0.48953826201904427 
-0.5947449158698906 1.2122097705750339 -0.4895399684842696 
-0.5947473201985344 1.212220501165723 -0.4895424485035005 
-0.594748858660513 1.2122275871822128 -0.4895466349879567 
-0.594742478850995 1.2121982023575817 -0.48952927416022773 
-0.5947463564277989 1.212214523711604 -0.48952163216378564 
-0.5947488726017921 1.2122279949236934 -0.48955073559897966 
-0.5932087182715386 1.2130617985223218 -0.4895466425302468 
-0.5947427558442365 1.2122005012829673 -0.48954212762060423 
-0.5947445015188455 1.2122081981728465 -0.4895428153011776 
-0.5936176760580586 1.2128305325608357 -0.48955710842921185 
-0.5947459468102321 1.2122133241086264 -0.48952864285431485 
-0.5947475088288772 1.2122208621542 -0.4895369561153222 
-0.5947453581777091 1.2122118078047748 -0.4895411720985504 
-0.5947448971209178 1.2122093406897514 -0.4895358547904822 
-0.5947459655592049 1.212213753993909 -0.489532756548102 
-0.5947473201985344 1.212220501165723 -0.4895424485035005 
-0.5947453394287366 1.2122113779194923 -0.48953705840476336 
-0.5947453394287364 1.2122113779194923 -0.489537058404763 
-0.5947444596207926 1.2122073256038122 -0.48953466425896464 
-0.5947477625063533 1.212222538395464 -0.48954365211778184 
-0.594748858660513 1.2122275871822128 -0.4895466349879567 
-0.5947473201985344 1.212220501165723 -0.4895424485035005 
-0.5947457817365556 1.2122134151492332 -0.48953826201904427 
-0.5947463891180509 1.212215361338367 -0.4895298464685962 
-0.5947479463290025 1.2122228772401396 -0.4895381466468396 
-0.5947499083498271 1.2122315706010873 -0.4895394230517891 
-0.5947417876733938 1.2121945110303787 -0.4895213876262514 
-0.5947489005585659 1.212228459751247 -0.4895547860301692 
-0.594738799112335 1.2121822769343078 -0.48953136050589396 
-0.5947508813283636 1.2122375829974776 -0.48956017612890657 
-0.5947499083498271 1.2122315706010873 -0.4895394230517891 
-0.5947482000064784 1.2122245534814031 -0.489544842649299 
-0.5947512256578965 1.212237638002707 -0.48954300772910453 
-0.5947417876733938 1.2121945110303787 -0.4895213876262514 
-0.5947463891180509 1.212215361338367 -0.4895298464685962 
-0.5947444735620717 1.2122077333452932 -0.4895387648699885 
-0.5947423183441113 1.2121984861970283 -0.48954093708908686 
-0.594746016831744 1.212214841505584 -0.4895429644372089 
-0.5947464078670237 1.2122157912236498 -0.4895339601623836 
-0.5947464078670237 1.2122157912236498 -0.4895339601623836 
-0.5947453394287366 1.2122113779194923 -0.48953705840476336 
-0.5947427558442365 1.2122005012829673 -0.48954212762060423 
-0.5947411615429254 1.2121921349559623 -0.4895256894829122 
-0.5947444596207926 1.2122073256038122 -0.48953466425896464 
-0.5947457817365556 1.2122134151492332 -0.48953826201904427 
-0.5947411615429257 1.2121921349559623 -0.48952568948291253 
-0.5947497991154829 1.2122329419522095 -0.48956129386975444 
-0.5947450857512606 1.212209701678229 -0.4895303624023042 
-0.5947482000064784 1.2122245534814031 -0.489544842649299 
-0.5947488261369465 1.2122269295558197 -0.48954054079263765 
-0.594752110273534 1.2122417124621887 -0.4895454149576667 
-0.5947445015188455 1.2122081981728465 -0.4895428153011776 
-0.5947488726017919 1.2122279949236934 -0.4895507355989793 
-0.5947499222911063 1.2122319783425686 -0.48954352366281273 
-0.5947440360619465 1.212205718259354 -0.48953757433847134 
-0.5947411754842046 1.212192542697443 -0.4895297900939356 
-0.594745602480699 1.2122132691033967 -0.48954581125411667 
-0.5947483886368211 1.2122249144698802 -0.48953935026112017 
-0.5947507694087986 1.2122351930314852 -0.48953770350380066 
-0.594746459139563 1.2122168787353254 -0.48954416805149004 
-0.5947503458499522 1.212233585687027 -0.48954061358330636 
-0.5947453394287366 1.2122113779194923 -0.48953705840476336 
-0.5947415990430509 1.2121941500419016 -0.48952688001442946 
-0.5947450857512606 1.212209701678229 -0.4895303624023042 
-0.594745067002288 1.2122092717929462 -0.489526248708517 
-0.5947457817365556 1.2122134151492332 -0.48953826201904427 
-0.594746459139563 1.2122168787353254 -0.48954416805149004 
-0.5930008486892334 1.2131883194560187 -0.4895510214567007 
-0.5946766009114219 1.2122520783106996 -0.4895333832590708 
-0.5947459655592049 1.212213753993909 -0.489532756548102 
-0.5947439660404343 1.2122042008623957 -0.4895232527555782 
-0.5947468966396883 1.2122188938212644 -0.48954535858300674 
-0.5947445015188455 1.2122081981728465 -0.4895428153011776 
-0.5947435424815883 1.2122025935179375 -0.48952616283508377 
-0.5947464591395628 1.2122168787353254 -0.4895441680514897 
-0.5947442059433168 1.2122056493625488 -0.48952796825650546 
-0.5947453394287366 1.2122113779194923 -0.48953705840476336 
-0.5947521102735343 1.2122417124621887 -0.489545414957667 
-0.594746459139563 1.2122168787353254 -0.48954416805149004 
-0.5947450857512606 1.212209701678229 -0.4895303624023042 
-0.5947457817365556 1.2122134151492332 -0.48953826201904427 
-0.5947482000064784 1.2122245534814031 -0.489544842649299 
-0.5947440592110267 1.2122061609431056 -0.48954161168689625 
-0.5947468826984093 1.2122184860797838 -0.4895412579719831 
-0.5947475088288772 1.2122208621542 -0.4895369561153222 
-0.5947456212296719 1.2122136989886796 -0.48954992494790384 
-0.5947463891180509 1.212215361338367 -0.4895298464685962 
-0.594747508828877 1.2122208621542 -0.4895369561153219 
-0.5947442059433168 1.2122056493625488 -0.48952796825650546 
-0.5947479323877234 1.2122224694986588 -0.4895340460358162 
-0.5947492496957926 1.212228536900278 -0.4895376307131316 
-0.5947506370253739 1.2122361216988553 -0.48955553697334064 
-0.5947396182732534 1.2121850267956709 -0.48952148991569233 
-0.5947444596207926 1.2122073256038122 -0.48953466425896464 
-0.5947406867115403 1.2121894400998283 -0.48951839167331257 
-0.5947398813252157 1.212186917979576 -0.48953024276504564 
-0.594742225173519 1.212196526116318 -0.489522578157769 
-0.5947483698878485 1.2122244845845978 -0.48953523656733333 
-0.5947406679625676 1.2121890102145458 -0.4895142779795252 
-0.5947403236330344 1.2121889552093164 -0.489531446379327 
-0.5947403236330344 1.2121889552093164 -0.489531446379327 
-0.5947431049814631 1.2122005784319982 -0.4895249723035666 
-0.5947475088288772 1.2122208621542 -0.4895369561153222 
-0.5947446434434418 1.212207664448488 -0.48952915878802306 
-0.5947448971209178 1.2122093406897514 -0.4895358547904822 
-0.5947444735620717 1.2122077333452932 -0.4895387648699885 
-0.5947459468102321 1.2122133241086264 -0.48952864285431485 
-0.5947442059433168 1.2122056493625488 -0.48952796825650546 
-0.5947420552921489 1.2121965950131233 -0.48953218423973466 
-0.5947444596207926 1.2122073256038122 -0.48953466425896464 
-0.5947463703690781 1.2122149314530848 -0.4895257327748088 
-0.5930041655160729 1.2132039399891512 -0.48956410992654065 
-0.5947415990430509 1.2121941500419016 -0.48952688001442946 
-0.5947426674813376 1.2121985633460588 -0.48952378177204936 
-0.5947420552921489 1.2121965950131233 -0.48953218423973466 
-0.5947435798128486 1.2122032732881323 -0.48953227011316636 
-0.5947396370222259 1.2121854566809536 -0.4895256036094796 
-0.5947440360619465 1.212205718259354 -0.48953757433847134 
-0.5947440360619465 1.212205718259354 -0.48953757433847134 
