-0.6497412034409787 1.2821930075249965 -0.48953384052512483 
-0.6497412034409787 1.2821930075249965 -0.48953384052512483 
-0.6497412034409787 1.2821930075249965 -0.48953384052512483 
-0.6497415990430512 1.2821941500419018 -0.4895268800144297 
-0.6497415990430512 1.2821941500419018 -0.4895268800144297 
-0.6497436356521806 1.2822045535986475 -0.4895445217664025 
-0.6497436356521806 1.2822045535986475 -0.4895445217664025 
-0.6497436356521806 1.2822045535986475 -0.4895445217664025 
-0.6497436356521806 1.2822045535986475 -0.4895445217664025 
-0.6497436356521806 1.2822045535986475 -0.4895445217664025 
-0.6497436356521806 1.2822045535986475 -0.4895445217664025 
-0.6497470665210584 1.2822188249244595 -0.4895357525010411 
-0.6497492961606381 1.2822296022681519 -0.48954782551947384 
-0.6497492961606381 1.2822296022681519 -0.48954782551947384 
-0.6497492961606379 1.2822296022681519 -0.4895478255194735 
-0.6497492961606379 1.2822296022681519 -0.4895478255194735 
-0.6497435798128487 1.282203273288132 -0.4895322701131668 
-0.6497435798128487 1.282203273288132 -0.4895322701131668 
-0.6497516679657154 1.2822396752324476 -0.48954421134338566 
-0.6497516679657154 1.2822396752324476 -0.48954421134338566 
-0.649742667481338 1.282198563346059 -0.48952378177204925 
-0.6497488121956675 1.2822265218143387 -0.48953644018161424 
-0.6497488121956673 1.2822265218143387 -0.4895364401816139 
-0.6497488121956673 1.2822265218143387 -0.4895364401816139 
-0.6497488121956673 1.2822265218143387 -0.4895364401816139 
-0.649744643443442 1.282207664448488 -0.48952915878802283 
-0.649744643443442 1.282207664448488 -0.48952915878802283 
-0.6497483698878486 1.2822244845845978 -0.4895352365673331 
-0.6497440360619465 1.2822057182593538 -0.48953757433847156 
-0.6497440360619465 1.2822057182593538 -0.48953757433847156 
-0.6497440360619465 1.2822057182593538 -0.48953757433847156 
-0.6497440360619465 1.2822057182593538 -0.48953757433847156 
-0.6497448971209179 1.2822093406897515 -0.489535854790482 
-0.649746389118051 1.282215361338367 -0.489529846468596 
-0.649746389118051 1.282215361338367 -0.489529846468596 
-0.649746389118051 1.282215361338367 -0.489529846468596 
-0.6497424927922741 1.2821986100990626 -0.48953337477125136 
-0.6497424927922741 1.2821986100990626 -0.48953337477125136 
-0.6497435937541278 1.2822036810296131 -0.48953637072419043 
-0.6497435937541278 1.2822036810296131 -0.48953637072419043 
-0.649748435101667 1.2822259798377542 -0.48954954506746295 
-0.649748435101667 1.2822259798377542 -0.48954954506746295 
-0.649748435101667 1.2822259798377542 -0.48954954506746295 
-0.649748435101667 1.2822259798377542 -0.48954954506746295 
-0.6497411615429258 1.2821921349559622 -0.4895256894829123 
-0.6497411615429258 1.2821921349559622 -0.4895256894829123 
-0.6497411615429258 1.2821921349559622 -0.4895256894829123 
-0.649746501037616 1.2822177513043598 -0.4895523190937019 
-0.649746501037616 1.2822177513043598 -0.4895523190937019 
-0.649746501037616 1.2822177513043598 -0.4895523190937019 
-0.649746501037616 1.2822177513043598 -0.4895523190937019 
-0.649746501037616 1.2822177513043598 -0.4895523190937019 
-0.6497479323877234 1.2822224694986586 -0.4895340460358162 
-0.6497479323877234 1.2822224694986586 -0.4895340460358162 
-0.6497479323877234 1.2822224694986586 -0.4895340460358162 
-0.6497448971209179 1.2822093406897515 -0.489535854790482 
-0.6497448971209179 1.2822093406897515 -0.489535854790482 
-0.6497403236330347 1.2821889552093166 -0.4895314463793272 
-0.6497403236330347 1.2821889552093166 -0.4895314463793272 
-0.6497403236330347 1.2821889552093166 -0.4895314463793272 
-0.6497403236330347 1.2821889552093166 -0.4895314463793272 
-0.6497403236330347 1.2821889552093166 -0.4895314463793272 
-0.6497492357545136 1.282228129158797 -0.4895335301021084 
-0.6497492357545136 1.282228129158797 -0.4895335301021084 
-0.6497470665210584 1.2822188249244595 -0.4895357525010411 
-0.6497470665210584 1.2822188249244595 -0.4895357525010411 
-0.6497474900799045 1.2822204322689177 -0.48953284242153483 
-0.6497474900799045 1.2822204322689177 -0.48953284242153483 
-0.6497474900799045 1.2822204322689177 -0.48953284242153483 
-0.6497474900799045 1.2822204322689177 -0.48953284242153483 
-0.6497510605842202 1.2822377290433136 -0.4895526268938337 
-0.6497510605842202 1.2822377290433136 -0.4895526268938337 
-0.6497435424815885 1.2822025935179377 -0.48952616283508377 
-0.6497435424815885 1.2822025935179377 -0.48952616283508377 
-0.6497435424815885 1.2822025935179377 -0.48952616283508377 
-0.6497435424815885 1.2822025935179377 -0.48952616283508377 
-0.6497435424815885 1.2822025935179377 -0.48952616283508377 
-0.6497422251735192 1.2821965261163182 -0.4895225781577688 
-0.6497422251735192 1.2821965261163182 -0.4895225781577688 
-0.6497422251735192 1.2821965261163182 -0.4895225781577688 
-0.6497422251735192 1.2821965261163182 -0.4895225781577688 
-0.6497417876733939 1.282194511030379 -0.4895213876262514 
-0.6497417876733939 1.282194511030379 -0.4895213876262514 
-0.6497459655592049 1.282213753993909 -0.48953275654810224 
-0.6497459655592049 1.282213753993909 -0.48953275654810224 
-0.6497459655592049 1.282213753993909 -0.48953275654810224 
-0.6497459655592049 1.282213753993909 -0.48953275654810224 
-0.6497459655592049 1.282213753993909 -0.48953275654810224 
-0.6497488586605131 1.2822275871822126 -0.4895466349879565 
-0.6497488586605131 1.2822275871822126 -0.4895466349879565 
-0.6497488586605131 1.2822275871822126 -0.4895466349879565 
-0.6497488586605131 1.2822275871822126 -0.4895466349879565 
-0.649744643443442 1.282207664448488 -0.48952915878802283 
-0.649744643443442 1.282207664448488 -0.48952915878802283 
-0.6497436544011534 1.2822049834839297 -0.4895486354601897 
-0.6497436544011534 1.2822049834839297 -0.4895486354601897 
-0.6497436544011534 1.2822049834839297 -0.4895486354601897 
-0.6497451789218531 1.2822116617589387 -0.4895487213336225 
-0.6497451789218531 1.2822116617589387 -0.4895487213336225 
-0.6497451789218531 1.2822116617589387 -0.4895487213336225 
-0.6497451789218531 1.2822116617589387 -0.4895487213336225 
-0.6497451789218531 1.2822116617589387 -0.4895487213336225 
-0.6497451789218531 1.2822116617589387 -0.4895487213336225 
-0.6497435285403094 1.2822021857764565 -0.4895220622240608 
-0.6497435285403094 1.2822021857764565 -0.4895220622240608 
-0.6497435285403094 1.2822021857764565 -0.4895220622240608 
-0.6497440360619465 1.2822057182593538 -0.48953757433847156 
-0.6497468826984093 1.2822184860797838 -0.4895412579719831 
-0.6497468826984093 1.2822184860797838 -0.4895412579719831 
-0.6497439660404345 1.282204200862396 -0.4895232527555775 
-0.6497439660404345 1.282204200862396 -0.4895232527555775 
-0.649748435101667 1.2822259798377542 -0.48954954506746295 
-0.649748435101667 1.2822259798377542 -0.48954954506746295 
-0.649748435101667 1.2822259798377542 -0.48954954506746295 
-0.6497488586605131 1.2822275871822126 -0.4895466349879565 
-0.6497507881577713 1.2822356229167677 -0.4895418171975874 
-0.6497507881577713 1.2822356229167677 -0.4895418171975874 
-0.6497507881577711 1.2822356229167677 -0.48954181719758705 
-0.6497507881577711 1.2822356229167677 -0.48954181719758705 
-0.6497475971917759 1.2822228000911085 -0.48955530196387653 
-0.6497475971917759 1.2822228000911085 -0.48955530196387653 
-0.6497477625063534 1.2822225383954637 -0.4895436521177816 
-0.6497477625063534 1.2822225383954637 -0.4895436521177816 
-0.6497477625063534 1.2822225383954637 -0.4895436521177816 
-0.6497475088288773 1.2822208621542002 -0.4895369561153222 
-0.6497475088288773 1.2822208621542002 -0.4895369561153222 
-0.6497475088288773 1.2822208621542002 -0.4895369561153222 
-0.6497482000064785 1.282224553481403 -0.48954484264929876 
-0.6497482000064785 1.282224553481403 -0.48954484264929876 
-0.6497442059433167 1.2822056493625487 -0.4895279682565059 
-0.6497447553630069 1.28221005441448 -0.4895516314131285 
-0.6497447553630069 1.28221005441448 -0.4895516314131285 
-0.6497447553630069 1.2822100544144799 -0.4895516314131285 
-0.6497447553630069 1.2822100544144799 -0.4895516314131285 
-0.6497473201985343 1.2822205011657228 -0.48954244850350026 
-0.6497473201985343 1.2822205011657228 -0.48954244850350026 
-0.6497473201985343 1.2822205011657228 -0.48954244850350026 
-0.6497431049814633 1.2822005784319983 -0.48952497230356706 
-0.6497439660404345 1.282204200862396 -0.4895232527555775 
-0.6497439660404345 1.282204200862396 -0.4895232527555775 
-0.6497439660404345 1.282204200862396 -0.4895232527555775 
-0.6497439660404345 1.282204200862396 -0.4895232527555775 
-0.6497517192382549 1.2822407627441235 -0.4895544192324919 
-0.6497440360619465 1.2822057182593538 -0.48953757433847156 
-0.6497442059433167 1.2822056493625487 -0.4895279682565059 
-0.6497427419029574 1.2822000935414863 -0.48953802700958104 
-0.6497427419029574 1.2822000935414863 -0.48953802700958104 
-0.6497402304624424 1.2821869951286067 -0.48951308744800826 
-0.6497402304624424 1.2821869951286067 -0.48951308744800826 
-0.6497402304624424 1.2821869951286067 -0.48951308744800826 
-0.6497402304624424 1.2821869951286067 -0.48951308744800826 
-0.6497402304624424 1.2821869951286067 -0.48951308744800826 
-0.6497473201985343 1.2822205011657228 -0.48954244850350026 
-0.6497473201985343 1.2822205011657228 -0.48954244850350026 
-0.6497473201985343 1.2822205011657228 -0.48954244850350026 
-0.6497473201985343 1.2822205011657228 -0.48954244850350026 
-0.6482448835882624 1.283028242982868 -0.4895487141959517 
-0.6482448835882624 1.283028242982868 -0.4895487141959517 
-0.6497489332488179 1.2822292973780103 -0.4895630003349798 
-0.6497489332488179 1.2822292973780103 -0.4895630003349798 
-0.6497470665210584 1.2822188249244595 -0.4895357525010411 
-0.6497470665210584 1.2822188249244595 -0.4895357525010411 
-0.6497470665210584 1.2822188249244595 -0.4895357525010411 
-0.6497445015188457 1.2822081981728464 -0.4895428153011776 
-0.6497445015188457 1.2822081981728464 -0.4895428153011776 
-0.6497444735620718 1.2822077333452933 -0.4895387648699885 
-0.6497431562540026 1.2822016659436737 -0.48953518019267284 
-0.6497431562540026 1.2822016659436737 -0.48953518019267284 
-0.6497431562540026 1.2822016659436737 -0.48953518019267284 
-0.6497431562540026 1.2822016659436737 -0.48953518019267284 
-0.6497450670022881 1.2822092717929463 -0.4895262487085166 
-0.6497450670022881 1.2822092717929463 -0.4895262487085166 
-0.6497497524097363 1.2822320472393738 -0.4895531297447784 
-0.6497497524097363 1.2822320472393738 -0.4895531297447784 
-0.6497501947175551 1.2822340844691142 -0.4895543333590595 
-0.6497501947175551 1.2822340844691142 -0.4895543333590595 
-0.6497473201985343 1.2822205011657228 -0.48954244850350026 
-0.6497473201985343 1.2822205011657228 -0.48954244850350026 
-0.6497473201985343 1.2822205011657228 -0.48954244850350026 
-0.6497506182764012 1.2822356918135727 -0.4895514232795528 
-0.6497506182764012 1.2822356918135727 -0.4895514232795528 
-0.6497506182764012 1.2822356918135727 -0.4895514232795528 
-0.6497506182764012 1.2822356918135727 -0.4895514232795528 
-0.6497415990430512 1.2821941500419018 -0.4895268800144297 
-0.6497415990430512 1.2821941500419018 -0.4895268800144297 
-0.6497475088288773 1.2822208621542002 -0.4895369561153222 
-0.6497527689275691 1.2822447461629982 -0.4895472072963245 
-0.6497527689275691 1.2822447461629982 -0.4895472072963245 
-0.6497424788509951 1.2821982023575815 -0.4895292741602275 
-0.6497424788509951 1.2821982023575815 -0.4895292741602275 
-0.6497424788509951 1.2821982023575815 -0.4895292741602275 
-0.6497424788509951 1.2821982023575815 -0.4895292741602275 
-0.6497468966396882 1.2822188938212644 -0.48954535858300696 
-0.6497468966396882 1.2822188938212644 -0.48954535858300696 
-0.6497411754842051 1.2821925426974432 -0.4895297900939357 
-0.6497411754842051 1.2821925426974432 -0.4895297900939357 
-0.6497411754842051 1.2821925426974432 -0.4895297900939357 
-0.6497470665210584 1.2822188249244595 -0.4895357525010411 
-0.6497470665210584 1.2822188249244595 -0.4895357525010411 
-0.6497472549847161 1.2822190059125664 -0.4895281400033713 
-0.6497448971209179 1.2822093406897515 -0.489535854790482 
-0.6497448971209179 1.2822093406897515 -0.489535854790482 
-0.6497448971209179 1.2822093406897515 -0.489535854790482 
-0.6497446295021629 1.2822072567070073 -0.48952505817699965 
-0.6497446295021629 1.2822072567070073 -0.48952505817699965 
-0.6497446295021629 1.2822072567070073 -0.48952505817699965 
-0.6497446295021629 1.2822072567070073 -0.48952505817699965 
-0.6497473201985343 1.2822205011657228 -0.48954244850350026 
-0.6497473201985341 1.2822205011657228 -0.4895424485034999 
-0.6497442059433167 1.2822056493625487 -0.4895279682565059 
-0.6497442059433167 1.2822056493625487 -0.4895279682565059 
-0.6497450857512608 1.2822097016782288 -0.48953036240230396 
-0.6497450857512608 1.2822097016782288 -0.48953036240230396 
-0.6497450857512606 1.2822097016782288 -0.48953036240230363 
-0.6497493380586913 1.2822304748371862 -0.48955597656168637 
-0.6497493380586913 1.2822304748371862 -0.48955597656168637 
-0.6497493380586913 1.2822304748371862 -0.48955597656168637 
-0.6497442059433165 1.2822056493625487 -0.4895279682565056 
-0.6497442059433165 1.2822056493625487 -0.4895279682565056 
-0.6497442059433165 1.2822056493625487 -0.4895279682565056 
-0.6497406867115404 1.2821894400998284 -0.4895183916733121 
-0.6497406867115404 1.2821894400998284 -0.4895183916733121 
-0.6497399000741886 1.2821873478648582 -0.4895343564588326 
-0.6497399000741886 1.2821873478648582 -0.4895343564588326 
-0.6497399000741886 1.2821873478648582 -0.4895343564588326 
-0.6497399000741886 1.2821873478648582 -0.4895343564588326 
-0.6497512956794087 1.282239155399665 -0.48955732931199814 
-0.6497512956794087 1.282239155399665 -0.48955732931199814 
-0.6497512956794087 1.282239155399665 -0.48955732931199814 
-0.6497512956794087 1.282239155399665 -0.48955732931199814 
-0.649744643443442 1.282207664448488 -0.48952915878802283 
-0.6497431562540026 1.2822016659436737 -0.48953518019267284 
-0.6497431562540026 1.2822016659436737 -0.48953518019267284 
-0.6497431562540026 1.2822016659436737 -0.48953518019267284 
-0.6497512444068694 1.2822380678879894 -0.48954712142289214 
-0.6497512444068694 1.2822380678879894 -0.48954712142289214 
-0.6497512444068694 1.2822380678879894 -0.48954712142289214 
-0.6497435424815885 1.2822025935179377 -0.48952616283508377 
-0.6497435424815885 1.2822025935179377 -0.48952616283508377 
-0.6497435424815885 1.2822025935179377 -0.48952616283508377 
-0.6497435424815885 1.2822025935179377 -0.48952616283508377 
-0.6497450530610089 1.282208864051465 -0.4895221480974934 
-0.6497464403905904 1.2822164488500427 -0.489540054357702 
-0.6497459655592049 1.282213753993909 -0.48953275654810224 
-0.6497444735620718 1.2822077333452933 -0.4895387648699885 
-0.6497453581777096 1.2822118078047746 -0.4895411720985505 
-0.6497503319086735 1.282233177945546 -0.48953651297228307 
-0.6497436217109015 1.2822041458571665 -0.48954042115537955 
-0.6497416409411041 1.282195022610936 -0.4895350310566424 
-0.6497460168317442 1.2822148415055843 -0.4895429644372087 
-0.649746044788518 1.2822153063331378 -0.489547014868398 
-0.6497424927922741 1.2821986100990626 -0.48953337477125136 
-0.6497449158698907 1.2822097705750337 -0.4895399684842694 
-0.6497436544011534 1.2822049834839297 -0.4895486354601897 
-0.6497436544011534 1.2822049834839297 -0.4895486354601897 
-0.6497470665210584 1.2822188249244595 -0.4895357525010411 
-0.6497442059433167 1.2822056493625487 -0.4895279682565059 
-0.6497440173129738 1.2822052883740716 -0.48953346064468395 
-0.6497450670022881 1.2822092717929463 -0.4895262487085166 
-0.6497455232513859 1.282211716764168 -0.4895315529338209 
-0.6497399140154678 1.2821877556063392 -0.4895384570698562 
-0.6497512444068694 1.2822380678879894 -0.48954712142289214 
-0.6497464403905904 1.2822164488500427 -0.489540054357702 
-0.6497450857512608 1.2822097016782288 -0.48953036240230396 
-0.6497460168317442 1.2822148415055843 -0.4895429644372087 
-0.6497470665210584 1.2822188249244595 -0.4895357525010411 
-0.6497483886368214 1.2822249144698803 -0.4895393502611205 
-0.6497492496957926 1.282228536900278 -0.4895376307131316 
-0.6497450857512608 1.2822097016782288 -0.48953036240230396 
-0.64974204135087 1.2821961872716425 -0.4895280836287106 
-0.6497435798128487 1.282203273288132 -0.4895322701131668 
-0.6497453394287368 1.2822113779194921 -0.48953705840476336 
-0.6497412034409787 1.2821930075249965 -0.48953384052512483 
-0.6497431049814633 1.2822005784319983 -0.48952497230356706 
-0.6497517192382549 1.2822407627441235 -0.4895544192324919 
-0.649741345365575 1.2821924738006378 -0.48952018401197006 
-0.6497402956762608 1.2821884903817629 -0.48952739594813766 
-0.6497489005585659 1.282228459751247 -0.489554786030169 
-0.6497459468102321 1.2822133241086264 -0.48952864285431485 
-0.6497513236361825 1.2822396202272184 -0.48956137974318725 
-0.6497508020990506 1.2822360306582485 -0.489545917808611 
-0.649746044788518 1.2822153063331378 -0.489547014868398 
-0.6497450670022881 1.2822092717929463 -0.4895262487085166 
-0.6497431049814633 1.2822005784319983 -0.48952497230356706 
-0.6497449438266646 1.2822102354025873 -0.48954401891545873 
-0.6497440360619465 1.2822057182593538 -0.48953757433847156 
-0.6497477625063534 1.2822225383954637 -0.4895436521177816 
-0.6497431794030827 1.2822021086274258 -0.4895392175410984 
-0.6497483698878486 1.2822244845845978 -0.4895352365673331 
-0.6479993614997942 1.2831823209512048 -0.4895570428613505 
-0.6496556707198905 1.2822507267329608 -0.4895228560189937 
-0.6497435798128487 1.282203273288132 -0.4895322701131668 
-0.6497499222911063 1.2822319783425684 -0.4895435236628125 
-0.6497493149096111 1.2822300321534343 -0.48955193921326123 
-0.649741345365575 1.2821924738006378 -0.48952018401197006 
-0.6497488586605131 1.2822275871822126 -0.4895466349879565 
-0.649746389118051 1.282215361338367 -0.489529846468596 
-0.6497477625063534 1.2822225383954637 -0.4895436521177816 
-0.6497453581777096 1.2822118078047746 -0.4895411720985505 
-0.6497470665210584 1.2822188249244595 -0.4895357525010411 
-0.6497506182764012 1.2822356918135727 -0.4895514232795528 
-0.649744643443442 1.282207664448488 -0.48952915878802283 
-0.6497492496957926 1.282228536900278 -0.4895376307131316 
-0.6497479463290023 1.2822228772401392 -0.48953814664683937 
-0.6497459468102321 1.2822133241086264 -0.48952864285431485 
-0.6497450857512608 1.2822097016782288 -0.48953036240230396 
-0.6497473201985343 1.2822205011657228 -0.48954244850350026 
-0.6497464078670239 1.2822157912236498 -0.4895339601623834 
-0.6497506182764012 1.2822356918135727 -0.4895514232795528 
-0.649750618276401 1.2822356918135727 -0.4895514232795525 
-0.6497459328689529 1.2822129163671456 -0.4895245422432919 
-0.6497456024806991 1.2822132691033967 -0.48954581125411645 
-0.6497455232513859 1.282211716764168 -0.4895315529338209 
-0.6497406867115402 1.2821894400998284 -0.4895183916733118 
-0.6497416177920239 1.282194579927184 -0.48953099370821684 
-0.6497459468102321 1.2822133241086264 -0.48952864285431485 
-0.6497474900799045 1.2822204322689177 -0.48953284242153483 
-0.6497440360619465 1.2822057182593538 -0.48953757433847156 
-0.649742055292149 1.2821965950131233 -0.48953218423973444 
-0.6497453581777096 1.2822118078047746 -0.4895411720985505 
-0.6497440173129738 1.2822052883740716 -0.48953346064468395 
-0.6497457817365557 1.2822134151492333 -0.4895382620190445 
-0.6497449158698907 1.2822097705750337 -0.4895399684842694 
-0.6497473201985343 1.2822205011657228 -0.48954244850350026 
-0.6497488586605131 1.2822275871822126 -0.4895466349879565 
-0.6497424788509951 1.2821982023575815 -0.4895292741602275 
-0.649746356427799 1.2822145237116038 -0.48952163216378564 
-0.6497488726017921 1.2822279949236934 -0.4895507355989801 
-0.6482087182715387 1.2830617985223216 -0.48954664253024704 
-0.6497427558442366 1.2822005012829674 -0.48954212762060445 
-0.6497445015188457 1.2822081981728464 -0.4895428153011776 
-0.6486176760580589 1.2828305325608358 -0.48955710842921185 
-0.6497459468102321 1.2822133241086264 -0.48952864285431485 
-0.6497475088288773 1.2822208621542002 -0.4895369561153222 
-0.6497453581777094 1.2822118078047746 -0.4895411720985502 
-0.6497448971209179 1.2822093406897515 -0.489535854790482 
-0.6497459655592049 1.282213753993909 -0.48953275654810224 
-0.6497473201985343 1.2822205011657228 -0.48954244850350026 
-0.6497453394287368 1.2822113779194921 -0.48953705840476336 
-0.6497453394287366 1.2822113779194921 -0.489537058404763 
-0.6497444596207926 1.2822073256038125 -0.48953466425896486 
-0.6497477625063534 1.2822225383954637 -0.4895436521177816 
-0.6497488586605131 1.2822275871822126 -0.4895466349879565 
-0.6497473201985343 1.2822205011657228 -0.48954244850350026 
-0.6497457817365557 1.2822134151492333 -0.4895382620190445 
-0.649746389118051 1.282215361338367 -0.489529846468596 
-0.6497479463290023 1.2822228772401392 -0.48953814664683937 
-0.6497499083498274 1.2822315706010876 -0.4895394230517891 
-0.6497417876733939 1.282194511030379 -0.4895213876262514 
-0.6497489005585659 1.282228459751247 -0.489554786030169 
-0.649738799112335 1.2821822769343079 -0.4895313605058935 
-0.6497508813283637 1.2822375829974775 -0.48956017612890634 
-0.6497499083498274 1.2822315706010876 -0.4895394230517891 
-0.6497482000064785 1.282224553481403 -0.48954484264929876 
-0.6497512256578967 1.282237638002707 -0.48954300772910453 
-0.6497417876733939 1.282194511030379 -0.4895213876262514 
-0.649746389118051 1.282215361338367 -0.489529846468596 
-0.6497444735620718 1.2822077333452933 -0.4895387648699885 
-0.6497423183441113 1.282198486197028 -0.4895409370890873 
-0.6497460168317442 1.2822148415055843 -0.4895429644372087 
-0.6497464078670239 1.2822157912236498 -0.4895339601623834 
-0.6497464078670239 1.2822157912236498 -0.4895339601623834 
-0.6497453394287368 1.2822113779194921 -0.48953705840476336 
-0.6497427558442366 1.2822005012829674 -0.48954212762060445 
-0.6497411615429256 1.2821921349559622 -0.489525689482912 
-0.6497444596207926 1.2822073256038125 -0.48953466425896486 
-0.6497457817365557 1.2822134151492333 -0.4895382620190445 
-0.6497411615429258 1.2821921349559622 -0.4895256894829123 
-0.6497497991154829 1.2822329419522096 -0.48956129386975444 
-0.6497450857512608 1.2822097016782288 -0.48953036240230396 
-0.6497482000064785 1.282224553481403 -0.48954484264929876 
-0.6497488261369466 1.2822269295558195 -0.48954054079263787 
-0.6497521102735342 1.2822417124621888 -0.4895454149576667 
-0.6497445015188457 1.2822081981728464 -0.4895428153011776 
-0.6497488726017919 1.2822279949236934 -0.48955073559897977 
-0.6497499222911063 1.2822319783425684 -0.4895435236628125 
-0.6497440360619465 1.2822057182593538 -0.48953757433847156 
-0.6497411754842048 1.2821925426974432 -0.4895297900939354 
-0.6497456024806991 1.2822132691033967 -0.48954581125411645 
-0.6497483886368212 1.2822249144698803 -0.48953935026112017 
-0.6497507694087985 1.2822351930314853 -0.48953770350380066 
-0.6497464591395631 1.2822168787353252 -0.4895441680514898 
-0.6497503458499522 1.2822335856870268 -0.48954061358330636 
-0.6497453394287368 1.2822113779194921 -0.48953705840476336 
-0.6497415990430512 1.2821941500419018 -0.4895268800144297 
-0.6497450857512608 1.2822097016782288 -0.48953036240230396 
-0.6497450670022881 1.2822092717929463 -0.4895262487085166 
-0.6497457817365557 1.2822134151492333 -0.4895382620190445 
-0.6497464591395631 1.2822168787353252 -0.4895441680514898 
-0.6480008486892335 1.2831883194560187 -0.4895510214567005 
-0.6496766009114221 1.2822520783106994 -0.48953338325907103 
-0.6497459655592049 1.282213753993909 -0.48953275654810224 
-0.6497439660404345 1.282204200862396 -0.4895232527555775 
-0.6497468966396882 1.2822188938212644 -0.48954535858300696 
-0.6497445015188457 1.2822081981728464 -0.4895428153011776 
-0.6497435424815885 1.2822025935179377 -0.48952616283508377 
-0.6497464591395629 1.2822168787353252 -0.4895441680514895 
-0.6497442059433167 1.2822056493625487 -0.4895279682565059 
-0.6497453394287368 1.2822113779194921 -0.48953705840476336 
-0.6497521102735344 1.2822417124621888 -0.489545414957667 
-0.6497464591395631 1.2822168787353252 -0.4895441680514898 
-0.6497450857512608 1.2822097016782288 -0.48953036240230396 
-0.6497457817365557 1.2822134151492333 -0.4895382620190445 
-0.6497482000064785 1.282224553481403 -0.48954484264929876 
-0.6497440592110267 1.2822061609431057 -0.48954161168689647 
-0.6497468826984093 1.2822184860797838 -0.4895412579719831 
-0.6497475088288773 1.2822208621542002 -0.4895369561153222 
-0.6497456212296719 1.2822136989886797 -0.48954992494790406 
-0.649746389118051 1.282215361338367 -0.489529846468596 
-0.6497475088288771 1.2822208621542002 -0.4895369561153219 
-0.6497442059433167 1.2822056493625487 -0.4895279682565059 
-0.6497479323877234 1.2822224694986586 -0.4895340460358162 
-0.6497492496957926 1.282228536900278 -0.4895376307131316 
-0.6497506370253741 1.2822361216988554 -0.4895555369733404 
-0.6497396182732534 1.2821850267956707 -0.48952148991569255 
-0.6497444596207926 1.2822073256038125 -0.48953466425896486 
-0.6497406867115404 1.2821894400998284 -0.4895183916733121 
-0.6497398813252158 1.2821869179795755 -0.48953024276504564 
-0.6497422251735192 1.2821965261163182 -0.4895225781577688 
-0.6497483698878486 1.2822244845845978 -0.4895352365673331 
-0.6497406679625677 1.282189010214546 -0.4895142779795254 
-0.6497403236330347 1.2821889552093166 -0.4895314463793272 
-0.6497403236330347 1.2821889552093166 -0.4895314463793272 
-0.6497431049814633 1.2822005784319983 -0.48952497230356706 
-0.6497475088288773 1.2822208621542002 -0.4895369561153222 
-0.649744643443442 1.282207664448488 -0.48952915878802283 
-0.6497448971209179 1.2822093406897515 -0.489535854790482 
-0.6497444735620718 1.2822077333452933 -0.4895387648699885 
-0.6497459468102321 1.2822133241086264 -0.48952864285431485 
-0.6497442059433167 1.2822056493625487 -0.4895279682565059 
-0.649742055292149 1.2821965950131233 -0.48953218423973444 
-0.6497444596207926 1.2822073256038125 -0.48953466425896486 
-0.6497463703690782 1.2822149314530848 -0.4895257327748086 
-0.6480041655160729 1.283203939989151 -0.48956410992654087 
-0.6497415990430512 1.2821941500419018 -0.4895268800144297 
-0.6497426674813378 1.282198563346059 -0.4895237817720489 
-0.649742055292149 1.2821965950131233 -0.48953218423973444 
-0.6497435798128487 1.282203273288132 -0.4895322701131668 
-0.6497396370222259 1.2821854566809534 -0.48952560360947983 
-0.6497440360619465 1.2822057182593538 -0.48953757433847156 
-0.6497440360619465 1.2822057182593538 -0.48953757433847156 
