-0.6977614514557909 1.2464419846472627 -0.3497338507469767 
-0.6965083973245517 1.2416972830524897 -0.35832048809412265 
-0.6976425596254706 1.245990942320387 -0.3505384018579075 
-0.6960724629673483 1.240045848155358 -0.3612986853521647 
-0.6978903804547025 1.2469292478758782 -0.3488393582626024 
-0.6965995658447155 1.2420419326190704 -0.3576890998384896 
-0.6983010064078583 1.2484848613924773 -0.34603469685234 
-0.6969324542624603 1.2433023232516764 -0.35540683835194165 
-0.698379682875363 1.2487818572027212 -0.34548473247683975 
-0.6963857814879599 1.2412333878665212 -0.35916535517435244 
-0.6979873368322321 1.24729759365833 -0.3481894160247906 
-0.6963360922422362 1.2410436520243144 -0.35948703924883296 
-0.6983254440983505 1.2485764969593889 -0.3458565900280628 
-0.6964862588685127 1.2416138178919796 -0.3584764887443983 
-0.698204550308053 1.248120012870314 -0.34670021446715327 
-0.6962891223849061 1.2408677707282718 -0.359832264566322 
-0.6977742810514409 1.2464896693488947 -0.34963532827102217 
-0.6958992196111533 1.2393911548568388 -0.36250119196850006 
-0.6975789888581732 1.2457495389477393 -0.35096582034451806 
-0.6966903620545086 1.2423862425622745 -0.35707294966096137 
-0.698145993511341 1.2478967024799885 -0.34708269389834123 
-0.696559675706399 1.241890899558178 -0.35796258404977555 
-0.6977540695194843 1.2464140349714092 -0.34978446082540127 
-0.6963028011709934 1.2409188496428798 -0.3597300420408396 
-0.697689265346133 1.2461686717545117 -0.35022875405136933 
-0.6957626279817603 1.2388736321123124 -0.3634334345295449 
-0.697111492293378 1.2439807366326117 -0.3541857079494479 
-0.6962817312211791 1.2408397861153238 -0.35988293790734416 
-0.6975462684254943 1.2456256520095195 -0.3511901495171348 
-0.6957459706134289 1.2388109195861237 -0.36355185719659044 
-0.6974073846467669 1.245100162725389 -0.35214654855769156 
-0.6955758520167044 1.238167168236039 -0.36472240013148094 
-0.6977106138478203 1.2462502140518281 -0.35009083175472755 
-0.6961086174619096 1.240183982349513 -0.36106557383139404 
-0.6972812453970886 1.2446241722258644 -0.35303033328868205 
-0.6964199948882012 1.2413632835440565 -0.35893501113845594 
-0.6978562262905472 1.246800823548125 -0.34908408060260565 
-0.6961447317107496 1.2403210750685807 -0.36082219770030355 
-0.6977606283408371 1.2464392241757793 -0.34974371479580224 
-0.6958469056159214 1.2391937943262337 -0.36286829499193585 
-0.6974127122043675 1.2451212231558066 -0.3521205636993405 
-0.6956211900821264 1.2383381163229625 -0.3644031236321561 
-0.6971545213614027 1.2441431193755341 -0.35388436066773976 
-0.6956880812592621 1.2385908463930813 -0.3639381792719414 
-0.6969284756374974 1.243287794294018 -0.3554404583187847 
-0.6958671266430605 1.2392696436410662 -0.36272121928445034 
-0.6969045966803233 1.243196848162425 -0.35559782813539564 
-0.6959855605836793 1.2397180612530385 -0.3619092438387286 
-0.6976101033066655 1.2458689464180799 -0.3507714838798731 
-0.6959559025207299 1.240460739209603 -0.3606026888311755 
-0.6973357056321903 1.2448303709594721 -0.35265695743510606 
-0.6959846950807026 1.2397144282361703 -0.3619109568453429 
-0.6968100840849014 1.2428402492274309 -0.35626058480671674 
-0.6954396498135071 1.23765076391954 -0.3656477519858079 
-0.6969050119142406 1.2431984203316917 -0.35559498131848466 
-0.6957972139601344 1.2390040474134778 -0.3631899725250348 
-0.6970775408647087 1.2438529009206916 -0.35442691840280305 
-0.6955045056023014 1.2378970346189166 -0.36521154653945287 
-0.6973128715158212 1.2447432037898907 -0.3528050650100304 
-0.69550447979458 1.2378965808776767 -0.3652075026496464 
-0.6975427874004302 1.2456144292413478 -0.35123721821010545 
-0.6956655444173688 1.2385064078677017 -0.36410325400102383 
-0.6962881908284874 1.2408626424950766 -0.35981966907280993 
-0.6952969309092178 1.2371098629438029 -0.36661988080245367 
-0.6967963463304906 1.2427878789632936 -0.3563505491375837 
-0.6957440439571084 1.2388032688033517 -0.363560845401978 
-0.6976683818192662 1.2460899580388973 -0.35037615098831276 
-0.6965930143762435 1.2420171272817508 -0.3577340162830912 
-0.6973576576652819 1.2449134863080409 -0.35250645571439154 
-0.6960039563108437 1.2397884236800132 -0.3617915655734567 
-0.6976603208029306 1.2460587251581172 -0.3504229751437903 
-0.695958941350413 1.2396169188045365 -0.36208752275644607 
-0.6970941463498354 1.2439145259641486 -0.3542982878466534 
-0.696632328933179 1.2421668721029273 -0.3574750418175757 
-0.6977098613614683 1.2462450517635237 -0.35006856691665167 
-0.6960410727447043 1.2399282428154548 -0.3615286560489771 
-0.6981384395900866 1.247868990726042 -0.34714502362684074 
-0.696583731591338 1.241981980564365 -0.35779765845670986 
-0.6973420356425731 1.2448543378065162 -0.352613559292857 
-0.696131614068044 1.240270696659841 -0.3609036897595016 
-0.697499494218532 1.2454501554625126 -0.35152981264246463 
-0.6958685956774411 1.2392748497091872 -0.3627069268537626 
-0.6971799190938605 1.2442405279876825 -0.3537250198776548 
-0.6967545126877905 1.242628596315232 -0.35662679429236177 
-0.6973563603480872 1.2449078623177614 -0.3525069083855128 
-0.6960714512871455 1.2400429068016363 -0.36131616189866 
-0.6971818199424594 1.2442477250292148 -0.3537119877824606 
-0.6956254586286845 1.2383549900577735 -0.36438230040446895 
-0.6976493494000949 1.2460171849523798 -0.350498194372849 
-0.696511597364885 1.2417097551543461 -0.3583027696502067 
-0.6976991848230449 1.24620622913144 -0.3501607467584864 
-0.6963830317166858 1.2412229766122658 -0.3591842074285657 
-0.6975329717127221 1.2455753076558884 -0.3512813109208962 
-0.6961791241810575 1.2404509366910073 -0.3605821843198431 
-0.6979009273962005 1.2469691809752537 -0.3487670491130541 
-0.696404813907131 1.2413061609530383 -0.3590433117898165 
-0.6975957288602481 1.2458141654944002 -0.3508658133300041 
-0.6959397037856918 1.2395435460316364 -0.3622130714862478 
-0.6981772778024795 1.2480160409581254 -0.34687875135173063 
-0.696182900070534 1.240464877032832 -0.3605520762396479 
-0.6976092636114106 1.2458657671424516 -0.3507772407762938 
-0.6970235050909447 1.2436483092934456 -0.3547973841768697 
-0.698181749352286 1.2480336833090222 -0.34685653634688673 
-0.696462389406521 1.2415230866977338 -0.35863591540790285 
-0.6982262569498736 1.2482014870574123 -0.34654295348138453 
-0.6968375190802404 1.2429437682803655 -0.3560682714251717 
-0.6979999376169124 1.2473440560026363 -0.34808824143618666 
-0.6972432468799508 1.2444803012694095 -0.3532908486673718 
-0.6980565109312818 1.2475582553309574 -0.34770037844766133 
-0.6970403488822234 1.243711371631575 -0.3546734625802631 
-0.6982058144646455 1.248124799252304 -0.3466915474912229 
-0.6970464758893579 1.2437345698625333 -0.35463145621517067 
-0.6976917510035336 1.246177191972855 -0.35020114894780696 
-0.6965527682400952 1.2418659934013736 -0.3580247256153952 
-0.6981994512936605 1.24809999479697 -0.3467267313286633 
-0.6974789927649802 1.245372176307875 -0.3516661484576876 
-0.697843099152659 1.2467502302020377 -0.3491635158149108 
-0.6965172741029604 1.2417308925377033 -0.35825962947481715 
-0.6980303753954392 1.2474601913385994 -0.34789012558997656 
-0.6967499139511222 1.2426120755021761 -0.3566688865308729 
-0.6977819105213201 1.2465190912565158 -0.34958936388954265 
-0.6969440884327858 1.2433469078584478 -0.35533341800291707 
-0.6984531776719376 1.2490606600931435 -0.34498719967061886 
-0.6973415946009345 1.24485231189601 -0.35261236221996217 
-0.6980863120178021 1.247671980007378 -0.3475066277207153 
-0.6971332320958008 1.2440630484279995 -0.35403666126848765 
-0.6982550365932468 1.248311875442512 -0.3463625023445499 
-0.6965314197384078 1.2417844511040572 -0.35816264791203667 
-0.6978469269253402 1.2467652580265942 -0.3491436156238198 
-0.6969592952215773 1.2434044841907057 -0.35522916124136283 
-0.6979845704806569 1.2472867635999294 -0.3482041611265998 
-0.6969711321273893 1.2434496574133107 -0.35515222900569 
-0.6983910879669567 1.2488250394519145 -0.34540653990567405 
-0.6970407899238621 1.2437133975420815 -0.3546746596531579 
-0.6982981905831417 1.2484729549218947 -0.3460392406064262 
-0.6966730772215912 1.2423211543136377 -0.357195674184673 
-0.698260937199475 1.2483338623866937 -0.3463178504081893 
-0.696684994804978 1.243220100256607 -0.35559171327568695 
-0.6982294551156671 1.248214308089224 -0.34652946871506907 
-0.6968142936631359 1.2428558316127118 -0.3562275033844142 
-0.6988726100654563 1.2506487257380345 -0.34211159827714255 
-0.6971410974617687 1.2440938965597441 -0.35399539930516954 
-0.6988975406807921 1.2507434746981845 -0.3419448964148648 
-0.6972875330194489 1.244647266527524 -0.352978784104222 
-0.6989083256606804 1.2507846650919807 -0.3418751761153679 
-0.6971870648663164 1.24426687143916 -0.3536675872715779 
-0.6993171687246786 1.2523319250921114 -0.33906373282922986 
-0.6972565104321206 1.2445298080147502 -0.3531914729588006 
-0.698924159914058 1.250844617146686 -0.34176661749714743 
-0.6968318331147446 1.2429225959599137 -0.35611147486315886 
-0.6988496226867421 1.2505620463648017 -0.3422734190864374 
-0.6975788426809468 1.2457502306108859 -0.3509815838843998 
-0.6987162384505631 1.250057379589182 -0.3431921136185685 
-0.6965339904396153 1.2417948964134216 -0.3581534650023871 
-0.6978340878345077 1.2467173583876148 -0.3492400812528813 
-0.6969882047296379 1.2435139421087662 -0.35503095952173314 
-0.6976234000194377 1.2459192907717107 -0.3506803224761107 
-0.6967731301408063 1.2426999772327347 -0.3565097178342287 
-0.6985499805421546 1.2494255744976972 -0.3443045201973858 
-0.697147385084129 1.2441169908614036 -0.3539438501207097 
-0.6984274736825512 1.2489644070739447 -0.3451760870389353 
-0.6971279871719438 1.2440439020180545 -0.3540810617793704 
-0.6980109609029529 1.2473866836911052 -0.3480232300962325 
-0.6971180345344297 1.2440055070328366 -0.3541408547674443 
-0.6987848185133909 1.2503166831479045 -0.3427177123124058 
-0.6976440878959368 1.2459976197382896 -0.3505384877313267 
-0.6994530810062808 1.2528459846314588 -0.33812558423574723 
-0.69826041846691 1.2483302952522157 -0.3463024015563839 
-0.6985158853463221 1.2492984415194726 -0.3445615007320042 
-0.697587939042905 1.2457850275163302 -0.3509234406403421 
-0.6988795767678457 1.2506751032446213 -0.34206383501562976 
-0.697555591188359 1.2456616602017403 -0.351134651844345 
-0.6986182893831954 1.2496865223277034 -0.3438636460966621 
-0.697626937602762 1.2459317938188628 -0.35064550543637296 
-0.6986740537528484 1.2498983689181364 -0.34348974776798535 
-0.6976826712218764 1.2461428138715553 -0.35026339934426864 
-0.698812914133918 1.2504234155315763 -0.3425293113790032 
-0.6972519022002699 1.2445130722643476 -0.3532315083504187 
-0.6992141277280371 1.2519412536240866 -0.3397638324743447 
-0.6977816629877476 1.2465176190247484 -0.34958471819259784 
-0.6988897250557276 1.250713882978875 -0.3419984798353969 
-0.6971744287787325 1.2442197404162665 -0.35376266112348287 
-0.6985253895893169 1.2493344267271338 -0.3444963402560328 
-0.6969810350240001 1.2434867959860938 -0.3550801145604031 
-0.6982750238665989 1.2483861296035186 -0.3462086106507932 
-0.6968719023231279 1.243073594965697 -0.35582832130730946 
-0.6987039512756921 1.250010145518976 -0.34326791204394413 
-0.6972433906471134 1.244479598535713 -0.3532750785861084 
-0.6982266461083079 1.2482024254851871 -0.3465339426651757 
-0.697477134304404 1.2453658518117274 -0.3516873315950927 
-0.698751503776728 1.2501912580955266 -0.3429545576464965 
-0.6973759778438219 1.2449821385813413 -0.3523724121020997 
-0.6987389617154037 1.2501421679265026 -0.3430215399599249 
-0.6973565965119378 1.2449094685421371 -0.35251373091316485 
-0.6987655643683686 1.2502428915708592 -0.3428391538898026 
-0.6975716235021677 1.2457220080760307 -0.35102053757534724 
-0.6986661815695239 1.2498674969198462 -0.3435310795352836 
-0.6976045964112363 1.245847740042519 -0.35080501797329666 
-0.699306824786429 1.2522927606088219 -0.3391346502016219 
-0.6974775329580198 1.2453670051768488 -0.3516803776257771 
