-0.6427614514557908 1.2464419846472627 -0.3497338507469766 
-0.6415083973245517 1.2416972830524897 -0.35832048809412265 
-0.6426425596254706 1.2459909423203874 -0.35053840185790774 
-0.6410724629673483 1.2400458481553578 -0.36129868535216436 
-0.6428903804547026 1.2469292478758784 -0.3488393582626026 
-0.6415995658447156 1.2420419326190706 -0.35768909983848973 
-0.6433010064078583 1.2484848613924773 -0.34603469685234 
-0.6419324542624603 1.2433023232516764 -0.355406838351942 
-0.643379682875363 1.2487818572027212 -0.34548473247683986 
-0.6413857814879599 1.2412333878665212 -0.35916535517435233 
-0.6429873368322321 1.2472975936583297 -0.3481894160247907 
-0.6413360922422363 1.2410436520243147 -0.3594870392488331 
-0.6433254440983505 1.248576496959389 -0.3458565900280629 
-0.6414862588685126 1.2416138178919798 -0.3584764887443982 
-0.6432045503080529 1.2481200128703138 -0.3467002144671534 
-0.641289122384906 1.2408677707282718 -0.35983226456632245 
-0.642774281051441 1.2464896693488952 -0.34963532827102217 
-0.6408992196111531 1.2393911548568386 -0.36250119196849984 
-0.6425789888581733 1.2457495389477393 -0.35096582034451806 
-0.6416903620545086 1.242386242562274 -0.35707294966096137 
-0.643145993511341 1.2478967024799887 -0.34708269389834123 
-0.6415596757063989 1.2418908995581783 -0.35796258404977566 
-0.6427540695194842 1.246414034971409 -0.34978446082540127 
-0.6413028011709934 1.2409188496428796 -0.3597300420408397 
-0.6426892653461329 1.2461686717545117 -0.35022875405136944 
-0.6407626279817602 1.2388736321123124 -0.3634334345295449 
-0.6421114922933779 1.2439807366326117 -0.3541857079494477 
-0.6412817312211792 1.2408397861153238 -0.3598829379073445 
-0.6425462684254943 1.2456256520095192 -0.35119014951713445 
-0.6407459706134289 1.2388109195861237 -0.3635518571965902 
-0.642407384646767 1.245100162725389 -0.3521465485576918 
-0.6405758520167043 1.238167168236039 -0.36472240013148105 
-0.6427106138478202 1.2462502140518283 -0.3500908317547281 
-0.6411086174619094 1.240183982349513 -0.3610655738313938 
-0.6422812453970884 1.2446241722258642 -0.35303033328868194 
-0.6414199948882011 1.2413632835440565 -0.3589350111384557 
-0.6428562262905471 1.2468008235481247 -0.34908408060260576 
-0.6411447317107496 1.2403210750685807 -0.36082219770030344 
-0.642760628340837 1.2464392241757791 -0.349743714795802 
-0.6408469056159214 1.2391937943262337 -0.36286829499193574 
-0.6424127122043675 1.2451212231558066 -0.3521205636993401 
-0.6406211900821264 1.2383381163229628 -0.3644031236321559 
-0.6421545213614026 1.2441431193755341 -0.3538843606677399 
-0.640688081259262 1.2385908463930813 -0.36393817927194116 
-0.6419284756374973 1.243287794294018 -0.35544045831878446 
-0.6408671266430603 1.2392696436410662 -0.3627212192844501 
-0.6419045966803234 1.2431968481624251 -0.35559782813539575 
-0.6409855605836793 1.2397180612530385 -0.36190924383872847 
-0.6426101033066653 1.2458689464180799 -0.350771483879873 
-0.64095590252073 1.2404607392096032 -0.36060268883117574 
-0.6423357056321901 1.2448303709594721 -0.3526569574351063 
-0.6409846950807025 1.23971442823617 -0.3619109568453429 
-0.6418100840849014 1.2428402492274306 -0.35626058480671674 
-0.6404396498135071 1.2376507639195398 -0.36564775198580746 
-0.6419050119142405 1.2431984203316915 -0.35559498131848444 
-0.6407972139601343 1.2390040474134778 -0.3631899725250347 
-0.6420775408647087 1.2438529009206916 -0.3544269184028028 
-0.6405045056023013 1.2378970346189166 -0.36521154653945254 
-0.6423128715158212 1.2447432037898905 -0.35280506501003006 
-0.6405044797945798 1.2378965808776767 -0.3652075026496464 
-0.6425427874004301 1.2456144292413476 -0.3512372182101057 
-0.6406655444173688 1.2385064078677017 -0.3641032540010237 
-0.6412881908284874 1.2408626424950766 -0.35981966907280993 
-0.6402969309092178 1.237109862943803 -0.36661988080245367 
-0.6417963463304904 1.2427878789632936 -0.3563505491375837 
-0.6407440439571084 1.2388032688033517 -0.36356084540197786 
-0.642668381819266 1.246089958038897 -0.35037615098831265 
-0.6415930143762435 1.2420171272817508 -0.3577340162830912 
-0.6423576576652819 1.2449134863080409 -0.3525064557143919 
-0.6410039563108436 1.2397884236800132 -0.36179156557345693 
-0.6426603208029306 1.2460587251581172 -0.3504229751437904 
-0.640958941350413 1.2396169188045365 -0.36208752275644607 
-0.6420941463498353 1.2439145259641489 -0.3542982878466534 
-0.6416323289331788 1.2421668721029275 -0.3574750418175757 
-0.6427098613614683 1.2462450517635242 -0.3500685669166512 
-0.6410410727447042 1.2399282428154552 -0.3615286560489771 
-0.6431384395900865 1.247868990726042 -0.34714502362684063 
-0.641583731591338 1.2419819805643655 -0.3577976584567102 
-0.6423420356425731 1.2448543378065162 -0.3526135592928574 
-0.641131614068044 1.2402706966598407 -0.3609036897595015 
-0.6424994942185318 1.2454501554625126 -0.3515298126424642 
-0.640868595677441 1.239274849709187 -0.3627069268537625 
-0.6421799190938604 1.2442405279876823 -0.3537250198776546 
-0.6417545126877905 1.2426285963152321 -0.35662679429236166 
-0.6423563603480872 1.2449078623177612 -0.3525069083855128 
-0.6410714512871456 1.2400429068016365 -0.36131616189866034 
-0.6421818199424594 1.2442477250292145 -0.3537119877824604 
-0.6406254586286844 1.2383549900577733 -0.36438230040446884 
-0.6426493494000949 1.24601718495238 -0.3504981943728487 
-0.641511597364885 1.2417097551543463 -0.3583027696502067 
-0.6426991848230449 1.24620622913144 -0.3501607467584863 
-0.6413830317166856 1.2412229766122658 -0.35918420742856516 
-0.6425329717127222 1.2455753076558886 -0.3512813109208959 
-0.6411791241810575 1.2404509366910073 -0.36058218431984324 
-0.6429009273962005 1.2469691809752539 -0.348767049113054 
-0.641404813907131 1.2413061609530383 -0.3590433117898165 
-0.6425957288602481 1.2458141654944004 -0.3508658133300038 
-0.6409397037856918 1.2395435460316366 -0.3622130714862478 
-0.6431772778024795 1.2480160409581254 -0.3468787513517302 
-0.6411829000705339 1.240464877032832 -0.3605520762396478 
-0.6426092636114105 1.2458657671424516 -0.3507772407762938 
-0.6420235050909446 1.2436483092934452 -0.35479738417686946 
-0.643181749352286 1.2480336833090218 -0.3468565363468863 
-0.641462389406521 1.2415230866977336 -0.3586359154079025 
-0.6432262569498736 1.248201487057412 -0.3465429534813844 
-0.6418375190802403 1.2429437682803655 -0.3560682714251716 
-0.6429999376169124 1.2473440560026365 -0.34808824143618655 
-0.6422432468799507 1.2444803012694095 -0.3532908486673715 
-0.6430565109312818 1.2475582553309577 -0.34770037844766155 
-0.6420403488822234 1.243711371631575 -0.3546734625802631 
-0.6432058144646454 1.248124799252304 -0.3466915474912229 
-0.6420464758893578 1.2437345698625335 -0.35463145621517067 
-0.6426917510035336 1.246177191972855 -0.35020114894780685 
-0.6415527682400952 1.2418659934013734 -0.358024725615395 
-0.6431994512936603 1.2480999947969698 -0.34672673132866294 
-0.6424789927649801 1.245372176307875 -0.3516661484576876 
-0.642843099152659 1.246750230202038 -0.3491635158149108 
-0.6415172741029603 1.241730892537703 -0.35825962947481704 
-0.6430303753954391 1.2474601913385992 -0.34789012558997645 
-0.6417499139511221 1.242612075502176 -0.3566688865308728 
-0.64278191052132 1.246519091256516 -0.34958936388954276 
-0.6419440884327857 1.2433469078584476 -0.3553334180029166 
-0.6434531776719374 1.2490606600931433 -0.34498719967061864 
-0.6423415946009343 1.2448523118960098 -0.35261236221996206 
-0.6430863120178021 1.247671980007378 -0.3475066277207154 
-0.6421332320958008 1.2440630484279995 -0.354036661268488 
-0.6432550365932469 1.2483118754425122 -0.34636250234454946 
-0.6415314197384078 1.2417844511040572 -0.35816264791203667 
-0.6428469269253402 1.2467652580265942 -0.34914361562381946 
-0.6419592952215772 1.2434044841907057 -0.35522916124136283 
-0.6429845704806568 1.2472867635999296 -0.34820416112659947 
-0.6419711321273892 1.2434496574133107 -0.3551522290056902 
-0.6433910879669567 1.2488250394519145 -0.34540653990567416 
-0.642040789923862 1.2437133975420818 -0.35467465965315814 
-0.6432981905831417 1.2484729549218945 -0.346039240606426 
-0.6416730772215911 1.2423211543136377 -0.357195674184673 
-0.643260937199475 1.248333862386694 -0.34631785040818963 
-0.6416849948049779 1.243220100256607 -0.3555917132756874 
-0.6432294551156672 1.248214308089224 -0.34652946871506884 
-0.6418142936631358 1.2428558316127118 -0.3562275033844142 
-0.6438726100654563 1.2506487257380345 -0.34211159827714266 
-0.6421410974617685 1.2440938965597441 -0.35399539930516954 
-0.6438975406807921 1.2507434746981845 -0.3419448964148648 
-0.6422875330194489 1.244647266527524 -0.3529787841042217 
-0.6439083256606803 1.2507846650919803 -0.3418751761153679 
-0.6421870648663164 1.24426687143916 -0.35366758727157765 
-0.6443171687246787 1.2523319250921117 -0.33906373282922986 
-0.6422565104321204 1.2445298080147502 -0.3531914729588007 
-0.6439241599140579 1.2508446171466858 -0.3417666174971472 
-0.6418318331147446 1.2429225959599133 -0.35611147486315897 
-0.6438496226867421 1.2505620463648017 -0.3422734190864374 
-0.6425788426809468 1.2457502306108856 -0.3509815838843995 
-0.643716238450563 1.2500573795891818 -0.3431921136185686 
-0.6415339904396152 1.2417948964134213 -0.358153465002387 
-0.6428340878345078 1.2467173583876145 -0.3492400812528811 
-0.6419882047296379 1.2435139421087664 -0.35503095952173325 
-0.6426234000194376 1.2459192907717107 -0.3506803224761106 
-0.6417731301408063 1.2426999772327347 -0.35650971783422847 
-0.6435499805421545 1.2494255744976974 -0.34430452019738544 
-0.6421473850841288 1.2441169908614036 -0.3539438501207095 
-0.6434274736825512 1.248964407073945 -0.345176087038935 
-0.6421279871719437 1.2440439020180543 -0.35408106177937015 
-0.6430109609029528 1.2473866836911054 -0.34802323009623226 
-0.6421180345344296 1.2440055070328369 -0.35414085476744406 
-0.6437848185133908 1.2503166831479042 -0.34271771231240533 
-0.6426440878959367 1.2459976197382894 -0.35053848773132656 
-0.6444530810062807 1.2528459846314588 -0.338125584235747 
-0.64326041846691 1.248330295252216 -0.34630240155638403 
-0.6435158853463221 1.2492984415194728 -0.3445615007320042 
-0.6425879390429049 1.2457850275163302 -0.3509234406403422 
-0.6438795767678456 1.2506751032446213 -0.34206383501562954 
-0.6425555911883589 1.2456616602017405 -0.351134651844345 
-0.6436182893831952 1.2496865223277032 -0.34386364609666187 
-0.6426269376027619 1.2459317938188628 -0.3506455054363732 
-0.6436740537528485 1.2498983689181364 -0.3434897477679848 
-0.6426826712218765 1.2461428138715553 -0.35026339934426864 
-0.643812914133918 1.250423415531576 -0.3425293113790031 
-0.64225190220027 1.2445130722643474 -0.3532315083504187 
-0.6442141277280371 1.2519412536240868 -0.3397638324743446 
-0.6427816629877475 1.2465176190247484 -0.3495847181925975 
-0.6438897250557274 1.2507138829788746 -0.3419984798353969 
-0.6421744287787324 1.2442197404162665 -0.35376266112348287 
-0.6435253895893167 1.2493344267271338 -0.3444963402560327 
-0.6419810350240002 1.2434867959860938 -0.35508011456040267 
-0.6432750238665988 1.2483861296035184 -0.3462086106507931 
-0.6418719023231279 1.243073594965697 -0.35582832130730924 
-0.643703951275692 1.250010145518976 -0.3432679120439437 
-0.6422433906471132 1.2444795985357133 -0.3532750785861083 
-0.6432266461083078 1.2482024254851871 -0.34653394266517545 
-0.6424771343044039 1.245365851811727 -0.3516873315950926 
-0.643751503776728 1.2501912580955266 -0.3429545576464966 
-0.6423759778438218 1.2449821385813415 -0.3523724121020999 
-0.6437389617154037 1.2501421679265028 -0.3430215399599247 
-0.6423565965119378 1.244909468542137 -0.35251373091316496 
-0.6437655643683685 1.2502428915708592 -0.3428391538898027 
-0.6425716235021678 1.2457220080760307 -0.3510205375753468 
-0.6436661815695237 1.2498674969198464 -0.3435310795352834 
-0.6426045964112364 1.245847740042519 -0.35080501797329666 
-0.644306824786429 1.252292760608822 -0.3391346502016219 
-0.6424775329580198 1.2453670051768488 -0.35168037762577675 
