-0.6466252937634027 1.3147213093632955 -0.5025760366290575 
-0.6466252937634027 1.3147213093632955 -0.5025760366290575 
-0.6466252937634027 1.3147213093632955 -0.5025760366290575 
-0.6466240780288821 1.314717611600246 -0.5025949114941048 
-0.6466240780288821 1.314717611600246 -0.5025949114941048 
-0.6466240780288821 1.314717611600246 -0.5025949114941048 
-0.6466268282824085 1.314727985348008 -0.5025761225024543 
-0.6466268282824085 1.314727985348008 -0.5025761225024543 
-0.6466268282824085 1.314727985348008 -0.5025761225024543 
-0.6466268282824085 1.314727985348008 -0.5025761225024543 
-0.6466268282824085 1.314727985348008 -0.5025761225024543 
-0.6466249590629171 1.314721640457397 -0.5025972925571176 
-0.6466249590629171 1.314721640457397 -0.5025972925571176 
-0.6466249590629171 1.314721640457397 -0.5025972925571176 
-0.6466249590629171 1.314721640457397 -0.5025972925571176 
-0.6466249061473296 1.31472038236845 -0.5025850539866521 
-0.6466220642075169 1.314708061473467 -0.5025854077016316 
-0.6466220642075169 1.314708061473467 -0.5025854077016316 
-0.6466238121453414 1.3147157208123124 -0.5025861586447615 
-0.6466235365654652 1.3147136150960064 -0.5025753489485254 
-0.6466235365654652 1.3147136150960064 -0.5025753489485254 
-0.6466235365654652 1.3147136150960064 -0.5025753489485254 
-0.6466269389397864 1.3147303530072627 -0.5025985820447845 
-0.6466269389397864 1.3147303530072627 -0.5025985820447845 
-0.6466269389397864 1.3147303530072627 -0.5025985820447845 
-0.6466224809125966 1.314709633253431 -0.5025825608847152 
-0.6466224809125966 1.314709633253431 -0.5025825608847152 
-0.6466213578069587 1.3147041562569581 -0.5025754643207818 
-0.6466213578069587 1.3147041562569581 -0.5025754643207818 
-0.6466240634770573 1.3147172038800783 -0.5025908108830834 
-0.6466240634770573 1.3147172038800783 -0.5025908108830834 
-0.6466240634770573 1.3147172038800783 -0.5025908108830834 
-0.6466240634770573 1.3147172038800783 -0.5025908108830834 
-0.6466240634770573 1.3147172038800783 -0.5025908108830834 
-0.6466239625306579 1.314715221804414 -0.5025724388690109 
-0.6466239625306579 1.314715221804414 -0.5025724388690109 
-0.6466239625306579 1.314715221804414 -0.5025724388690109 
-0.6466239625306579 1.314715221804414 -0.5025724388690109 
-0.6466258017331894 1.3147248189457688 -0.502591535660686 
-0.6466258017331894 1.3147248189457688 -0.502591535660686 
-0.6466258017331894 1.3147248189457688 -0.502591535660686 
-0.6466258017331894 1.3147248189457688 -0.502591535660686 
-0.6466258017331894 1.3147248189457688 -0.502591535660686 
-0.6466242381105339 1.3147173275207202 -0.5025832485652462 
-0.6466242381105339 1.3147173275207202 -0.5025832485652462 
-0.6466242381105339 1.3147173275207202 -0.5025832485652462 
-0.6466242381105339 1.3147173275207202 -0.5025832485652462 
-0.6466273794568038 1.3147323674358382 -0.502599772576291 
-0.6466273794568038 1.3147323674358382 -0.502599772576291 
-0.6466273794568038 1.3147323674358382 -0.502599772576291 
-0.6466240780288821 1.314717611600246 -0.5025949114941048 
-0.6466240780288821 1.314717611600246 -0.5025949114941048 
-0.6466240780288821 1.314717611600246 -0.5025949114941048 
-0.6466258017331894 1.3147248189457688 -0.502591535660686 
-0.6466258017331894 1.3147248189457688 -0.502591535660686 
-0.6466258017331894 1.3147248189457688 -0.502591535660686 
-0.6466257920222107 1.3147244333621781 -0.5025874481324282 
-0.6466257920222107 1.3147244333621781 -0.5025874481324282 
-0.6466220642075169 1.314708061473467 -0.5025854077016316 
-0.6466220642075169 1.314708061473467 -0.5025854077016316 
-0.6466220642075169 1.314708061473467 -0.5025854077016316 
-0.6466253466643472 1.3147223967970252 -0.5025862445181581 
-0.6466253466643472 1.3147223967970252 -0.5025862445181581 
-0.6466253466643472 1.3147223967970252 -0.5025862445181581 
-0.6466253466643472 1.3147223967970252 -0.5025862445181581 
-0.6466228733695158 1.314710582384854 -0.5025735566098841 
-0.6466228733695158 1.314710582384854 -0.5025735566098841 
-0.64662486779821 1.3147197026548878 -0.5025789467085724 
-0.64662486779821 1.3147197026548878 -0.5025789467085724 
-0.64662486779821 1.3147197026548878 -0.5025789467085724 
-0.64662486779821 1.3147197026548878 -0.5025789467085724 
-0.64662486779821 1.3147197026548878 -0.5025789467085724 
-0.6466255358350057 1.314722757502618 -0.5025807521299774 
-0.6466255358350057 1.314722757502618 -0.5025807521299774 
-0.6466255358350057 1.314722757502618 -0.5025807521299774 
-0.6466255358350057 1.314722757502618 -0.5025807521299774 
-0.6466242381105339 1.3147173275207202 -0.5025832485652462 
-0.6466238121453414 1.3147157208123124 -0.5025861586447615 
-0.6466238121453414 1.3147157208123124 -0.5025861586447615 
-0.6466238121453414 1.3147157208123124 -0.5025861586447615 
-0.6466258449377982 1.3147256914511252 -0.5025996867028939 
-0.6466245233867457 1.314719648165399 -0.5025961151083747 
-0.6466245233867457 1.314719648165399 -0.5025961151083747 
-0.6466245233867457 1.314719648165399 -0.5025961151083747 
-0.6466245233867457 1.314719648165399 -0.5025961151083747 
-0.6466245233867457 1.314719648165399 -0.5025961151083747 
-0.6466240780288821 1.314717611600246 -0.5025949114941048 
-0.6466266876080705 1.3147288699394966 -0.5025939298064623 
-0.6466266876080705 1.3147288699394966 -0.5025939298064623 
-0.6466266876080705 1.3147288699394966 -0.5025939298064623 
-0.6466273556448662 1.314731924787227 -0.502595735227868 
-0.6466233954402616 1.3147141490323484 -0.5025890054616782 
-0.6466233954402616 1.3147141490323484 -0.5025890054616782 
-0.6466233954402616 1.3147141490323484 -0.5025890054616782 
-0.6466233954402616 1.3147141490323484 -0.5025890054616782 
-0.6466233954402616 1.3147141490323484 -0.5025890054616782 
-0.6466245039940748 1.3147192183086536 -0.5025920014145897 
-0.6466245039940748 1.3147192183086536 -0.5025920014145897 
-0.6466245039940748 1.3147192183086536 -0.5025920014145897 
-0.6466245039940748 1.3147192183086536 -0.5025920014145897 
-0.6466209750463748 1.3147034220539071 -0.5025865254425053 
-0.6466209750463748 1.3147034220539071 -0.5025865254425053 
-0.6466245039940748 1.3147192183086536 -0.5025920014145897 
-0.6466245039940748 1.3147192183086536 -0.5025920014145897 
-0.6466218177166472 1.3147066005422785 -0.5025807685460733 
-0.6466218177166472 1.3147066005422785 -0.5025807685460733 
-0.6466249206991546 1.3147207900886173 -0.5025891545976733 
-0.6466249206991546 1.3147207900886173 -0.5025891545976733 
-0.6466249206991546 1.3147207900886173 -0.5025891545976733 
-0.6466242381105339 1.3147173275207202 -0.5025832485652462 
-0.6466229549232442 1.3147121346037733 -0.5025878149301719 
-0.6466229549232442 1.3147121346037733 -0.5025878149301719 
-0.6466229549232442 1.3147121346037733 -0.5025878149301719 
-0.6466229549232442 1.3147121346037733 -0.5025878149301719 
-0.6466240634770573 1.3147172038800783 -0.5025908108830834 
-0.6466240634770573 1.3147172038800783 -0.5025908108830834 
-0.6466242381105339 1.3147173275207202 -0.5025832485652462 
-0.6466249206991546 1.3147207900886173 -0.5025891545976733 
-0.6466249206991546 1.3147207900886173 -0.5025891545976733 
-0.6466253466643472 1.3147223967970252 -0.5025862445181581 
-0.6466253466643472 1.3147223967970252 -0.5025862445181581 
-0.6466253466643472 1.3147223967970252 -0.5025862445181581 
-0.6466253466643472 1.3147223967970252 -0.5025862445181581 
-0.6466277961618836 1.314733939215802 -0.5025969257593743 
-0.6466277961618834 1.3147339392158022 -0.5025969257593745 
-0.646625366057018 1.3147228266537705 -0.5025903582119435 
-0.646625366057018 1.3147228266537705 -0.5025903582119435 
-0.6466259763520232 1.3147247719311927 -0.5025819426614839 
-0.6466259763520232 1.3147247719311927 -0.5025819426614839 
-0.646624480182137 1.3147187756600422 -0.5025879640661666 
-0.6466240780288821 1.314717611600246 -0.5025949114941048 
-0.6466240780288821 1.314717611600246 -0.5025949114941048 
-0.6466240780288821 1.314717611600246 -0.5025949114941048 
-0.6466262470910531 1.3147268555109213 -0.5025927392749561 
-0.6466262470910531 1.3147268555109215 -0.5025927392749561 
-0.6466262470910531 1.3147268555109215 -0.5025927392749561 
-0.6466236375118646 1.3147155971716709 -0.5025937209625986 
-0.6466236375118646 1.3147155971716709 -0.5025937209625986 
-0.6466258017331894 1.3147248189457688 -0.502591535660686 
-0.6466258017331894 1.3147248189457688 -0.502591535660686 
-0.6466229262704603 1.314711669818584 -0.502583764498985 
-0.6466229262704603 1.314711669818584 -0.502583764498985 
-0.6466237975935165 1.314715313092145 -0.5025820580337399 
-0.6466237975935165 1.314715313092145 -0.5025820580337399 
-0.6466237975935165 1.314715313092145 -0.5025820580337399 
-0.6466237975935165 1.314715313092145 -0.5025820580337399 
-0.6466237975935165 1.314715313092145 -0.5025820580337399 
-0.6466225435098762 1.314710935615533 -0.5025948256207082 
-0.6466225435098762 1.314710935615533 -0.5025948256207082 
-0.6466249493519384 1.3147212548738065 -0.50259320502886 
-0.6466249493519384 1.3147212548738065 -0.50259320502886 
-0.6466249493519384 1.3147212548738065 -0.50259320502886 
-0.6466249493519384 1.3147212548738065 -0.50259320502886 
-0.6466272833512507 1.3147304074967516 -0.5025814136449815 
-0.6466272833512507 1.3147304074967516 -0.5025814136449815 
-0.6466272833512507 1.3147304074967516 -0.5025814136449815 
-0.646625366057018 1.3147228266537705 -0.5025903582119435 
-0.6466239819233289 1.3147156516611593 -0.5025765525627957 
-0.6466239819233289 1.3147156516611593 -0.5025765525627957 
-0.6466271135732632 1.3147304766479047 -0.5025910197269474 
-0.6466271135732632 1.3147304766479047 -0.5025910197269474 
-0.6466271135732632 1.3147304766479047 -0.5025910197269474 
-0.6466271135732632 1.3147304766479047 -0.5025910197269474 
-0.6466248338537143 1.3147188650779746 -0.5025707324037658 
-0.6466229068777892 1.3147112399618386 -0.5025796508051998 
-0.6466229068777892 1.3147112399618386 -0.5025796508051998 
-0.6466229068777892 1.3147112399618386 -0.5025796508051998 
-0.6466228733695158 1.314710582384854 -0.5025735566098841 
-0.6466249493519384 1.3147212548738065 -0.50259320502886 
-0.6466249493519384 1.3147212548738065 -0.50259320502886 
-0.6466249493519384 1.3147212548738065 -0.50259320502886 
-0.6466259763520232 1.3147247719311927 -0.5025819426614839 
-0.6466259763520232 1.3147247719311927 -0.5025819426614839 
-0.6466259763520232 1.3147247719311927 -0.5025819426614839 
-0.6466259763520232 1.3147247719311927 -0.5025819426614839 
-0.6466259763520232 1.3147247719311927 -0.5025819426614839 
-0.6466262276983821 1.3147264256541762 -0.5025886255811711 
-0.6466262276983821 1.3147264256541762 -0.5025886255811711 
-0.6466262276983821 1.3147264256541762 -0.5025886255811711 
-0.6466262276983821 1.3147264256541762 -0.5025886255811711 
-0.6466249061473296 1.31472038236845 -0.5025850539866521 
-0.6466249061473296 1.31472038236845 -0.5025850539866521 
-0.6466249061473296 1.31472038236845 -0.5025850539866521 
-0.6466233954402616 1.3147141490323484 -0.5025890054616782 
-0.6466233954402616 1.3147141490323484 -0.5025890054616782 
-0.6466233954402616 1.3147141490323484 -0.5025890054616782 
-0.6466233954402616 1.3147141490323484 -0.5025890054616782 
-0.646625366057018 1.3147228266537705 -0.5025903582119435 
-0.646625366057018 1.3147228266537705 -0.5025903582119435 
-0.6466242381105339 1.3147173275207202 -0.5025832485652462 
-0.6466258017331894 1.3147248189457688 -0.502591535660686 
-0.6466258017331894 1.3147248189457688 -0.502591535660686 
-0.6466258017331894 1.3147248189457688 -0.502591535660686 
-0.6466258017331894 1.3147248189457688 -0.502591535660686 
-0.6466249206991546 1.3147207900886173 -0.5025891545976733 
-0.6466249206991546 1.3147207900886173 -0.5025891545976733 
-0.646623352235653 1.3147132765269918 -0.5025808544194696 
-0.646623352235653 1.3147132765269918 -0.5025808544194696 
-0.6466252937634027 1.3147213093632955 -0.5025760366290575 
-0.6466252937634027 1.3147213093632955 -0.5025760366290575 
-0.6466259763520232 1.3147247719311927 -0.5025819426614839 
-0.6466259763520232 1.3147247719311927 -0.5025819426614839 
