-0.5916252937634027 1.2447213093632958 -0.5025760366290575 
-0.5916252937634027 1.2447213093632958 -0.5025760366290575 
-0.5916252937634027 1.2447213093632958 -0.5025760366290575 
-0.5916240780288821 1.244717611600246 -0.5025949114941046 
-0.5916240780288821 1.244717611600246 -0.5025949114941046 
-0.5916240780288821 1.244717611600246 -0.5025949114941046 
-0.5916268282824084 1.2447279853480082 -0.5025761225024541 
-0.5916268282824084 1.2447279853480082 -0.5025761225024541 
-0.5916268282824084 1.2447279853480082 -0.5025761225024541 
-0.5916268282824084 1.2447279853480082 -0.5025761225024541 
-0.5916268282824084 1.2447279853480082 -0.5025761225024541 
-0.5916249590629169 1.2447216404573969 -0.5025972925571178 
-0.5916249590629169 1.2447216404573969 -0.5025972925571178 
-0.5916249590629169 1.2447216404573969 -0.5025972925571178 
-0.5916249590629169 1.2447216404573969 -0.5025972925571178 
-0.5916249061473297 1.2447203823684503 -0.5025850539866521 
-0.5916220642075167 1.2447080614734671 -0.5025854077016314 
-0.5916220642075167 1.2447080614734671 -0.5025854077016314 
-0.5916238121453413 1.2447157208123125 -0.5025861586447615 
-0.5916235365654652 1.2447136150960065 -0.5025753489485256 
-0.5916235365654652 1.2447136150960065 -0.5025753489485256 
-0.5916235365654652 1.2447136150960065 -0.5025753489485256 
-0.5916269389397865 1.2447303530072629 -0.5025985820447842 
-0.5916269389397865 1.2447303530072629 -0.5025985820447842 
-0.5916269389397865 1.2447303530072629 -0.5025985820447842 
-0.5916224809125965 1.2447096332534309 -0.5025825608847152 
-0.5916224809125965 1.2447096332534309 -0.5025825608847152 
-0.5916213578069586 1.2447041562569583 -0.5025754643207816 
-0.5916213578069586 1.2447041562569583 -0.5025754643207816 
-0.5916240634770573 1.2447172038800784 -0.5025908108830839 
-0.5916240634770573 1.2447172038800784 -0.5025908108830839 
-0.5916240634770573 1.2447172038800784 -0.5025908108830839 
-0.5916240634770573 1.2447172038800784 -0.5025908108830839 
-0.5916240634770573 1.2447172038800784 -0.5025908108830839 
-0.5916239625306579 1.2447152218044142 -0.5025724388690107 
-0.5916239625306579 1.2447152218044142 -0.5025724388690107 
-0.5916239625306579 1.2447152218044142 -0.5025724388690107 
-0.5916239625306579 1.2447152218044142 -0.5025724388690107 
-0.5916258017331892 1.2447248189457685 -0.5025915356606865 
-0.5916258017331892 1.2447248189457685 -0.5025915356606865 
-0.5916258017331892 1.2447248189457685 -0.5025915356606865 
-0.5916258017331892 1.2447248189457685 -0.5025915356606865 
-0.5916258017331892 1.2447248189457685 -0.5025915356606865 
-0.5916242381105341 1.2447173275207204 -0.5025832485652466 
-0.5916242381105341 1.2447173275207204 -0.5025832485652466 
-0.5916242381105341 1.2447173275207204 -0.5025832485652466 
-0.5916242381105341 1.2447173275207204 -0.5025832485652466 
-0.5916273794568037 1.2447323674358381 -0.502599772576291 
-0.5916273794568037 1.2447323674358381 -0.502599772576291 
-0.5916273794568037 1.2447323674358381 -0.502599772576291 
-0.5916240780288821 1.244717611600246 -0.5025949114941046 
-0.5916240780288821 1.244717611600246 -0.5025949114941046 
-0.5916240780288821 1.244717611600246 -0.5025949114941046 
-0.5916258017331892 1.2447248189457685 -0.5025915356606865 
-0.5916258017331892 1.2447248189457685 -0.5025915356606865 
-0.5916258017331892 1.2447248189457685 -0.5025915356606865 
-0.5916257920222109 1.2447244333621788 -0.502587448132428 
-0.5916257920222109 1.2447244333621788 -0.502587448132428 
-0.5916220642075167 1.2447080614734671 -0.5025854077016314 
-0.5916220642075167 1.2447080614734671 -0.5025854077016314 
-0.5916220642075167 1.2447080614734671 -0.5025854077016314 
-0.5916253466643471 1.2447223967970251 -0.5025862445181577 
-0.5916253466643471 1.2447223967970251 -0.5025862445181577 
-0.5916253466643471 1.2447223967970251 -0.5025862445181577 
-0.5916253466643471 1.2447223967970251 -0.5025862445181577 
-0.5916228733695158 1.2447105823848543 -0.5025735566098839 
-0.5916228733695158 1.2447105823848543 -0.5025735566098839 
-0.5916248677982101 1.2447197026548882 -0.5025789467085724 
-0.5916248677982101 1.2447197026548882 -0.5025789467085724 
-0.5916248677982101 1.2447197026548882 -0.5025789467085724 
-0.5916248677982101 1.2447197026548882 -0.5025789467085724 
-0.5916248677982101 1.2447197026548882 -0.5025789467085724 
-0.5916255358350058 1.2447227575026178 -0.5025807521299781 
-0.5916255358350058 1.2447227575026178 -0.5025807521299781 
-0.5916255358350058 1.2447227575026178 -0.5025807521299781 
-0.5916255358350058 1.2447227575026178 -0.5025807521299781 
-0.5916242381105341 1.2447173275207204 -0.5025832485652466 
-0.5916238121453413 1.2447157208123125 -0.5025861586447615 
-0.5916238121453413 1.2447157208123125 -0.5025861586447615 
-0.5916238121453413 1.2447157208123125 -0.5025861586447615 
-0.591625844937798 1.2447256914511253 -0.5025996867028939 
-0.5916245233867459 1.2447196481653995 -0.5025961151083749 
-0.5916245233867459 1.2447196481653995 -0.5025961151083749 
-0.5916245233867459 1.2447196481653995 -0.5025961151083749 
-0.5916245233867459 1.2447196481653995 -0.5025961151083749 
-0.5916245233867459 1.2447196481653995 -0.5025961151083749 
-0.5916240780288821 1.244717611600246 -0.5025949114941046 
-0.5916266876080705 1.2447288699394967 -0.5025939298064623 
-0.5916266876080705 1.2447288699394967 -0.5025939298064623 
-0.5916266876080705 1.2447288699394967 -0.5025939298064623 
-0.5916273556448661 1.2447319247872268 -0.5025957352278676 
-0.5916233954402617 1.2447141490323488 -0.5025890054616784 
-0.5916233954402617 1.2447141490323488 -0.5025890054616784 
-0.5916233954402617 1.2447141490323488 -0.5025890054616784 
-0.5916233954402617 1.2447141490323488 -0.5025890054616784 
-0.5916233954402617 1.2447141490323488 -0.5025890054616784 
-0.5916245039940747 1.2447192183086535 -0.5025920014145899 
-0.5916245039940747 1.2447192183086535 -0.5025920014145899 
-0.5916245039940747 1.2447192183086535 -0.5025920014145899 
-0.5916245039940747 1.2447192183086535 -0.5025920014145899 
-0.5916209750463747 1.2447034220539073 -0.5025865254425048 
-0.5916209750463747 1.2447034220539073 -0.5025865254425048 
-0.5916245039940747 1.2447192183086535 -0.5025920014145899 
-0.5916245039940747 1.2447192183086535 -0.5025920014145899 
-0.591621817716647 1.2447066005422787 -0.5025807685460739 
-0.591621817716647 1.2447066005422787 -0.5025807685460739 
-0.5916249206991544 1.2447207900886175 -0.5025891545976733 
-0.5916249206991544 1.2447207900886175 -0.5025891545976733 
-0.5916249206991544 1.2447207900886175 -0.5025891545976733 
-0.5916242381105341 1.2447173275207204 -0.5025832485652466 
-0.5916229549232442 1.2447121346037733 -0.5025878149301721 
-0.5916229549232442 1.2447121346037733 -0.5025878149301721 
-0.5916229549232442 1.2447121346037733 -0.5025878149301721 
-0.5916229549232442 1.2447121346037733 -0.5025878149301721 
-0.5916240634770573 1.2447172038800784 -0.5025908108830839 
-0.5916240634770573 1.2447172038800784 -0.5025908108830839 
-0.5916242381105341 1.2447173275207204 -0.5025832485652466 
-0.5916249206991544 1.2447207900886175 -0.5025891545976733 
-0.5916249206991544 1.2447207900886175 -0.5025891545976733 
-0.5916253466643471 1.2447223967970251 -0.5025862445181577 
-0.5916253466643471 1.2447223967970251 -0.5025862445181577 
-0.5916253466643471 1.2447223967970251 -0.5025862445181577 
-0.5916253466643471 1.2447223967970251 -0.5025862445181577 
-0.5916277961618834 1.244733939215802 -0.5025969257593743 
-0.5916277961618832 1.244733939215802 -0.5025969257593745 
-0.5916253660570182 1.2447228266537709 -0.5025903582119435 
-0.5916253660570182 1.2447228266537709 -0.5025903582119435 
-0.5916259763520232 1.244724771931193 -0.5025819426614841 
-0.5916259763520232 1.244724771931193 -0.5025819426614841 
-0.5916244801821371 1.2447187756600424 -0.5025879640661668 
-0.5916240780288821 1.244717611600246 -0.5025949114941046 
-0.5916240780288821 1.244717611600246 -0.5025949114941046 
-0.5916240780288821 1.244717611600246 -0.5025949114941046 
-0.5916262470910529 1.2447268555109214 -0.5025927392749563 
-0.5916262470910529 1.2447268555109217 -0.5025927392749563 
-0.5916262470910529 1.2447268555109217 -0.5025927392749563 
-0.5916236375118646 1.244715597171671 -0.5025937209625988 
-0.5916236375118646 1.244715597171671 -0.5025937209625988 
-0.5916258017331892 1.2447248189457685 -0.5025915356606865 
-0.5916258017331892 1.2447248189457685 -0.5025915356606865 
-0.5916229262704601 1.2447116698185838 -0.5025837644989852 
-0.5916229262704601 1.2447116698185838 -0.5025837644989852 
-0.5916237975935166 1.244715313092145 -0.5025820580337403 
-0.5916237975935166 1.244715313092145 -0.5025820580337403 
-0.5916237975935166 1.244715313092145 -0.5025820580337403 
-0.5916237975935166 1.244715313092145 -0.5025820580337403 
-0.5916237975935166 1.244715313092145 -0.5025820580337403 
-0.5916225435098764 1.2447109356155333 -0.502594825620708 
-0.5916225435098764 1.2447109356155333 -0.502594825620708 
-0.5916249493519385 1.2447212548738071 -0.5025932050288606 
-0.5916249493519385 1.2447212548738071 -0.5025932050288606 
-0.5916249493519385 1.2447212548738071 -0.5025932050288606 
-0.5916249493519385 1.2447212548738071 -0.5025932050288606 
-0.5916272833512506 1.2447304074967516 -0.5025814136449818 
-0.5916272833512506 1.2447304074967516 -0.5025814136449818 
-0.5916272833512506 1.2447304074967516 -0.5025814136449818 
-0.5916253660570182 1.2447228266537709 -0.5025903582119435 
-0.5916239819233288 1.2447156516611595 -0.5025765525627959 
-0.5916239819233288 1.2447156516611595 -0.5025765525627959 
-0.5916271135732631 1.2447304766479046 -0.5025910197269476 
-0.5916271135732631 1.2447304766479046 -0.5025910197269476 
-0.5916271135732631 1.2447304766479046 -0.5025910197269476 
-0.5916271135732631 1.2447304766479046 -0.5025910197269476 
-0.5916248338537141 1.2447188650779746 -0.5025707324037656 
-0.5916229068777892 1.2447112399618387 -0.5025796508052001 
-0.5916229068777892 1.2447112399618387 -0.5025796508052001 
-0.5916229068777892 1.2447112399618387 -0.5025796508052001 
-0.5916228733695158 1.2447105823848543 -0.5025735566098839 
-0.5916249493519385 1.2447212548738071 -0.5025932050288606 
-0.5916249493519385 1.2447212548738071 -0.5025932050288606 
-0.5916249493519385 1.2447212548738071 -0.5025932050288606 
-0.5916259763520232 1.244724771931193 -0.5025819426614841 
-0.5916259763520232 1.244724771931193 -0.5025819426614841 
-0.5916259763520232 1.244724771931193 -0.5025819426614841 
-0.5916259763520232 1.244724771931193 -0.5025819426614841 
-0.5916259763520232 1.244724771931193 -0.5025819426614841 
-0.5916262276983819 1.244726425654176 -0.5025886255811711 
-0.5916262276983819 1.244726425654176 -0.5025886255811711 
-0.5916262276983819 1.244726425654176 -0.5025886255811711 
-0.5916262276983819 1.244726425654176 -0.5025886255811711 
-0.5916249061473297 1.2447203823684503 -0.5025850539866521 
-0.5916249061473297 1.2447203823684503 -0.5025850539866521 
-0.5916249061473297 1.2447203823684503 -0.5025850539866521 
-0.5916233954402617 1.2447141490323488 -0.5025890054616784 
-0.5916233954402617 1.2447141490323488 -0.5025890054616784 
-0.5916233954402617 1.2447141490323488 -0.5025890054616784 
-0.5916233954402617 1.2447141490323488 -0.5025890054616784 
-0.5916253660570182 1.2447228266537709 -0.5025903582119435 
-0.5916253660570182 1.2447228266537709 -0.5025903582119435 
-0.5916242381105341 1.2447173275207204 -0.5025832485652466 
-0.5916258017331892 1.2447248189457685 -0.5025915356606865 
-0.5916258017331892 1.2447248189457685 -0.5025915356606865 
-0.5916258017331892 1.2447248189457685 -0.5025915356606865 
-0.5916258017331892 1.2447248189457685 -0.5025915356606865 
-0.5916249206991544 1.2447207900886175 -0.5025891545976733 
-0.5916249206991544 1.2447207900886175 -0.5025891545976733 
-0.5916233522356527 1.2447132765269917 -0.5025808544194696 
-0.5916233522356527 1.2447132765269917 -0.5025808544194696 
-0.5916252937634027 1.2447213093632958 -0.5025760366290575 
-0.5916252937634027 1.2447213093632958 -0.5025760366290575 
-0.5916259763520232 1.244724771931193 -0.5025819426614841 
-0.5916259763520232 1.244724771931193 -0.5025819426614841 
