-0.5916252937634028 1.3147213093632955 -0.5025760366290577 
-0.5916252937634028 1.3147213093632955 -0.5025760366290577 
-0.5916252937634028 1.3147213093632955 -0.5025760366290577 
-0.5916240780288821 1.314717611600246 -0.5025949114941053 
-0.5916240780288821 1.314717611600246 -0.5025949114941053 
-0.5916240780288821 1.314717611600246 -0.5025949114941053 
-0.5916268282824084 1.314727985348008 -0.5025761225024545 
-0.5916268282824084 1.314727985348008 -0.5025761225024545 
-0.5916268282824084 1.314727985348008 -0.5025761225024545 
-0.5916268282824084 1.314727985348008 -0.5025761225024545 
-0.5916268282824084 1.314727985348008 -0.5025761225024545 
-0.5916249590629168 1.314721640457397 -0.5025972925571176 
-0.5916249590629168 1.314721640457397 -0.5025972925571176 
-0.5916249590629168 1.314721640457397 -0.5025972925571176 
-0.5916249590629168 1.314721640457397 -0.5025972925571176 
-0.5916249061473297 1.3147203823684497 -0.5025850539866519 
-0.5916220642075167 1.314708061473467 -0.5025854077016316 
-0.5916220642075167 1.314708061473467 -0.5025854077016316 
-0.5916238121453414 1.3147157208123128 -0.5025861586447617 
-0.5916235365654652 1.3147136150960064 -0.5025753489485258 
-0.5916235365654652 1.3147136150960064 -0.5025753489485258 
-0.5916235365654652 1.3147136150960064 -0.5025753489485258 
-0.5916269389397864 1.3147303530072627 -0.5025985820447845 
-0.5916269389397864 1.3147303530072627 -0.5025985820447845 
-0.5916269389397864 1.3147303530072627 -0.5025985820447845 
-0.5916224809125965 1.3147096332534307 -0.5025825608847148 
-0.5916224809125965 1.3147096332534307 -0.5025825608847148 
-0.5916213578069585 1.3147041562569581 -0.502575464320782 
-0.5916213578069585 1.3147041562569581 -0.502575464320782 
-0.5916240634770573 1.3147172038800783 -0.5025908108830837 
-0.5916240634770573 1.3147172038800783 -0.5025908108830837 
-0.5916240634770573 1.3147172038800783 -0.5025908108830837 
-0.5916240634770573 1.3147172038800783 -0.5025908108830837 
-0.5916240634770573 1.3147172038800783 -0.5025908108830837 
-0.5916239625306579 1.3147152218044138 -0.5025724388690109 
-0.5916239625306579 1.3147152218044138 -0.5025724388690109 
-0.5916239625306579 1.3147152218044138 -0.5025724388690109 
-0.5916239625306579 1.3147152218044138 -0.5025724388690109 
-0.5916258017331892 1.3147248189457683 -0.5025915356606863 
-0.5916258017331892 1.3147248189457683 -0.5025915356606863 
-0.5916258017331892 1.3147248189457683 -0.5025915356606863 
-0.5916258017331892 1.3147248189457683 -0.5025915356606863 
-0.5916258017331892 1.3147248189457683 -0.5025915356606863 
-0.5916242381105341 1.3147173275207202 -0.5025832485652464 
-0.5916242381105341 1.3147173275207202 -0.5025832485652464 
-0.5916242381105341 1.3147173275207202 -0.5025832485652464 
-0.5916242381105341 1.3147173275207202 -0.5025832485652464 
-0.5916273794568039 1.3147323674358382 -0.5025997725762912 
-0.5916273794568039 1.3147323674358382 -0.5025997725762912 
-0.5916273794568039 1.3147323674358382 -0.5025997725762912 
-0.5916240780288821 1.314717611600246 -0.5025949114941053 
-0.5916240780288821 1.314717611600246 -0.5025949114941053 
-0.5916240780288821 1.314717611600246 -0.5025949114941053 
-0.5916258017331892 1.3147248189457683 -0.5025915356606863 
-0.5916258017331892 1.3147248189457683 -0.5025915356606863 
-0.5916258017331892 1.3147248189457683 -0.5025915356606863 
-0.5916257920222108 1.3147244333621786 -0.5025874481324286 
-0.5916257920222108 1.3147244333621786 -0.5025874481324286 
-0.5916220642075167 1.314708061473467 -0.5025854077016316 
-0.5916220642075167 1.314708061473467 -0.5025854077016316 
-0.5916220642075167 1.314708061473467 -0.5025854077016316 
-0.5916253466643471 1.3147223967970252 -0.5025862445181584 
-0.5916253466643471 1.3147223967970252 -0.5025862445181584 
-0.5916253466643471 1.3147223967970252 -0.5025862445181584 
-0.5916253466643471 1.3147223967970252 -0.5025862445181584 
-0.5916228733695158 1.3147105823848542 -0.5025735566098841 
-0.5916228733695158 1.3147105823848542 -0.5025735566098841 
-0.5916248677982101 1.3147197026548878 -0.5025789467085726 
-0.5916248677982101 1.3147197026548878 -0.5025789467085726 
-0.5916248677982101 1.3147197026548878 -0.5025789467085726 
-0.5916248677982101 1.3147197026548878 -0.5025789467085726 
-0.5916248677982101 1.3147197026548878 -0.5025789467085726 
-0.5916255358350058 1.3147227575026172 -0.5025807521299777 
-0.5916255358350058 1.3147227575026172 -0.5025807521299777 
-0.5916255358350058 1.3147227575026172 -0.5025807521299777 
-0.5916255358350058 1.3147227575026172 -0.5025807521299777 
-0.5916242381105341 1.3147173275207202 -0.5025832485652464 
-0.5916238121453414 1.3147157208123128 -0.5025861586447617 
-0.5916238121453414 1.3147157208123128 -0.5025861586447617 
-0.5916238121453414 1.3147157208123128 -0.5025861586447617 
-0.5916258449377981 1.3147256914511254 -0.5025996867028946 
-0.5916245233867459 1.3147196481653993 -0.5025961151083747 
-0.5916245233867459 1.3147196481653993 -0.5025961151083747 
-0.5916245233867459 1.3147196481653993 -0.5025961151083747 
-0.5916245233867459 1.3147196481653993 -0.5025961151083747 
-0.5916245233867459 1.3147196481653993 -0.5025961151083747 
-0.5916240780288821 1.314717611600246 -0.5025949114941053 
-0.5916266876080705 1.314728869939497 -0.5025939298064628 
-0.5916266876080705 1.314728869939497 -0.5025939298064628 
-0.5916266876080705 1.314728869939497 -0.5025939298064628 
-0.5916273556448661 1.3147319247872267 -0.5025957352278678 
-0.5916233954402618 1.3147141490323486 -0.5025890054616786 
-0.5916233954402618 1.3147141490323486 -0.5025890054616786 
-0.5916233954402618 1.3147141490323486 -0.5025890054616786 
-0.5916233954402618 1.3147141490323486 -0.5025890054616786 
-0.5916233954402618 1.3147141490323486 -0.5025890054616786 
-0.5916245039940746 1.3147192183086536 -0.5025920014145902 
-0.5916245039940746 1.3147192183086536 -0.5025920014145902 
-0.5916245039940746 1.3147192183086536 -0.5025920014145902 
-0.5916245039940746 1.3147192183086536 -0.5025920014145902 
-0.5916209750463748 1.3147034220539073 -0.5025865254425048 
-0.5916209750463748 1.3147034220539073 -0.5025865254425048 
-0.5916245039940746 1.3147192183086536 -0.5025920014145902 
-0.5916245039940746 1.3147192183086536 -0.5025920014145902 
-0.5916218177166471 1.314706600542279 -0.5025807685460735 
-0.5916218177166471 1.314706600542279 -0.5025807685460735 
-0.5916249206991544 1.3147207900886175 -0.5025891545976733 
-0.5916249206991544 1.3147207900886175 -0.5025891545976733 
-0.5916249206991544 1.3147207900886175 -0.5025891545976733 
-0.5916242381105341 1.3147173275207202 -0.5025832485652464 
-0.5916229549232442 1.314712134603773 -0.5025878149301719 
-0.5916229549232442 1.314712134603773 -0.5025878149301719 
-0.5916229549232442 1.314712134603773 -0.5025878149301719 
-0.5916229549232442 1.314712134603773 -0.5025878149301719 
-0.5916240634770573 1.3147172038800783 -0.5025908108830837 
-0.5916240634770573 1.3147172038800783 -0.5025908108830837 
-0.5916242381105341 1.3147173275207202 -0.5025832485652464 
-0.5916249206991544 1.3147207900886175 -0.5025891545976733 
-0.5916249206991544 1.3147207900886175 -0.5025891545976733 
-0.5916253466643471 1.3147223967970252 -0.5025862445181584 
-0.5916253466643471 1.3147223967970252 -0.5025862445181584 
-0.5916253466643471 1.3147223967970252 -0.5025862445181584 
-0.5916253466643471 1.3147223967970252 -0.5025862445181584 
-0.5916277961618837 1.3147339392158022 -0.5025969257593741 
-0.5916277961618834 1.3147339392158024 -0.5025969257593743 
-0.5916253660570181 1.3147228266537707 -0.502590358211944 
-0.5916253660570181 1.3147228266537707 -0.502590358211944 
-0.5916259763520231 1.3147247719311927 -0.5025819426614844 
-0.5916259763520231 1.3147247719311927 -0.5025819426614844 
-0.5916244801821371 1.314718775660042 -0.5025879640661672 
-0.5916240780288821 1.314717611600246 -0.5025949114941053 
-0.5916240780288821 1.314717611600246 -0.5025949114941053 
-0.5916240780288821 1.314717611600246 -0.5025949114941053 
-0.591626247091053 1.3147268555109213 -0.5025927392749563 
-0.591626247091053 1.3147268555109215 -0.5025927392749563 
-0.591626247091053 1.3147268555109215 -0.5025927392749563 
-0.5916236375118646 1.3147155971716706 -0.5025937209625986 
-0.5916236375118646 1.3147155971716706 -0.5025937209625986 
-0.5916258017331892 1.3147248189457683 -0.5025915356606863 
-0.5916258017331892 1.3147248189457683 -0.5025915356606863 
-0.59162292627046 1.3147116698185837 -0.502583764498985 
-0.59162292627046 1.3147116698185837 -0.502583764498985 
-0.5916237975935166 1.3147153130921447 -0.5025820580337401 
-0.5916237975935166 1.3147153130921447 -0.5025820580337401 
-0.5916237975935166 1.3147153130921447 -0.5025820580337401 
-0.5916237975935166 1.3147153130921447 -0.5025820580337401 
-0.5916237975935166 1.3147153130921447 -0.5025820580337401 
-0.5916225435098765 1.3147109356155333 -0.5025948256207085 
-0.5916225435098765 1.3147109356155333 -0.5025948256207085 
-0.5916249493519384 1.3147212548738065 -0.5025932050288604 
-0.5916249493519384 1.3147212548738065 -0.5025932050288604 
-0.5916249493519384 1.3147212548738065 -0.5025932050288604 
-0.5916249493519384 1.3147212548738065 -0.5025932050288604 
-0.5916272833512506 1.3147304074967514 -0.5025814136449818 
-0.5916272833512506 1.3147304074967514 -0.5025814136449818 
-0.5916272833512506 1.3147304074967514 -0.5025814136449818 
-0.5916253660570181 1.3147228266537707 -0.502590358211944 
-0.5916239819233288 1.314715651661159 -0.5025765525627957 
-0.5916239819233288 1.314715651661159 -0.5025765525627957 
-0.5916271135732631 1.3147304766479047 -0.5025910197269476 
-0.5916271135732631 1.3147304766479047 -0.5025910197269476 
-0.5916271135732631 1.3147304766479047 -0.5025910197269476 
-0.5916271135732631 1.3147304766479047 -0.5025910197269476 
-0.591624833853714 1.3147188650779744 -0.5025707324037656 
-0.5916229068777891 1.3147112399618386 -0.5025796508051998 
-0.5916229068777891 1.3147112399618386 -0.5025796508051998 
-0.5916229068777891 1.3147112399618386 -0.5025796508051998 
-0.5916228733695158 1.3147105823848542 -0.5025735566098841 
-0.5916249493519384 1.3147212548738065 -0.5025932050288604 
-0.5916249493519384 1.3147212548738065 -0.5025932050288604 
-0.5916249493519384 1.3147212548738065 -0.5025932050288604 
-0.5916259763520231 1.3147247719311927 -0.5025819426614844 
-0.5916259763520231 1.3147247719311927 -0.5025819426614844 
-0.5916259763520231 1.3147247719311927 -0.5025819426614844 
-0.5916259763520231 1.3147247719311927 -0.5025819426614844 
-0.5916259763520231 1.3147247719311927 -0.5025819426614844 
-0.5916262276983819 1.3147264256541762 -0.5025886255811711 
-0.5916262276983819 1.3147264256541762 -0.5025886255811711 
-0.5916262276983819 1.3147264256541762 -0.5025886255811711 
-0.5916262276983819 1.3147264256541762 -0.5025886255811711 
-0.5916249061473297 1.3147203823684497 -0.5025850539866519 
-0.5916249061473297 1.3147203823684497 -0.5025850539866519 
-0.5916249061473297 1.3147203823684497 -0.5025850539866519 
-0.5916233954402618 1.3147141490323486 -0.5025890054616786 
-0.5916233954402618 1.3147141490323486 -0.5025890054616786 
-0.5916233954402618 1.3147141490323486 -0.5025890054616786 
-0.5916233954402618 1.3147141490323486 -0.5025890054616786 
-0.5916253660570181 1.3147228266537707 -0.502590358211944 
-0.5916253660570181 1.3147228266537707 -0.502590358211944 
-0.5916242381105341 1.3147173275207202 -0.5025832485652464 
-0.5916258017331892 1.3147248189457683 -0.5025915356606863 
-0.5916258017331892 1.3147248189457683 -0.5025915356606863 
-0.5916258017331892 1.3147248189457683 -0.5025915356606863 
-0.5916258017331892 1.3147248189457683 -0.5025915356606863 
-0.5916249206991544 1.3147207900886175 -0.5025891545976733 
-0.5916249206991544 1.3147207900886175 -0.5025891545976733 
-0.5916233522356528 1.3147132765269913 -0.5025808544194699 
-0.5916233522356528 1.3147132765269913 -0.5025808544194699 
-0.5916252937634028 1.3147213093632955 -0.5025760366290577 
-0.5916252937634028 1.3147213093632955 -0.5025760366290577 
-0.5916259763520231 1.3147247719311927 -0.5025819426614844 
-0.5916259763520231 1.3147247719311927 -0.5025819426614844 
