-0.7016252937634029 1.3147213093632955 -0.5025760366290573 
-0.7016252937634029 1.3147213093632955 -0.5025760366290573 
-0.7016252937634029 1.3147213093632955 -0.5025760366290573 
-0.7016240780288822 1.3147176116002461 -0.5025949114941046 
-0.7016240780288822 1.3147176116002461 -0.5025949114941046 
-0.7016240780288822 1.3147176116002461 -0.5025949114941046 
-0.7016268282824085 1.3147279853480083 -0.5025761225024541 
-0.7016268282824085 1.3147279853480083 -0.5025761225024541 
-0.7016268282824085 1.3147279853480083 -0.5025761225024541 
-0.7016268282824085 1.3147279853480083 -0.5025761225024541 
-0.7016268282824085 1.3147279853480083 -0.5025761225024541 
-0.701624959062917 1.3147216404573971 -0.5025972925571178 
-0.701624959062917 1.3147216404573971 -0.5025972925571178 
-0.701624959062917 1.3147216404573971 -0.5025972925571178 
-0.701624959062917 1.3147216404573971 -0.5025972925571178 
-0.7016249061473299 1.31472038236845 -0.5025850539866519 
-0.7016220642075168 1.3147080614734667 -0.5025854077016312 
-0.7016220642075168 1.3147080614734667 -0.5025854077016312 
-0.7016238121453415 1.3147157208123126 -0.5025861586447615 
-0.7016235365654653 1.314713615096006 -0.5025753489485254 
-0.7016235365654653 1.314713615096006 -0.5025753489485254 
-0.7016235365654653 1.314713615096006 -0.5025753489485254 
-0.7016269389397866 1.3147303530072625 -0.5025985820447849 
-0.7016269389397866 1.3147303530072625 -0.5025985820447849 
-0.7016269389397866 1.3147303530072625 -0.5025985820447849 
-0.7016224809125966 1.3147096332534307 -0.502582560884715 
-0.7016224809125966 1.3147096332534307 -0.502582560884715 
-0.7016213578069587 1.3147041562569584 -0.502575464320782 
-0.7016213578069587 1.3147041562569584 -0.502575464320782 
-0.7016240634770574 1.3147172038800783 -0.5025908108830839 
-0.7016240634770574 1.3147172038800783 -0.5025908108830839 
-0.7016240634770574 1.3147172038800783 -0.5025908108830839 
-0.7016240634770574 1.3147172038800783 -0.5025908108830839 
-0.7016240634770574 1.3147172038800783 -0.5025908108830839 
-0.701623962530658 1.3147152218044136 -0.5025724388690105 
-0.701623962530658 1.3147152218044136 -0.5025724388690105 
-0.701623962530658 1.3147152218044136 -0.5025724388690105 
-0.701623962530658 1.3147152218044136 -0.5025724388690105 
-0.7016258017331893 1.3147248189457685 -0.5025915356606858 
-0.7016258017331893 1.3147248189457685 -0.5025915356606858 
-0.7016258017331893 1.3147248189457685 -0.5025915356606858 
-0.7016258017331893 1.3147248189457685 -0.5025915356606858 
-0.7016258017331893 1.3147248189457685 -0.5025915356606858 
-0.7016242381105343 1.3147173275207205 -0.5025832485652462 
-0.7016242381105343 1.3147173275207205 -0.5025832485652462 
-0.7016242381105343 1.3147173275207205 -0.5025832485652462 
-0.7016242381105343 1.3147173275207205 -0.5025832485652462 
-0.7016273794568039 1.314732367435838 -0.5025997725762912 
-0.7016273794568039 1.314732367435838 -0.5025997725762912 
-0.7016273794568039 1.314732367435838 -0.5025997725762912 
-0.7016240780288822 1.3147176116002461 -0.5025949114941046 
-0.7016240780288822 1.3147176116002461 -0.5025949114941046 
-0.7016240780288822 1.3147176116002461 -0.5025949114941046 
-0.7016258017331893 1.3147248189457685 -0.5025915356606858 
-0.7016258017331893 1.3147248189457685 -0.5025915356606858 
-0.7016258017331893 1.3147248189457685 -0.5025915356606858 
-0.701625792022211 1.3147244333621786 -0.5025874481324286 
-0.701625792022211 1.3147244333621786 -0.5025874481324286 
-0.7016220642075168 1.3147080614734667 -0.5025854077016312 
-0.7016220642075168 1.3147080614734667 -0.5025854077016312 
-0.7016220642075168 1.3147080614734667 -0.5025854077016312 
-0.7016253466643472 1.3147223967970252 -0.5025862445181581 
-0.7016253466643472 1.3147223967970252 -0.5025862445181581 
-0.7016253466643472 1.3147223967970252 -0.5025862445181581 
-0.7016253466643472 1.3147223967970252 -0.5025862445181581 
-0.701622873369516 1.3147105823848544 -0.5025735566098841 
-0.701622873369516 1.3147105823848544 -0.5025735566098841 
-0.7016248677982103 1.314719702654888 -0.5025789467085722 
-0.7016248677982103 1.314719702654888 -0.5025789467085722 
-0.7016248677982103 1.314719702654888 -0.5025789467085722 
-0.7016248677982103 1.314719702654888 -0.5025789467085722 
-0.7016248677982103 1.314719702654888 -0.5025789467085722 
-0.7016255358350059 1.314722757502618 -0.5025807521299774 
-0.7016255358350059 1.314722757502618 -0.5025807521299774 
-0.7016255358350059 1.314722757502618 -0.5025807521299774 
-0.7016255358350059 1.314722757502618 -0.5025807521299774 
-0.7016242381105343 1.3147173275207205 -0.5025832485652462 
-0.7016238121453415 1.3147157208123126 -0.5025861586447615 
-0.7016238121453415 1.3147157208123126 -0.5025861586447615 
-0.7016238121453415 1.3147157208123126 -0.5025861586447615 
-0.7016258449377982 1.3147256914511256 -0.5025996867028941 
-0.7016245233867459 1.3147196481653993 -0.5025961151083751 
-0.7016245233867459 1.3147196481653993 -0.5025961151083751 
-0.7016245233867459 1.3147196481653993 -0.5025961151083751 
-0.7016245233867459 1.3147196481653993 -0.5025961151083751 
-0.7016245233867459 1.3147196481653993 -0.5025961151083751 
-0.7016240780288822 1.3147176116002461 -0.5025949114941046 
-0.7016266876080707 1.314728869939497 -0.502593929806463 
-0.7016266876080707 1.314728869939497 -0.502593929806463 
-0.7016266876080707 1.314728869939497 -0.502593929806463 
-0.7016273556448663 1.3147319247872264 -0.502595735227868 
-0.7016233954402619 1.3147141490323486 -0.5025890054616782 
-0.7016233954402619 1.3147141490323486 -0.5025890054616782 
-0.7016233954402619 1.3147141490323486 -0.5025890054616782 
-0.7016233954402619 1.3147141490323486 -0.5025890054616782 
-0.7016233954402619 1.3147141490323486 -0.5025890054616782 
-0.7016245039940747 1.3147192183086536 -0.5025920014145899 
-0.7016245039940747 1.3147192183086536 -0.5025920014145899 
-0.7016245039940747 1.3147192183086536 -0.5025920014145899 
-0.7016245039940747 1.3147192183086536 -0.5025920014145899 
-0.7016209750463749 1.3147034220539073 -0.5025865254425048 
-0.7016209750463749 1.3147034220539073 -0.5025865254425048 
-0.7016245039940747 1.3147192183086536 -0.5025920014145899 
-0.7016245039940747 1.3147192183086536 -0.5025920014145899 
-0.7016218177166472 1.314706600542279 -0.5025807685460733 
-0.7016218177166472 1.314706600542279 -0.5025807685460733 
-0.7016249206991545 1.3147207900886175 -0.502589154597674 
-0.7016249206991545 1.3147207900886175 -0.502589154597674 
-0.7016249206991545 1.3147207900886175 -0.502589154597674 
-0.7016242381105343 1.3147173275207205 -0.5025832485652462 
-0.7016229549232443 1.3147121346037733 -0.5025878149301719 
-0.7016229549232443 1.3147121346037733 -0.5025878149301719 
-0.7016229549232443 1.3147121346037733 -0.5025878149301719 
-0.7016229549232443 1.3147121346037733 -0.5025878149301719 
-0.7016240634770574 1.3147172038800783 -0.5025908108830839 
-0.7016240634770574 1.3147172038800783 -0.5025908108830839 
-0.7016242381105343 1.3147173275207205 -0.5025832485652462 
-0.7016249206991545 1.3147207900886175 -0.502589154597674 
-0.7016249206991545 1.3147207900886175 -0.502589154597674 
-0.7016253466643472 1.3147223967970252 -0.5025862445181581 
-0.7016253466643472 1.3147223967970252 -0.5025862445181581 
-0.7016253466643472 1.3147223967970252 -0.5025862445181581 
-0.7016253466643472 1.3147223967970252 -0.5025862445181581 
-0.7016277961618836 1.3147339392158017 -0.5025969257593741 
-0.7016277961618834 1.314733939215802 -0.5025969257593743 
-0.7016253660570183 1.3147228266537707 -0.5025903582119438 
-0.7016253660570183 1.3147228266537707 -0.5025903582119438 
-0.7016259763520233 1.314724771931193 -0.5025819426614837 
-0.7016259763520233 1.314724771931193 -0.5025819426614837 
-0.7016244801821372 1.314718775660042 -0.5025879640661672 
-0.7016240780288822 1.3147176116002461 -0.5025949114941046 
-0.7016240780288822 1.3147176116002461 -0.5025949114941046 
-0.7016240780288822 1.3147176116002461 -0.5025949114941046 
-0.7016262470910533 1.3147268555109217 -0.5025927392749563 
-0.7016262470910533 1.314726855510922 -0.5025927392749563 
-0.7016262470910533 1.314726855510922 -0.5025927392749563 
-0.7016236375118649 1.3147155971716709 -0.5025937209625986 
-0.7016236375118649 1.3147155971716709 -0.5025937209625986 
-0.7016258017331893 1.3147248189457685 -0.5025915356606858 
-0.7016258017331893 1.3147248189457685 -0.5025915356606858 
-0.7016229262704602 1.3147116698185837 -0.502583764498985 
-0.7016229262704602 1.3147116698185837 -0.502583764498985 
-0.7016237975935168 1.314715313092145 -0.5025820580337403 
-0.7016237975935168 1.314715313092145 -0.5025820580337403 
-0.7016237975935168 1.314715313092145 -0.5025820580337403 
-0.7016237975935168 1.314715313092145 -0.5025820580337403 
-0.7016237975935168 1.314715313092145 -0.5025820580337403 
-0.7016225435098766 1.3147109356155333 -0.5025948256207078 
-0.7016225435098766 1.3147109356155333 -0.5025948256207078 
-0.7016249493519385 1.314721254873807 -0.50259320502886 
-0.7016249493519385 1.314721254873807 -0.50259320502886 
-0.7016249493519385 1.314721254873807 -0.50259320502886 
-0.7016249493519385 1.314721254873807 -0.50259320502886 
-0.7016272833512507 1.3147304074967516 -0.502581413644982 
-0.7016272833512507 1.3147304074967516 -0.502581413644982 
-0.7016272833512507 1.3147304074967516 -0.502581413644982 
-0.7016253660570183 1.3147228266537707 -0.5025903582119438 
-0.7016239819233289 1.3147156516611593 -0.5025765525627959 
-0.7016239819233289 1.3147156516611593 -0.5025765525627959 
-0.7016271135732634 1.3147304766479049 -0.5025910197269476 
-0.7016271135732634 1.3147304766479049 -0.5025910197269476 
-0.7016271135732634 1.3147304766479049 -0.5025910197269476 
-0.7016271135732634 1.3147304766479049 -0.5025910197269476 
-0.7016248338537141 1.3147188650779746 -0.5025707324037658 
-0.7016229068777893 1.3147112399618384 -0.5025796508051996 
-0.7016229068777893 1.3147112399618384 -0.5025796508051996 
-0.7016229068777893 1.3147112399618384 -0.5025796508051996 
-0.701622873369516 1.3147105823848544 -0.5025735566098841 
-0.7016249493519385 1.314721254873807 -0.50259320502886 
-0.7016249493519385 1.314721254873807 -0.50259320502886 
-0.7016249493519385 1.314721254873807 -0.50259320502886 
-0.7016259763520233 1.314724771931193 -0.5025819426614837 
-0.7016259763520233 1.314724771931193 -0.5025819426614837 
-0.7016259763520233 1.314724771931193 -0.5025819426614837 
-0.7016259763520233 1.314724771931193 -0.5025819426614837 
-0.7016259763520233 1.314724771931193 -0.5025819426614837 
-0.701626227698382 1.3147264256541764 -0.5025886255811713 
-0.701626227698382 1.3147264256541764 -0.5025886255811713 
-0.701626227698382 1.3147264256541764 -0.5025886255811713 
-0.701626227698382 1.3147264256541764 -0.5025886255811713 
-0.7016249061473299 1.31472038236845 -0.5025850539866519 
-0.7016249061473299 1.31472038236845 -0.5025850539866519 
-0.7016249061473299 1.31472038236845 -0.5025850539866519 
-0.7016233954402619 1.3147141490323486 -0.5025890054616782 
-0.7016233954402619 1.3147141490323486 -0.5025890054616782 
-0.7016233954402619 1.3147141490323486 -0.5025890054616782 
-0.7016233954402619 1.3147141490323486 -0.5025890054616782 
-0.7016253660570183 1.3147228266537707 -0.5025903582119438 
-0.7016253660570183 1.3147228266537707 -0.5025903582119438 
-0.7016242381105343 1.3147173275207205 -0.5025832485652462 
-0.7016258017331893 1.3147248189457685 -0.5025915356606858 
-0.7016258017331893 1.3147248189457685 -0.5025915356606858 
-0.7016258017331893 1.3147248189457685 -0.5025915356606858 
-0.7016258017331893 1.3147248189457685 -0.5025915356606858 
-0.7016249206991545 1.3147207900886175 -0.502589154597674 
-0.7016249206991545 1.3147207900886175 -0.502589154597674 
-0.7016233522356529 1.3147132765269915 -0.5025808544194699 
-0.7016233522356529 1.3147132765269915 -0.5025808544194699 
-0.7016252937634029 1.3147213093632955 -0.5025760366290573 
-0.7016252937634029 1.3147213093632955 -0.5025760366290573 
-0.7016259763520233 1.314724771931193 -0.5025819426614837 
-0.7016259763520233 1.314724771931193 -0.5025819426614837 
