-0.6466252937634028 1.2447213093632956 -0.502576036629057 
-0.6466252937634028 1.2447213093632956 -0.502576036629057 
-0.6466252937634028 1.2447213093632956 -0.502576036629057 
-0.6466240780288822 1.244717611600246 -0.5025949114941048 
-0.6466240780288822 1.244717611600246 -0.5025949114941048 
-0.6466240780288822 1.244717611600246 -0.5025949114941048 
-0.6466268282824085 1.244727985348008 -0.5025761225024541 
-0.6466268282824085 1.244727985348008 -0.5025761225024541 
-0.6466268282824085 1.244727985348008 -0.5025761225024541 
-0.6466268282824085 1.244727985348008 -0.5025761225024541 
-0.6466268282824085 1.244727985348008 -0.5025761225024541 
-0.646624959062917 1.2447216404573966 -0.5025972925571176 
-0.646624959062917 1.2447216404573966 -0.5025972925571176 
-0.646624959062917 1.2447216404573966 -0.5025972925571176 
-0.646624959062917 1.2447216404573966 -0.5025972925571176 
-0.6466249061473297 1.2447203823684498 -0.5025850539866514 
-0.6466220642075168 1.244708061473467 -0.5025854077016314 
-0.6466220642075168 1.244708061473467 -0.5025854077016314 
-0.6466238121453415 1.2447157208123125 -0.5025861586447615 
-0.6466235365654652 1.2447136150960063 -0.5025753489485254 
-0.6466235365654652 1.2447136150960063 -0.5025753489485254 
-0.6466235365654652 1.2447136150960063 -0.5025753489485254 
-0.6466269389397865 1.2447303530072624 -0.5025985820447845 
-0.6466269389397865 1.2447303530072624 -0.5025985820447845 
-0.6466269389397865 1.2447303530072624 -0.5025985820447845 
-0.6466224809125964 1.2447096332534309 -0.502582560884715 
-0.6466224809125964 1.2447096332534309 -0.502582560884715 
-0.6466213578069587 1.244704156256958 -0.5025754643207818 
-0.6466213578069587 1.244704156256958 -0.5025754643207818 
-0.6466240634770574 1.2447172038800782 -0.5025908108830834 
-0.6466240634770574 1.2447172038800782 -0.5025908108830834 
-0.6466240634770574 1.2447172038800782 -0.5025908108830834 
-0.6466240634770574 1.2447172038800782 -0.5025908108830834 
-0.6466240634770574 1.2447172038800782 -0.5025908108830834 
-0.6466239625306578 1.2447152218044137 -0.5025724388690107 
-0.6466239625306578 1.2447152218044137 -0.5025724388690107 
-0.6466239625306578 1.2447152218044137 -0.5025724388690107 
-0.6466239625306578 1.2447152218044137 -0.5025724388690107 
-0.6466258017331893 1.2447248189457683 -0.5025915356606858 
-0.6466258017331893 1.2447248189457683 -0.5025915356606858 
-0.6466258017331893 1.2447248189457683 -0.5025915356606858 
-0.6466258017331893 1.2447248189457683 -0.5025915356606858 
-0.6466258017331893 1.2447248189457683 -0.5025915356606858 
-0.6466242381105342 1.2447173275207202 -0.5025832485652464 
-0.6466242381105342 1.2447173275207202 -0.5025832485652464 
-0.6466242381105342 1.2447173275207202 -0.5025832485652464 
-0.6466242381105342 1.2447173275207202 -0.5025832485652464 
-0.6466273794568039 1.244732367435838 -0.5025997725762914 
-0.6466273794568039 1.244732367435838 -0.5025997725762914 
-0.6466273794568039 1.244732367435838 -0.5025997725762914 
-0.6466240780288822 1.244717611600246 -0.5025949114941048 
-0.6466240780288822 1.244717611600246 -0.5025949114941048 
-0.6466240780288822 1.244717611600246 -0.5025949114941048 
-0.6466258017331893 1.2447248189457683 -0.5025915356606858 
-0.6466258017331893 1.2447248189457683 -0.5025915356606858 
-0.6466258017331893 1.2447248189457683 -0.5025915356606858 
-0.6466257920222109 1.2447244333621785 -0.502587448132428 
-0.6466257920222109 1.2447244333621785 -0.502587448132428 
-0.6466220642075168 1.244708061473467 -0.5025854077016314 
-0.6466220642075168 1.244708061473467 -0.5025854077016314 
-0.6466220642075168 1.244708061473467 -0.5025854077016314 
-0.6466253466643472 1.2447223967970253 -0.5025862445181577 
-0.6466253466643472 1.2447223967970253 -0.5025862445181577 
-0.6466253466643472 1.2447223967970253 -0.5025862445181577 
-0.6466253466643472 1.2447223967970253 -0.5025862445181577 
-0.6466228733695158 1.244710582384854 -0.5025735566098839 
-0.6466228733695158 1.244710582384854 -0.5025735566098839 
-0.6466248677982102 1.244719702654888 -0.5025789467085724 
-0.6466248677982102 1.244719702654888 -0.5025789467085724 
-0.6466248677982102 1.244719702654888 -0.5025789467085724 
-0.6466248677982102 1.244719702654888 -0.5025789467085724 
-0.6466248677982102 1.244719702654888 -0.5025789467085724 
-0.6466255358350057 1.2447227575026176 -0.5025807521299777 
-0.6466255358350057 1.2447227575026176 -0.5025807521299777 
-0.6466255358350057 1.2447227575026176 -0.5025807521299777 
-0.6466255358350057 1.2447227575026176 -0.5025807521299777 
-0.6466242381105342 1.2447173275207202 -0.5025832485652464 
-0.6466238121453415 1.2447157208123125 -0.5025861586447615 
-0.6466238121453415 1.2447157208123125 -0.5025861586447615 
-0.6466238121453415 1.2447157208123125 -0.5025861586447615 
-0.6466258449377982 1.2447256914511253 -0.5025996867028939 
-0.6466245233867458 1.244719648165399 -0.5025961151083749 
-0.6466245233867458 1.244719648165399 -0.5025961151083749 
-0.6466245233867458 1.244719648165399 -0.5025961151083749 
-0.6466245233867458 1.244719648165399 -0.5025961151083749 
-0.6466245233867458 1.244719648165399 -0.5025961151083749 
-0.6466240780288822 1.244717611600246 -0.5025949114941048 
-0.6466266876080705 1.2447288699394967 -0.5025939298064623 
-0.6466266876080705 1.2447288699394967 -0.5025939298064623 
-0.6466266876080705 1.2447288699394967 -0.5025939298064623 
-0.6466273556448663 1.2447319247872266 -0.5025957352278678 
-0.6466233954402618 1.2447141490323486 -0.5025890054616784 
-0.6466233954402618 1.2447141490323486 -0.5025890054616784 
-0.6466233954402618 1.2447141490323486 -0.5025890054616784 
-0.6466233954402618 1.2447141490323486 -0.5025890054616784 
-0.6466233954402618 1.2447141490323486 -0.5025890054616784 
-0.6466245039940748 1.2447192183086535 -0.5025920014145899 
-0.6466245039940748 1.2447192183086535 -0.5025920014145899 
-0.6466245039940748 1.2447192183086535 -0.5025920014145899 
-0.6466245039940748 1.2447192183086535 -0.5025920014145899 
-0.6466209750463748 1.244703422053907 -0.5025865254425046 
-0.6466209750463748 1.244703422053907 -0.5025865254425046 
-0.6466245039940748 1.2447192183086535 -0.5025920014145899 
-0.6466245039940748 1.2447192183086535 -0.5025920014145899 
-0.6466218177166472 1.2447066005422787 -0.5025807685460737 
-0.6466218177166472 1.2447066005422787 -0.5025807685460737 
-0.6466249206991546 1.2447207900886175 -0.5025891545976731 
-0.6466249206991546 1.2447207900886175 -0.5025891545976731 
-0.6466249206991546 1.2447207900886175 -0.5025891545976731 
-0.6466242381105342 1.2447173275207202 -0.5025832485652464 
-0.6466229549232444 1.2447121346037733 -0.5025878149301723 
-0.6466229549232444 1.2447121346037733 -0.5025878149301723 
-0.6466229549232444 1.2447121346037733 -0.5025878149301723 
-0.6466229549232444 1.2447121346037733 -0.5025878149301723 
-0.6466240634770574 1.2447172038800782 -0.5025908108830834 
-0.6466240634770574 1.2447172038800782 -0.5025908108830834 
-0.6466242381105342 1.2447173275207202 -0.5025832485652464 
-0.6466249206991546 1.2447207900886175 -0.5025891545976731 
-0.6466249206991546 1.2447207900886175 -0.5025891545976731 
-0.6466253466643472 1.2447223967970253 -0.5025862445181577 
-0.6466253466643472 1.2447223967970253 -0.5025862445181577 
-0.6466253466643472 1.2447223967970253 -0.5025862445181577 
-0.6466253466643472 1.2447223967970253 -0.5025862445181577 
-0.6466277961618837 1.2447339392158019 -0.5025969257593743 
-0.6466277961618835 1.244733939215802 -0.5025969257593745 
-0.6466253660570183 1.2447228266537707 -0.5025903582119435 
-0.6466253660570183 1.2447228266537707 -0.5025903582119435 
-0.6466259763520232 1.244724771931193 -0.5025819426614841 
-0.6466259763520232 1.244724771931193 -0.5025819426614841 
-0.646624480182137 1.2447187756600422 -0.502587964066167 
-0.6466240780288822 1.244717611600246 -0.5025949114941048 
-0.6466240780288822 1.244717611600246 -0.5025949114941048 
-0.6466240780288822 1.244717611600246 -0.5025949114941048 
-0.646626247091053 1.2447268555109214 -0.5025927392749563 
-0.646626247091053 1.2447268555109217 -0.5025927392749563 
-0.646626247091053 1.2447268555109217 -0.5025927392749563 
-0.6466236375118648 1.2447155971716706 -0.5025937209625979 
-0.6466236375118648 1.2447155971716706 -0.5025937209625979 
-0.6466258017331893 1.2447248189457683 -0.5025915356606858 
-0.6466258017331893 1.2447248189457683 -0.5025915356606858 
-0.6466229262704603 1.2447116698185838 -0.502583764498985 
-0.6466229262704603 1.2447116698185838 -0.502583764498985 
-0.6466237975935167 1.2447153130921447 -0.5025820580337401 
-0.6466237975935167 1.2447153130921447 -0.5025820580337401 
-0.6466237975935167 1.2447153130921447 -0.5025820580337401 
-0.6466237975935167 1.2447153130921447 -0.5025820580337401 
-0.6466237975935167 1.2447153130921447 -0.5025820580337401 
-0.6466225435098765 1.2447109356155335 -0.5025948256207082 
-0.6466225435098765 1.2447109356155335 -0.5025948256207082 
-0.6466249493519385 1.244721254873807 -0.5025932050288602 
-0.6466249493519385 1.244721254873807 -0.5025932050288602 
-0.6466249493519385 1.244721254873807 -0.5025932050288602 
-0.6466249493519385 1.244721254873807 -0.5025932050288602 
-0.6466272833512506 1.2447304074967511 -0.502581413644982 
-0.6466272833512506 1.2447304074967511 -0.502581413644982 
-0.6466272833512506 1.2447304074967511 -0.502581413644982 
-0.6466253660570183 1.2447228266537707 -0.5025903582119435 
-0.6466239819233289 1.2447156516611593 -0.5025765525627959 
-0.6466239819233289 1.2447156516611593 -0.5025765525627959 
-0.6466271135732632 1.2447304766479044 -0.5025910197269472 
-0.6466271135732632 1.2447304766479044 -0.5025910197269472 
-0.6466271135732632 1.2447304766479044 -0.5025910197269472 
-0.6466271135732632 1.2447304766479044 -0.5025910197269472 
-0.6466248338537143 1.2447188650779746 -0.5025707324037656 
-0.6466229068777891 1.2447112399618385 -0.5025796508051998 
-0.6466229068777891 1.2447112399618385 -0.5025796508051998 
-0.6466229068777891 1.2447112399618385 -0.5025796508051998 
-0.6466228733695158 1.244710582384854 -0.5025735566098839 
-0.6466249493519385 1.244721254873807 -0.5025932050288602 
-0.6466249493519385 1.244721254873807 -0.5025932050288602 
-0.6466249493519385 1.244721254873807 -0.5025932050288602 
-0.6466259763520232 1.244724771931193 -0.5025819426614841 
-0.6466259763520232 1.244724771931193 -0.5025819426614841 
-0.6466259763520232 1.244724771931193 -0.5025819426614841 
-0.6466259763520232 1.244724771931193 -0.5025819426614841 
-0.6466259763520232 1.244724771931193 -0.5025819426614841 
-0.646626227698382 1.244726425654176 -0.5025886255811711 
-0.646626227698382 1.244726425654176 -0.5025886255811711 
-0.646626227698382 1.244726425654176 -0.5025886255811711 
-0.646626227698382 1.244726425654176 -0.5025886255811711 
-0.6466249061473297 1.2447203823684498 -0.5025850539866514 
-0.6466249061473297 1.2447203823684498 -0.5025850539866514 
-0.6466249061473297 1.2447203823684498 -0.5025850539866514 
-0.6466233954402618 1.2447141490323486 -0.5025890054616784 
-0.6466233954402618 1.2447141490323486 -0.5025890054616784 
-0.6466233954402618 1.2447141490323486 -0.5025890054616784 
-0.6466233954402618 1.2447141490323486 -0.5025890054616784 
-0.6466253660570183 1.2447228266537707 -0.5025903582119435 
-0.6466253660570183 1.2447228266537707 -0.5025903582119435 
-0.6466242381105342 1.2447173275207202 -0.5025832485652464 
-0.6466258017331893 1.2447248189457683 -0.5025915356606858 
-0.6466258017331893 1.2447248189457683 -0.5025915356606858 
-0.6466258017331893 1.2447248189457683 -0.5025915356606858 
-0.6466258017331893 1.2447248189457683 -0.5025915356606858 
-0.6466249206991546 1.2447207900886175 -0.5025891545976731 
-0.6466249206991546 1.2447207900886175 -0.5025891545976731 
-0.6466233522356529 1.2447132765269917 -0.5025808544194699 
-0.6466233522356529 1.2447132765269917 -0.5025808544194699 
-0.6466252937634028 1.2447213093632956 -0.502576036629057 
-0.6466252937634028 1.2447213093632956 -0.502576036629057 
-0.6466259763520232 1.244724771931193 -0.5025819426614841 
-0.6466259763520232 1.244724771931193 -0.5025819426614841 
