-0.7016252937634027 1.2447213093632956 -0.5025760366290575 
-0.7016252937634027 1.2447213093632956 -0.5025760366290575 
-0.7016252937634027 1.2447213093632956 -0.5025760366290575 
-0.7016240780288822 1.2447176116002463 -0.5025949114941053 
-0.7016240780288822 1.2447176116002463 -0.5025949114941053 
-0.7016240780288822 1.2447176116002463 -0.5025949114941053 
-0.7016268282824084 1.2447279853480082 -0.5025761225024543 
-0.7016268282824084 1.2447279853480082 -0.5025761225024543 
-0.7016268282824084 1.2447279853480082 -0.5025761225024543 
-0.7016268282824084 1.2447279853480082 -0.5025761225024543 
-0.7016268282824084 1.2447279853480082 -0.5025761225024543 
-0.701624959062917 1.2447216404573969 -0.5025972925571178 
-0.701624959062917 1.2447216404573969 -0.5025972925571178 
-0.701624959062917 1.2447216404573969 -0.5025972925571178 
-0.701624959062917 1.2447216404573969 -0.5025972925571178 
-0.7016249061473298 1.2447203823684498 -0.5025850539866521 
-0.7016220642075167 1.2447080614734667 -0.5025854077016316 
-0.7016220642075167 1.2447080614734667 -0.5025854077016316 
-0.7016238121453413 1.2447157208123125 -0.5025861586447615 
-0.7016235365654652 1.244713615096006 -0.5025753489485256 
-0.7016235365654652 1.244713615096006 -0.5025753489485256 
-0.7016235365654652 1.244713615096006 -0.5025753489485256 
-0.7016269389397864 1.2447303530072626 -0.5025985820447851 
-0.7016269389397864 1.2447303530072626 -0.5025985820447851 
-0.7016269389397864 1.2447303530072626 -0.5025985820447851 
-0.7016224809125964 1.2447096332534306 -0.502582560884715 
-0.7016224809125964 1.2447096332534306 -0.502582560884715 
-0.7016213578069587 1.244704156256958 -0.5025754643207818 
-0.7016213578069587 1.244704156256958 -0.5025754643207818 
-0.7016240634770573 1.2447172038800782 -0.5025908108830837 
-0.7016240634770573 1.2447172038800782 -0.5025908108830837 
-0.7016240634770573 1.2447172038800782 -0.5025908108830837 
-0.7016240634770573 1.2447172038800782 -0.5025908108830837 
-0.7016240634770573 1.2447172038800782 -0.5025908108830837 
-0.7016239625306577 1.2447152218044137 -0.5025724388690109 
-0.7016239625306577 1.2447152218044137 -0.5025724388690109 
-0.7016239625306577 1.2447152218044137 -0.5025724388690109 
-0.7016239625306577 1.2447152218044137 -0.5025724388690109 
-0.7016258017331893 1.2447248189457685 -0.5025915356606865 
-0.7016258017331893 1.2447248189457685 -0.5025915356606865 
-0.7016258017331893 1.2447248189457685 -0.5025915356606865 
-0.7016258017331893 1.2447248189457685 -0.5025915356606865 
-0.7016258017331893 1.2447248189457685 -0.5025915356606865 
-0.701624238110534 1.2447173275207202 -0.5025832485652466 
-0.701624238110534 1.2447173275207202 -0.5025832485652466 
-0.701624238110534 1.2447173275207202 -0.5025832485652466 
-0.701624238110534 1.2447173275207202 -0.5025832485652466 
-0.701627379456804 1.2447323674358381 -0.502599772576291 
-0.701627379456804 1.2447323674358381 -0.502599772576291 
-0.701627379456804 1.2447323674358381 -0.502599772576291 
-0.7016240780288822 1.2447176116002463 -0.5025949114941053 
-0.7016240780288822 1.2447176116002463 -0.5025949114941053 
-0.7016240780288822 1.2447176116002463 -0.5025949114941053 
-0.7016258017331893 1.2447248189457685 -0.5025915356606865 
-0.7016258017331893 1.2447248189457685 -0.5025915356606865 
-0.7016258017331893 1.2447248189457685 -0.5025915356606865 
-0.701625792022211 1.2447244333621785 -0.5025874481324284 
-0.701625792022211 1.2447244333621785 -0.5025874481324284 
-0.7016220642075167 1.2447080614734667 -0.5025854077016316 
-0.7016220642075167 1.2447080614734667 -0.5025854077016316 
-0.7016220642075167 1.2447080614734667 -0.5025854077016316 
-0.7016253466643471 1.2447223967970253 -0.5025862445181584 
-0.7016253466643471 1.2447223967970253 -0.5025862445181584 
-0.7016253466643471 1.2447223967970253 -0.5025862445181584 
-0.7016253466643471 1.2447223967970253 -0.5025862445181584 
-0.7016228733695158 1.2447105823848543 -0.5025735566098841 
-0.7016228733695158 1.2447105823848543 -0.5025735566098841 
-0.70162486779821 1.2447197026548877 -0.5025789467085726 
-0.70162486779821 1.2447197026548877 -0.5025789467085726 
-0.70162486779821 1.2447197026548877 -0.5025789467085726 
-0.70162486779821 1.2447197026548877 -0.5025789467085726 
-0.70162486779821 1.2447197026548877 -0.5025789467085726 
-0.7016255358350058 1.2447227575026174 -0.5025807521299779 
-0.7016255358350058 1.2447227575026174 -0.5025807521299779 
-0.7016255358350058 1.2447227575026174 -0.5025807521299779 
-0.7016255358350058 1.2447227575026174 -0.5025807521299779 
-0.701624238110534 1.2447173275207202 -0.5025832485652466 
-0.7016238121453413 1.2447157208123125 -0.5025861586447615 
-0.7016238121453413 1.2447157208123125 -0.5025861586447615 
-0.7016238121453413 1.2447157208123125 -0.5025861586447615 
-0.7016258449377982 1.2447256914511255 -0.5025996867028943 
-0.701624523386746 1.2447196481653993 -0.5025961151083747 
-0.701624523386746 1.2447196481653993 -0.5025961151083747 
-0.701624523386746 1.2447196481653993 -0.5025961151083747 
-0.701624523386746 1.2447196481653993 -0.5025961151083747 
-0.701624523386746 1.2447196481653993 -0.5025961151083747 
-0.7016240780288822 1.2447176116002463 -0.5025949114941053 
-0.7016266876080706 1.2447288699394967 -0.5025939298064626 
-0.7016266876080706 1.2447288699394967 -0.5025939298064626 
-0.7016266876080706 1.2447288699394967 -0.5025939298064626 
-0.7016273556448661 1.2447319247872264 -0.5025957352278678 
-0.7016233954402615 1.2447141490323483 -0.5025890054616782 
-0.7016233954402615 1.2447141490323483 -0.5025890054616782 
-0.7016233954402615 1.2447141490323483 -0.5025890054616782 
-0.7016233954402615 1.2447141490323483 -0.5025890054616782 
-0.7016233954402615 1.2447141490323483 -0.5025890054616782 
-0.7016245039940747 1.2447192183086537 -0.5025920014145904 
-0.7016245039940747 1.2447192183086537 -0.5025920014145904 
-0.7016245039940747 1.2447192183086537 -0.5025920014145904 
-0.7016245039940747 1.2447192183086537 -0.5025920014145904 
-0.7016209750463747 1.2447034220539073 -0.5025865254425046 
-0.7016209750463747 1.2447034220539073 -0.5025865254425046 
-0.7016245039940747 1.2447192183086537 -0.5025920014145904 
-0.7016245039940747 1.2447192183086537 -0.5025920014145904 
-0.7016218177166471 1.2447066005422789 -0.5025807685460735 
-0.7016218177166471 1.2447066005422789 -0.5025807685460735 
-0.7016249206991545 1.2447207900886175 -0.5025891545976737 
-0.7016249206991545 1.2447207900886175 -0.5025891545976737 
-0.7016249206991545 1.2447207900886175 -0.5025891545976737 
-0.701624238110534 1.2447173275207202 -0.5025832485652466 
-0.7016229549232442 1.244712134603773 -0.5025878149301721 
-0.7016229549232442 1.244712134603773 -0.5025878149301721 
-0.7016229549232442 1.244712134603773 -0.5025878149301721 
-0.7016229549232442 1.244712134603773 -0.5025878149301721 
-0.7016240634770573 1.2447172038800782 -0.5025908108830837 
-0.7016240634770573 1.2447172038800782 -0.5025908108830837 
-0.701624238110534 1.2447173275207202 -0.5025832485652466 
-0.7016249206991545 1.2447207900886175 -0.5025891545976737 
-0.7016249206991545 1.2447207900886175 -0.5025891545976737 
-0.7016253466643471 1.2447223967970253 -0.5025862445181584 
-0.7016253466643471 1.2447223967970253 -0.5025862445181584 
-0.7016253466643471 1.2447223967970253 -0.5025862445181584 
-0.7016253466643471 1.2447223967970253 -0.5025862445181584 
-0.7016277961618836 1.244733939215802 -0.5025969257593743 
-0.7016277961618834 1.244733939215802 -0.5025969257593745 
-0.7016253660570183 1.2447228266537709 -0.5025903582119438 
-0.7016253660570183 1.2447228266537709 -0.5025903582119438 
-0.7016259763520232 1.244724771931193 -0.5025819426614846 
-0.7016259763520232 1.244724771931193 -0.5025819426614846 
-0.7016244801821371 1.2447187756600422 -0.502587964066167 
-0.7016240780288822 1.2447176116002463 -0.5025949114941053 
-0.7016240780288822 1.2447176116002463 -0.5025949114941053 
-0.7016240780288822 1.2447176116002463 -0.5025949114941053 
-0.7016262470910531 1.2447268555109214 -0.5025927392749567 
-0.7016262470910531 1.2447268555109217 -0.5025927392749567 
-0.7016262470910531 1.2447268555109217 -0.5025927392749567 
-0.7016236375118647 1.2447155971716708 -0.5025937209625981 
-0.7016236375118647 1.2447155971716708 -0.5025937209625981 
-0.7016258017331893 1.2447248189457685 -0.5025915356606865 
-0.7016258017331893 1.2447248189457685 -0.5025915356606865 
-0.7016229262704602 1.2447116698185838 -0.5025837644989852 
-0.7016229262704602 1.2447116698185838 -0.5025837644989852 
-0.7016237975935166 1.2447153130921447 -0.5025820580337403 
-0.7016237975935166 1.2447153130921447 -0.5025820580337403 
-0.7016237975935166 1.2447153130921447 -0.5025820580337403 
-0.7016237975935166 1.2447153130921447 -0.5025820580337403 
-0.7016237975935166 1.2447153130921447 -0.5025820580337403 
-0.7016225435098763 1.2447109356155333 -0.5025948256207082 
-0.7016225435098763 1.2447109356155333 -0.5025948256207082 
-0.7016249493519385 1.244721254873807 -0.5025932050288606 
-0.7016249493519385 1.244721254873807 -0.5025932050288606 
-0.7016249493519385 1.244721254873807 -0.5025932050288606 
-0.7016249493519385 1.244721254873807 -0.5025932050288606 
-0.7016272833512508 1.2447304074967516 -0.5025814136449822 
-0.7016272833512508 1.2447304074967516 -0.5025814136449822 
-0.7016272833512508 1.2447304074967516 -0.5025814136449822 
-0.7016253660570183 1.2447228266537709 -0.5025903582119438 
-0.7016239819233289 1.244715651661159 -0.5025765525627961 
-0.7016239819233289 1.244715651661159 -0.5025765525627961 
-0.7016271135732631 1.2447304766479044 -0.5025910197269476 
-0.7016271135732631 1.2447304766479044 -0.5025910197269476 
-0.7016271135732631 1.2447304766479044 -0.5025910197269476 
-0.7016271135732631 1.2447304766479044 -0.5025910197269476 
-0.7016248338537141 1.2447188650779744 -0.5025707324037663 
-0.701622906877789 1.2447112399618383 -0.5025796508052001 
-0.701622906877789 1.2447112399618383 -0.5025796508052001 
-0.701622906877789 1.2447112399618383 -0.5025796508052001 
-0.7016228733695158 1.2447105823848543 -0.5025735566098841 
-0.7016249493519385 1.244721254873807 -0.5025932050288606 
-0.7016249493519385 1.244721254873807 -0.5025932050288606 
-0.7016249493519385 1.244721254873807 -0.5025932050288606 
-0.7016259763520232 1.244724771931193 -0.5025819426614846 
-0.7016259763520232 1.244724771931193 -0.5025819426614846 
-0.7016259763520232 1.244724771931193 -0.5025819426614846 
-0.7016259763520232 1.244724771931193 -0.5025819426614846 
-0.7016259763520232 1.244724771931193 -0.5025819426614846 
-0.701626227698382 1.2447264256541761 -0.5025886255811711 
-0.701626227698382 1.2447264256541761 -0.5025886255811711 
-0.701626227698382 1.2447264256541761 -0.5025886255811711 
-0.701626227698382 1.2447264256541761 -0.5025886255811711 
-0.7016249061473298 1.2447203823684498 -0.5025850539866521 
-0.7016249061473298 1.2447203823684498 -0.5025850539866521 
-0.7016249061473298 1.2447203823684498 -0.5025850539866521 
-0.7016233954402615 1.2447141490323483 -0.5025890054616782 
-0.7016233954402615 1.2447141490323483 -0.5025890054616782 
-0.7016233954402615 1.2447141490323483 -0.5025890054616782 
-0.7016233954402615 1.2447141490323483 -0.5025890054616782 
-0.7016253660570183 1.2447228266537709 -0.5025903582119438 
-0.7016253660570183 1.2447228266537709 -0.5025903582119438 
-0.701624238110534 1.2447173275207202 -0.5025832485652466 
-0.7016258017331893 1.2447248189457685 -0.5025915356606865 
-0.7016258017331893 1.2447248189457685 -0.5025915356606865 
-0.7016258017331893 1.2447248189457685 -0.5025915356606865 
-0.7016258017331893 1.2447248189457685 -0.5025915356606865 
-0.7016249206991545 1.2447207900886175 -0.5025891545976737 
-0.7016249206991545 1.2447207900886175 -0.5025891545976737 
-0.7016233522356529 1.2447132765269915 -0.5025808544194699 
-0.7016233522356529 1.2447132765269915 -0.5025808544194699 
-0.7016252937634027 1.2447213093632956 -0.5025760366290575 
-0.7016252937634027 1.2447213093632956 -0.5025760366290575 
-0.7016259763520232 1.244724771931193 -0.5025819426614846 
-0.7016259763520232 1.244724771931193 -0.5025819426614846 
