679	667	665	679	682	657
677	664	663	678	681	657
678	666	666	689	683	660
676	669	665	687	684	659
677	666	665	688	684	657
680	671	666	686	683	662
682	666	665	686	685	660
682	667	665	685	687	661
678	666	663	682	680	659
681	666	658	680	681	659
673	668	662	684	683	658
677	668	665	682	687	659
676	662	663	683	681	660
673	662	665	680	678	660
671	664	653	683	681	659
672	664	659	682	682	658
677	663	663	680	681	658
676	662	660	682	685	658
678	667	662	678	682	659
672	667	664	688	683	657
674	664	660	683	684	658
674	664	661	679	680	657
676	664	660	682	680	661
675	667	664	676	681	659
675	665	660	683	682	658
674	666	665	680	679	658
678	664	661	679	683	656
678	669	666	685	684	659
676	670	665	680	681	658
676	667	663	685	681	658
682	669	663	688	688	659
675	666	664	680	682	662
684	667	666	687	685	659
681	670	668	689	686	659
678	672	667	679	684	660
677	667	664	682	682	659
674	667	665	682	682	658
674	664	666	675	680	659
681	664	666	688	685	662
675	664	662	685	680	658
673	660	662	676	681	659
669	665	657	687	683	657
670	665	657	683	682	658
672	664	659	681	681	658
675	664	659	686	682	658
678	665	661	679	683	658
674	667	663	687	682	658
676	667	661	680	681	657
676	667	661	678	679	658
673	662	661	682	682	660
679	664	666	677	680	658
675	665	666	685	677	659
681	663	663	680	681	658
675	665	664	678	681	656
676	668	662	675	682	656
675	664	660	683	683	660
683	668	663	687	682	660
678	669	664	686	685	659
684	670	663	688	685	658
676	670	666	686	683	661
687	671	670	682	683	660
678	668	666	683	683	660
679	668	665	688	682	660
676	666	665	684	683	656
677	663	664	677	683	656
676	670	663	688	684	661
682	666	666	685	683	656
679	663	660	684	683	657
675	665	663	679	681	660
674	664	662	678	679	658
675	666	660	681	680	659
674	664	659	681	682	657
680	665	663	680	680	659
677	665	662	688	683	657
675	664	661	682	681	656
676	667	663	685	684	658
675	667	664	677	680	659
671	666	664	684	679	656
675	663	662	686	683	658
676	664	664	678	678	656
670	664	664	683	681	656
674	670	664	684	680	656
677	665	666	687	680	658
678	661	666	679	683	661
680	669	664	681	684	661
687	668	668	684	685	661
681	671	667	683	685	660
682	670	667	689	685	661
682	670	668	685	683	657
679	673	669	677	683	661
684	666	669	679	682	661
672	665	667	686	683	659
678	676	659	685	687	663
680	667	662	674	683	657
678	665	664	682	682	659
671	664	661	681	681	657
673	665	662	689	685	661
680	668	663	688	686	657
682	667	663	688	685	658
678	667	665	688	684	659
672	672	663	686	680	662
681	666	662	678	684	659
683	667	663	688	683	660
675	668	665	685	683	658
678	664	667	680	683	659
674	663	665	684	686	656
677	665	664	688	680	658
677	664	664	681	679	658
674	673	667	683	682	659
674	667	663	687	680	657
683	668	670	681	683	659
685	669	667	687	687	659
680	670	666	679	684	661
685	669	668	686	689	660
683	671	674	678	687	660
683	673	668	679	685	662
682	673	667	690	684	661
678	669	667	680	680	661
673	667	664	690	683	661
683	665	666	689	686	660
682	672	666	680	682	657
675	665	665	680	683	661
677	667	664	682	683	659
672	668	667	686	682	661
673	664	666	677	683	658
674	666	662	681	683	661
682	668	666	681	680	656
680	669	665	684	682	660
676	668	663	691	684	662
672	671	668	680	684	661
675	669	670	683	682	658
680	664	670	677	682	657
678	667	669	686	682	661
682	668	665	676	682	659
675	666	666	685	686	660
676	674	661	683	683	662
684	670	670	683	683	660
683	667	668	679	685	659
679	670	672	686	686	660
688	673	671	689	687	662
688	674	672	687	685	663
687	674	673	689	690	662
683	675	669	687	685	664
685	675	671	686	685	663
682	668	670	684	684	659
676	670	673	680	685	659
682	670	668	686	690	662
682	673	666	681	681	660
673	667	663	683	682	660
673	665	664	687	681	659
677	666	664	681	682	661
676	669	669	689	683	660
677	672	669	679	685	660
674	669	668	681	682	662
675	670	668	684	684	661
684	670	668	686	682	660
675	673	668	689	682	661
677	671	666	683	682	660
687	667	666	687	684	661
678	667	665	687	686	660
686	669	668	688	681	660
679	669	668	680	685	659
683	674	675	682	683	661
680	669	667	687	684	662
681	675	670	689	689	662
681	674	671	689	688	662
687	672	675	682	691	663
682	675	675	686	689	663
689	677	679	695	691	666
685	675	675	686	687	664
687	677	683	691	690	663
687	676	675	690	685	660
684	675	672	690	687	665
686	678	684	689	690	666
684	669	672	689	685	662
677	671	668	689	688	663
684	669	672	680	685	660
682	671	669	688	689	660
678	675	673	688	688	664
683	675	673	689	685	661
682	678	672	690	688	664
683	673	673	690	689	664
680	669	672	691	686	664
680	675	674	691	685	662
685	672	675	688	686	662
688	673	674	686	683	662
684	669	676	692	688	660
683	671	676	689	687	660
679	668	671	687	683	662
696	674	683	691	688	661
682	673	677	688	688	666
686	673	683	693	693	665
690	678	679	688	695	666
692	677	685	694	698	665
690	679	683	694	693	669
695	680	686	701	696	668
694	682	691	696	695	670
684	678	687	691	694	669
687	675	681	693	688	665
679	672	686	695	696	667
686	684	691	701	702	668
686	674	678	693	692	666
682	673	683	694	694	669
677	679	686	691	694	669
689	677	680	695	696	668
687	681	686	690	700	671
686	680	691	696	693	668
693	684	692	698	697	668
694	673	687	694	695	670
692	680	688	692	699	670
693	678	688	695	697	669
689	678	692	695	699	667
693	678	684	698	694	667
692	679	689	692	698	666
687	681	685	691	699	664
688	681	688	711	706	669
692	682	693	694	699	671
695	682	686	700	703	675
694	686	704	705	704	674
695	687	706	704	708	674
707	688	706	705	707	672
701	688	711	705	709	680
698	692	704	708	708	679
702	691	705	697	702	678
695	689	701	696	705	678
691	684	700	699	706	676
697	685	703	706	716	683
705	695	702	701	712	674
682	686	704	701	713	677
694	685	702	700	708	675
689	683	701	702	714	681
700	690	719	703	717	682
696	691	716	706	718	689
698	692	725	716	720	688
697	695	721	710	728	690
701	696	726	712	730	687
698	696	727	709	727	688
701	690	729	708	732	685
698	695	725	709	723	684
703	694	723	708	728	686
702	689	724	709	724	685
697	693	720	705	746	700
705	691	720	707	726	692
700	696	726	711	732	690
706	701	736	710	732	695
714	708	737	719	738	693
710	702	741	710	744	694
716	708	746	710	734	697
711	712	742	720	728	697
713	699	736	712	727	695
705	695	723	712	731	689
696	691	720	703	723	690
697	702	735	714	739	697
706	694	713	707	724	683
692	687	712	703	716	683
694	686	717	711	719	686
697	693	715	711	726	688
694	692	723	709	723	685
697	699	729	709	720	690
698	694	725	708	728	688
700	697	735	716	729	691
698	695	728	717	729	685
701	694	726	714	731	691
696	696	719	708	722	690
