-0.591621798323976 1.2447061706855336 -0.5025766548522883 
-0.5916225289580516 1.2447105278953656 -0.5025907250096868 
-0.5916225289580516 1.2447105278953656 -0.5025907250096868 
-0.5916257920222109 1.2447244333621788 -0.502587448132428 
-0.5916257920222109 1.2447244333621788 -0.502587448132428 
-0.5916257920222109 1.2447244333621788 -0.502587448132428 
-0.5916257920222109 1.2447244333621788 -0.502587448132428 
-0.5916277287091144 1.2447324440619045 -0.502582617259252 
-0.5916277287091144 1.2447324440619045 -0.502582617259252 
-0.5916234584737643 1.2447156313943804 -0.5026033903071625 
-0.5916234584737643 1.2447156313943804 -0.5026033903071625 
-0.5916234584737643 1.2447156313943804 -0.5026033903071625 
-0.5916234584737643 1.2447156313943804 -0.5026033903071625 
-0.5916244801821371 1.2447187756600424 -0.5025879640661668 
-0.5916257920222109 1.2447244333621788 -0.502587448132428 
-0.5916257920222109 1.2447244333621788 -0.502587448132428 
-0.5916257920222109 1.2447244333621788 -0.502587448132428 
-0.5916249493519385 1.2447212548738071 -0.5025932050288606 
-0.5916249493519385 1.2447212548738071 -0.5025932050288606 
-0.5916259763520232 1.244724771931193 -0.5025819426614841 
-0.5916259763520232 1.244724771931193 -0.5025819426614841 
-0.5916259763520232 1.244724771931193 -0.5025819426614841 
-0.5916262470910529 1.2447268555109214 -0.5025927392749563 
-0.5916262470910529 1.2447268555109214 -0.5025927392749563 
-0.5916262470910529 1.2447268555109214 -0.5025927392749563 
-0.5916262470910529 1.2447268555109214 -0.5025927392749563 
-0.5916249061473297 1.2447203823684503 -0.5025850539866521 
-0.5916249061473297 1.2447203823684503 -0.5025850539866521 
-0.5916229549232442 1.2447121346037733 -0.5025878149301721 
-0.5916229549232442 1.2447121346037733 -0.5025878149301721 
-0.5916229549232442 1.2447121346037733 -0.5025878149301721 
-0.5916229549232441 1.2447121346037733 -0.5025878149301721 
-0.5916229549232441 1.2447121346037733 -0.5025878149301721 
-0.5916273556448661 1.2447319247872268 -0.5025957352278676 
-0.5916273556448661 1.2447319247872268 -0.5025957352278676 
-0.591627355644866 1.2447319247872268 -0.5025957352278676 
-0.591627355644866 1.2447319247872268 -0.5025957352278676 
-0.5916233954402617 1.2447141490323488 -0.5025890054616784 
-0.5916266730562457 1.244728462219329 -0.5025898291954409 
-0.5916266730562457 1.244728462219329 -0.5025898291954409 
-0.5916266730562457 1.244728462219329 -0.5025898291954409 
-0.5916257920222109 1.2447244333621788 -0.502587448132428 
-0.5916257920222109 1.2447244333621788 -0.502587448132428 
-0.5916257920222109 1.2447244333621788 -0.502587448132428 
-0.5916257920222109 1.2447244333621788 -0.502587448132428 
-0.5916229262704601 1.2447116698185838 -0.5025837644989852 
-0.5916229262704601 1.2447116698185838 -0.5025837644989852 
-0.5916229262704601 1.2447116698185838 -0.5025837644989852 
-0.5916229262704601 1.2447116698185838 -0.5025837644989852 
-0.5916220836001878 1.2447084913302124 -0.5025895213954166 
-0.5916220836001878 1.2447084913302124 -0.5025895213954166 
-0.5916253660570182 1.2447228266537709 -0.5025903582119435 
-0.5916245233867459 1.2447196481653995 -0.5025961151083749 
-0.5916245233867459 1.2447196481653995 -0.5025961151083749 
-0.5916245233867459 1.2447196481653995 -0.5025961151083749 
-0.5916249061473297 1.2447203823684503 -0.5025850539866521 
-0.5916249061473297 1.2447203823684503 -0.5025850539866521 
-0.591622969475069 1.2447125423239411 -0.5025919155411935 
-0.591622969475069 1.2447125423239411 -0.5025919155411935 
-0.591622969475069 1.2447125423239411 -0.5025919155411935 
-0.5916213723587833 1.2447045639771257 -0.502579564931803 
-0.5916213723587833 1.2447045639771257 -0.502579564931803 
-0.5916213723587833 1.2447045639771257 -0.502579564931803 
-0.5916213723587833 1.2447045639771257 -0.502579564931803 
-0.5916266730562457 1.244728462219329 -0.5025898291954409 
-0.5916266730562457 1.244728462219329 -0.5025898291954409 
-0.5916249061473297 1.2447203823684503 -0.5025850539866521 
-0.5916249061473297 1.2447203823684503 -0.5025850539866521 
-0.5916249061473297 1.2447203823684503 -0.5025850539866521 
-0.5916249061473297 1.2447203823684503 -0.5025850539866521 
-0.5916229068777892 1.2447112399618387 -0.5025796508052001 
-0.5916229068777892 1.2447112399618387 -0.5025796508052001 
-0.5916239819233288 1.2447156516611595 -0.5025765525627959 
-0.5916266730562457 1.244728462219329 -0.5025898291954409 
-0.5916266730562457 1.244728462219329 -0.5025898291954409 
-0.5916266730562457 1.244728462219329 -0.5025898291954409 
-0.5916266730562457 1.244728462219329 -0.5025898291954409 
-0.5916253466643471 1.2447223967970251 -0.5025862445181577 
-0.5916253466643471 1.2447223967970251 -0.5025862445181577 
-0.5916244801821371 1.2447187756600424 -0.5025879640661668 
-0.5916244801821371 1.2447187756600424 -0.5025879640661668 
-0.5916244801821371 1.2447187756600424 -0.5025879640661668 
-0.5916249061473297 1.2447203823684503 -0.5025850539866521 
-0.5916249061473297 1.2447203823684503 -0.5025850539866521 
-0.5916205296885109 1.244701385488754 -0.502585321828235 
-0.5916205296885109 1.244701385488754 -0.502585321828235 
-0.5916229068777892 1.2447112399618387 -0.5025796508052001 
-0.5916268476750796 1.244728415204754 -0.502580236196239 
-0.5916268476750796 1.244728415204754 -0.502580236196239 
-0.5916268476750796 1.244728415204754 -0.502580236196239 
-0.5916268476750796 1.244728415204754 -0.502580236196239 
-0.5916233954402617 1.2447141490323488 -0.5025890054616784 
-0.591621798323976 1.2447061706855336 -0.5025766548522883 
-0.591621798323976 1.2447061706855336 -0.5025766548522883 
-0.591621798323976 1.2447061706855336 -0.5025766548522883 
-0.591623371628324 1.2447137063837375 -0.5025849681132553 
-0.591623371628324 1.2447137063837375 -0.5025849681132553 
-0.5916249206991544 1.2447207900886175 -0.5025891545976733 
-0.5916249206991544 1.2447207900886175 -0.5025891545976733 
-0.5916214010115672 1.244705028762315 -0.5025836153629899 
-0.5916214010115672 1.244705028762315 -0.5025836153629899 
-0.5916214010115672 1.244705028762315 -0.5025836153629899 
-0.5916273556448661 1.2447319247872268 -0.5025957352278676 
-0.5916273556448661 1.2447319247872268 -0.5025957352278676 
-0.5916253466643471 1.2447223967970251 -0.5025862445181577 
-0.5916253466643471 1.2447223967970251 -0.5025862445181577 
-0.5916253466643471 1.2447223967970251 -0.5025862445181577 
-0.5916253466643471 1.2447223967970251 -0.5025862445181577 
-0.5916237975935166 1.244715313092145 -0.5025820580337403 
-0.5916237975935166 1.244715313092145 -0.5025820580337403 
-0.5916240780288821 1.244717611600246 -0.5025949114941046 
-0.5916240780288821 1.244717611600246 -0.5025949114941046 
-0.5916240780288821 1.244717611600246 -0.5025949114941046 
-0.5916240780288821 1.244717611600246 -0.5025949114941046 
-0.591621817716647 1.2447066005422787 -0.5025807685460739 
-0.591621817716647 1.2447066005422787 -0.5025807685460739 
-0.591621817716647 1.2447066005422787 -0.5025807685460739 
-0.5916282221270761 1.24473554592421 -0.5025940156798587 
-0.5916282221270761 1.24473554592421 -0.5025940156798587 
-0.5916253850281095 1.2447232471658045 -0.5025943824776027 
-0.5916253850281095 1.2447232471658045 -0.5025943824776027 
-0.591622906877789 1.2447112399618387 -0.5025796508052001 
-0.59162146404507 1.2447065111243467 -0.5025980002084742 
-0.5916240634770573 1.2447172038800784 -0.5025908108830839 
-0.5916240634770573 1.2447172038800784 -0.5025908108830839 
-0.5916240634770573 1.2447172038800784 -0.5025908108830839 
-0.5916240634770573 1.2447172038800784 -0.5025908108830839 
-0.5916239819233288 1.2447156516611595 -0.5025765525627959 
-0.5916239819233288 1.2447156516611595 -0.5025765525627959 
-0.5916239819233288 1.2447156516611595 -0.5025765525627959 
-0.5916239819233288 1.2447156516611595 -0.5025765525627959 
-0.591621817716647 1.2447066005422787 -0.5025807685460739 
-0.591621817716647 1.2447066005422787 -0.5025807685460739 
-0.591622969475069 1.2447125423239411 -0.5025919155411935 
-0.5916222436818397 1.2447082072506865 -0.5025778584665583 
-0.5916222436818397 1.2447082072506865 -0.5025778584665583 
-0.5916248532463853 1.24471929493472 -0.5025748460975512 
-0.5916248677982101 1.2447197026548882 -0.5025789467085724 
-0.5916248677982101 1.2447197026548882 -0.5025789467085724 
-0.5916205490811821 1.2447018153454998 -0.5025894355220197 
-0.5916205490811821 1.2447018153454998 -0.5025894355220197 
-0.5916205490811821 1.2447018153454998 -0.5025894355220197 
-0.5916233522356527 1.2447132765269917 -0.5025808544194696 
-0.5916233522356527 1.2447132765269917 -0.5025808544194696 
-0.5916271135732631 1.2447304766479046 -0.5025910197269476 
-0.5916271135732631 1.2447304766479048 -0.5025910197269476 
-0.5916271135732631 1.2447304766479048 -0.5025910197269476 
-0.5916264217098869 1.2447268084963463 -0.5025831462757544 
-0.5916264217098869 1.2447268084963463 -0.5025831462757544 
-0.5916264217098869 1.2447268084963463 -0.5025831462757544 
-0.5916259763520232 1.244724771931193 -0.5025819426614841 
-0.5916259763520232 1.244724771931193 -0.5025819426614841 
-0.5916259763520231 1.244724771931193 -0.5025819426614841 
-0.5916259763520231 1.244724771931193 -0.5025819426614841 
-0.5916259763520232 1.244724771931193 -0.5025819426614841 
-0.5916259763520232 1.244724771931193 -0.5025819426614841 
-0.5916259763520232 1.244724771931193 -0.5025819426614841 
-0.5916242381105341 1.2447173275207204 -0.5025832485652466 
-0.5916242381105341 1.2447173275207204 -0.5025832485652466 
-0.5916242381105341 1.2447173275207204 -0.5025832485652466 
-0.5916242381105341 1.2447173275207204 -0.5025832485652466 
-0.5916225095653804 1.24471009803862 -0.5025866113159021 
-0.59162866748494 1.244737582489363 -0.5025952192941294 
-0.59162866748494 1.244737582489363 -0.5025952192941294 
-0.59162866748494 1.244737582489363 -0.5025952192941294 
-0.5916239819233288 1.2447156516611595 -0.5025765525627959 
-0.5916239819233288 1.2447156516611595 -0.5025765525627959 
-0.5916239819233288 1.2447156516611595 -0.5025765525627959 
-0.5916236520636895 1.2447160048918384 -0.5025978215736198 
-0.5916236520636895 1.2447160048918384 -0.5025978215736198 
-0.5916257920222109 1.2447244333621788 -0.502587448132428 
-0.5916257920222109 1.2447244333621788 -0.502587448132428 
-0.5916257920222109 1.2447244333621788 -0.502587448132428 
-0.5916257920222109 1.2447244333621788 -0.502587448132428 
-0.5916248677982101 1.2447197026548882 -0.5025789467085724 
-0.5916248677982101 1.2447197026548882 -0.5025789467085724 
-0.5916248677982101 1.2447197026548882 -0.5025789467085724 
-0.5916248677982101 1.2447197026548882 -0.5025789467085724 
-0.5916253660570182 1.2447228266537709 -0.5025903582119435 
-0.5916253660570182 1.2447228266537709 -0.5025903582119435 
-0.5916253660570182 1.2447228266537709 -0.5025903582119435 
-0.5916253660570182 1.2447228266537709 -0.5025903582119435 
-0.5916253660570182 1.2447228266537709 -0.5025903582119435 
-0.5916245233867459 1.2447196481653995 -0.5025961151083749 
-0.5916245233867459 1.2447196481653995 -0.5025961151083749 
-0.5916257920222109 1.2447244333621788 -0.502587448132428 
-0.5916257920222109 1.2447244333621788 -0.502587448132428 
-0.5916257920222109 1.2447244333621788 -0.502587448132428 
-0.5916257920222109 1.2447244333621788 -0.502587448132428 
-0.5916235365654652 1.2447136150960065 -0.5025753489485256 
-0.5916235365654652 1.2447136150960065 -0.5025753489485256 
-0.5916248677982101 1.2447197026548882 -0.5025789467085724 
-0.5916253466643471 1.2447223967970251 -0.5025862445181577 
-0.5916253466643471 1.2447223967970251 -0.5025862445181577 
-0.5916253466643471 1.2447223967970251 -0.5025862445181577 
-0.5916229262704601 1.2447116698185838 -0.5025837644989852 
-0.5916229262704601 1.2447116698185838 -0.5025837644989852 
-0.5916229262704601 1.2447116698185838 -0.5025837644989852 
-0.5916257920222109 1.2447244333621788 -0.502587448132428 
-0.5916257920222109 1.2447244333621788 -0.502587448132428 
-0.5916229068777892 1.2447112399618387 -0.5025796508052001 
-0.5916229068777892 1.2447112399618387 -0.5025796508052001 
-0.5916264023172157 1.2447263786396006 -0.5025790325819688 
-0.5916264023172157 1.2447263786396006 -0.5025790325819688 
-0.5916262276983819 1.244726425654176 -0.5025886255811711 
-0.5916244801821371 1.2447187756600424 -0.5025879640661668 
-0.5916244801821371 1.2447187756600424 -0.5025879640661668 
-0.5916262276983819 1.244726425654176 -0.5025886255811711 
-0.5916248677982101 1.2447197026548882 -0.5025789467085724 
-0.5916248677982101 1.2447197026548882 -0.5025789467085724 
-0.5916240634770573 1.2447172038800784 -0.5025908108830839 
-0.5916240634770573 1.2447172038800784 -0.5025908108830839 
-0.5916248677982101 1.2447197026548882 -0.5025789467085724 
-0.5916248677982101 1.2447197026548882 -0.5025789467085724 
-0.5916235365654652 1.2447136150960065 -0.5025753489485256 
-0.5916235365654652 1.2447136150960065 -0.5025753489485256 
-0.5916235365654652 1.2447136150960065 -0.5025753489485256 
-0.5916235365654652 1.2447136150960065 -0.5025753489485256 
-0.5916235365654652 1.2447136150960065 -0.5025753489485256 
-0.5916284112977349 1.2447359066298023 -0.5025885232916785 
-0.5916245233867459 1.2447196481653995 -0.5025961151083749 
-0.5916273027439217 1.2447308373534969 -0.5025855273387674 
-0.5916273027439217 1.2447308373534969 -0.5025855273387674 
-0.5916245330977242 1.2447200337489892 -0.5026002026366327 
-0.5916253466643471 1.2447223967970251 -0.5025862445181577 
-0.5916253466643471 1.2447223967970251 -0.5025862445181577 
-0.5916268573860579 1.2447288007883437 -0.5025843237244969 
-0.5916268573860579 1.2447288007883437 -0.5025843237244969 
-0.5916268573860579 1.2447288007883437 -0.5025843237244969 
-0.5916225095653804 1.24471009803862 -0.5025866113159021 
