-0.591621798323976 1.3147061706855332 -0.5025766548522876 
-0.5916225289580516 1.3147105278953655 -0.5025907250096868 
-0.5916225289580516 1.3147105278953655 -0.5025907250096868 
-0.5916257920222108 1.3147244333621786 -0.5025874481324286 
-0.5916257920222108 1.3147244333621786 -0.5025874481324286 
-0.5916257920222108 1.3147244333621786 -0.5025874481324286 
-0.5916257920222108 1.3147244333621786 -0.5025874481324286 
-0.5916277287091144 1.3147324440619046 -0.502582617259252 
-0.5916277287091144 1.3147324440619046 -0.502582617259252 
-0.5916234584737642 1.3147156313943802 -0.5026033903071623 
-0.5916234584737642 1.3147156313943802 -0.5026033903071623 
-0.5916234584737642 1.3147156313943802 -0.5026033903071623 
-0.5916234584737642 1.3147156313943802 -0.5026033903071623 
-0.5916244801821371 1.314718775660042 -0.5025879640661672 
-0.5916257920222108 1.3147244333621786 -0.5025874481324286 
-0.5916257920222108 1.3147244333621786 -0.5025874481324286 
-0.5916257920222108 1.3147244333621786 -0.5025874481324286 
-0.5916249493519384 1.3147212548738065 -0.5025932050288604 
-0.5916249493519384 1.3147212548738065 -0.5025932050288604 
-0.5916259763520231 1.3147247719311927 -0.5025819426614844 
-0.5916259763520231 1.3147247719311927 -0.5025819426614844 
-0.5916259763520231 1.3147247719311927 -0.5025819426614844 
-0.591626247091053 1.3147268555109213 -0.5025927392749563 
-0.591626247091053 1.3147268555109213 -0.5025927392749563 
-0.591626247091053 1.3147268555109213 -0.5025927392749563 
-0.591626247091053 1.3147268555109213 -0.5025927392749563 
-0.5916249061473297 1.3147203823684497 -0.5025850539866519 
-0.5916249061473297 1.3147203823684497 -0.5025850539866519 
-0.5916229549232442 1.314712134603773 -0.5025878149301719 
-0.5916229549232442 1.314712134603773 -0.5025878149301719 
-0.5916229549232442 1.314712134603773 -0.5025878149301719 
-0.5916229549232441 1.314712134603773 -0.5025878149301719 
-0.5916229549232441 1.314712134603773 -0.5025878149301719 
-0.5916273556448661 1.3147319247872267 -0.5025957352278678 
-0.5916273556448661 1.3147319247872267 -0.5025957352278678 
-0.5916273556448659 1.3147319247872267 -0.5025957352278678 
-0.5916273556448659 1.3147319247872267 -0.5025957352278678 
-0.5916233954402618 1.3147141490323486 -0.5025890054616786 
-0.5916266730562456 1.314728462219329 -0.5025898291954409 
-0.5916266730562456 1.314728462219329 -0.5025898291954409 
-0.5916266730562456 1.314728462219329 -0.5025898291954409 
-0.5916257920222108 1.3147244333621786 -0.5025874481324286 
-0.5916257920222108 1.3147244333621786 -0.5025874481324286 
-0.5916257920222108 1.3147244333621786 -0.5025874481324286 
-0.5916257920222108 1.3147244333621786 -0.5025874481324286 
-0.59162292627046 1.3147116698185837 -0.502583764498985 
-0.59162292627046 1.3147116698185837 -0.502583764498985 
-0.59162292627046 1.3147116698185837 -0.502583764498985 
-0.59162292627046 1.3147116698185837 -0.502583764498985 
-0.5916220836001876 1.3147084913302123 -0.5025895213954163 
-0.5916220836001876 1.3147084913302123 -0.5025895213954163 
-0.5916253660570181 1.3147228266537707 -0.502590358211944 
-0.5916245233867459 1.3147196481653993 -0.5025961151083747 
-0.5916245233867459 1.3147196481653993 -0.5025961151083747 
-0.5916245233867459 1.3147196481653993 -0.5025961151083747 
-0.5916249061473297 1.3147203823684497 -0.5025850539866519 
-0.5916249061473297 1.3147203823684497 -0.5025850539866519 
-0.5916229694750692 1.314712542323941 -0.5025919155411933 
-0.5916229694750692 1.314712542323941 -0.5025919155411933 
-0.5916229694750692 1.314712542323941 -0.5025919155411933 
-0.5916213723587833 1.3147045639771255 -0.502579564931803 
-0.5916213723587833 1.3147045639771255 -0.502579564931803 
-0.5916213723587833 1.3147045639771255 -0.502579564931803 
-0.5916213723587833 1.3147045639771255 -0.502579564931803 
-0.5916266730562456 1.314728462219329 -0.5025898291954409 
-0.5916266730562456 1.314728462219329 -0.5025898291954409 
-0.5916249061473297 1.3147203823684497 -0.5025850539866519 
-0.5916249061473297 1.3147203823684497 -0.5025850539866519 
-0.5916249061473297 1.3147203823684497 -0.5025850539866519 
-0.5916249061473297 1.3147203823684497 -0.5025850539866519 
-0.5916229068777891 1.3147112399618386 -0.5025796508051998 
-0.5916229068777891 1.3147112399618386 -0.5025796508051998 
-0.5916239819233288 1.314715651661159 -0.5025765525627957 
-0.5916266730562456 1.314728462219329 -0.5025898291954409 
-0.5916266730562456 1.314728462219329 -0.5025898291954409 
-0.5916266730562456 1.314728462219329 -0.5025898291954409 
-0.5916266730562456 1.314728462219329 -0.5025898291954409 
-0.5916253466643471 1.3147223967970252 -0.5025862445181584 
-0.5916253466643471 1.3147223967970252 -0.5025862445181584 
-0.5916244801821371 1.314718775660042 -0.5025879640661672 
-0.5916244801821371 1.314718775660042 -0.5025879640661672 
-0.5916244801821371 1.314718775660042 -0.5025879640661672 
-0.5916249061473297 1.3147203823684497 -0.5025850539866519 
-0.5916249061473297 1.3147203823684497 -0.5025850539866519 
-0.5916205296885109 1.3147013854887541 -0.5025853218282348 
-0.5916205296885109 1.3147013854887541 -0.5025853218282348 
-0.5916229068777891 1.3147112399618386 -0.5025796508051998 
-0.5916268476750794 1.3147284152047538 -0.5025802361962395 
-0.5916268476750794 1.3147284152047538 -0.5025802361962395 
-0.5916268476750794 1.3147284152047538 -0.5025802361962395 
-0.5916268476750794 1.3147284152047538 -0.5025802361962395 
-0.5916233954402618 1.3147141490323486 -0.5025890054616786 
-0.591621798323976 1.3147061706855332 -0.5025766548522876 
-0.591621798323976 1.3147061706855332 -0.5025766548522876 
-0.591621798323976 1.3147061706855332 -0.5025766548522876 
-0.5916233716283239 1.3147137063837369 -0.502584968113255 
-0.5916233716283239 1.3147137063837369 -0.502584968113255 
-0.5916249206991544 1.3147207900886175 -0.5025891545976733 
-0.5916249206991544 1.3147207900886175 -0.5025891545976733 
-0.5916214010115673 1.314705028762315 -0.5025836153629901 
-0.5916214010115673 1.314705028762315 -0.5025836153629901 
-0.5916214010115673 1.314705028762315 -0.5025836153629901 
-0.5916273556448661 1.3147319247872267 -0.5025957352278678 
-0.5916273556448661 1.3147319247872267 -0.5025957352278678 
-0.5916253466643471 1.3147223967970252 -0.5025862445181584 
-0.5916253466643471 1.3147223967970252 -0.5025862445181584 
-0.5916253466643471 1.3147223967970252 -0.5025862445181584 
-0.5916253466643471 1.3147223967970252 -0.5025862445181584 
-0.5916237975935166 1.3147153130921447 -0.5025820580337401 
-0.5916237975935166 1.3147153130921447 -0.5025820580337401 
-0.5916240780288821 1.314717611600246 -0.5025949114941053 
-0.5916240780288821 1.314717611600246 -0.5025949114941053 
-0.5916240780288821 1.314717611600246 -0.5025949114941053 
-0.5916240780288821 1.314717611600246 -0.5025949114941053 
-0.5916218177166471 1.314706600542279 -0.5025807685460735 
-0.5916218177166471 1.314706600542279 -0.5025807685460735 
-0.5916218177166471 1.314706600542279 -0.5025807685460735 
-0.5916282221270763 1.3147355459242098 -0.5025940156798587 
-0.5916282221270763 1.3147355459242098 -0.5025940156798587 
-0.5916253850281095 1.3147232471658046 -0.5025943824776029 
-0.5916253850281095 1.3147232471658046 -0.5025943824776029 
-0.591622906877789 1.3147112399618386 -0.5025796508051998 
-0.59162146404507 1.3147065111243466 -0.502598000208474 
-0.5916240634770573 1.3147172038800783 -0.5025908108830837 
-0.5916240634770573 1.3147172038800783 -0.5025908108830837 
-0.5916240634770573 1.3147172038800783 -0.5025908108830837 
-0.5916240634770573 1.3147172038800783 -0.5025908108830837 
-0.5916239819233288 1.314715651661159 -0.5025765525627957 
-0.5916239819233288 1.314715651661159 -0.5025765525627957 
-0.5916239819233288 1.314715651661159 -0.5025765525627957 
-0.5916239819233288 1.314715651661159 -0.5025765525627957 
-0.5916218177166471 1.314706600542279 -0.5025807685460735 
-0.5916218177166471 1.314706600542279 -0.5025807685460735 
-0.5916229694750692 1.314712542323941 -0.5025919155411933 
-0.5916222436818397 1.3147082072506864 -0.5025778584665581 
-0.5916222436818397 1.3147082072506864 -0.5025778584665581 
-0.5916248532463854 1.3147192949347202 -0.5025748460975512 
-0.5916248677982101 1.3147197026548878 -0.5025789467085726 
-0.5916248677982101 1.3147197026548878 -0.5025789467085726 
-0.5916205490811821 1.3147018153454997 -0.5025894355220202 
-0.5916205490811821 1.3147018153454997 -0.5025894355220202 
-0.5916205490811821 1.3147018153454997 -0.5025894355220202 
-0.5916233522356528 1.3147132765269913 -0.5025808544194699 
-0.5916233522356528 1.3147132765269913 -0.5025808544194699 
-0.5916271135732631 1.3147304766479047 -0.5025910197269476 
-0.5916271135732631 1.3147304766479049 -0.5025910197269476 
-0.5916271135732631 1.3147304766479049 -0.5025910197269476 
-0.5916264217098868 1.3147268084963462 -0.5025831462757542 
-0.5916264217098868 1.3147268084963462 -0.5025831462757542 
-0.5916264217098868 1.3147268084963462 -0.5025831462757542 
-0.5916259763520231 1.3147247719311927 -0.5025819426614844 
-0.5916259763520231 1.3147247719311927 -0.5025819426614844 
-0.591625976352023 1.3147247719311927 -0.5025819426614844 
-0.591625976352023 1.3147247719311927 -0.5025819426614844 
-0.5916259763520231 1.3147247719311927 -0.5025819426614844 
-0.5916259763520231 1.3147247719311927 -0.5025819426614844 
-0.5916259763520231 1.3147247719311927 -0.5025819426614844 
-0.5916242381105341 1.3147173275207202 -0.5025832485652464 
-0.5916242381105341 1.3147173275207202 -0.5025832485652464 
-0.5916242381105341 1.3147173275207202 -0.5025832485652464 
-0.5916242381105341 1.3147173275207202 -0.5025832485652464 
-0.5916225095653803 1.3147100980386197 -0.5025866113159019 
-0.59162866748494 1.3147375824893626 -0.5025952192941296 
-0.59162866748494 1.3147375824893626 -0.5025952192941296 
-0.59162866748494 1.3147375824893626 -0.5025952192941296 
-0.5916239819233288 1.314715651661159 -0.5025765525627957 
-0.5916239819233288 1.314715651661159 -0.5025765525627957 
-0.5916239819233288 1.314715651661159 -0.5025765525627957 
-0.5916236520636895 1.3147160048918385 -0.5025978215736202 
-0.5916236520636895 1.3147160048918385 -0.5025978215736202 
-0.5916257920222108 1.3147244333621786 -0.5025874481324286 
-0.5916257920222108 1.3147244333621786 -0.5025874481324286 
-0.5916257920222108 1.3147244333621786 -0.5025874481324286 
-0.5916257920222108 1.3147244333621786 -0.5025874481324286 
-0.5916248677982101 1.3147197026548878 -0.5025789467085726 
-0.5916248677982101 1.3147197026548878 -0.5025789467085726 
-0.5916248677982101 1.3147197026548878 -0.5025789467085726 
-0.5916248677982101 1.3147197026548878 -0.5025789467085726 
-0.5916253660570181 1.3147228266537707 -0.502590358211944 
-0.5916253660570181 1.3147228266537707 -0.502590358211944 
-0.5916253660570181 1.3147228266537707 -0.502590358211944 
-0.5916253660570181 1.3147228266537707 -0.502590358211944 
-0.5916253660570181 1.3147228266537707 -0.502590358211944 
-0.5916245233867459 1.3147196481653993 -0.5025961151083747 
-0.5916245233867459 1.3147196481653993 -0.5025961151083747 
-0.5916257920222108 1.3147244333621786 -0.5025874481324286 
-0.5916257920222108 1.3147244333621786 -0.5025874481324286 
-0.5916257920222108 1.3147244333621786 -0.5025874481324286 
-0.5916257920222108 1.3147244333621786 -0.5025874481324286 
-0.5916235365654652 1.3147136150960064 -0.5025753489485258 
-0.5916235365654652 1.3147136150960064 -0.5025753489485258 
-0.5916248677982101 1.3147197026548878 -0.5025789467085726 
-0.5916253466643471 1.3147223967970252 -0.5025862445181584 
-0.5916253466643471 1.3147223967970252 -0.5025862445181584 
-0.5916253466643471 1.3147223967970252 -0.5025862445181584 
-0.59162292627046 1.3147116698185837 -0.502583764498985 
-0.59162292627046 1.3147116698185837 -0.502583764498985 
-0.59162292627046 1.3147116698185837 -0.502583764498985 
-0.5916257920222108 1.3147244333621786 -0.5025874481324286 
-0.5916257920222108 1.3147244333621786 -0.5025874481324286 
-0.5916229068777891 1.3147112399618386 -0.5025796508051998 
-0.5916229068777891 1.3147112399618386 -0.5025796508051998 
-0.5916264023172157 1.3147263786396008 -0.5025790325819695 
-0.5916264023172157 1.3147263786396008 -0.5025790325819695 
-0.5916262276983819 1.3147264256541762 -0.5025886255811711 
-0.5916244801821371 1.314718775660042 -0.5025879640661672 
-0.5916244801821371 1.314718775660042 -0.5025879640661672 
-0.5916262276983819 1.3147264256541762 -0.5025886255811711 
-0.5916248677982101 1.3147197026548878 -0.5025789467085726 
-0.5916248677982101 1.3147197026548878 -0.5025789467085726 
-0.5916240634770573 1.3147172038800783 -0.5025908108830837 
-0.5916240634770573 1.3147172038800783 -0.5025908108830837 
-0.5916248677982101 1.3147197026548878 -0.5025789467085726 
-0.5916248677982101 1.3147197026548878 -0.5025789467085726 
-0.5916235365654652 1.3147136150960064 -0.5025753489485258 
-0.5916235365654652 1.3147136150960064 -0.5025753489485258 
-0.5916235365654652 1.3147136150960064 -0.5025753489485258 
-0.5916235365654652 1.3147136150960064 -0.5025753489485258 
-0.5916235365654652 1.3147136150960064 -0.5025753489485258 
-0.5916284112977348 1.3147359066298019 -0.5025885232916787 
-0.5916245233867459 1.3147196481653993 -0.5025961151083747 
-0.5916273027439217 1.3147308373534967 -0.5025855273387667 
-0.5916273027439217 1.3147308373534967 -0.5025855273387667 
-0.5916245330977243 1.3147200337489893 -0.5026002026366327 
-0.5916253466643471 1.3147223967970252 -0.5025862445181584 
-0.5916253466643471 1.3147223967970252 -0.5025862445181584 
-0.591626857386058 1.3147288007883438 -0.5025843237244969 
-0.591626857386058 1.3147288007883438 -0.5025843237244969 
-0.591626857386058 1.3147288007883438 -0.5025843237244969 
-0.5916225095653803 1.3147100980386197 -0.5025866113159019 
