-0.6060873873956378 1.055734901224866 -0.2792198956146277 
-0.6060873873956378 1.055734901224866 -0.2792198956146277 
-0.6060873873956378 1.055734901224866 -0.2792198956146277 
-0.6060873873956378 1.055734901224866 -0.2792198956146277 
-0.6052831230600696 1.0520208186436044 -0.27702970794433324 
-0.6052831230600696 1.0520208186436044 -0.27702970794433324 
-0.6052831230600696 1.0520208186436044 -0.27702970794433324 
-0.6053524523102558 1.0523410099382877 -0.27721885691046033 
-0.6053524523102558 1.0523410099382877 -0.27721885691046033 
-0.6053524523102558 1.0523410099382877 -0.27721885691046033 
-0.6053524523102558 1.0523410099382877 -0.27721885691046033 
-0.6053524523102558 1.0523410099382877 -0.27721885691046033 
-0.6053524523102558 1.0523410099382877 -0.27721885691046033 
-0.6055242561637874 1.0531348159657663 -0.277691647540696 
-0.6055242561637874 1.0531348159657663 -0.277691647540696 
-0.606217954612517 1.056337914903847 -0.2795761183347133 
-0.606217954612517 1.056337914903847 -0.2795761183347133 
-0.606217954612517 1.056337914903847 -0.2795761183347133 
-0.606217954612517 1.056337914903847 -0.2795761183347133 
-0.606217954612517 1.056337914903847 -0.2795761183347133 
-0.606217954612517 1.056337914903847 -0.2795761183347133 
-0.606217954612517 1.056337914903847 -0.2795761183347133 
-0.606217954612517 1.056337914903847 -0.2795761183347133 
-0.606217954612517 1.056337914903847 -0.2795761183347133 
-0.6072116655768791 1.0609286628623702 -0.2823034837035737 
-0.6072116655768791 1.0609286628623702 -0.2823034837035737 
-0.607211665576879 1.0609286628623702 -0.2823034837035734 
-0.607211665576879 1.0609286628623702 -0.2823034837035734 
-0.607211665576879 1.0609286628623702 -0.2823034837035734 
-0.6076010772173371 1.0627267832603784 -0.28336184089590344 
-0.6076010772173371 1.0627267832603784 -0.28336184089590344 
-0.6076010772173371 1.0627267832603784 -0.28336184089590344 
-0.6076010772173371 1.0627267832603784 -0.28336184089590344 
-0.6076010772173371 1.0627267832603784 -0.28336184089590344 
-0.6081688270728045 1.065347854823052 -0.2848986266254906 
-0.6081688270728045 1.065347854823052 -0.2848986266254906 
-0.6081688270728045 1.065347854823052 -0.2848986266254906 
-0.6081688270728045 1.065347854823052 -0.2848986266254906 
-0.6081688270728045 1.065347854823052 -0.2848986266254906 
-0.6081688270728045 1.065347854823052 -0.2848986266254906 
-0.6091789434385797 1.0700133364841706 -0.28765856077100316 
-0.6091789434385797 1.0700133364841706 -0.28765856077100316 
-0.6091789434385797 1.0700133364841706 -0.28765856077100316 
-0.6093461718678452 1.070786700140695 -0.2881269948052211 
-0.6093461718678452 1.070786700140695 -0.2881269948052211 
-0.6097895231233572 1.0728332472613828 -0.2893243874719086 
-0.6097895231233572 1.0728332472613828 -0.2893243874719086 
-0.6097895231233572 1.0728332472613828 -0.2893243874719086 
-0.6097895231233572 1.0728332472613828 -0.2893243874719086 
-0.6097895231233572 1.0728332472613828 -0.2893243874719086 
-0.6097895231233572 1.0728332472613828 -0.2893243874719086 
-0.6106061006004047 1.0766041970480638 -0.2915481687260705 
-0.6106061006004047 1.0766041970480638 -0.2915481687260705 
-0.6106061006004047 1.0766041970480638 -0.2915481687260705 
-0.6108445843977693 1.0777056143522181 -0.2921988170972625 
-0.6108445843977693 1.0777056143522181 -0.2921988170972625 
-0.6108445843977693 1.0777056143522181 -0.2921988170972625 
-0.6108445843977693 1.0777056143522181 -0.2921988170972625 
-0.6108445843977693 1.0777056143522181 -0.2921988170972625 
-0.6115964545805117 1.081178063377693 -0.29425012253249605 
-0.6115964545805117 1.081178063377693 -0.29425012253249605 
-0.6115964545805117 1.081178063377693 -0.29425012253249605 
-0.6118073271304524 1.0821526493045042 -0.2948335663449061 
-0.6118073271304524 1.0821526493045042 -0.2948335663449061 
-0.6118073271304524 1.0821526493045042 -0.2948335663449061 
-0.6121414506374654 1.0836954261212548 -0.2957410825393577 
-0.6121414506374654 1.0836954261212548 -0.2957410825393577 
-0.6121414506374654 1.0836954261212548 -0.2957410825393574 
-0.6127518115385668 1.0865143264645123 -0.29740631233915726 
-0.6127518115385667 1.0865143264645123 -0.29740631233915693 
-0.6127518115385667 1.0865143264645123 -0.29740631233915693 
-0.6131537626322959 1.088371048109984 -0.29850700695542287 
-0.6131537626322959 1.088371048109984 -0.29850700695542287 
-0.6131537626322959 1.088371048109984 -0.29850700695542287 
-0.6135848767649781 1.0903621123711575 -0.2996832030380382 
-0.6135848767649781 1.0903621123711575 -0.2996832030380382 
-0.6135848767649781 1.0903621123711575 -0.2996832030380382 
-0.6135848767649781 1.0903621123711575 -0.2996832030380382 
-0.6135848767649781 1.0903621123711575 -0.2996832030380382 
-0.6141914747349566 1.0931629450942715 -0.30133004014265674 
-0.6141914747349566 1.0931629450942715 -0.30133004014265674 
-0.614599128590038 1.0950460044620711 -0.30244629343597373 
-0.614599128590038 1.0950460044620711 -0.30244629343597373 
-0.614599128590038 1.0950460044620711 -0.30244629343597373 
-0.6147606375485981 1.0957926088054688 -0.30289506000538935 
-0.6147606375485981 1.0957926088054688 -0.30289506000538935 
-0.6147606375485981 1.0957926088054688 -0.30289506000538935 
-0.6147606375485981 1.0957926088054688 -0.30289506000538935 
-0.6147606375485981 1.0957926088054688 -0.30289506000538935 
-0.6154536611387249 1.0989922465459485 -0.30477362640230055 
-0.6154536611387249 1.0989922465459485 -0.30477362640230055 
-0.6158931279385196 1.1010222313157696 -0.30597667402248274 
-0.6158931279385196 1.1010222313157696 -0.30597667402248274 
-0.6164960620346789 1.1038075204269084 -0.30762976788773944 
-0.6164960620346789 1.1038075204269084 -0.30762976788773944 
-0.6164960620346789 1.1038075204269084 -0.30762976788773944 
-0.6164960620346789 1.1038075204269084 -0.30762976788773944 
-0.6171780831175416 1.1069558348728528 -0.3094723099960589 
-0.6171780831175416 1.1069558348728528 -0.3094723099960589 
-0.6171780831175416 1.1069558348728528 -0.3094723099960589 
-0.6171780831175416 1.1069558348728528 -0.3094723099960589 
-0.617790639048291 1.1097848727754085 -0.3111435284310654 
-0.617790639048291 1.1097848727754085 -0.3111435284310654 
-0.617790639048291 1.1097848727754085 -0.3111435284310654 
-0.617790639048291 1.1097848727754085 -0.3111435284310654 
-0.617790639048291 1.1097848727754085 -0.3111435284310654 
-0.617790639048291 1.1097848727754085 -0.3111435284310654 
-0.6183995274431683 1.1125981704556838 -0.3128188737051446 
-0.6183995274431683 1.1125981704556838 -0.3128188737051446 
-0.6183995274431683 1.1125981704556838 -0.3128188737051446 
-0.6183995274431683 1.1125981704556838 -0.3128188737051446 
-0.6183995274431683 1.1125981704556838 -0.3128188737051446 
-0.6190725550184288 1.1157049491452893 -0.31463687908963933 
-0.6190725550184288 1.1157049491452893 -0.31463687908963933 
-0.6190725550184288 1.1157049491452893 -0.31463687908963933 
-0.6190725550184288 1.1157049491452893 -0.31463687908963933 
-0.6190725550184288 1.1157049491452893 -0.31463687908963933 
-0.6190725550184288 1.1157049491452893 -0.31463687908963933 
-0.6197389265763993 1.1187837279661201 -0.3164690539968039 
-0.6197389265763993 1.1187837279661201 -0.3164690539968039 
-0.6201417552024618 1.120644502420662 -0.3175721427588767 
-0.6206518508415897 1.1230003361079717 -0.31896382177614413 
-0.6206518508415897 1.1230003361079717 -0.31896382177614413 
-0.6206518508415897 1.1230003361079717 -0.31896382177614413 
-0.6208056306647668 1.123710210831302 -0.31937931157115373 
-0.6208056306647668 1.123710210831302 -0.31937931157115373 
-0.6208056306647668 1.123710210831302 -0.31937931157115373 
-0.6208056306647668 1.123710210831302 -0.31937931157115373 
-0.621184293732956 1.125458689854832 -0.32040834374804594 
-0.621184293732956 1.125458689854832 -0.32040834374804594 
-0.6218405725358871 1.1284910358351703 -0.32221510281723753 
-0.6218405725358871 1.1284910358351703 -0.32221510281723753 
-0.622367343686978 1.130923883968051 -0.3236522771462096 
-0.622367343686978 1.130923883968051 -0.3236522771462096 
-0.622367343686978 1.130923883968051 -0.3236522771462096 
-0.622367343686978 1.130923883968051 -0.3236522771462096 
-0.6228459673546792 1.133132480186763 -0.32493583283387995 
-0.6228459673546792 1.133132480186763 -0.32493583283387995 
-0.6231735612298643 1.1346459540123928 -0.3258356040945821 
-0.6238065346984952 1.1375696330116785 -0.3275665903013033 
-0.6238065346984952 1.1375696330116785 -0.3275665903013033 
-0.6238065346984952 1.1375696330116785 -0.3275665903013033 
-0.6239495796617197 1.1382302741097683 -0.3279568556918989 
-0.6245432155878151 1.1409710780038023 -0.3295663855615766 
-0.6245432155878151 1.1409710780038023 -0.3295663855615766 
-0.6245432155878151 1.1409710780038023 -0.3295663855615766 
-0.6245432155878151 1.1409710780038023 -0.3295663855615766 
-0.6251099997394519 1.1435902652078485 -0.3311309222600437 
-0.6251099997394519 1.1435902652078485 -0.3311309222600437 
-0.6251099997394519 1.1435902652078485 -0.3311309222600437 
-0.6251099997394519 1.1435902652078485 -0.3311309222600437 
-0.6251099997394519 1.1435902652078485 -0.3311309222600437 
-0.6251099997394519 1.1435902652078485 -0.3311309222600437 
-0.6257953771415531 1.1467552785139419 -0.3329967541859604 
-0.6257953771415531 1.1467552785139419 -0.3329967541859604 
-0.6263590416657949 1.1493592044192167 -0.33454271002637936 
-0.6263590416657949 1.1493592044192167 -0.33454271002637936 
-0.6263590416657949 1.1493592044192167 -0.33454271002637936 
-0.6263590416657949 1.1493592044192167 -0.33454271002637936 
-0.6274259490273 1.1542862816641792 -0.33744945898477396 
-0.6274259490273 1.1542862816641792 -0.33744945898477396 
-0.627642695391839 1.1552869620481254 -0.3380367385534686 
-0.6281744950450863 1.157742689474046 -0.33948356879773034 
-0.6281744950450863 1.157742689474046 -0.33948356879773034 
-0.6281744950450863 1.157742689474046 -0.33948356879773034 
-0.6287508837881618 1.1604053811108295 -0.34106423975234224 
-0.6288549175729927 1.1608865337244827 -0.34135611015538336 
-0.6288549175729927 1.1608865337244827 -0.34135611015538336 
-0.6288549175729927 1.1608865337244827 -0.34135611015538336 
-0.6288549175729927 1.1608865337244827 -0.34135611015538336 
-0.6288549175729927 1.1608865337244827 -0.34135611015538336 
-0.6293576987435943 1.163207215962962 -0.34271166885203086 
-0.6293576987435943 1.163207215962962 -0.34271166885203086 
-0.6300832268463907 1.1665576618938631 -0.3446870427606653 
-0.6300832268463907 1.1665576618938631 -0.3446870427606653 
-0.6300832268463905 1.1665576618938631 -0.344687042760665 
-0.6302811384856538 1.1674720445277864 -0.345231062499333 
-0.6302811384856538 1.1674720445277864 -0.345231062499333 
-0.6302811384856538 1.1674720445277864 -0.345231062499333 
-0.6308864696857842 1.17026806004138 -0.3468866331131516 
-0.6313213294408287 1.1722767675635861 -0.3480771114678499 
-0.6313213294408287 1.1722767675635861 -0.3480771114678499 
-0.6319070860178903 1.1749813460712972 -0.349667087609566 
-0.6319070860178903 1.1749813460712972 -0.349667087609566 
-0.6319070860178903 1.1749813460712972 -0.349667087609566 
-0.6319070860178903 1.1749813460712972 -0.349667087609566 
-0.6322813590267835 1.1767095499762308 -0.3506841425160441 
-0.6322813590267835 1.1767095499762308 -0.3506841425160441 
-0.6331526130196412 1.1807340518998894 -0.3530692857099115 
-0.6331526130196412 1.1807340518998894 -0.3530692857099115 
-0.6331526130196412 1.1807340518998894 -0.3530692857099115 
-0.6331526130196412 1.1807340518998894 -0.3530692857099115 
-0.6331526130196412 1.1807340518998894 -0.3530692857099115 
-0.6342267612217112 1.1856945703563007 -0.3559957896419008 
-0.6342267612217112 1.1856945703563007 -0.3559957896419008 
-0.6344987623665982 1.186949931140339 -0.3567278127424629 
-0.6344987623665982 1.186949931140339 -0.3567278127424629 
-0.6344987623665981 1.186949931140339 -0.35672781274246257 
-0.6344987623665981 1.186949931140339 -0.35672781274246257 
-0.6344987623665981 1.186949931140339 -0.35672781274246257 
-0.6351875307054589 1.1901324920248044 -0.35862515533217043 
-0.6351875307054589 1.1901324920248044 -0.35862515533217043 
-0.6355771629278151 1.1919316311617048 -0.3596841143316434 
-0.6358562027733352 1.193219664313603 -0.3604372841829532 
-0.6361969411915543 1.1947936803799735 -0.361370974046456 
-0.6361969411915543 1.1947936803799735 -0.361370974046456 
-0.6361969411915543 1.1947936803799735 -0.361370974046456 
-0.6361969411915543 1.1947936803799735 -0.361370974046456 
-0.6367028512433384 1.197129838865092 -0.36274717044804594 
-0.6367028512433384 1.197129838865092 -0.36274717044804594 
-0.6367028512433384 1.197129838865092 -0.36274717044804594 
-0.6370855115368649 1.198897811996895 -0.36379929773828557 
-0.6370855115368649 1.198897811996895 -0.36379929773828557 
-0.6370855115368649 1.198897811996895 -0.36379929773828557 
-0.6370855115368649 1.198897811996895 -0.36379929773828557 
-0.637659421427426 1.2015476775821667 -0.3653569529116143 
-0.637659421427426 1.2015476775821667 -0.3653569529116143 
-0.637659421427426 1.2015476775821667 -0.3653569529116143 
-0.637659421427426 1.2015476775821667 -0.3653569529116143 
-0.637659421427426 1.2015476775821667 -0.3653569529116143 
-0.6387551198991295 1.206608757401491 -0.3683544414144615 
-0.6387551198991295 1.206608757401491 -0.3683544414144615 
-0.6387551198991296 1.206608757401491 -0.36835444141446183 
-0.6387551198991296 1.206608757401491 -0.36835444141446183 
-0.6387551198991295 1.206608757401491 -0.3683544414144615 
-0.6387551198991295 1.206608757401491 -0.3683544414144615 
-0.639401442317138 1.2095933985574905 -0.3701137207692279 
-0.639401442317138 1.2095933985574905 -0.3701137207692279 
-0.639401442317138 1.2095933985574905 -0.3701137207692279 
-0.6400159900043978 1.2124319796395637 -0.37179443645539567 
-0.6400159900043978 1.2124319796395637 -0.37179443645539567 
-0.6405359405735155 1.2148329830697957 -0.3732089391898886 
-0.6408463856186589 1.2162667473275295 -0.37405591732928134 
-0.6408463856186589 1.2162667473275295 -0.37405591732928134 
-0.6408463856186589 1.2162667473275295 -0.37405591732928134 
-0.6414137462366114 1.2188870544897523 -0.37560383071387415 
-0.6414137462366114 1.2188870544897523 -0.37560383071387415 
-0.6414137462366114 1.2188870544897523 -0.37560383071387415 
-0.6414137462366114 1.2188870544897523 -0.37560383071387415 
-0.6414137462366114 1.2188870544897523 -0.37560383071387415 
-0.6417191926018605 1.2202987660261715 -0.3764493607014069 
-0.6417191926018605 1.2202987660261715 -0.3764493607014069 
-0.6417191926018605 1.2202987660261715 -0.3764493607014069 
-0.6425701345370944 1.2242268827617695 -0.37874870143197004 
-0.6425701345370944 1.2242268827617695 -0.37874870143197004 
-0.6429168296516611 1.225828918470525 -0.3797046492456776 
-0.6429168296516611 1.225828918470525 -0.3797046492456776 
-0.6429168296516611 1.225828918470525 -0.3797046492456776 
-0.6434833863652416 1.22844688306106 -0.3812665338314901 
-0.6438293139518702 1.230043494671217 -0.3821982166814236 
-0.6438293139518702 1.230043494671217 -0.3821982166814236 
-0.6438293139518702 1.230043494671217 -0.3821982166814236 
-0.6438293139518702 1.230043494671217 -0.3821982166814236 
-0.6438293139518702 1.230043494671217 -0.3821982166814236 
-0.6442141197463929 1.2318203433582344 -0.38324400787896085 
-0.6448225223096897 1.2346305437035716 -0.38490795800310174 
-0.6448225223096897 1.2346305437035716 -0.38490795800310174 
-0.6448225223096897 1.2346305437035716 -0.38490795800310174 
-0.6448225223096897 1.2346305437035716 -0.38490795800310174 
-0.6452852126952416 1.2367670958053885 -0.3861662394530333 
-0.6452852126952416 1.2367670958053885 -0.3861662394530333 
-0.6452852126952416 1.2367670958053885 -0.3861662394530333 
-0.6452852126952416 1.2367670958053885 -0.3861662394530333 
-0.6458616151506335 1.2394301951914097 -0.3877510110186697 
-0.6458616151506333 1.2394301951914097 -0.3877510110186694 
-0.6458616151506333 1.2394301951914097 -0.3877510110186694 
-0.6465373396970678 1.2425506275977383 -0.3895905073407152 
-0.6465373396970678 1.2425506275977383 -0.3895905073407152 
-0.6467584970261073 1.2435720240692658 -0.39019388441499403 
-0.6467584970261073 1.2435720240692658 -0.39019388441499403 
-0.6467584970261073 1.2435720240692658 -0.39019388441499403 
-0.6467584970261073 1.2435720240692658 -0.39019388441499403 
-0.647426943716827 1.246658155472675 -0.3920053983758697 
-0.6474269437168267 1.246658155472675 -0.3920053983758697 
-0.6474269437168267 1.246658155472675 -0.3920053983758697 
-0.6480586217921622 1.2495761962273406 -0.3937369135990517 
-0.6480586217921622 1.2495761962273406 -0.3937369135990517 
-0.6486156678087538 1.2521488662731224 -0.3952566859583452 
-0.6486156678087538 1.2521488662731224 -0.3952566859583452 
-0.6486156678087538 1.2521488662731224 -0.3952566859583452 
-0.6486156678087538 1.2521488662731224 -0.3952566859583452 
-0.6486156678087538 1.2521488662731224 -0.3952566859583452 
-0.6489875586248068 1.253866757061463 -0.3962753679979768 
-0.6497414068517433 1.257348341517218 -0.3983320700733478 
-0.6497414068517433 1.257348341517218 -0.3983320700733478 
-0.650206054376285 1.2594935880803306 -0.3995916279282471 
-0.650206054376285 1.2594935880803306 -0.3995916279282471 
-0.6502060543762851 1.2594935880803306 -0.39959162792824743 
-0.6502060543762851 1.2594935880803306 -0.39959162792824743 
-0.650206054376285 1.2594935880803306 -0.3995916279282471 
-0.650206054376285 1.2594935880803306 -0.3995916279282471 
-0.650206054376285 1.2594935880803306 -0.3995916279282471 
-0.6505476864367833 1.261072075778257 -0.40053181908996294 
-0.6505476864367832 1.261072075778257 -0.4005318190899626 
-0.6505476864367832 1.261072075778257 -0.4005318190899626 
-0.6505476864367832 1.261072075778257 -0.4005318190899626 
-0.6511619652123078 1.2639083816539785 -0.40219961151176953 
-0.6511619652123078 1.2639083816539785 -0.40219961151176953 
-0.6515527116588411 1.2657130111613264 -0.40326567361659793 
-0.6515527116588411 1.2657130111613264 -0.40326567361659793 
-0.6517622768273394 1.2666819034772732 -0.4038496137385582 
-0.6517622768273394 1.2666819034772732 -0.4038496137385582 
-0.6521143796313137 1.268307371740586 -0.4048021191230907 
-0.6521143796313137 1.268307371740586 -0.4048021191230907 
-0.6524217372033448 1.2697265323440896 -0.4056366105997552 
-0.6524217372033448 1.2697265323440896 -0.4056366105997552 
-0.6524217372033448 1.2697265323440896 -0.4056366105997552 
-0.6530221590938927 1.2724983322225512 -0.40726059121771774 
-0.6530221590938927 1.2724983322225512 -0.40726059121771774 
-0.6530221590938927 1.2724983322225512 -0.40726059121771774 
-0.6530221590938927 1.2724983322225512 -0.40726059121771774 
-0.6530221590938927 1.2724983322225512 -0.40726059121771774 
-0.6530221590938927 1.2724983322225512 -0.40726059121771774 
-0.6536850563388652 1.27556175406195 -0.40909141365854185 
-0.6536850563388652 1.27556175406195 -0.40909141365854185 
-0.6536850563388652 1.27556175406195 -0.40909141365854185 
-0.6546394278968608 1.2799694386098532 -0.4116951976748301 
-0.6546394278968608 1.2799694386098532 -0.4116951976748301 
-0.6549110409374388 1.2812238605296338 -0.41243623159159715 
-0.6549110409374388 1.2812238605296338 -0.41243623159159715 
-0.6549110409374388 1.2812238605296338 -0.41243623159159715 
-0.6549110409374388 1.2812238605296338 -0.41243623159159715 
-0.6554217613071107 1.2835818906421481 -0.4138214886427166 
-0.6554217613071107 1.2835818906421481 -0.4138214886427166 
-0.6554217613071107 1.2835818906421481 -0.4138214886427166 
-0.6554217613071107 1.2835818906421481 -0.4138214886427166 
-0.6559489897319433 1.2860171950752992 -0.41526397373837975 
-0.6559489897319433 1.2860171950752992 -0.41526397373837975 
-0.6559489897319433 1.2860171950752992 -0.41526397373837975 
-0.6559489897319433 1.2860171950752992 -0.41526397373837975 
-0.65692943445815 1.2905446075114249 -0.4179307660169066 
-0.65692943445815 1.2905446075114249 -0.4179307660169066 
-0.65692943445815 1.2905446075114249 -0.4179307660169066 
-0.6578961469915374 1.2950103210735084 -0.42058040915584904 
-0.6578961469915374 1.2950103210735084 -0.42058040915584904 
-0.6581157602472911 1.2960245863727937 -0.4211795735801295 
-0.6581157602472911 1.2960245863727937 -0.4211795735801295 
-0.6581157602472911 1.2960245863727937 -0.4211795735801295 
-0.6581157602472911 1.2960245863727937 -0.4211795735801295 
-0.6588536060226455 1.2994326092756416 -0.42319667983486575 
-0.6588536060226455 1.2994326092756416 -0.42319667983486575 
-0.6592057225389364 1.3010584852881926 -0.42415328583042256 
-0.6592057225389364 1.3010584852881926 -0.42415328583042256 
-0.6592057225389364 1.3010584852881926 -0.42415328583042256 
-0.6592057225389364 1.3010584852881926 -0.42415328583042256 
-0.6592057225389364 1.3010584852881926 -0.42415328583042256 
-0.6598438646075021 1.304004148207408 -0.42587611410703785 
-0.6598438646075021 1.304004148207408 -0.42587611410703785 
-0.6598438646075021 1.304004148207408 -0.42587611410703785 
-0.6598438646075021 1.304004148207408 -0.42587611410703785 
-0.6598438646075021 1.304004148207408 -0.42587611410703785 
-0.6604756070570111 1.306923684251588 -0.42762193783035174 
-0.6604756070570111 1.306923684251588 -0.42762193783035174 
-0.6609027686977492 1.3088964942620755 -0.4287873504447649 
-0.6609027686977492 1.3088964942620755 -0.4287873504447649 
-0.6613375986305317 1.3109043752125569 -0.4299696210360332 
-0.6613375986305317 1.3109043752125569 -0.4299696210360332 
-0.6619391507895936 1.3136819042835206 -0.43160269180226496 
-0.6619391507895936 1.3136819042835206 -0.43160269180226496 
-0.6624827995269705 1.3161923557051294 -0.43308184955629636 
-0.6624827995269705 1.3161923557051294 -0.43308184955629636 
-0.6624827995269705 1.3161923557051294 -0.43308184955629636 
-0.6629558689536658 1.318378220213333 -0.43438470064115065 
-0.6629558689536658 1.318378220213333 -0.43438470064115065 
-0.6629558689536658 1.318378220213333 -0.43438470064115065 
-0.6629558689536658 1.318378220213333 -0.43438470064115065 
-0.6629558689536658 1.318378220213333 -0.43438470064115065 
-0.6629558689536658 1.318378220213333 -0.43438470064115065 
-0.663083735872546 1.3189680739536285 -0.4347254298169364 
-0.663083735872546 1.3189680739536285 -0.4347254298169364 
-0.6636554841521652 1.3216086451611992 -0.43628531393056125 
-0.6636554841521652 1.3216086451611992 -0.43628531393056125 
-0.6636554841521652 1.3216086451611992 -0.43628531393056125 
-0.6636554841521652 1.3216086451611992 -0.43628531393056125 
-0.6642974398137114 1.324573463240835 -0.4380367427914654 
-0.6642974398137114 1.324573463240835 -0.4380367427914654 
-0.6646089966854025 1.326012706795768 -0.43889081749483083 
-0.6646089966854025 1.326012706795768 -0.43889081749483083 
-0.664920039102066 1.3274480319806632 -0.4397252925555192 
-0.664920039102066 1.3274480319806632 -0.4397252925555192 
-0.665359146420999 1.329477898921326 -0.44094555548464565 
-0.665359146420999 1.329477898921326 -0.44094555548464565 
-0.666131762601408 1.333044274764341 -0.4430312023485289 
-0.6665848507931504 1.3351373335066685 -0.44427335608369833 
-0.6665848507931504 1.3351373335066685 -0.44427335608369833 
-0.6665848507931504 1.3351373335066685 -0.44427335608369833 
-0.666755120163913 1.3359240526548999 -0.44474196022946344 
-0.666755120163913 1.3359240526548999 -0.44474196022946344 
-0.666755120163913 1.3359240526548999 -0.44474196022946344 
-0.666755120163913 1.3359240526548999 -0.44474196022946344 
-0.6675150604553256 1.3394329192338659 -0.44680521343637125 
-0.6675150604553256 1.3394329192338659 -0.44680521343637125 
-0.6675150604553256 1.3394329192338659 -0.44680521343637125 
-0.6680206122250626 1.3417689654264502 -0.4481986284175966 
-0.6680206122250626 1.3417689654264502 -0.4481986284175966 
-0.6680206122250626 1.3417689654264502 -0.4481986284175966 
-0.6680206122250626 1.3417689654264502 -0.4481986284175966 
-0.6680206122250626 1.3417689654264502 -0.4481986284175966 
-0.6690203859654369 1.3463859917043404 -0.45092221868041726 
-0.6690203859654369 1.3463859917043404 -0.45092221868041726 
-0.6690203859654369 1.3463859917043404 -0.45092221868041726 
-0.6695271920571294 1.3487266328942635 -0.4523049229216013 
-0.6695271920571294 1.3487266328942635 -0.4523049229216013 
-0.6695271920571294 1.3487266328942635 -0.4523049229216013 
-0.6705463222363037 1.353434088512393 -0.45509351239076345 
-0.6705463222363037 1.353434088512393 -0.45509351239076345 
-0.6705463222363035 1.353434088512393 -0.45509351239076345 
-0.6705463222363035 1.353434088512393 -0.45509351239076345 
-0.671232103787051 1.3566002795047996 -0.45695232054338975 
-0.671232103787051 1.3566002795047996 -0.45695232054338975 
-0.6718398493999127 1.3594074457799592 -0.4586144783288667 
-0.6718398493999127 1.3594074457799592 -0.4586144783288667 
-0.6718398493999127 1.3594074457799592 -0.4586144783288667 
-0.6722391643001979 1.361251992388349 -0.45970798069564067 
-0.6722391643001979 1.361251992388349 -0.45970798069564067 
-0.6722391643001979 1.361251992388349 -0.45970798069564067 
-0.6722391643001979 1.361251992388349 -0.45970798069564067 
-0.6722391643001979 1.361251992388349 -0.45970798069564067 
-0.6729945332975867 1.3647402559741137 -0.4617647686444578 
-0.6729945332975867 1.3647402559741137 -0.4617647686444578 
-0.6729945332975867 1.3647402559741137 -0.4617647686444578 
-0.6732071448022485 1.365722528696577 -0.46234889359607456 
-0.6732071448022485 1.365722528696577 -0.46234889359607456 
-0.6735741930805227 1.3674177102125487 -0.4633503006813653 
-0.6735741930805226 1.3674177102125487 -0.46335030068136496 
-0.6739585439989328 1.3691921136725447 -0.46439078765359276 
-0.6739585439989328 1.3691921136725447 -0.46439078765359276 
-0.6739585439989328 1.3691921136725447 -0.46439078765359276 
-0.6739585439989328 1.3691921136725447 -0.46439078765359276 
-0.6739585439989328 1.3691921136725447 -0.46439078765359276 
-0.6743846397453308 1.3711606897800432 -0.465561418619869 
-0.6743846397453308 1.3711606897800432 -0.465561418619869 
-0.6747468825009759 1.3728340218151163 -0.4665537781383936 
-0.6747468825009759 1.3728340218151163 -0.4665537781383936 
-0.6747468825009759 1.3728340218151163 -0.4665537781383936 
-0.6747468825009759 1.3728340218151163 -0.4665537781383936 
-0.6747468825009759 1.3728340218151163 -0.4665537781383936 
-0.6753808848487967 1.3757610749259197 -0.46827131860567606 
-0.6753808848487967 1.3757610749259197 -0.46827131860567606 
-0.6759765655908894 1.378512520612997 -0.4699005601570053 
-0.6759765655908894 1.378512520612997 -0.4699005601570053 
-0.6763528118487182 1.3802498378017123 -0.47092299862085707 
-0.6763528118487182 1.3802498378017123 -0.47092299862085707 
-0.6763528118487182 1.3802498378017123 -0.47092299862085707 
-0.6763528118487182 1.3802498378017123 -0.47092299862085707 
-0.6763528118487182 1.3802498378017123 -0.47092299862085707 
-0.6763528118487182 1.3802498378017123 -0.47092299862085707 
-0.6763528118487182 1.3802498378017123 -0.47092299862085707 
-0.6773109326255201 1.3846751822205208 -0.4735410747213017 
-0.6773109326255201 1.3846751822205208 -0.4735410747213017 
-0.6775500906820803 1.3857800579539634 -0.4741976258542543 
-0.6775500906820803 1.3857800579539634 -0.4741976258542543 
-0.6775500906820803 1.3857800579539634 -0.4741976258542543 
-0.6775500906820803 1.3857800579539634 -0.4741976258542543 
-0.6781422612948398 1.3885152924047623 -0.475817290822358 
-0.6781422612948398 1.3885152924047623 -0.475817290822358 
-0.6788021532441239 1.3915619144563673 -0.4776054651323117 
-0.6788021532441239 1.3915619144563673 -0.4776054651323117 
-0.6788021532441239 1.3915619144563673 -0.4776054651323117 
