-0.6060873873956378 0.985734901224866 -0.2792198956146277 
-0.6060873873956378 0.985734901224866 -0.2792198956146277 
-0.6060873873956378 0.985734901224866 -0.2792198956146277 
-0.6060873873956378 0.985734901224866 -0.2792198956146277 
-0.6052831230600696 0.9820208186436041 -0.27702970794433346 
-0.6052831230600696 0.9820208186436041 -0.27702970794433346 
-0.6052831230600696 0.9820208186436041 -0.27702970794433346 
-0.6053524523102558 0.9823410099382872 -0.2772188569104602 
-0.6053524523102558 0.9823410099382872 -0.2772188569104602 
-0.6053524523102558 0.9823410099382872 -0.2772188569104602 
-0.6053524523102558 0.9823410099382872 -0.2772188569104602 
-0.6053524523102558 0.9823410099382872 -0.2772188569104602 
-0.6053524523102558 0.9823410099382872 -0.2772188569104602 
-0.6055242561637872 0.9831348159657659 -0.277691647540696 
-0.6055242561637872 0.9831348159657659 -0.277691647540696 
-0.606217954612517 0.9863379149038467 -0.2795761183347132 
-0.606217954612517 0.9863379149038467 -0.2795761183347132 
-0.606217954612517 0.9863379149038467 -0.2795761183347132 
-0.606217954612517 0.9863379149038467 -0.2795761183347132 
-0.606217954612517 0.9863379149038467 -0.2795761183347132 
-0.606217954612517 0.9863379149038467 -0.2795761183347132 
-0.606217954612517 0.9863379149038467 -0.2795761183347132 
-0.606217954612517 0.9863379149038467 -0.2795761183347132 
-0.606217954612517 0.9863379149038467 -0.2795761183347132 
-0.6072116655768789 0.9909286628623699 -0.2823034837035735 
-0.6072116655768789 0.9909286628623699 -0.2823034837035735 
-0.6072116655768788 0.9909286628623699 -0.28230348370357317 
-0.6072116655768788 0.9909286628623699 -0.28230348370357317 
-0.6072116655768788 0.9909286628623699 -0.28230348370357317 
-0.607601077217337 0.9927267832603782 -0.28336184089590344 
-0.607601077217337 0.9927267832603782 -0.28336184089590344 
-0.607601077217337 0.9927267832603782 -0.28336184089590344 
-0.607601077217337 0.9927267832603782 -0.28336184089590344 
-0.607601077217337 0.9927267832603782 -0.28336184089590344 
-0.6081688270728045 0.9953478548230517 -0.28489862662549037 
-0.6081688270728045 0.9953478548230517 -0.28489862662549037 
-0.6081688270728045 0.9953478548230517 -0.28489862662549037 
-0.6081688270728045 0.9953478548230517 -0.28489862662549037 
-0.6081688270728045 0.9953478548230517 -0.28489862662549037 
-0.6081688270728045 0.9953478548230517 -0.28489862662549037 
-0.6091789434385797 1.0000133364841703 -0.28765856077100327 
-0.6091789434385797 1.0000133364841703 -0.28765856077100327 
-0.6091789434385797 1.0000133364841703 -0.28765856077100327 
-0.609346171867845 1.0007867001406945 -0.2881269948052211 
-0.609346171867845 1.0007867001406945 -0.2881269948052211 
-0.609789523123357 1.0028332472613826 -0.2893243874719086 
-0.609789523123357 1.0028332472613826 -0.2893243874719086 
-0.609789523123357 1.0028332472613826 -0.2893243874719086 
-0.609789523123357 1.0028332472613826 -0.2893243874719086 
-0.609789523123357 1.0028332472613826 -0.2893243874719086 
-0.609789523123357 1.0028332472613826 -0.2893243874719086 
-0.6106061006004047 1.0066041970480635 -0.2915481687260706 
-0.6106061006004047 1.0066041970480635 -0.2915481687260706 
-0.6106061006004047 1.0066041970480635 -0.2915481687260706 
-0.6108445843977691 1.0077056143522178 -0.29219881709726203 
-0.6108445843977691 1.0077056143522178 -0.29219881709726203 
-0.6108445843977691 1.0077056143522178 -0.29219881709726203 
-0.6108445843977691 1.0077056143522178 -0.29219881709726203 
-0.6108445843977691 1.0077056143522178 -0.29219881709726203 
-0.6115964545805117 1.011178063377693 -0.29425012253249605 
-0.6115964545805117 1.011178063377693 -0.29425012253249605 
-0.6115964545805117 1.011178063377693 -0.29425012253249605 
-0.6118073271304524 1.0121526493045039 -0.294833566344906 
-0.6118073271304524 1.0121526493045039 -0.294833566344906 
-0.6118073271304524 1.0121526493045039 -0.294833566344906 
-0.6121414506374654 1.0136954261212545 -0.2957410825393578 
-0.6121414506374654 1.0136954261212545 -0.2957410825393578 
-0.6121414506374653 1.0136954261212545 -0.2957410825393575 
-0.6127518115385668 1.0165143264645118 -0.29740631233915715 
-0.6127518115385667 1.0165143264645118 -0.2974063123391568 
-0.6127518115385667 1.0165143264645118 -0.2974063123391568 
-0.6131537626322959 1.0183710481099837 -0.29850700695542287 
-0.6131537626322959 1.0183710481099837 -0.29850700695542287 
-0.6131537626322959 1.0183710481099837 -0.29850700695542287 
-0.613584876764978 1.020362112371157 -0.29968320303803786 
-0.613584876764978 1.020362112371157 -0.29968320303803786 
-0.613584876764978 1.020362112371157 -0.29968320303803786 
-0.613584876764978 1.020362112371157 -0.29968320303803786 
-0.613584876764978 1.020362112371157 -0.29968320303803786 
-0.6141914747349566 1.0231629450942712 -0.30133004014265696 
-0.6141914747349566 1.0231629450942712 -0.30133004014265696 
-0.614599128590038 1.0250460044620708 -0.3024462934359736 
-0.614599128590038 1.0250460044620708 -0.3024462934359736 
-0.614599128590038 1.0250460044620708 -0.3024462934359736 
-0.6147606375485981 1.0257926088054685 -0.30289506000538957 
-0.6147606375485981 1.0257926088054685 -0.30289506000538957 
-0.6147606375485981 1.0257926088054685 -0.30289506000538957 
-0.6147606375485981 1.0257926088054685 -0.30289506000538957 
-0.6147606375485981 1.0257926088054685 -0.30289506000538957 
-0.615453661138725 1.0289922465459485 -0.30477362640230055 
-0.615453661138725 1.0289922465459485 -0.30477362640230055 
-0.6158931279385196 1.0310222313157695 -0.3059766740224832 
-0.6158931279385196 1.0310222313157695 -0.3059766740224832 
-0.6164960620346789 1.0338075204269082 -0.3076297678877393 
-0.6164960620346789 1.0338075204269082 -0.3076297678877393 
-0.6164960620346789 1.0338075204269082 -0.3076297678877393 
-0.6164960620346789 1.0338075204269082 -0.3076297678877393 
-0.6171780831175415 1.036955834872853 -0.3094723099960588 
-0.6171780831175415 1.036955834872853 -0.3094723099960588 
-0.6171780831175415 1.036955834872853 -0.3094723099960588 
-0.6171780831175415 1.036955834872853 -0.3094723099960588 
-0.617790639048291 1.0397848727754082 -0.3111435284310652 
-0.617790639048291 1.0397848727754082 -0.3111435284310652 
-0.617790639048291 1.0397848727754082 -0.3111435284310652 
-0.617790639048291 1.0397848727754082 -0.3111435284310652 
-0.617790639048291 1.0397848727754082 -0.3111435284310652 
-0.617790639048291 1.0397848727754082 -0.3111435284310652 
-0.6183995274431683 1.0425981704556835 -0.3128188737051446 
-0.6183995274431683 1.0425981704556835 -0.3128188737051446 
-0.6183995274431683 1.0425981704556835 -0.3128188737051446 
-0.6183995274431683 1.0425981704556835 -0.3128188737051446 
-0.6183995274431683 1.0425981704556835 -0.3128188737051446 
-0.6190725550184288 1.0457049491452888 -0.3146368790896391 
-0.6190725550184288 1.0457049491452888 -0.3146368790896391 
-0.6190725550184288 1.0457049491452888 -0.3146368790896391 
-0.6190725550184288 1.0457049491452888 -0.3146368790896391 
-0.6190725550184288 1.0457049491452888 -0.3146368790896391 
-0.6190725550184288 1.0457049491452888 -0.3146368790896391 
-0.6197389265763993 1.04878372796612 -0.3164690539968039 
-0.6197389265763993 1.04878372796612 -0.3164690539968039 
-0.6201417552024618 1.0506445024206617 -0.3175721427588767 
-0.6206518508415897 1.0530003361079716 -0.31896382177614424 
-0.6206518508415897 1.0530003361079716 -0.31896382177614424 
-0.6206518508415897 1.0530003361079716 -0.31896382177614424 
-0.6208056306647668 1.053710210831302 -0.3193793115711533 
-0.6208056306647668 1.053710210831302 -0.3193793115711533 
-0.6208056306647668 1.053710210831302 -0.3193793115711533 
-0.6208056306647668 1.053710210831302 -0.3193793115711533 
-0.621184293732956 1.055458689854832 -0.32040834374804594 
-0.621184293732956 1.055458689854832 -0.32040834374804594 
-0.6218405725358871 1.0584910358351702 -0.3222151028172374 
-0.6218405725358871 1.0584910358351702 -0.3222151028172374 
-0.6223673436869781 1.0609238839680513 -0.3236522771462095 
-0.6223673436869781 1.0609238839680513 -0.3236522771462095 
-0.6223673436869781 1.0609238839680513 -0.3236522771462095 
-0.6223673436869781 1.0609238839680513 -0.3236522771462095 
-0.6228459673546791 1.0631324801867625 -0.32493583283387983 
-0.6228459673546791 1.0631324801867625 -0.32493583283387983 
-0.6231735612298643 1.0646459540123927 -0.32583560409458234 
-0.6238065346984952 1.0675696330116784 -0.32756659030130353 
-0.6238065346984952 1.0675696330116784 -0.32756659030130353 
-0.6238065346984952 1.0675696330116784 -0.32756659030130353 
-0.6239495796617197 1.068230274109768 -0.32795685569189914 
-0.6245432155878151 1.0709710780038022 -0.3295663855615767 
-0.6245432155878151 1.0709710780038022 -0.3295663855615767 
-0.6245432155878151 1.0709710780038022 -0.3295663855615767 
-0.6245432155878151 1.0709710780038022 -0.3295663855615767 
-0.6251099997394518 1.0735902652078482 -0.3311309222600438 
-0.6251099997394518 1.0735902652078482 -0.3311309222600438 
-0.6251099997394518 1.0735902652078482 -0.3311309222600438 
-0.6251099997394518 1.0735902652078482 -0.3311309222600438 
-0.6251099997394518 1.0735902652078482 -0.3311309222600438 
-0.6251099997394518 1.0735902652078482 -0.3311309222600438 
-0.6257953771415532 1.0767552785139418 -0.332996754185961 
-0.6257953771415532 1.0767552785139418 -0.332996754185961 
-0.6263590416657949 1.0793592044192166 -0.3345427100263788 
-0.6263590416657949 1.0793592044192166 -0.3345427100263788 
-0.6263590416657949 1.0793592044192166 -0.3345427100263788 
-0.6263590416657949 1.0793592044192166 -0.3345427100263788 
-0.6274259490273 1.084286281664179 -0.3374494589847743 
-0.6274259490273 1.084286281664179 -0.3374494589847743 
-0.627642695391839 1.0852869620481251 -0.3380367385534684 
-0.6281744950450864 1.0877426894740456 -0.33948356879773034 
-0.6281744950450864 1.0877426894740456 -0.33948356879773034 
-0.6281744950450864 1.0877426894740456 -0.33948356879773034 
-0.6287508837881616 1.0904053811108292 -0.3410642397523421 
-0.6288549175729927 1.0908865337244826 -0.3413561101553836 
-0.6288549175729927 1.0908865337244826 -0.3413561101553836 
-0.6288549175729927 1.0908865337244826 -0.3413561101553836 
-0.6288549175729927 1.0908865337244826 -0.3413561101553836 
-0.6288549175729927 1.0908865337244826 -0.3413561101553836 
-0.6293576987435943 1.0932072159629618 -0.3427116688520311 
-0.6293576987435943 1.0932072159629618 -0.3427116688520311 
-0.6300832268463906 1.096557661893863 -0.3446870427606654 
-0.6300832268463906 1.096557661893863 -0.3446870427606654 
-0.6300832268463905 1.096557661893863 -0.3446870427606651 
-0.6302811384856539 1.0974720445277864 -0.3452310624993332 
-0.6302811384856539 1.0974720445277864 -0.3452310624993332 
-0.6302811384856539 1.0974720445277864 -0.3452310624993332 
-0.6308864696857842 1.10026806004138 -0.3468866331131515 
-0.6313213294408287 1.1022767675635858 -0.3480771114678497 
-0.6313213294408287 1.1022767675635858 -0.3480771114678497 
-0.6319070860178903 1.1049813460712974 -0.34966708760956633 
-0.6319070860178903 1.1049813460712974 -0.34966708760956633 
-0.6319070860178903 1.1049813460712974 -0.34966708760956633 
-0.6319070860178903 1.1049813460712974 -0.34966708760956633 
-0.6322813590267834 1.1067095499762305 -0.3506841425160441 
-0.6322813590267834 1.1067095499762305 -0.3506841425160441 
-0.6331526130196412 1.1107340518998896 -0.35306928570991136 
-0.6331526130196412 1.1107340518998896 -0.35306928570991136 
-0.6331526130196412 1.1107340518998896 -0.35306928570991136 
-0.6331526130196412 1.1107340518998896 -0.35306928570991136 
-0.6331526130196412 1.1107340518998896 -0.35306928570991136 
-0.6342267612217111 1.1156945703563006 -0.3559957896419005 
-0.6342267612217111 1.1156945703563006 -0.3559957896419005 
-0.6344987623665983 1.116949931140339 -0.35672781274246324 
-0.6344987623665983 1.116949931140339 -0.35672781274246324 
-0.6344987623665981 1.116949931140339 -0.3567278127424629 
-0.6344987623665981 1.116949931140339 -0.3567278127424629 
-0.6344987623665981 1.116949931140339 -0.3567278127424629 
-0.6351875307054587 1.1201324920248041 -0.35862515533217054 
-0.6351875307054587 1.1201324920248041 -0.35862515533217054 
-0.6355771629278151 1.1219316311617042 -0.3596841143316435 
-0.6358562027733352 1.1232196643136032 -0.3604372841829533 
-0.6361969411915543 1.1247936803799732 -0.3613709740464557 
-0.6361969411915543 1.1247936803799732 -0.3613709740464557 
-0.6361969411915543 1.1247936803799732 -0.3613709740464557 
-0.6361969411915543 1.1247936803799732 -0.3613709740464557 
-0.6367028512433384 1.1271298388650917 -0.36274717044804605 
-0.6367028512433384 1.1271298388650917 -0.36274717044804605 
-0.6367028512433384 1.1271298388650917 -0.36274717044804605 
-0.6370855115368648 1.1288978119968949 -0.3637992977382857 
-0.6370855115368648 1.1288978119968949 -0.3637992977382857 
-0.6370855115368648 1.1288978119968949 -0.3637992977382857 
-0.6370855115368648 1.1288978119968949 -0.3637992977382857 
-0.637659421427426 1.1315476775821665 -0.36535695291161463 
-0.637659421427426 1.1315476775821665 -0.36535695291161463 
-0.637659421427426 1.1315476775821665 -0.36535695291161463 
-0.637659421427426 1.1315476775821665 -0.36535695291161463 
-0.637659421427426 1.1315476775821665 -0.36535695291161463 
-0.6387551198991295 1.136608757401491 -0.3683544414144617 
-0.6387551198991295 1.136608757401491 -0.3683544414144617 
-0.6387551198991296 1.136608757401491 -0.36835444141446205 
-0.6387551198991296 1.136608757401491 -0.36835444141446205 
-0.6387551198991295 1.136608757401491 -0.3683544414144617 
-0.6387551198991295 1.136608757401491 -0.3683544414144617 
-0.6394014423171379 1.1395933985574902 -0.370113720769228 
-0.6394014423171379 1.1395933985574902 -0.370113720769228 
-0.6394014423171379 1.1395933985574902 -0.370113720769228 
-0.6400159900043977 1.1424319796395632 -0.37179443645539567 
-0.6400159900043977 1.1424319796395632 -0.37179443645539567 
-0.6405359405735155 1.1448329830697954 -0.37320893918988907 
-0.6408463856186589 1.1462667473275294 -0.37405591732928134 
-0.6408463856186589 1.1462667473275294 -0.37405591732928134 
-0.6408463856186589 1.1462667473275294 -0.37405591732928134 
-0.6414137462366114 1.148887054489752 -0.37560383071387415 
-0.6414137462366114 1.148887054489752 -0.37560383071387415 
-0.6414137462366114 1.148887054489752 -0.37560383071387415 
-0.6414137462366114 1.148887054489752 -0.37560383071387415 
-0.6414137462366114 1.148887054489752 -0.37560383071387415 
-0.6417191926018605 1.1502987660261712 -0.3764493607014071 
-0.6417191926018605 1.1502987660261712 -0.3764493607014071 
-0.6417191926018605 1.1502987660261712 -0.3764493607014071 
-0.6425701345370946 1.1542268827617692 -0.37874870143197004 
-0.6425701345370946 1.1542268827617692 -0.37874870143197004 
-0.642916829651661 1.1558289184705248 -0.3797046492456776 
-0.642916829651661 1.1558289184705248 -0.3797046492456776 
-0.642916829651661 1.1558289184705248 -0.3797046492456776 
-0.6434833863652416 1.1584468830610604 -0.38126653383149034 
-0.64382931395187 1.1600434946712168 -0.3821982166814236 
-0.64382931395187 1.1600434946712168 -0.3821982166814236 
-0.64382931395187 1.1600434946712168 -0.3821982166814236 
-0.64382931395187 1.1600434946712168 -0.3821982166814236 
-0.64382931395187 1.1600434946712168 -0.3821982166814236 
-0.6442141197463928 1.1618203433582341 -0.38324400787896085 
-0.64482252230969 1.1646305437035716 -0.38490795800310174 
-0.64482252230969 1.1646305437035716 -0.38490795800310174 
-0.64482252230969 1.1646305437035716 -0.38490795800310174 
-0.64482252230969 1.1646305437035716 -0.38490795800310174 
-0.6452852126952416 1.1667670958053882 -0.3861662394530335 
-0.6452852126952416 1.1667670958053882 -0.3861662394530335 
-0.6452852126952416 1.1667670958053882 -0.3861662394530335 
-0.6452852126952416 1.1667670958053882 -0.3861662394530335 
-0.6458616151506333 1.1694301951914097 -0.38775101101866993 
-0.6458616151506333 1.1694301951914097 -0.3877510110186696 
-0.6458616151506333 1.1694301951914097 -0.3877510110186696 
-0.6465373396970678 1.172550627597738 -0.3895905073407152 
-0.6465373396970678 1.172550627597738 -0.3895905073407152 
-0.6467584970261073 1.1735720240692658 -0.3901938844149938 
-0.6467584970261073 1.1735720240692658 -0.3901938844149938 
-0.6467584970261073 1.1735720240692658 -0.3901938844149938 
-0.6467584970261073 1.1735720240692658 -0.3901938844149938 
-0.6474269437168269 1.1766581554726747 -0.3920053983758697 
-0.6474269437168266 1.1766581554726747 -0.3920053983758697 
-0.6474269437168266 1.1766581554726747 -0.3920053983758697 
-0.648058621792162 1.1795761962273401 -0.3937369135990515 
-0.648058621792162 1.1795761962273401 -0.3937369135990515 
-0.6486156678087537 1.182148866273122 -0.3952566859583456 
-0.6486156678087537 1.182148866273122 -0.3952566859583456 
-0.6486156678087537 1.182148866273122 -0.3952566859583456 
-0.6486156678087537 1.182148866273122 -0.3952566859583456 
-0.6486156678087537 1.182148866273122 -0.3952566859583456 
-0.6489875586248068 1.183866757061463 -0.3962753679979768 
-0.6497414068517434 1.187348341517218 -0.39833207007334803 
-0.6497414068517434 1.187348341517218 -0.39833207007334803 
-0.6502060543762849 1.1894935880803301 -0.39959162792824754 
-0.6502060543762849 1.1894935880803301 -0.39959162792824754 
-0.650206054376285 1.1894935880803301 -0.3995916279282479 
-0.650206054376285 1.1894935880803301 -0.3995916279282479 
-0.6502060543762849 1.1894935880803301 -0.39959162792824754 
-0.6502060543762849 1.1894935880803301 -0.39959162792824754 
-0.6502060543762849 1.1894935880803301 -0.39959162792824754 
-0.6505476864367833 1.1910720757782567 -0.40053181908996316 
-0.6505476864367832 1.1910720757782567 -0.4005318190899628 
-0.6505476864367832 1.1910720757782567 -0.4005318190899628 
-0.6505476864367832 1.1910720757782567 -0.4005318190899628 
-0.651161965212308 1.1939083816539782 -0.40219961151176997 
-0.651161965212308 1.1939083816539782 -0.40219961151176997 
-0.6515527116588411 1.1957130111613261 -0.40326567361659793 
-0.6515527116588411 1.1957130111613261 -0.40326567361659793 
-0.6517622768273393 1.1966819034772724 -0.403849613738558 
-0.6517622768273393 1.1966819034772724 -0.403849613738558 
-0.6521143796313138 1.1983073717405859 -0.40480211912309094 
-0.6521143796313138 1.1983073717405859 -0.40480211912309094 
-0.6524217372033448 1.1997265323440893 -0.4056366105997552 
-0.6524217372033448 1.1997265323440893 -0.4056366105997552 
-0.6524217372033448 1.1997265323440893 -0.4056366105997552 
-0.6530221590938927 1.2024983322225509 -0.40726059121771796 
-0.6530221590938927 1.2024983322225509 -0.40726059121771796 
-0.6530221590938927 1.2024983322225509 -0.40726059121771796 
-0.6530221590938927 1.2024983322225509 -0.40726059121771796 
-0.6530221590938927 1.2024983322225509 -0.40726059121771796 
-0.6530221590938927 1.2024983322225509 -0.40726059121771796 
-0.6536850563388652 1.2055617540619497 -0.40909141365854185 
-0.6536850563388652 1.2055617540619497 -0.40909141365854185 
-0.6536850563388652 1.2055617540619497 -0.40909141365854185 
-0.6546394278968608 1.2099694386098527 -0.41169519767482987 
-0.6546394278968608 1.2099694386098527 -0.41169519767482987 
-0.6549110409374388 1.211223860529633 -0.41243623159159715 
-0.6549110409374388 1.211223860529633 -0.41243623159159715 
-0.6549110409374388 1.211223860529633 -0.41243623159159715 
-0.6549110409374388 1.211223860529633 -0.41243623159159715 
-0.6554217613071106 1.2135818906421478 -0.4138214886427166 
-0.6554217613071106 1.2135818906421478 -0.4138214886427166 
-0.6554217613071106 1.2135818906421478 -0.4138214886427166 
-0.6554217613071106 1.2135818906421478 -0.4138214886427166 
-0.6559489897319432 1.216017195075299 -0.41526397373838 
-0.6559489897319432 1.216017195075299 -0.41526397373838 
-0.6559489897319432 1.216017195075299 -0.41526397373838 
-0.6559489897319432 1.216017195075299 -0.41526397373838 
-0.65692943445815 1.2205446075114248 -0.4179307660169064 
-0.65692943445815 1.2205446075114248 -0.4179307660169064 
-0.65692943445815 1.2205446075114248 -0.4179307660169064 
-0.6578961469915376 1.2250103210735084 -0.4205804091558488 
-0.6578961469915376 1.2250103210735084 -0.4205804091558488 
-0.6581157602472911 1.2260245863727932 -0.42117957358012925 
-0.6581157602472911 1.2260245863727932 -0.42117957358012925 
-0.6581157602472911 1.2260245863727932 -0.42117957358012925 
-0.6581157602472911 1.2260245863727932 -0.42117957358012925 
-0.6588536060226456 1.2294326092756414 -0.423196679834866 
-0.6588536060226456 1.2294326092756414 -0.423196679834866 
-0.6592057225389363 1.231058485288192 -0.42415328583042256 
-0.6592057225389363 1.231058485288192 -0.42415328583042256 
-0.6592057225389363 1.231058485288192 -0.42415328583042256 
-0.6592057225389363 1.231058485288192 -0.42415328583042256 
-0.6592057225389363 1.231058485288192 -0.42415328583042256 
-0.659843864607502 1.234004148207408 -0.4258761141070381 
-0.659843864607502 1.234004148207408 -0.4258761141070381 
-0.659843864607502 1.234004148207408 -0.4258761141070381 
-0.659843864607502 1.234004148207408 -0.4258761141070381 
-0.659843864607502 1.234004148207408 -0.4258761141070381 
-0.6604756070570111 1.2369236842515878 -0.4276219378303515 
-0.6604756070570111 1.2369236842515878 -0.4276219378303515 
-0.6609027686977492 1.238896494262075 -0.42878735044476446 
-0.6609027686977492 1.238896494262075 -0.42878735044476446 
-0.6613375986305318 1.2409043752125566 -0.4299696210360334 
-0.6613375986305318 1.2409043752125566 -0.4299696210360334 
-0.6619391507895934 1.2436819042835205 -0.4316026918022652 
-0.6619391507895934 1.2436819042835205 -0.4316026918022652 
-0.6624827995269705 1.246192355705129 -0.43308184955629614 
-0.6624827995269705 1.246192355705129 -0.43308184955629614 
-0.6624827995269705 1.246192355705129 -0.43308184955629614 
-0.6629558689536658 1.248378220213333 -0.43438470064115087 
-0.6629558689536658 1.248378220213333 -0.43438470064115087 
-0.6629558689536658 1.248378220213333 -0.43438470064115087 
-0.6629558689536658 1.248378220213333 -0.43438470064115087 
-0.6629558689536658 1.248378220213333 -0.43438470064115087 
-0.6629558689536658 1.248378220213333 -0.43438470064115087 
-0.6630837358725462 1.2489680739536284 -0.4347254298169364 
-0.6630837358725462 1.2489680739536284 -0.4347254298169364 
-0.6636554841521651 1.251608645161199 -0.4362853139305608 
-0.6636554841521651 1.251608645161199 -0.4362853139305608 
-0.6636554841521651 1.251608645161199 -0.4362853139305608 
-0.6636554841521651 1.251608645161199 -0.4362853139305608 
-0.6642974398137114 1.2545734632408347 -0.43803674279146565 
-0.6642974398137114 1.2545734632408347 -0.43803674279146565 
-0.6646089966854024 1.2560127067957676 -0.43889081749483083 
-0.6646089966854024 1.2560127067957676 -0.43889081749483083 
-0.6649200391020661 1.257448031980663 -0.4397252925555192 
-0.6649200391020661 1.257448031980663 -0.4397252925555192 
-0.665359146420999 1.2594778989213258 -0.44094555548464587 
-0.665359146420999 1.2594778989213258 -0.44094555548464587 
-0.6661317626014079 1.2630442747643407 -0.4430312023485291 
-0.6665848507931504 1.2651373335066687 -0.4442733560836981 
-0.6665848507931504 1.2651373335066687 -0.4442733560836981 
-0.6665848507931504 1.2651373335066687 -0.4442733560836981 
-0.6667551201639133 1.2659240526548998 -0.44474196022946344 
-0.6667551201639133 1.2659240526548998 -0.44474196022946344 
-0.6667551201639133 1.2659240526548998 -0.44474196022946344 
-0.6667551201639133 1.2659240526548998 -0.44474196022946344 
-0.6675150604553257 1.2694329192338656 -0.44680521343637125 
-0.6675150604553257 1.2694329192338656 -0.44680521343637125 
-0.6675150604553257 1.2694329192338656 -0.44680521343637125 
-0.6680206122250627 1.2717689654264501 -0.4481986284175964 
-0.6680206122250627 1.2717689654264501 -0.4481986284175964 
-0.6680206122250627 1.2717689654264501 -0.4481986284175964 
-0.6680206122250627 1.2717689654264501 -0.4481986284175964 
-0.6680206122250627 1.2717689654264501 -0.4481986284175964 
-0.6690203859654368 1.2763859917043399 -0.45092221868041704 
-0.6690203859654368 1.2763859917043399 -0.45092221868041704 
-0.6690203859654368 1.2763859917043399 -0.45092221868041704 
-0.6695271920571293 1.278726632894263 -0.4523049229216015 
-0.6695271920571293 1.278726632894263 -0.4523049229216015 
-0.6695271920571293 1.278726632894263 -0.4523049229216015 
-0.6705463222363037 1.2834340885123927 -0.45509351239076345 
-0.6705463222363037 1.2834340885123927 -0.45509351239076345 
-0.6705463222363035 1.2834340885123927 -0.45509351239076345 
-0.6705463222363035 1.2834340885123927 -0.45509351239076345 
-0.6712321037870511 1.2866002795047995 -0.45695232054338975 
-0.6712321037870511 1.2866002795047995 -0.45695232054338975 
-0.6718398493999126 1.2894074457799587 -0.45861447832886626 
-0.6718398493999126 1.2894074457799587 -0.45861447832886626 
-0.6718398493999126 1.2894074457799587 -0.45861447832886626 
-0.6722391643001978 1.2912519923883488 -0.45970798069564067 
-0.6722391643001978 1.2912519923883488 -0.45970798069564067 
-0.6722391643001978 1.2912519923883488 -0.45970798069564067 
-0.6722391643001978 1.2912519923883488 -0.45970798069564067 
-0.6722391643001978 1.2912519923883488 -0.45970798069564067 
-0.6729945332975867 1.2947402559741135 -0.4617647686444576 
-0.6729945332975867 1.2947402559741135 -0.4617647686444576 
-0.6729945332975867 1.2947402559741135 -0.4617647686444576 
-0.6732071448022483 1.2957225286965766 -0.46234889359607456 
-0.6732071448022483 1.2957225286965766 -0.46234889359607456 
-0.6735741930805226 1.2974177102125481 -0.46335030068136485 
-0.6735741930805224 1.2974177102125481 -0.4633503006813645 
-0.6739585439989327 1.2991921136725444 -0.46439078765359276 
-0.6739585439989327 1.2991921136725444 -0.46439078765359276 
-0.6739585439989327 1.2991921136725444 -0.46439078765359276 
-0.6739585439989327 1.2991921136725444 -0.46439078765359276 
-0.6739585439989327 1.2991921136725444 -0.46439078765359276 
-0.6743846397453308 1.3011606897800432 -0.465561418619869 
-0.6743846397453308 1.3011606897800432 -0.465561418619869 
-0.6747468825009758 1.3028340218151158 -0.4665537781383936 
-0.6747468825009758 1.3028340218151158 -0.4665537781383936 
-0.6747468825009758 1.3028340218151158 -0.4665537781383936 
-0.6747468825009758 1.3028340218151158 -0.4665537781383936 
-0.6747468825009758 1.3028340218151158 -0.4665537781383936 
-0.6753808848487967 1.3057610749259194 -0.4682713186056756 
-0.6753808848487967 1.3057610749259194 -0.4682713186056756 
-0.6759765655908896 1.3085125206129962 -0.4699005601570049 
-0.6759765655908896 1.3085125206129962 -0.4699005601570049 
-0.676352811848718 1.3102498378017118 -0.4709229986208564 
-0.676352811848718 1.3102498378017118 -0.4709229986208564 
-0.676352811848718 1.3102498378017118 -0.4709229986208564 
-0.676352811848718 1.3102498378017118 -0.4709229986208564 
-0.676352811848718 1.3102498378017118 -0.4709229986208564 
-0.676352811848718 1.3102498378017118 -0.4709229986208564 
-0.676352811848718 1.3102498378017118 -0.4709229986208564 
-0.67731093262552 1.3146751822205203 -0.47354107472130125 
-0.67731093262552 1.3146751822205203 -0.47354107472130125 
-0.6775500906820804 1.3157800579539634 -0.4741976258542543 
-0.6775500906820804 1.3157800579539634 -0.4741976258542543 
-0.6775500906820804 1.3157800579539634 -0.4741976258542543 
-0.6775500906820804 1.3157800579539634 -0.4741976258542543 
-0.6781422612948396 1.318515292404762 -0.4758172908223576 
-0.6781422612948396 1.318515292404762 -0.4758172908223576 
-0.6788021532441237 1.3215619144563668 -0.4776054651323117 
-0.6788021532441237 1.3215619144563668 -0.4776054651323117 
-0.6788021532441237 1.3215619144563668 -0.4776054651323117 
