-0.5510873873956377 0.9857349012248662 -0.2792198956146277 
-0.5510873873956377 0.9857349012248662 -0.2792198956146277 
-0.5510873873956377 0.9857349012248662 -0.2792198956146277 
-0.5510873873956377 0.9857349012248662 -0.2792198956146277 
-0.5502831230600693 0.9820208186436045 -0.27702970794433324 
-0.5502831230600693 0.9820208186436045 -0.27702970794433324 
-0.5502831230600693 0.9820208186436045 -0.27702970794433324 
-0.5503524523102555 0.9823410099382874 -0.27721885691046044 
-0.5503524523102555 0.9823410099382874 -0.27721885691046044 
-0.5503524523102555 0.9823410099382874 -0.27721885691046044 
-0.5503524523102555 0.9823410099382874 -0.27721885691046044 
-0.5503524523102555 0.9823410099382874 -0.27721885691046044 
-0.5503524523102555 0.9823410099382874 -0.27721885691046044 
-0.5505242561637871 0.9831348159657661 -0.27769164754069575 
-0.5505242561637871 0.9831348159657661 -0.27769164754069575 
-0.5512179546125169 0.9863379149038468 -0.2795761183347133 
-0.5512179546125169 0.9863379149038468 -0.2795761183347133 
-0.5512179546125169 0.9863379149038468 -0.2795761183347133 
-0.5512179546125169 0.9863379149038468 -0.2795761183347133 
-0.5512179546125169 0.9863379149038468 -0.2795761183347133 
-0.5512179546125169 0.9863379149038468 -0.2795761183347133 
-0.5512179546125169 0.9863379149038468 -0.2795761183347133 
-0.5512179546125169 0.9863379149038468 -0.2795761183347133 
-0.5512179546125169 0.9863379149038468 -0.2795761183347133 
-0.5522116655768788 0.9909286628623701 -0.2823034837035736 
-0.5522116655768788 0.9909286628623701 -0.2823034837035736 
-0.5522116655768787 0.9909286628623701 -0.2823034837035733 
-0.5522116655768787 0.9909286628623701 -0.2823034837035733 
-0.5522116655768787 0.9909286628623701 -0.2823034837035733 
-0.552601077217337 0.9927267832603783 -0.28336184089590355 
-0.552601077217337 0.9927267832603783 -0.28336184089590355 
-0.552601077217337 0.9927267832603783 -0.28336184089590355 
-0.552601077217337 0.9927267832603783 -0.28336184089590355 
-0.552601077217337 0.9927267832603783 -0.28336184089590355 
-0.5531688270728043 0.9953478548230521 -0.2848986266254905 
-0.5531688270728043 0.9953478548230521 -0.2848986266254905 
-0.5531688270728043 0.9953478548230521 -0.2848986266254905 
-0.5531688270728043 0.9953478548230521 -0.2848986266254905 
-0.5531688270728043 0.9953478548230521 -0.2848986266254905 
-0.5531688270728043 0.9953478548230521 -0.2848986266254905 
-0.5541789434385795 1.0000133364841703 -0.28765856077100327 
-0.5541789434385795 1.0000133364841703 -0.28765856077100327 
-0.5541789434385795 1.0000133364841703 -0.28765856077100327 
-0.5543461718678449 1.0007867001406945 -0.2881269948052214 
-0.5543461718678449 1.0007867001406945 -0.2881269948052214 
-0.554789523123357 1.0028332472613828 -0.2893243874719085 
-0.554789523123357 1.0028332472613828 -0.2893243874719085 
-0.554789523123357 1.0028332472613828 -0.2893243874719085 
-0.554789523123357 1.0028332472613828 -0.2893243874719085 
-0.554789523123357 1.0028332472613828 -0.2893243874719085 
-0.554789523123357 1.0028332472613828 -0.2893243874719085 
-0.5556061006004045 1.006604197048064 -0.29154816872607026 
-0.5556061006004045 1.006604197048064 -0.29154816872607026 
-0.5556061006004045 1.006604197048064 -0.29154816872607026 
-0.5558445843977691 1.007705614352218 -0.29219881709726236 
-0.5558445843977691 1.007705614352218 -0.29219881709726236 
-0.5558445843977691 1.007705614352218 -0.29219881709726236 
-0.5558445843977691 1.007705614352218 -0.29219881709726236 
-0.5558445843977691 1.007705614352218 -0.29219881709726236 
-0.5565964545805115 1.0111780633776932 -0.29425012253249594 
-0.5565964545805115 1.0111780633776932 -0.29425012253249594 
-0.5565964545805115 1.0111780633776932 -0.29425012253249594 
-0.5568073271304521 1.0121526493045039 -0.2948335663449062 
-0.5568073271304521 1.0121526493045039 -0.2948335663449062 
-0.5568073271304521 1.0121526493045039 -0.2948335663449062 
-0.5571414506374653 1.0136954261212547 -0.2957410825393577 
-0.5571414506374653 1.0136954261212547 -0.2957410825393577 
-0.5571414506374652 1.0136954261212547 -0.2957410825393574 
-0.5577518115385667 1.0165143264645122 -0.29740631233915715 
-0.5577518115385666 1.0165143264645122 -0.2974063123391568 
-0.5577518115385666 1.0165143264645122 -0.2974063123391568 
-0.5581537626322958 1.018371048109984 -0.29850700695542287 
-0.5581537626322958 1.018371048109984 -0.29850700695542287 
-0.5581537626322958 1.018371048109984 -0.29850700695542287 
-0.5585848767649779 1.0203621123711575 -0.2996832030380382 
-0.5585848767649779 1.0203621123711575 -0.2996832030380382 
-0.5585848767649779 1.0203621123711575 -0.2996832030380382 
-0.5585848767649779 1.0203621123711575 -0.2996832030380382 
-0.5585848767649779 1.0203621123711575 -0.2996832030380382 
-0.5591914747349565 1.0231629450942714 -0.30133004014265674 
-0.5591914747349565 1.0231629450942714 -0.30133004014265674 
-0.5595991285900378 1.0250460044620713 -0.30244629343597385 
-0.5595991285900378 1.0250460044620713 -0.30244629343597385 
-0.5595991285900378 1.0250460044620713 -0.30244629343597385 
-0.5597606375485981 1.0257926088054687 -0.30289506000538957 
-0.5597606375485981 1.0257926088054687 -0.30289506000538957 
-0.5597606375485981 1.0257926088054687 -0.30289506000538957 
-0.5597606375485981 1.0257926088054687 -0.30289506000538957 
-0.5597606375485981 1.0257926088054687 -0.30289506000538957 
-0.5604536611387247 1.0289922465459485 -0.30477362640230043 
-0.5604536611387247 1.0289922465459485 -0.30477362640230043 
-0.5608931279385194 1.0310222313157695 -0.3059766740224832 
-0.5608931279385194 1.0310222313157695 -0.3059766740224832 
-0.5614960620346786 1.0338075204269084 -0.30762976788773944 
-0.5614960620346786 1.0338075204269084 -0.30762976788773944 
-0.5614960620346786 1.0338075204269084 -0.30762976788773944 
-0.5614960620346786 1.0338075204269084 -0.30762976788773944 
-0.5621780831175414 1.0369558348728527 -0.309472309996059 
-0.5621780831175414 1.0369558348728527 -0.309472309996059 
-0.5621780831175414 1.0369558348728527 -0.309472309996059 
-0.5621780831175414 1.0369558348728527 -0.309472309996059 
-0.5627906390482909 1.0397848727754084 -0.3111435284310654 
-0.5627906390482909 1.0397848727754084 -0.3111435284310654 
-0.5627906390482909 1.0397848727754084 -0.3111435284310654 
-0.5627906390482909 1.0397848727754084 -0.3111435284310654 
-0.5627906390482909 1.0397848727754084 -0.3111435284310654 
-0.5627906390482909 1.0397848727754084 -0.3111435284310654 
-0.5633995274431681 1.0425981704556837 -0.31281887370514483 
-0.5633995274431681 1.0425981704556837 -0.31281887370514483 
-0.5633995274431681 1.0425981704556837 -0.31281887370514483 
-0.5633995274431681 1.0425981704556837 -0.31281887370514483 
-0.5633995274431681 1.0425981704556837 -0.31281887370514483 
-0.5640725550184286 1.045704949145289 -0.3146368790896392 
-0.5640725550184286 1.045704949145289 -0.3146368790896392 
-0.5640725550184286 1.045704949145289 -0.3146368790896392 
-0.5640725550184286 1.045704949145289 -0.3146368790896392 
-0.5640725550184286 1.045704949145289 -0.3146368790896392 
-0.5640725550184286 1.045704949145289 -0.3146368790896392 
-0.5647389265763991 1.0487837279661203 -0.3164690539968039 
-0.5647389265763991 1.0487837279661203 -0.3164690539968039 
-0.5651417552024616 1.0506445024206617 -0.3175721427588768 
-0.5656518508415895 1.0530003361079716 -0.31896382177614424 
-0.5656518508415895 1.0530003361079716 -0.31896382177614424 
-0.5656518508415895 1.0530003361079716 -0.31896382177614424 
-0.5658056306647665 1.0537102108313017 -0.3193793115711536 
-0.5658056306647665 1.0537102108313017 -0.3193793115711536 
-0.5658056306647665 1.0537102108313017 -0.3193793115711536 
-0.5658056306647665 1.0537102108313017 -0.3193793115711536 
-0.5661842937329559 1.055458689854832 -0.32040834374804583 
-0.5661842937329559 1.055458689854832 -0.32040834374804583 
-0.5668405725358869 1.0584910358351705 -0.32221510281723775 
-0.5668405725358869 1.0584910358351705 -0.32221510281723775 
-0.5673673436869779 1.0609238839680513 -0.3236522771462096 
-0.5673673436869779 1.0609238839680513 -0.3236522771462096 
-0.5673673436869779 1.0609238839680513 -0.3236522771462096 
-0.5673673436869779 1.0609238839680513 -0.3236522771462096 
-0.5678459673546791 1.0631324801867628 -0.32493583283387995 
-0.5678459673546791 1.0631324801867628 -0.32493583283387995 
-0.5681735612298642 1.0646459540123927 -0.32583560409458223 
-0.568806534698495 1.0675696330116784 -0.3275665903013033 
-0.568806534698495 1.0675696330116784 -0.3275665903013033 
-0.568806534698495 1.0675696330116784 -0.3275665903013033 
-0.5689495796617196 1.0682302741097685 -0.3279568556918988 
-0.569543215587815 1.0709710780038024 -0.3295663855615768 
-0.569543215587815 1.0709710780038024 -0.3295663855615768 
-0.569543215587815 1.0709710780038024 -0.3295663855615768 
-0.569543215587815 1.0709710780038024 -0.3295663855615768 
-0.5701099997394516 1.0735902652078484 -0.33113092226004404 
-0.5701099997394516 1.0735902652078484 -0.33113092226004404 
-0.5701099997394516 1.0735902652078484 -0.33113092226004404 
-0.5701099997394516 1.0735902652078484 -0.33113092226004404 
-0.5701099997394516 1.0735902652078484 -0.33113092226004404 
-0.5701099997394516 1.0735902652078484 -0.33113092226004404 
-0.570795377141553 1.076755278513942 -0.33299675418596053 
-0.570795377141553 1.076755278513942 -0.33299675418596053 
-0.5713590416657948 1.0793592044192166 -0.3345427100263789 
-0.5713590416657948 1.0793592044192166 -0.3345427100263789 
-0.5713590416657948 1.0793592044192166 -0.3345427100263789 
-0.5713590416657948 1.0793592044192166 -0.3345427100263789 
-0.5724259490272998 1.0842862816641792 -0.33744945898477396 
-0.5724259490272998 1.0842862816641792 -0.33744945898477396 
-0.5726426953918389 1.0852869620481256 -0.3380367385534687 
-0.5731744950450861 1.0877426894740456 -0.33948356879773034 
-0.5731744950450861 1.0877426894740456 -0.33948356879773034 
-0.5731744950450861 1.0877426894740456 -0.33948356879773034 
-0.5737508837881615 1.0904053811108299 -0.3410642397523421 
-0.5738549175729925 1.0908865337244824 -0.3413561101553835 
-0.5738549175729925 1.0908865337244824 -0.3413561101553835 
-0.5738549175729925 1.0908865337244824 -0.3413561101553835 
-0.5738549175729925 1.0908865337244824 -0.3413561101553835 
-0.5738549175729925 1.0908865337244824 -0.3413561101553835 
-0.5743576987435941 1.093207215962962 -0.34271166885203097 
-0.5743576987435941 1.093207215962962 -0.34271166885203097 
-0.5750832268463905 1.096557661893863 -0.34468704276066553 
-0.5750832268463905 1.096557661893863 -0.34468704276066553 
-0.5750832268463903 1.096557661893863 -0.3446870427606652 
-0.5752811384856538 1.0974720445277864 -0.34523106249933344 
-0.5752811384856538 1.0974720445277864 -0.34523106249933344 
-0.5752811384856538 1.0974720445277864 -0.34523106249933344 
-0.5758864696857839 1.1002680600413801 -0.3468866331131517 
-0.5763213294408286 1.102276767563586 -0.3480771114678498 
-0.5763213294408286 1.102276767563586 -0.3480771114678498 
-0.5769070860178902 1.1049813460712972 -0.3496670876095661 
-0.5769070860178902 1.1049813460712972 -0.3496670876095661 
-0.5769070860178902 1.1049813460712972 -0.3496670876095661 
-0.5769070860178902 1.1049813460712972 -0.3496670876095661 
-0.5772813590267832 1.1067095499762307 -0.3506841425160441 
-0.5772813590267832 1.1067095499762307 -0.3506841425160441 
-0.578152613019641 1.1107340518998896 -0.3530692857099117 
-0.578152613019641 1.1107340518998896 -0.3530692857099117 
-0.578152613019641 1.1107340518998896 -0.3530692857099117 
-0.578152613019641 1.1107340518998896 -0.3530692857099117 
-0.578152613019641 1.1107340518998896 -0.3530692857099117 
-0.579226761221711 1.1156945703563008 -0.3559957896419007 
-0.579226761221711 1.1156945703563008 -0.3559957896419007 
-0.579498762366598 1.116949931140339 -0.3567278127424628 
-0.579498762366598 1.116949931140339 -0.3567278127424628 
-0.5794987623665979 1.116949931140339 -0.35672781274246246 
-0.5794987623665979 1.116949931140339 -0.35672781274246246 
-0.5794987623665979 1.116949931140339 -0.35672781274246246 
-0.5801875307054587 1.1201324920248046 -0.35862515533217065 
-0.5801875307054587 1.1201324920248046 -0.35862515533217065 
-0.5805771629278149 1.1219316311617045 -0.3596841143316437 
-0.5808562027733349 1.123219664313603 -0.3604372841829532 
-0.5811969411915541 1.1247936803799732 -0.36137097404645624 
-0.5811969411915541 1.1247936803799732 -0.36137097404645624 
-0.5811969411915541 1.1247936803799732 -0.36137097404645624 
-0.5811969411915541 1.1247936803799732 -0.36137097404645624 
-0.5817028512433382 1.1271298388650917 -0.36274717044804605 
-0.5817028512433382 1.1271298388650917 -0.36274717044804605 
-0.5817028512433382 1.1271298388650917 -0.36274717044804605 
-0.5820855115368646 1.1288978119968947 -0.36379929773828545 
-0.5820855115368646 1.1288978119968947 -0.36379929773828545 
-0.5820855115368646 1.1288978119968947 -0.36379929773828545 
-0.5820855115368646 1.1288978119968947 -0.36379929773828545 
-0.5826594214274259 1.1315476775821665 -0.3653569529116144 
-0.5826594214274259 1.1315476775821665 -0.3653569529116144 
-0.5826594214274259 1.1315476775821665 -0.3653569529116144 
-0.5826594214274259 1.1315476775821665 -0.3653569529116144 
-0.5826594214274259 1.1315476775821665 -0.3653569529116144 
-0.5837551198991293 1.136608757401491 -0.3683544414144614 
-0.5837551198991293 1.136608757401491 -0.3683544414144614 
-0.5837551198991294 1.136608757401491 -0.3683544414144617 
-0.5837551198991294 1.136608757401491 -0.3683544414144617 
-0.5837551198991293 1.136608757401491 -0.3683544414144614 
-0.5837551198991293 1.136608757401491 -0.3683544414144614 
-0.5844014423171378 1.1395933985574904 -0.3701137207692281 
-0.5844014423171378 1.1395933985574904 -0.3701137207692281 
-0.5844014423171378 1.1395933985574904 -0.3701137207692281 
-0.5850159900043976 1.1424319796395634 -0.37179443645539545 
-0.5850159900043976 1.1424319796395634 -0.37179443645539545 
-0.5855359405735153 1.1448329830697954 -0.37320893918988884 
-0.5858463856186589 1.1462667473275294 -0.37405591732928156 
-0.5858463856186589 1.1462667473275294 -0.37405591732928156 
-0.5858463856186589 1.1462667473275294 -0.37405591732928156 
-0.5864137462366112 1.1488870544897523 -0.37560383071387415 
-0.5864137462366112 1.1488870544897523 -0.37560383071387415 
-0.5864137462366112 1.1488870544897523 -0.37560383071387415 
-0.5864137462366112 1.1488870544897523 -0.37560383071387415 
-0.5864137462366112 1.1488870544897523 -0.37560383071387415 
-0.5867191926018602 1.1502987660261712 -0.3764493607014071 
-0.5867191926018602 1.1502987660261712 -0.3764493607014071 
-0.5867191926018602 1.1502987660261712 -0.3764493607014071 
-0.5875701345370944 1.1542268827617694 -0.37874870143197026 
-0.5875701345370944 1.1542268827617694 -0.37874870143197026 
-0.5879168296516608 1.1558289184705248 -0.3797046492456776 
-0.5879168296516608 1.1558289184705248 -0.3797046492456776 
-0.5879168296516608 1.1558289184705248 -0.3797046492456776 
-0.5884833863652414 1.1584468830610601 -0.3812665338314901 
-0.5888293139518699 1.1600434946712173 -0.38219821668142384 
-0.5888293139518699 1.1600434946712173 -0.38219821668142384 
-0.5888293139518699 1.1600434946712173 -0.38219821668142384 
-0.5888293139518699 1.1600434946712173 -0.38219821668142384 
-0.5888293139518699 1.1600434946712173 -0.38219821668142384 
-0.5892141197463927 1.1618203433582346 -0.38324400787896107 
-0.5898225223096896 1.1646305437035716 -0.38490795800310174 
-0.5898225223096896 1.1646305437035716 -0.38490795800310174 
-0.5898225223096896 1.1646305437035716 -0.38490795800310174 
-0.5898225223096896 1.1646305437035716 -0.38490795800310174 
-0.5902852126952415 1.1667670958053884 -0.38616623945303374 
-0.5902852126952415 1.1667670958053884 -0.38616623945303374 
-0.5902852126952415 1.1667670958053884 -0.38616623945303374 
-0.5902852126952415 1.1667670958053884 -0.38616623945303374 
-0.5908616151506332 1.1694301951914097 -0.38775101101866993 
-0.5908616151506331 1.1694301951914097 -0.3877510110186696 
-0.5908616151506331 1.1694301951914097 -0.3877510110186696 
-0.5915373396970677 1.1725506275977384 -0.3895905073407152 
-0.5915373396970677 1.1725506275977384 -0.3895905073407152 
-0.5917584970261072 1.1735720240692658 -0.3901938844149938 
-0.5917584970261072 1.1735720240692658 -0.3901938844149938 
-0.5917584970261072 1.1735720240692658 -0.3901938844149938 
-0.5917584970261072 1.1735720240692658 -0.3901938844149938 
-0.5924269437168267 1.176658155472675 -0.3920053983758697 
-0.5924269437168265 1.176658155472675 -0.3920053983758697 
-0.5924269437168265 1.176658155472675 -0.3920053983758697 
-0.5930586217921618 1.1795761962273403 -0.39373691359905105 
-0.5930586217921618 1.1795761962273403 -0.39373691359905105 
-0.5936156678087535 1.1821488662731223 -0.3952566859583452 
-0.5936156678087535 1.1821488662731223 -0.3952566859583452 
-0.5936156678087535 1.1821488662731223 -0.3952566859583452 
-0.5936156678087535 1.1821488662731223 -0.3952566859583452 
-0.5936156678087535 1.1821488662731223 -0.3952566859583452 
-0.5939875586248067 1.1838667570614632 -0.3962753679979768 
-0.5947414068517433 1.1873483415172181 -0.3983320700733478 
-0.5947414068517433 1.1873483415172181 -0.3983320700733478 
-0.5952060543762847 1.1894935880803303 -0.39959162792824754 
-0.5952060543762847 1.1894935880803303 -0.39959162792824754 
-0.5952060543762849 1.1894935880803303 -0.3995916279282479 
-0.5952060543762849 1.1894935880803303 -0.3995916279282479 
-0.5952060543762847 1.1894935880803303 -0.39959162792824754 
-0.5952060543762847 1.1894935880803303 -0.39959162792824754 
-0.5952060543762847 1.1894935880803303 -0.39959162792824754 
-0.595547686436783 1.191072075778257 -0.4005318190899627 
-0.5955476864367829 1.191072075778257 -0.4005318190899624 
-0.5955476864367829 1.191072075778257 -0.4005318190899624 
-0.5955476864367829 1.191072075778257 -0.4005318190899624 
-0.5961619652123078 1.1939083816539786 -0.40219961151176997 
-0.5961619652123078 1.1939083816539786 -0.40219961151176997 
-0.5965527116588409 1.1957130111613263 -0.40326567361659793 
-0.5965527116588409 1.1957130111613263 -0.40326567361659793 
-0.5967622768273393 1.196681903477273 -0.403849613738558 
-0.5967622768273393 1.196681903477273 -0.403849613738558 
-0.5971143796313136 1.1983073717405857 -0.40480211912309116 
-0.5971143796313136 1.1983073717405857 -0.40480211912309116 
-0.5974217372033447 1.1997265323440898 -0.405636610599755 
-0.5974217372033447 1.1997265323440898 -0.405636610599755 
-0.5974217372033447 1.1997265323440898 -0.405636610599755 
-0.5980221590938926 1.202498332222551 -0.4072605912177182 
-0.5980221590938926 1.202498332222551 -0.4072605912177182 
-0.5980221590938926 1.202498332222551 -0.4072605912177182 
-0.5980221590938926 1.202498332222551 -0.4072605912177182 
-0.5980221590938926 1.202498332222551 -0.4072605912177182 
-0.5980221590938926 1.202498332222551 -0.4072605912177182 
-0.598685056338865 1.2055617540619503 -0.40909141365854185 
-0.598685056338865 1.2055617540619503 -0.40909141365854185 
-0.598685056338865 1.2055617540619503 -0.40909141365854185 
-0.5996394278968608 1.2099694386098534 -0.4116951976748303 
-0.5996394278968608 1.2099694386098534 -0.4116951976748303 
-0.5999110409374386 1.2112238605296333 -0.41243623159159715 
-0.5999110409374386 1.2112238605296333 -0.41243623159159715 
-0.5999110409374386 1.2112238605296333 -0.41243623159159715 
-0.5999110409374386 1.2112238605296333 -0.41243623159159715 
-0.6004217613071106 1.2135818906421478 -0.4138214886427164 
-0.6004217613071106 1.2135818906421478 -0.4138214886427164 
-0.6004217613071106 1.2135818906421478 -0.4138214886427164 
-0.6004217613071106 1.2135818906421478 -0.4138214886427164 
-0.6009489897319431 1.2160171950752992 -0.41526397373837975 
-0.6009489897319431 1.2160171950752992 -0.41526397373837975 
-0.6009489897319431 1.2160171950752992 -0.41526397373837975 
-0.6009489897319431 1.2160171950752992 -0.41526397373837975 
-0.60192943445815 1.2205446075114252 -0.4179307660169066 
-0.60192943445815 1.2205446075114252 -0.4179307660169066 
-0.60192943445815 1.2205446075114252 -0.4179307660169066 
-0.6028961469915375 1.2250103210735086 -0.42058040915584904 
-0.6028961469915375 1.2250103210735086 -0.42058040915584904 
-0.6031157602472909 1.2260245863727932 -0.42117957358012925 
-0.6031157602472909 1.2260245863727932 -0.42117957358012925 
-0.6031157602472909 1.2260245863727932 -0.42117957358012925 
-0.6031157602472909 1.2260245863727932 -0.42117957358012925 
-0.6038536060226454 1.2294326092756414 -0.4231966798348662 
-0.6038536060226454 1.2294326092756414 -0.4231966798348662 
-0.6042057225389361 1.2310584852881925 -0.42415328583042256 
-0.6042057225389361 1.2310584852881925 -0.42415328583042256 
-0.6042057225389361 1.2310584852881925 -0.42415328583042256 
-0.6042057225389361 1.2310584852881925 -0.42415328583042256 
-0.6042057225389361 1.2310584852881925 -0.42415328583042256 
-0.604843864607502 1.2340041482074082 -0.42587611410703785 
-0.604843864607502 1.2340041482074082 -0.42587611410703785 
-0.604843864607502 1.2340041482074082 -0.42587611410703785 
-0.604843864607502 1.2340041482074082 -0.42587611410703785 
-0.604843864607502 1.2340041482074082 -0.42587611410703785 
-0.605475607057011 1.236923684251588 -0.4276219378303515 
-0.605475607057011 1.236923684251588 -0.4276219378303515 
-0.6059027686977492 1.238896494262075 -0.4287873504447647 
-0.6059027686977492 1.238896494262075 -0.4287873504447647 
-0.6063375986305317 1.2409043752125568 -0.4299696210360334 
-0.6063375986305317 1.2409043752125568 -0.4299696210360334 
-0.6069391507895935 1.2436819042835208 -0.4316026918022654 
-0.6069391507895935 1.2436819042835208 -0.4316026918022654 
-0.6074827995269704 1.246192355705129 -0.43308184955629614 
-0.6074827995269704 1.246192355705129 -0.43308184955629614 
-0.6074827995269704 1.246192355705129 -0.43308184955629614 
-0.6079558689536658 1.2483782202133331 -0.43438470064115065 
-0.6079558689536658 1.2483782202133331 -0.43438470064115065 
-0.6079558689536658 1.2483782202133331 -0.43438470064115065 
-0.6079558689536658 1.2483782202133331 -0.43438470064115065 
-0.6079558689536658 1.2483782202133331 -0.43438470064115065 
-0.6079558689536658 1.2483782202133331 -0.43438470064115065 
-0.6080837358725458 1.2489680739536286 -0.4347254298169362 
-0.6080837358725458 1.2489680739536286 -0.4347254298169362 
-0.6086554841521651 1.251608645161199 -0.43628531393056125 
-0.6086554841521651 1.251608645161199 -0.43628531393056125 
-0.6086554841521651 1.251608645161199 -0.43628531393056125 
-0.6086554841521651 1.251608645161199 -0.43628531393056125 
-0.6092974398137112 1.254573463240835 -0.438036742791465 
-0.6092974398137112 1.254573463240835 -0.438036742791465 
-0.6096089966854024 1.256012706795768 -0.4388908174948313 
-0.6096089966854024 1.256012706795768 -0.4388908174948313 
-0.6099200391020658 1.2574480319806633 -0.4397252925555196 
-0.6099200391020658 1.2574480319806633 -0.4397252925555196 
-0.6103591464209989 1.2594778989213258 -0.44094555548464587 
-0.6103591464209989 1.2594778989213258 -0.44094555548464587 
-0.6111317626014078 1.2630442747643411 -0.4430312023485291 
-0.6115848507931504 1.265137333506669 -0.44427335608369833 
-0.6115848507931504 1.265137333506669 -0.44427335608369833 
-0.6115848507931504 1.265137333506669 -0.44427335608369833 
-0.6117551201639131 1.2659240526549 -0.4447419602294632 
-0.6117551201639131 1.2659240526549 -0.4447419602294632 
-0.6117551201639131 1.2659240526549 -0.4447419602294632 
-0.6117551201639131 1.2659240526549 -0.4447419602294632 
-0.6125150604553253 1.269432919233866 -0.4468052134363715 
-0.6125150604553253 1.269432919233866 -0.4468052134363715 
-0.6125150604553253 1.269432919233866 -0.4468052134363715 
-0.6130206122250624 1.2717689654264501 -0.4481986284175964 
-0.6130206122250624 1.2717689654264501 -0.4481986284175964 
-0.6130206122250624 1.2717689654264501 -0.4481986284175964 
-0.6130206122250624 1.2717689654264501 -0.4481986284175964 
-0.6130206122250624 1.2717689654264501 -0.4481986284175964 
-0.6140203859654367 1.2763859917043405 -0.45092221868041704 
-0.6140203859654367 1.2763859917043405 -0.45092221868041704 
-0.6140203859654367 1.2763859917043405 -0.45092221868041704 
-0.6145271920571291 1.2787266328942637 -0.45230492292160174 
-0.6145271920571291 1.2787266328942637 -0.45230492292160174 
-0.6145271920571291 1.2787266328942637 -0.45230492292160174 
-0.6155463222363036 1.2834340885123927 -0.4550935123907637 
-0.6155463222363036 1.2834340885123927 -0.4550935123907637 
-0.6155463222363033 1.2834340885123927 -0.4550935123907637 
-0.6155463222363033 1.2834340885123927 -0.4550935123907637 
-0.616232103787051 1.2866002795047997 -0.4569523205433895 
-0.616232103787051 1.2866002795047997 -0.4569523205433895 
-0.6168398493999125 1.2894074457799594 -0.4586144783288669 
-0.6168398493999125 1.2894074457799594 -0.4586144783288669 
-0.6168398493999125 1.2894074457799594 -0.4586144783288669 
-0.6172391643001977 1.291251992388349 -0.45970798069564023 
-0.6172391643001977 1.291251992388349 -0.45970798069564023 
-0.6172391643001977 1.291251992388349 -0.45970798069564023 
-0.6172391643001977 1.291251992388349 -0.45970798069564023 
-0.6172391643001977 1.291251992388349 -0.45970798069564023 
-0.6179945332975866 1.294740255974114 -0.4617647686444576 
-0.6179945332975866 1.294740255974114 -0.4617647686444576 
-0.6179945332975866 1.294740255974114 -0.4617647686444576 
-0.6182071448022484 1.2957225286965772 -0.462348893596075 
-0.6182071448022484 1.2957225286965772 -0.462348893596075 
-0.6185741930805224 1.2974177102125484 -0.46335030068136485 
-0.6185741930805224 1.2974177102125484 -0.4633503006813645 
-0.6189585439989327 1.2991921136725444 -0.46439078765359276 
-0.6189585439989327 1.2991921136725444 -0.46439078765359276 
-0.6189585439989327 1.2991921136725444 -0.46439078765359276 
-0.6189585439989327 1.2991921136725444 -0.46439078765359276 
-0.6189585439989327 1.2991921136725444 -0.46439078765359276 
-0.6193846397453308 1.3011606897800432 -0.4655614186198692 
-0.6193846397453308 1.3011606897800432 -0.4655614186198692 
-0.6197468825009758 1.3028340218151162 -0.4665537781383934 
-0.6197468825009758 1.3028340218151162 -0.4665537781383934 
-0.6197468825009758 1.3028340218151162 -0.4665537781383934 
-0.6197468825009758 1.3028340218151162 -0.4665537781383934 
-0.6197468825009758 1.3028340218151162 -0.4665537781383934 
-0.6203808848487966 1.3057610749259194 -0.4682713186056756 
-0.6203808848487966 1.3057610749259194 -0.4682713186056756 
-0.6209765655908893 1.3085125206129966 -0.4699005601570053 
-0.6209765655908893 1.3085125206129966 -0.4699005601570053 
-0.6213528118487179 1.310249837801712 -0.47092299862085707 
-0.6213528118487179 1.310249837801712 -0.47092299862085707 
-0.6213528118487179 1.310249837801712 -0.47092299862085707 
-0.6213528118487179 1.310249837801712 -0.47092299862085707 
-0.6213528118487179 1.310249837801712 -0.47092299862085707 
-0.6213528118487179 1.310249837801712 -0.47092299862085707 
-0.6213528118487179 1.310249837801712 -0.47092299862085707 
-0.6223109326255198 1.3146751822205205 -0.47354107472130147 
-0.6223109326255198 1.3146751822205205 -0.47354107472130147 
-0.6225500906820801 1.3157800579539636 -0.47419762585425385 
-0.6225500906820801 1.3157800579539636 -0.47419762585425385 
-0.6225500906820801 1.3157800579539636 -0.47419762585425385 
-0.6225500906820801 1.3157800579539636 -0.47419762585425385 
-0.6231422612948395 1.3185152924047623 -0.4758172908223576 
-0.6231422612948395 1.3185152924047623 -0.4758172908223576 
-0.6238021532441237 1.3215619144563673 -0.47760546513231195 
-0.6238021532441237 1.3215619144563673 -0.47760546513231195 
-0.6238021532441237 1.3215619144563673 -0.47760546513231195 
