-0.6610873873956379 1.0557349012248662 -0.2792198956146277 
-0.6610873873956379 1.0557349012248662 -0.2792198956146277 
-0.6610873873956379 1.0557349012248662 -0.2792198956146277 
-0.6610873873956379 1.0557349012248662 -0.2792198956146277 
-0.6602831230600696 1.0520208186436044 -0.27702970794433335 
-0.6602831230600696 1.0520208186436044 -0.27702970794433335 
-0.6602831230600696 1.0520208186436044 -0.27702970794433335 
-0.6603524523102559 1.0523410099382875 -0.27721885691046044 
-0.6603524523102559 1.0523410099382875 -0.27721885691046044 
-0.6603524523102559 1.0523410099382875 -0.27721885691046044 
-0.6603524523102559 1.0523410099382875 -0.27721885691046044 
-0.6603524523102559 1.0523410099382875 -0.27721885691046044 
-0.6603524523102559 1.0523410099382875 -0.27721885691046044 
-0.6605242561637872 1.053134815965766 -0.27769164754069586 
-0.6605242561637872 1.053134815965766 -0.27769164754069586 
-0.6612179546125172 1.056337914903847 -0.2795761183347134 
-0.6612179546125172 1.056337914903847 -0.2795761183347134 
-0.6612179546125172 1.056337914903847 -0.2795761183347134 
-0.6612179546125172 1.056337914903847 -0.2795761183347134 
-0.6612179546125172 1.056337914903847 -0.2795761183347134 
-0.6612179546125172 1.056337914903847 -0.2795761183347134 
-0.6612179546125172 1.056337914903847 -0.2795761183347134 
-0.6612179546125172 1.056337914903847 -0.2795761183347134 
-0.6612179546125172 1.056337914903847 -0.2795761183347134 
-0.6622116655768792 1.0609286628623702 -0.2823034837035734 
-0.6622116655768792 1.0609286628623702 -0.2823034837035734 
-0.662211665576879 1.0609286628623702 -0.28230348370357305 
-0.662211665576879 1.0609286628623702 -0.28230348370357305 
-0.662211665576879 1.0609286628623702 -0.28230348370357305 
-0.6626010772173372 1.0627267832603784 -0.28336184089590355 
-0.6626010772173372 1.0627267832603784 -0.28336184089590355 
-0.6626010772173372 1.0627267832603784 -0.28336184089590355 
-0.6626010772173372 1.0627267832603784 -0.28336184089590355 
-0.6626010772173372 1.0627267832603784 -0.28336184089590355 
-0.6631688270728047 1.0653478548230522 -0.2848986266254905 
-0.6631688270728047 1.0653478548230522 -0.2848986266254905 
-0.6631688270728047 1.0653478548230522 -0.2848986266254905 
-0.6631688270728047 1.0653478548230522 -0.2848986266254905 
-0.6631688270728047 1.0653478548230522 -0.2848986266254905 
-0.6631688270728047 1.0653478548230522 -0.2848986266254905 
-0.6641789434385799 1.0700133364841704 -0.2876585607710034 
-0.6641789434385799 1.0700133364841704 -0.2876585607710034 
-0.6641789434385799 1.0700133364841704 -0.2876585607710034 
-0.6643461718678452 1.0707867001406945 -0.2881269948052215 
-0.6643461718678452 1.0707867001406945 -0.2881269948052215 
-0.6647895231233573 1.0728332472613826 -0.2893243874719088 
-0.6647895231233573 1.0728332472613826 -0.2893243874719088 
-0.6647895231233573 1.0728332472613826 -0.2893243874719088 
-0.6647895231233573 1.0728332472613826 -0.2893243874719088 
-0.6647895231233573 1.0728332472613826 -0.2893243874719088 
-0.6647895231233573 1.0728332472613826 -0.2893243874719088 
-0.6656061006004048 1.0766041970480638 -0.2915481687260705 
-0.6656061006004048 1.0766041970480638 -0.2915481687260705 
-0.6656061006004048 1.0766041970480638 -0.2915481687260705 
-0.6658445843977693 1.077705614352218 -0.29219881709726236 
-0.6658445843977693 1.077705614352218 -0.29219881709726236 
-0.6658445843977693 1.077705614352218 -0.29219881709726236 
-0.6658445843977693 1.077705614352218 -0.29219881709726236 
-0.6658445843977693 1.077705614352218 -0.29219881709726236 
-0.6665964545805118 1.0811780633776933 -0.2942501225324957 
-0.6665964545805118 1.0811780633776933 -0.2942501225324957 
-0.6665964545805118 1.0811780633776933 -0.2942501225324957 
-0.6668073271304524 1.0821526493045042 -0.2948335663449061 
-0.6668073271304524 1.0821526493045042 -0.2948335663449061 
-0.6668073271304524 1.0821526493045042 -0.2948335663449061 
-0.6671414506374654 1.0836954261212548 -0.2957410825393578 
-0.6671414506374654 1.0836954261212548 -0.2957410825393578 
-0.6671414506374653 1.0836954261212548 -0.2957410825393575 
-0.6677518115385669 1.086514326464512 -0.29740631233915704 
-0.6677518115385668 1.086514326464512 -0.2974063123391567 
-0.6677518115385668 1.086514326464512 -0.2974063123391567 
-0.6681537626322959 1.0883710481099835 -0.29850700695542287 
-0.6681537626322959 1.0883710481099835 -0.29850700695542287 
-0.6681537626322959 1.0883710481099835 -0.29850700695542287 
-0.6685848767649781 1.0903621123711575 -0.2996832030380381 
-0.6685848767649781 1.0903621123711575 -0.2996832030380381 
-0.6685848767649781 1.0903621123711575 -0.2996832030380381 
-0.6685848767649781 1.0903621123711575 -0.2996832030380381 
-0.6685848767649781 1.0903621123711575 -0.2996832030380381 
-0.6691914747349567 1.0931629450942715 -0.30133004014265674 
-0.6691914747349567 1.0931629450942715 -0.30133004014265674 
-0.669599128590038 1.0950460044620711 -0.30244629343597407 
-0.669599128590038 1.0950460044620711 -0.30244629343597407 
-0.669599128590038 1.0950460044620711 -0.30244629343597407 
-0.6697606375485983 1.0957926088054686 -0.3028950600053898 
-0.6697606375485983 1.0957926088054686 -0.3028950600053898 
-0.6697606375485983 1.0957926088054686 -0.3028950600053898 
-0.6697606375485983 1.0957926088054686 -0.3028950600053898 
-0.6697606375485983 1.0957926088054686 -0.3028950600053898 
-0.6704536611387251 1.0989922465459485 -0.30477362640230043 
-0.6704536611387251 1.0989922465459485 -0.30477362640230043 
-0.6708931279385196 1.1010222313157696 -0.3059766740224831 
-0.6708931279385196 1.1010222313157696 -0.3059766740224831 
-0.6714960620346789 1.1038075204269084 -0.30762976788773944 
-0.6714960620346789 1.1038075204269084 -0.30762976788773944 
-0.6714960620346789 1.1038075204269084 -0.30762976788773944 
-0.6714960620346789 1.1038075204269084 -0.30762976788773944 
-0.6721780831175417 1.1069558348728528 -0.3094723099960588 
-0.6721780831175417 1.1069558348728528 -0.3094723099960588 
-0.6721780831175417 1.1069558348728528 -0.3094723099960588 
-0.6721780831175417 1.1069558348728528 -0.3094723099960588 
-0.6727906390482911 1.1097848727754083 -0.3111435284310654 
-0.6727906390482911 1.1097848727754083 -0.3111435284310654 
-0.6727906390482911 1.1097848727754083 -0.3111435284310654 
-0.6727906390482911 1.1097848727754083 -0.3111435284310654 
-0.6727906390482911 1.1097848727754083 -0.3111435284310654 
-0.6727906390482911 1.1097848727754083 -0.3111435284310654 
-0.6733995274431684 1.1125981704556838 -0.31281887370514483 
-0.6733995274431684 1.1125981704556838 -0.31281887370514483 
-0.6733995274431684 1.1125981704556838 -0.31281887370514483 
-0.6733995274431684 1.1125981704556838 -0.31281887370514483 
-0.6733995274431684 1.1125981704556838 -0.31281887370514483 
-0.6740725550184288 1.115704949145289 -0.31463687908963933 
-0.6740725550184288 1.115704949145289 -0.31463687908963933 
-0.6740725550184288 1.115704949145289 -0.31463687908963933 
-0.6740725550184288 1.115704949145289 -0.31463687908963933 
-0.6740725550184288 1.115704949145289 -0.31463687908963933 
-0.6740725550184288 1.115704949145289 -0.31463687908963933 
-0.6747389265763993 1.1187837279661201 -0.31646905399680414 
-0.6747389265763993 1.1187837279661201 -0.31646905399680414 
-0.6751417552024619 1.1206445024206615 -0.31757214275887646 
-0.6756518508415897 1.1230003361079715 -0.31896382177614413 
-0.6756518508415897 1.1230003361079715 -0.31896382177614413 
-0.6756518508415897 1.1230003361079715 -0.31896382177614413 
-0.6758056306647667 1.1237102108313017 -0.3193793115711533 
-0.6758056306647667 1.1237102108313017 -0.3193793115711533 
-0.6758056306647667 1.1237102108313017 -0.3193793115711533 
-0.6758056306647667 1.1237102108313017 -0.3193793115711533 
-0.6761842937329562 1.125458689854832 -0.3204083437480457 
-0.6761842937329562 1.125458689854832 -0.3204083437480457 
-0.6768405725358873 1.12849103583517 -0.32221510281723764 
-0.6768405725358873 1.12849103583517 -0.32221510281723764 
-0.6773673436869782 1.1309238839680515 -0.3236522771462096 
-0.6773673436869782 1.1309238839680515 -0.3236522771462096 
-0.6773673436869782 1.1309238839680515 -0.3236522771462096 
-0.6773673436869782 1.1309238839680515 -0.3236522771462096 
-0.6778459673546793 1.1331324801867628 -0.32493583283387983 
-0.6778459673546793 1.1331324801867628 -0.32493583283387983 
-0.6781735612298644 1.1346459540123928 -0.32583560409458234 
-0.6788065346984953 1.1375696330116785 -0.3275665903013033 
-0.6788065346984953 1.1375696330116785 -0.3275665903013033 
-0.6788065346984953 1.1375696330116785 -0.3275665903013033 
-0.6789495796617198 1.1382302741097683 -0.32795685569189903 
-0.6795432155878152 1.1409710780038023 -0.3295663855615767 
-0.6795432155878152 1.1409710780038023 -0.3295663855615767 
-0.6795432155878152 1.1409710780038023 -0.3295663855615767 
-0.6795432155878152 1.1409710780038023 -0.3295663855615767 
-0.680109999739452 1.1435902652078482 -0.3311309222600437 
-0.680109999739452 1.1435902652078482 -0.3311309222600437 
-0.680109999739452 1.1435902652078482 -0.3311309222600437 
-0.680109999739452 1.1435902652078482 -0.3311309222600437 
-0.680109999739452 1.1435902652078482 -0.3311309222600437 
-0.680109999739452 1.1435902652078482 -0.3311309222600437 
-0.6807953771415532 1.146755278513942 -0.33299675418596086 
-0.6807953771415532 1.146755278513942 -0.33299675418596086 
-0.6813590416657951 1.149359204419217 -0.33454271002637925 
-0.6813590416657951 1.149359204419217 -0.33454271002637925 
-0.6813590416657951 1.149359204419217 -0.33454271002637925 
-0.6813590416657951 1.149359204419217 -0.33454271002637925 
-0.6824259490273 1.154286281664179 -0.3374494589847741 
-0.6824259490273 1.154286281664179 -0.3374494589847741 
-0.6826426953918392 1.1552869620481256 -0.33803673855346894 
-0.6831744950450865 1.157742689474046 -0.3394835687977307 
-0.6831744950450865 1.157742689474046 -0.3394835687977307 
-0.6831744950450865 1.157742689474046 -0.3394835687977307 
-0.6837508837881618 1.1604053811108297 -0.34106423975234235 
-0.6838549175729928 1.1608865337244827 -0.3413561101553836 
-0.6838549175729928 1.1608865337244827 -0.3413561101553836 
-0.6838549175729928 1.1608865337244827 -0.3413561101553836 
-0.6838549175729928 1.1608865337244827 -0.3413561101553836 
-0.6838549175729928 1.1608865337244827 -0.3413561101553836 
-0.6843576987435943 1.163207215962962 -0.34271166885203086 
-0.6843576987435943 1.163207215962962 -0.34271166885203086 
-0.6850832268463907 1.1665576618938631 -0.3446870427606654 
-0.6850832268463907 1.1665576618938631 -0.3446870427606654 
-0.6850832268463906 1.1665576618938631 -0.3446870427606651 
-0.6852811384856539 1.1674720445277864 -0.3452310624993332 
-0.6852811384856539 1.1674720445277864 -0.3452310624993332 
-0.6852811384856539 1.1674720445277864 -0.3452310624993332 
-0.6858864696857842 1.17026806004138 -0.3468866331131514 
-0.6863213294408289 1.1722767675635861 -0.3480771114678498 
-0.6863213294408289 1.1722767675635861 -0.3480771114678498 
-0.6869070860178902 1.1749813460712972 -0.3496670876095659 
-0.6869070860178902 1.1749813460712972 -0.3496670876095659 
-0.6869070860178902 1.1749813460712972 -0.3496670876095659 
-0.6869070860178902 1.1749813460712972 -0.3496670876095659 
-0.6872813590267834 1.1767095499762306 -0.35068414251604396 
-0.6872813590267834 1.1767095499762306 -0.35068414251604396 
-0.6881526130196413 1.1807340518998897 -0.3530692857099118 
-0.6881526130196413 1.1807340518998897 -0.3530692857099118 
-0.6881526130196413 1.1807340518998897 -0.3530692857099118 
-0.6881526130196413 1.1807340518998897 -0.3530692857099118 
-0.6881526130196413 1.1807340518998897 -0.3530692857099118 
-0.6892267612217112 1.1856945703563007 -0.3559957896419007 
-0.6892267612217112 1.1856945703563007 -0.3559957896419007 
-0.6894987623665982 1.1869499311403389 -0.3567278127424627 
-0.6894987623665982 1.1869499311403389 -0.3567278127424627 
-0.6894987623665981 1.1869499311403389 -0.35672781274246235 
-0.6894987623665981 1.1869499311403389 -0.35672781274246235 
-0.6894987623665981 1.1869499311403389 -0.35672781274246235 
-0.6901875307054589 1.1901324920248044 -0.35862515533217076 
-0.6901875307054589 1.1901324920248044 -0.35862515533217076 
-0.690577162927815 1.1919316311617045 -0.35968411433164393 
-0.6908562027733351 1.1932196643136033 -0.36043728418295296 
-0.6911969411915544 1.1947936803799735 -0.3613709740464559 
-0.6911969411915544 1.1947936803799735 -0.3613709740464559 
-0.6911969411915544 1.1947936803799735 -0.3613709740464559 
-0.6911969411915544 1.1947936803799735 -0.3613709740464559 
-0.6917028512433384 1.197129838865092 -0.3627471704480464 
-0.6917028512433384 1.197129838865092 -0.3627471704480464 
-0.6917028512433384 1.197129838865092 -0.3627471704480464 
-0.6920855115368648 1.1988978119968947 -0.36379929773828545 
-0.6920855115368648 1.1988978119968947 -0.36379929773828545 
-0.6920855115368648 1.1988978119968947 -0.36379929773828545 
-0.6920855115368648 1.1988978119968947 -0.36379929773828545 
-0.6926594214274261 1.2015476775821665 -0.3653569529116144 
-0.6926594214274261 1.2015476775821665 -0.3653569529116144 
-0.6926594214274261 1.2015476775821665 -0.3653569529116144 
-0.6926594214274261 1.2015476775821665 -0.3653569529116144 
-0.6926594214274261 1.2015476775821665 -0.3653569529116144 
-0.6937551198991295 1.206608757401491 -0.3683544414144617 
-0.6937551198991295 1.206608757401491 -0.3683544414144617 
-0.6937551198991296 1.206608757401491 -0.36835444141446205 
-0.6937551198991296 1.206608757401491 -0.36835444141446205 
-0.6937551198991295 1.206608757401491 -0.3683544414144617 
-0.6937551198991295 1.206608757401491 -0.3683544414144617 
-0.6944014423171381 1.2095933985574905 -0.37011372076922766 
-0.6944014423171381 1.2095933985574905 -0.37011372076922766 
-0.6944014423171381 1.2095933985574905 -0.37011372076922766 
-0.6950159900043978 1.2124319796395635 -0.37179443645539567 
-0.6950159900043978 1.2124319796395635 -0.37179443645539567 
-0.6955359405735156 1.2148329830697955 -0.37320893918988884 
-0.695846385618659 1.2162667473275293 -0.37405591732928134 
-0.695846385618659 1.2162667473275293 -0.37405591732928134 
-0.695846385618659 1.2162667473275293 -0.37405591732928134 
-0.6964137462366116 1.2188870544897525 -0.3756038307138744 
-0.6964137462366116 1.2188870544897525 -0.3756038307138744 
-0.6964137462366116 1.2188870544897525 -0.3756038307138744 
-0.6964137462366116 1.2188870544897525 -0.3756038307138744 
-0.6964137462366116 1.2188870544897525 -0.3756038307138744 
-0.6967191926018605 1.2202987660261713 -0.3764493607014069 
-0.6967191926018605 1.2202987660261713 -0.3764493607014069 
-0.6967191926018605 1.2202987660261713 -0.3764493607014069 
-0.6975701345370947 1.2242268827617697 -0.37874870143197026 
-0.6975701345370947 1.2242268827617697 -0.37874870143197026 
-0.6979168296516611 1.2258289184705249 -0.3797046492456776 
-0.6979168296516611 1.2258289184705249 -0.3797046492456776 
-0.6979168296516611 1.2258289184705249 -0.3797046492456776 
-0.6984833863652418 1.2284468830610604 -0.3812665338314899 
-0.6988293139518703 1.2300434946712173 -0.3821982166814236 
-0.6988293139518703 1.2300434946712173 -0.3821982166814236 
-0.6988293139518703 1.2300434946712173 -0.3821982166814236 
-0.6988293139518703 1.2300434946712173 -0.3821982166814236 
-0.6988293139518703 1.2300434946712173 -0.3821982166814236 
-0.6992141197463929 1.2318203433582344 -0.3832440078789606 
-0.6998225223096899 1.2346305437035716 -0.3849079580031015 
-0.6998225223096899 1.2346305437035716 -0.3849079580031015 
-0.6998225223096899 1.2346305437035716 -0.3849079580031015 
-0.6998225223096899 1.2346305437035716 -0.3849079580031015 
-0.7002852126952417 1.2367670958053887 -0.38616623945303374 
-0.7002852126952417 1.2367670958053887 -0.38616623945303374 
-0.7002852126952417 1.2367670958053887 -0.38616623945303374 
-0.7002852126952417 1.2367670958053887 -0.38616623945303374 
-0.7008616151506336 1.2394301951914097 -0.3877510110186697 
-0.7008616151506335 1.2394301951914097 -0.3877510110186694 
-0.7008616151506335 1.2394301951914097 -0.3877510110186694 
-0.701537339697068 1.2425506275977383 -0.38959050734071543 
-0.701537339697068 1.2425506275977383 -0.38959050734071543 
-0.7017584970261074 1.2435720240692658 -0.39019388441499403 
-0.7017584970261074 1.2435720240692658 -0.39019388441499403 
-0.7017584970261074 1.2435720240692658 -0.39019388441499403 
-0.7017584970261074 1.2435720240692658 -0.39019388441499403 
-0.702426943716827 1.2466581554726752 -0.3920053983758699 
-0.7024269437168268 1.2466581554726752 -0.3920053983758699 
-0.7024269437168268 1.2466581554726752 -0.3920053983758699 
-0.7030586217921624 1.2495761962273406 -0.3937369135990513 
-0.7030586217921624 1.2495761962273406 -0.3937369135990513 
-0.7036156678087537 1.2521488662731222 -0.3952566859583454 
-0.7036156678087537 1.2521488662731222 -0.3952566859583454 
-0.7036156678087537 1.2521488662731222 -0.3952566859583454 
-0.7036156678087537 1.2521488662731222 -0.3952566859583454 
-0.7036156678087537 1.2521488662731222 -0.3952566859583454 
-0.703987558624807 1.2538667570614632 -0.3962753679979768 
-0.7047414068517436 1.2573483415172182 -0.39833207007334803 
-0.7047414068517436 1.2573483415172182 -0.39833207007334803 
-0.7052060543762851 1.2594935880803306 -0.3995916279282473 
-0.7052060543762851 1.2594935880803306 -0.3995916279282473 
-0.7052060543762853 1.2594935880803306 -0.39959162792824765 
-0.7052060543762853 1.2594935880803306 -0.39959162792824765 
-0.7052060543762851 1.2594935880803306 -0.3995916279282473 
-0.7052060543762851 1.2594935880803306 -0.3995916279282473 
-0.7052060543762851 1.2594935880803306 -0.3995916279282473 
-0.7055476864367833 1.2610720757782565 -0.40053181908996294 
-0.7055476864367832 1.2610720757782565 -0.4005318190899626 
-0.7055476864367832 1.2610720757782565 -0.4005318190899626 
-0.7055476864367832 1.2610720757782565 -0.4005318190899626 
-0.706161965212308 1.2639083816539787 -0.40219961151176997 
-0.706161965212308 1.2639083816539787 -0.40219961151176997 
-0.7065527116588411 1.2657130111613262 -0.4032656736165977 
-0.7065527116588411 1.2657130111613262 -0.4032656736165977 
-0.7067622768273395 1.2666819034772727 -0.403849613738558 
-0.7067622768273395 1.2666819034772727 -0.403849613738558 
-0.7071143796313138 1.2683073717405857 -0.4048021191230907 
-0.7071143796313138 1.2683073717405857 -0.4048021191230907 
-0.7074217372033449 1.26972653234409 -0.405636610599755 
-0.7074217372033449 1.26972653234409 -0.405636610599755 
-0.7074217372033449 1.26972653234409 -0.405636610599755 
-0.7080221590938929 1.272498332222551 -0.4072605912177175 
-0.7080221590938929 1.272498332222551 -0.4072605912177175 
-0.7080221590938929 1.272498332222551 -0.4072605912177175 
-0.7080221590938929 1.272498332222551 -0.4072605912177175 
-0.7080221590938929 1.272498332222551 -0.4072605912177175 
-0.7080221590938929 1.272498332222551 -0.4072605912177175 
-0.7086850563388654 1.2755617540619502 -0.4090914136585416 
-0.7086850563388654 1.2755617540619502 -0.4090914136585416 
-0.7086850563388654 1.2755617540619502 -0.4090914136585416 
-0.7096394278968611 1.279969438609853 -0.4116951976748301 
-0.7096394278968611 1.279969438609853 -0.4116951976748301 
-0.709911040937439 1.2812238605296336 -0.4124362315915969 
-0.709911040937439 1.2812238605296336 -0.4124362315915969 
-0.709911040937439 1.2812238605296336 -0.4124362315915969 
-0.709911040937439 1.2812238605296336 -0.4124362315915969 
-0.7104217613071108 1.283581890642148 -0.4138214886427162 
-0.7104217613071108 1.283581890642148 -0.4138214886427162 
-0.7104217613071108 1.283581890642148 -0.4138214886427162 
-0.7104217613071108 1.283581890642148 -0.4138214886427162 
-0.7109489897319433 1.286017195075299 -0.41526397373837953 
-0.7109489897319433 1.286017195075299 -0.41526397373837953 
-0.7109489897319433 1.286017195075299 -0.41526397373837953 
-0.7109489897319433 1.286017195075299 -0.41526397373837953 
-0.7119294344581502 1.2905446075114249 -0.41793076601690704 
-0.7119294344581502 1.2905446075114249 -0.41793076601690704 
-0.7119294344581502 1.2905446075114249 -0.41793076601690704 
-0.7128961469915377 1.2950103210735082 -0.42058040915584904 
-0.7128961469915377 1.2950103210735082 -0.42058040915584904 
-0.7131157602472911 1.2960245863727933 -0.4211795735801295 
-0.7131157602472911 1.2960245863727933 -0.4211795735801295 
-0.7131157602472911 1.2960245863727933 -0.4211795735801295 
-0.7131157602472911 1.2960245863727933 -0.4211795735801295 
-0.7138536060226457 1.2994326092756416 -0.4231966798348662 
-0.7138536060226457 1.2994326092756416 -0.4231966798348662 
-0.7142057225389364 1.3010584852881921 -0.42415328583042233 
-0.7142057225389364 1.3010584852881921 -0.42415328583042233 
-0.7142057225389364 1.3010584852881921 -0.42415328583042233 
-0.7142057225389364 1.3010584852881921 -0.42415328583042233 
-0.7142057225389364 1.3010584852881921 -0.42415328583042233 
-0.7148438646075022 1.304004148207408 -0.4258761141070383 
-0.7148438646075022 1.304004148207408 -0.4258761141070383 
-0.7148438646075022 1.304004148207408 -0.4258761141070383 
-0.7148438646075022 1.304004148207408 -0.4258761141070383 
-0.7148438646075022 1.304004148207408 -0.4258761141070383 
-0.7154756070570113 1.3069236842515881 -0.42762193783035196 
-0.7154756070570113 1.3069236842515881 -0.42762193783035196 
-0.7159027686977494 1.3088964942620753 -0.4287873504447649 
-0.7159027686977494 1.3088964942620753 -0.4287873504447649 
-0.7163375986305318 1.3109043752125566 -0.4299696210360334 
-0.7163375986305318 1.3109043752125566 -0.4299696210360334 
-0.7169391507895937 1.3136819042835208 -0.4316026918022654 
-0.7169391507895937 1.3136819042835208 -0.4316026918022654 
-0.7174827995269705 1.316192355705129 -0.43308184955629614 
-0.7174827995269705 1.316192355705129 -0.43308184955629614 
-0.7174827995269705 1.316192355705129 -0.43308184955629614 
-0.7179558689536659 1.3183782202133332 -0.43438470064115065 
-0.7179558689536659 1.3183782202133332 -0.43438470064115065 
-0.7179558689536659 1.3183782202133332 -0.43438470064115065 
-0.7179558689536659 1.3183782202133332 -0.43438470064115065 
-0.7179558689536659 1.3183782202133332 -0.43438470064115065 
-0.7179558689536659 1.3183782202133332 -0.43438470064115065 
-0.7180837358725461 1.3189680739536287 -0.4347254298169362 
-0.7180837358725461 1.3189680739536287 -0.4347254298169362 
-0.7186554841521652 1.321608645161199 -0.436285313930561 
-0.7186554841521652 1.321608645161199 -0.436285313930561 
-0.7186554841521652 1.321608645161199 -0.436285313930561 
-0.7186554841521652 1.321608645161199 -0.436285313930561 
-0.7192974398137115 1.324573463240835 -0.4380367427914652 
-0.7192974398137115 1.324573463240835 -0.4380367427914652 
-0.7196089966854026 1.326012706795768 -0.4388908174948313 
-0.7196089966854026 1.326012706795768 -0.4388908174948313 
-0.7199200391020663 1.3274480319806632 -0.4397252925555194 
-0.7199200391020663 1.3274480319806632 -0.4397252925555194 
-0.7203591464209991 1.329477898921326 -0.44094555548464587 
-0.7203591464209991 1.329477898921326 -0.44094555548464587 
-0.721131762601408 1.333044274764341 -0.4430312023485291 
-0.7215848507931506 1.3351373335066685 -0.4442733560836981 
-0.7215848507931506 1.3351373335066685 -0.4442733560836981 
-0.7215848507931506 1.3351373335066685 -0.4442733560836981 
-0.7217551201639134 1.3359240526549003 -0.44474196022946344 
-0.7217551201639134 1.3359240526549003 -0.44474196022946344 
-0.7217551201639134 1.3359240526549003 -0.44474196022946344 
-0.7217551201639134 1.3359240526549003 -0.44474196022946344 
-0.7225150604553258 1.3394329192338656 -0.44680521343637125 
-0.7225150604553258 1.3394329192338656 -0.44680521343637125 
-0.7225150604553258 1.3394329192338656 -0.44680521343637125 
-0.7230206122250626 1.3417689654264502 -0.4481986284175964 
-0.7230206122250626 1.3417689654264502 -0.4481986284175964 
-0.7230206122250626 1.3417689654264502 -0.4481986284175964 
-0.7230206122250626 1.3417689654264502 -0.4481986284175964 
-0.7230206122250626 1.3417689654264502 -0.4481986284175964 
-0.7240203859654369 1.3463859917043401 -0.45092221868041704 
-0.7240203859654369 1.3463859917043401 -0.45092221868041704 
-0.7240203859654369 1.3463859917043401 -0.45092221868041704 
-0.7245271920571293 1.3487266328942635 -0.4523049229216013 
-0.7245271920571293 1.3487266328942635 -0.4523049229216013 
-0.7245271920571293 1.3487266328942635 -0.4523049229216013 
-0.7255463222363039 1.3534340885123932 -0.4550935123907639 
-0.7255463222363039 1.3534340885123932 -0.4550935123907639 
-0.7255463222363037 1.3534340885123932 -0.4550935123907639 
-0.7255463222363037 1.3534340885123932 -0.4550935123907639 
-0.7262321037870513 1.3566002795048 -0.45695232054338997 
-0.7262321037870513 1.3566002795048 -0.45695232054338997 
-0.7268398493999129 1.3594074457799592 -0.4586144783288669 
-0.7268398493999129 1.3594074457799592 -0.4586144783288669 
-0.7268398493999129 1.3594074457799592 -0.4586144783288669 
-0.727239164300198 1.3612519923883488 -0.45970798069564067 
-0.727239164300198 1.3612519923883488 -0.45970798069564067 
-0.727239164300198 1.3612519923883488 -0.45970798069564067 
-0.727239164300198 1.3612519923883488 -0.45970798069564067 
-0.727239164300198 1.3612519923883488 -0.45970798069564067 
-0.7279945332975869 1.3647402559741137 -0.4617647686444576 
-0.7279945332975869 1.3647402559741137 -0.4617647686444576 
-0.7279945332975869 1.3647402559741137 -0.4617647686444576 
-0.7282071448022486 1.3657225286965775 -0.462348893596075 
-0.7282071448022486 1.3657225286965775 -0.462348893596075 
-0.7285741930805226 1.3674177102125484 -0.4633503006813653 
-0.7285741930805225 1.3674177102125484 -0.46335030068136496 
-0.7289585439989329 1.369192113672544 -0.464390787653593 
-0.7289585439989329 1.369192113672544 -0.464390787653593 
-0.7289585439989329 1.369192113672544 -0.464390787653593 
-0.7289585439989329 1.369192113672544 -0.464390787653593 
-0.7289585439989329 1.369192113672544 -0.464390787653593 
-0.7293846397453311 1.3711606897800435 -0.4655614186198692 
-0.7293846397453311 1.3711606897800435 -0.4655614186198692 
-0.729746882500976 1.3728340218151163 -0.4665537781383936 
-0.729746882500976 1.3728340218151163 -0.4665537781383936 
-0.729746882500976 1.3728340218151163 -0.4665537781383936 
-0.729746882500976 1.3728340218151163 -0.4665537781383936 
-0.729746882500976 1.3728340218151163 -0.4665537781383936 
-0.7303808848487968 1.3757610749259197 -0.4682713186056756 
-0.7303808848487968 1.3757610749259197 -0.4682713186056756 
-0.7309765655908895 1.3785125206129965 -0.46990056015700554 
-0.7309765655908895 1.3785125206129965 -0.46990056015700554 
-0.7313528118487181 1.3802498378017123 -0.47092299862085707 
-0.7313528118487181 1.3802498378017123 -0.47092299862085707 
-0.7313528118487181 1.3802498378017123 -0.47092299862085707 
-0.7313528118487181 1.3802498378017123 -0.47092299862085707 
-0.7313528118487181 1.3802498378017123 -0.47092299862085707 
-0.7313528118487181 1.3802498378017123 -0.47092299862085707 
-0.7313528118487181 1.3802498378017123 -0.47092299862085707 
-0.7323109326255202 1.3846751822205206 -0.4735410747213017 
-0.7323109326255202 1.3846751822205206 -0.4735410747213017 
-0.7325500906820804 1.3857800579539634 -0.4741976258542543 
-0.7325500906820804 1.3857800579539634 -0.4741976258542543 
-0.7325500906820804 1.3857800579539634 -0.4741976258542543 
-0.7325500906820804 1.3857800579539634 -0.4741976258542543 
-0.7331422612948397 1.3885152924047623 -0.4758172908223578 
-0.7331422612948397 1.3885152924047623 -0.4758172908223578 
-0.7338021532441238 1.3915619144563671 -0.47760546513231217 
-0.7338021532441238 1.3915619144563671 -0.47760546513231217 
-0.7338021532441238 1.3915619144563671 -0.47760546513231217 
