-0.6427597628378605 1.1764355911589108 -0.3497454278024166 
-0.6409177686006631 1.1694610294874646 -0.362369800468858 
-0.6420694537728899 1.1738210342984192 -0.35446757855898325 
-0.6409775069202239 1.1696872122393078 -0.3619602384092089 
-0.6420690293115523 1.173819427192058 -0.3544704886384925 
-0.6408108079473822 1.1690571204113105 -0.3631157782754312 
-0.6419780469465738 1.1734749474371655 -0.3550942578550731 
-0.6403064778079968 1.1671469006971007 -0.3665649914781849 
-0.6411382152774193 1.1702967584095954 -0.3608710947721133 
-0.6406117282271541 1.1683030036606858 -0.36447643515033834 
-0.6420816985597384 1.173867395823241 -0.35438362909139665 
-0.6406215792405603 1.1683390547507375 -0.3643941128159469 
-0.641900625408241 1.1731827030718165 -0.35563561851724135 
-0.6404430528570887 1.1676640046374822 -0.3656286417647354 
-0.6416741291475148 1.1723251371424468 -0.3571884622484973 
-0.6401530331599047 1.1665662806773498 -0.367621218898434 
-0.6414663680314839 1.171537615655392 -0.3586022954410599 
-0.6401456512235981 1.1665383310014965 -0.36767182897685824 
-0.6416865342818274 1.1723712147377177 -0.35709284985205225 
-0.6404169078260638 1.167565725707777 -0.36581633206015673 
-0.6421906874934475 1.1742812995773333 -0.3536511924257527 
-0.6408534478569731 1.1692185647264584 -0.362823441809932 
-0.6421450263458284 1.1741071691049678 -0.3539494578811133 
-0.6408012278880011 1.169019245049723 -0.3631624532948915 
-0.6415242315779293 1.1717572351071948 -0.3582119294759024 
-0.64015916751992 1.1665898627753581 -0.36758338294834425 
-0.6418801589898311 1.173105212595513 -0.35577593495967275 
-0.6403098550438571 1.1671596876738037 -0.3665418373673054 
-0.6413664001560757 1.1711607178273165 -0.35930667398541716 
-0.6406268926279232 1.1683597074475591 -0.36436402734657347 
-0.6416800273436793 1.1723471130160794 -0.35714380377075583 
-0.6401437411475788 1.1665310990228694 -0.3676849243346506 
-0.6413851021401691 1.1712299246613418 -0.35915944914191467 
-0.6408112158284187 1.1690583087135271 -0.3631087610435173 
-0.6419335746518897 1.1733078123673617 -0.35541394145727456 
-0.6406518232432589 1.168454456407709 -0.3641973254842953 
-0.6419348646162037 1.1733130524905915 -0.35540931837115086 
-0.6407668614931763 1.1688900171687884 -0.36340863067464946 
-0.64161478948157 1.1721001077557256 -0.3575910703388311 
-0.6401125229098829 1.1664132557610598 -0.3679031753813886 
-0.6407197666140801 1.1687113493068888 -0.3637272892973964 
-0.6398365732995216 1.165367380213607 -0.36978240560528663 
-0.6414856479842276 1.1716118609736768 -0.3584848977534685 
-0.6401048344716801 1.1663825425039096 -0.36793688156825255 
-0.6412272875663785 1.1706340061858602 -0.3602604209133249 
-0.6394391095193954 1.1638628487214298 -0.37251161243045217 
-0.6410771538329423 1.170064497926233 -0.3612770656130775 
-0.6403096852012108 1.1671597566660072 -0.3665514434492708 
-0.6416211452996743 1.1721245283440094 -0.35755171608638847 
-0.6401609833247119 1.166595134725869 -0.367551928659237 
-0.6420036495568195 1.1735727757354444 -0.3549292916102309 
-0.641093165014085 1.1701245848555324 -0.36116095121840286 
-0.6424798582679563 1.1753758093247426 -0.3516644354510734 
-0.64084328298879 1.1691793661880598 -0.3628846898377608 
-0.6423468066319511 1.1748708006979176 -0.35256186751376173 
-0.6407280067004824 1.1687425481325602 -0.36367079579735495 
-0.6422818728616745 1.1746265479483116 -0.35302603143201605 
-0.640610183376387 1.1682959074386388 -0.3644722421245149 
-0.6422012012743434 1.1743203950684191 -0.35357066897139544 
-0.640928978041889 1.1695038269876223 -0.36229717008985174 
-0.6422319713852821 1.1744360085529242 -0.35334917054625103 
-0.6411708933220756 1.1704197728024306 -0.3606386145572864 
-0.6419651746951393 1.1734262101898962 -0.3551825091793259 
-0.6405813331044118 1.1681879208703598 -0.3646848221482506 
-0.6416436913689881 1.172209001806484 -0.35738657809470764 
-0.6401863478965675 1.1666917057297275 -0.3673843735643427 
-0.641603877047058 1.172059858899518 -0.3576785477625045 
-0.6404529465262793 1.1677011082731703 -0.36555659058204626 
-0.6415449452621498 1.1718360178150136 -0.35807413862092463 
-0.6399419208834969 1.1657666059550842 -0.3690643702011729 
-0.6413435992003087 1.1710743882660242 -0.35946299586515074 
-0.6397623238514992 1.165087323138578 -0.3703041175018412 
-0.640983692895682 1.1697117018197953 -0.3619304902387319 
-0.6396184614278843 1.1645406703767174 -0.3712672259742209 
-0.6407366267178981 1.1687746504489114 -0.3636053547437028 
-0.6391061692184461 1.1626013706060923 -0.37478366602789626 
-0.6395623786282947 1.1643295733710854 -0.3716664873833635 
-0.6387732574030432 1.1613405373027959 -0.37706189016601965 
-0.6403835101878956 1.167438206634675 -0.36603264163222526 
-0.6397491969813732 1.1650369097927435 -0.37038567282363755 
-0.640497682667075 1.1678699543786342 -0.3652435397197027 
-0.6391068743739583 1.162605287552511 -0.3747936159501404 
-0.6405462800089157 1.168054845917196 -0.3649209230805682 
-0.6390998392080631 1.1625774037590482 -0.374827064170145 
-0.6394849310144788 1.1640366952642445 -0.3722016840462332 
-0.6391995029688443 1.16295528825037 -0.37415011863590975 
-0.64019898184185 1.166739005682324 -0.3672914132805474 
-0.638262722275041 1.1594091373073985 -0.38058106820576354 
-0.6400721493419049 1.1662593242442765 -0.3681673114775683 
-0.6386132773312565 1.1607351707493656 -0.37816290096429306 
-0.6403628388916974 1.167360296472241 -0.36617858352941435 
-0.6385124439528718 1.1603546399044218 -0.3788689925152646 
-0.6406988262611912 1.1686311753120415 -0.3638603144716154 
-0.639926723322126 1.165709064559921 -0.3691685637001292 
-0.6403148548442051 1.1671773729225305 -0.36649279770085985 
-0.63957267991076 1.1643676853087381 -0.37158529885926905 
-0.6411170531986793 1.1702155659242202 -0.3610035181391935 
-0.6395939289306408 1.164446714781185 -0.37142273364820055 
-0.6412477134713056 1.170710275186824 -0.3601077197510818 
-0.6400394878775496 1.166136728655586 -0.36840389884479985 
-0.6410024799235823 1.1697828337448422 -0.3618016875891418 
-0.6397023235603663 1.1648590804211194 -0.3707028131440321 
-0.6409076534733833 1.169423087361501 -0.36244336995390025 
-0.6394680282548764 1.163972341576585 -0.372313347448225 
-0.6408751286910723 1.169299585172317 -0.3626621369343572 
-0.6398965238497513 1.165594366518631 -0.36937138850588236 
-0.6413247624315054 1.171001999928543 -0.35957947705752735 
-0.6408143384455878 1.1690694195916649 -0.36307891093018185 
-0.6415960448416923 1.1720298483760632 -0.357728024030632 
-0.6402933272724511 1.1670958646803236 -0.3666403893420649 
-0.6416336023171917 1.1721716934220119 -0.3574663115790473 
-0.6403168051659454 1.1671856463762453 -0.36648996695338765 
-0.6417688613264864 1.172682923497672 -0.3565284209524241 
-0.6401747398017255 1.166647754864448 -0.3674639579126653 
-0.6420027840538434 1.1735691427185766 -0.354931004616845 
-0.6398743927465929 1.1655112852251712 -0.3695315595711607 
-0.6414655875723145 1.1715359077295455 -0.35862243064158705 
-0.6399875393753318 1.1659396838818128 -0.3687558335941108 
-0.6413767440943253 1.171199882310606 -0.3592357566130251 
-0.6396865482753122 1.1648004197159436 -0.370823629956868 
-0.6411092541539161 1.1701863930090557 -0.36106120871212966 
-0.6395444497504901 1.1642616905958565 -0.3717894066113361 
-0.640864532276433 1.169258575660759 -0.3627242447361836 
-0.6398038126211218 1.1652424518002997 -0.3699964701675823 
-0.6414564485545721 1.1715000582784643 -0.3586703027339424 
-0.6403083786565957 1.167154097738633 -0.36655195938299034 
-0.6411690090537777 1.1704129945650432 -0.360655753804885 
-0.6393833593199798 1.1636514098645923 -0.372889611370152 
-0.6409745138999805 1.1696749908938788 -0.36197021783025807 
-0.6397301150890609 1.164963060294044 -0.37049751486045146 
-0.6412607718779256 1.1707591822457821 -0.3600118493877773 
-0.6403394012439241 1.1672715562514067 -0.36633927052841186 
-0.6411740325195456 1.170431302484713 -0.3606128715963557 
-0.6396117822370269 1.1645166265767342 -0.3713277794335079 
-0.6409173699470468 1.1694598761223427 -0.3623767544381743 
-0.6394730683009454 1.1639910683003998 -0.3722745723920998 
-0.6410706189447712 1.1700401113930579 -0.3613260892100838 
-0.6397519209449261 1.165046867305759 -0.37036277667961826 
-0.641552694833772 1.1718641143179958 -0.3580062467002657 
-0.6396255034111362 1.164568578036726 -0.3712337079502368 
-0.641507812247988 1.1716957798754266 -0.3583329409929994 
-0.6398973801253072 1.1655979645984045 -0.3693697387618662 
-0.6411239704279273 1.1702408670186242 -0.3609455535299586 
-0.6393274558582188 1.1634404588041032 -0.3732813235442217 
-0.6409408075948202 1.1695486163431772 -0.3622160674391768 
-0.6401352648973261 1.1664982939728223 -0.3677345953070392 
-0.6408561125844403 1.1692270508896923 -0.36278616736180624 
-0.6391135603821729 1.1626293552190403 -0.3747329926868739 
-0.6409740728583418 1.1696729649833724 -0.36196902075736326 
-0.6396149638225189 1.1645290288044008 -0.3713101875147876 
-0.6405553671434535 1.1680896078855458 -0.36486284309910855 
-0.6392468266589103 1.1631351784695951 -0.37383411212581197 
-0.640569894852216 1.1681439010128765 -0.3647548004146076 
-0.6388575605771639 1.1616609732577046 -0.376498674408726 
-0.6402834127383563 1.1670586800998963 -0.36671256050856826 
-0.6393895029074154 1.1636750268996952 -0.37285171215746427 
-0.6397267778311596 1.1649511347921764 -0.3705288134721595 
-0.6386646410246725 1.160930892346328 -0.3778255392233496 
-0.6403682773236208 1.1673799965609253 -0.36613073439448207 
-0.6391995029688443 1.16295528825037 -0.37415011863590975 
-0.6404500029791771 1.167689963339924 -0.3655767713508177 
-0.6389109430786205 1.1618627354212636 -0.3761284666015192 
-0.6406471726233858 1.1684368481119216 -0.36422920983370255 
-0.6389377487348338 1.161964227681706 -0.37594468875424036 
-0.6403931821312351 1.1674742917798353 -0.36595998864239765 
-0.6389525476425887 1.1620206157117472 -0.3758474492246002 
-0.6401918971800191 1.166713784650673 -0.36735899051313015 
-0.63996198129541 1.1658425591992159 -0.36892683731305453 
-0.6407833655991626 1.1689532174913257 -0.36330392124197375 
-0.6397390652737924 1.1649985488626347 -0.3704551351562755 
-0.6408459977249225 1.1691892887639808 -0.36286185695633966 
-0.6399020141648792 1.1656151540900468 -0.3693337472600543 
-0.6405610531089492 1.1681107802059976 -0.3648196396611213 
-0.639601209487807 1.1644762397361184 -0.37139604469325016 
-0.6410957617907758 1.1701356639063885 -0.3611579323080508 
-0.639434416243738 1.1638441878800052 -0.3725332256281577 
-0.6411333616542977 1.1702783814977216 -0.36090437089867766 
-0.6397025689516371 1.1648607215825901 -0.3707095724090862 
-0.6405600343436277 1.1681076349854782 -0.36483506590210557 
-0.6392445271566953 1.163126828062941 -0.3738540981903222 
-0.6398669850025649 1.165482881808078 -0.3695781257597789 
-0.6392278108200402 1.163062824187223 -0.3739602626627525 
-0.6404132686186315 1.167550878765459 -0.36582861975357694 
-0.6397789646395294 1.1651496168606221 -0.3701815876823913 
-0.6407913676471745 1.1689831590225768 -0.36324483889188075 
-0.639673199947097 1.1647491678798334 -0.37090670358101696 
-0.6410035152692048 1.1697863977695064 -0.36179036850056157 
-0.6397470412463211 1.1650278566523937 -0.3703898888068846 
-0.6407320114009287 1.1687577108317107 -0.36364333982981 
-0.6398978211669459 1.1655999905089107 -0.36937093583476066 
-0.6408259723481512 1.169113824198184 -0.3630033704716661 
-0.6396795226045994 1.1647727508598278 -0.3708591350237652 
-0.6410984857543286 1.1701456214194044 -0.3611350361640314 
-0.6398266445951892 1.1653297878995843 -0.36985047616076727 
-0.6414104574846042 1.1713264607281055 -0.3589919573096183 
-0.6398969390836685 1.1655959386878978 -0.36936854168897104 
-0.640959568814999 1.169619294526984 -0.3620832208997802 
-0.6397742713638719 1.1651309560191976 -0.37020320088009684 
-0.6418758667778532 1.1730877161897595 -0.35579060072944413 
-0.6402974404143623 1.1671133951411856 -0.3666353929168572 
