-0.6977597628378607 1.176435591158911 -0.3497454278024166 
-0.6959177686006631 1.1694610294874648 -0.36236980046885825 
-0.6970694537728899 1.1738210342984194 -0.3544675785589827 
-0.695977506920224 1.1696872122393078 -0.3619602384092091 
-0.6970690293115522 1.173819427192058 -0.3544704886384925 
-0.6958108079473823 1.1690571204113105 -0.3631157782754315 
-0.6969780469465738 1.1734749474371657 -0.355094257855073 
-0.6953064778079969 1.167146900697101 -0.3665649914781848 
-0.6961382152774194 1.1702967584095951 -0.3608710947721132 
-0.6956117282271542 1.1683030036606863 -0.36447643515033856 
-0.6970816985597383 1.1738673958232413 -0.35438362909139653 
-0.6956215792405602 1.1683390547507375 -0.364394112815947 
-0.6969006254082412 1.1731827030718165 -0.35563561851724135 
-0.6954430528570889 1.1676640046374822 -0.3656286417647352 
-0.6966741291475149 1.1723251371424468 -0.35718846224849776 
-0.6951530331599048 1.1665662806773498 -0.36762121889843424 
-0.696466368031484 1.1715376156553923 -0.3586022954410598 
-0.6951456512235983 1.1665383310014967 -0.3676718289768586 
-0.6966865342818274 1.1723712147377177 -0.35709284985205236 
-0.6954169078260638 1.167565725707777 -0.3658163320601566 
-0.6971906874934477 1.1742812995773335 -0.3536511924257534 
-0.6958534478569731 1.1692185647264586 -0.3628234418099322 
-0.6971450263458283 1.1741071691049678 -0.3539494578811133 
-0.695801227888001 1.169019245049723 -0.3631624532948916 
-0.6965242315779292 1.171757235107195 -0.35821192947590264 
-0.69515916751992 1.1665898627753581 -0.36758338294834414 
-0.6968801589898312 1.1731052125955133 -0.35577593495967286 
-0.6953098550438572 1.167159687673804 -0.3665418373673053 
-0.6963664001560758 1.1711607178273165 -0.3593066739854176 
-0.6956268926279231 1.1683597074475591 -0.36436402734657347 
-0.6966800273436793 1.1723471130160794 -0.3571438037707557 
-0.6951437411475789 1.1665310990228697 -0.36768492433465105 
-0.696385102140169 1.171229924661342 -0.35915944914191456 
-0.6958112158284189 1.1690583087135276 -0.3631087610435174 
-0.6969335746518899 1.1733078123673621 -0.3554139414572748 
-0.695651823243259 1.1684544564077093 -0.3641973254842955 
-0.6969348646162038 1.1733130524905915 -0.3554093183711511 
-0.6957668614931766 1.1688900171687886 -0.36340863067464957 
-0.6966147894815701 1.1721001077557256 -0.35759107033883075 
-0.6951125229098828 1.1664132557610598 -0.3679031753813884 
-0.6957197666140802 1.1687113493068888 -0.3637272892973964 
-0.6948365732995215 1.1653673802136069 -0.36978240560528663 
-0.6964856479842277 1.1716118609736772 -0.3584848977534687 
-0.69510483447168 1.1663825425039096 -0.36793688156825244 
-0.6962272875663784 1.1706340061858604 -0.3602604209133251 
-0.6944391095193956 1.1638628487214298 -0.3725116124304524 
-0.6960771538329423 1.1700644979262331 -0.3612770656130776 
-0.6953096852012108 1.1671597566660075 -0.36655144344927104 
-0.6966211452996744 1.1721245283440094 -0.3575517160863888 
-0.695160983324712 1.1665951347258692 -0.36755192865923714 
-0.6970036495568197 1.1735727757354444 -0.3549292916102308 
-0.696093165014085 1.1701245848555324 -0.36116095121840275 
-0.6974798582679564 1.1753758093247428 -0.3516644354510734 
-0.6958432829887903 1.16917936618806 -0.3628846898377609 
-0.6973468066319513 1.1748708006979178 -0.35256186751376195 
-0.6957280067004824 1.1687425481325602 -0.3636707957973553 
-0.6972818728616746 1.1746265479483118 -0.35302603143201616 
-0.695610183376387 1.1682959074386388 -0.3644722421245148 
-0.6972012012743435 1.174320395068419 -0.35357066897139555 
-0.6959289780418891 1.1695038269876223 -0.36229717008985185 
-0.6972319713852823 1.1744360085529244 -0.35334917054625126 
-0.6961708933220757 1.1704197728024306 -0.3606386145572865 
-0.6969651746951392 1.1734262101898965 -0.3551825091793255 
-0.695581333104412 1.1681879208703598 -0.3646848221482508 
-0.6966436913689882 1.172209001806484 -0.35738657809470775 
-0.6951863478965675 1.1666917057297275 -0.36738437356434306 
-0.6966038770470581 1.172059858899518 -0.35767854776250485 
-0.6954529465262793 1.1677011082731703 -0.36555659058204637 
-0.6965449452621499 1.1718360178150136 -0.35807413862092463 
-0.6949419208834972 1.1657666059550844 -0.3690643702011731 
-0.6963435992003089 1.1710743882660244 -0.3594629958651506 
-0.6947623238514993 1.1650873231385783 -0.37030411750184167 
-0.6959836928956821 1.1697117018197953 -0.36193049023873214 
-0.6946184614278844 1.1645406703767178 -0.37126722597422124 
-0.6957366267178982 1.1687746504489114 -0.36360535474370304 
-0.694106169218446 1.1626013706060925 -0.3747836660278965 
-0.6945623786282948 1.1643295733710857 -0.3716664873833633 
-0.6937732574030434 1.161340537302796 -0.37706189016601965 
-0.6953835101878956 1.1674382066346751 -0.3660326416322255 
-0.6947491969813734 1.1650369097927435 -0.37038567282363777 
-0.6954976826670749 1.1678699543786342 -0.36524353971970247 
-0.6941068743739583 1.1626052875525112 -0.3747936159501408 
-0.6955462800089158 1.1680548459171962 -0.36492092308056845 
-0.6940998392080632 1.1625774037590482 -0.374827064170145 
-0.694484931014479 1.1640366952642447 -0.37220168404623366 
-0.6941995029688444 1.1629552882503702 -0.37415011863590997 
-0.69519898184185 1.1667390056823241 -0.3672914132805475 
-0.6932627222750412 1.159409137307399 -0.3805810682057642 
-0.695072149341905 1.1662593242442765 -0.368167311477568 
-0.6936132773312564 1.1607351707493656 -0.37816290096429306 
-0.6953628388916976 1.1673602964722412 -0.36617858352941424 
-0.6935124439528719 1.160354639904422 -0.37886899251526507 
-0.6956988262611914 1.1686311753120417 -0.3638603144716155 
-0.6949267233221261 1.165709064559921 -0.3691685637001292 
-0.6953148548442053 1.167177372922531 -0.36649279770085985 
-0.69457267991076 1.1643676853087384 -0.37158529885926894 
-0.6961170531986793 1.1702155659242204 -0.36100351813919374 
-0.6945939289306409 1.1644467147811854 -0.37142273364820033 
-0.6962477134713055 1.1707102751868241 -0.36010771975108213 
-0.6950394878775497 1.166136728655586 -0.36840389884479974 
-0.6960024799235823 1.1697828337448422 -0.3618016875891419 
-0.6947023235603662 1.1648590804211196 -0.3707028131440322 
-0.6959076534733835 1.169423087361501 -0.36244336995390036 
-0.6944680282548765 1.1639723415765852 -0.372313347448225 
-0.6958751286910723 1.1692995851723171 -0.3626621369343571 
-0.6948965238497513 1.165594366518631 -0.3693713885058826 
-0.6963247624315053 1.1710019999285428 -0.35957947705752735 
-0.6958143384455877 1.1690694195916649 -0.36307891093018185 
-0.6965960448416925 1.1720298483760636 -0.3577280240306324 
-0.6952933272724512 1.1670958646803236 -0.3666403893420649 
-0.6966336023171918 1.172171693422012 -0.3574663115790476 
-0.6953168051659454 1.1671856463762453 -0.3664899669533881 
-0.6967688613264864 1.172682923497672 -0.3565284209524243 
-0.6951747398017254 1.166647754864448 -0.3674639579126655 
-0.6970027840538433 1.1735691427185766 -0.35493100461684524 
-0.694874392746593 1.1655112852251712 -0.36953155957116124 
-0.6964655875723146 1.1715359077295455 -0.3586224306415876 
-0.694987539375332 1.1659396838818132 -0.36875583359411124 
-0.6963767440943254 1.171199882310606 -0.3592357566130252 
-0.6946865482753123 1.1648004197159436 -0.370823629956868 
-0.6961092541539162 1.1701863930090557 -0.36106120871213 
-0.6945444497504902 1.1642616905958565 -0.3717894066113364 
-0.6958645322764331 1.1692585756607592 -0.3627242447361836 
-0.6948038126211219 1.1652424518003 -0.3699964701675824 
-0.696456448554572 1.1715000582784645 -0.35867030273394274 
-0.6953083786565959 1.167154097738633 -0.36655195938299046 
-0.6961690090537779 1.1704129945650434 -0.36065575380488535 
-0.6943833593199799 1.1636514098645923 -0.3728896113701523 
-0.6959745138999806 1.169674990893879 -0.3619702178302585 
-0.6947301150890609 1.1649630602940442 -0.3704975148604517 
-0.6962607718779257 1.1707591822457823 -0.3600118493877772 
-0.6953394012439243 1.1672715562514069 -0.366339270528412 
-0.6961740325195456 1.1704313024847128 -0.36061287159635547 
-0.6946117822370269 1.1645166265767342 -0.3713277794335078 
-0.695917369947047 1.169459876122343 -0.3623767544381741 
-0.6944730683009454 1.1639910683003998 -0.3722745723920997 
-0.6960706189447714 1.170040111393058 -0.3613260892100838 
-0.694751920944926 1.165046867305759 -0.3703627766796186 
-0.6965526948337721 1.1718641143179962 -0.35800624670026593 
-0.6946255034111364 1.164568578036726 -0.3712337079502368 
-0.6965078122479882 1.1716957798754266 -0.35833294099299984 
-0.6948973801253074 1.1655979645984045 -0.36936973876186596 
-0.6961239704279274 1.1702408670186246 -0.3609455535299586 
-0.6943274558582191 1.1634404588041036 -0.37328132354422194 
-0.6959408075948204 1.1695486163431772 -0.36221606743917645 
-0.695135264897326 1.1664982939728223 -0.36773459530703967 
-0.6958561125844404 1.1692270508896925 -0.36278616736180624 
-0.694113560382173 1.1626293552190405 -0.3747329926868739 
-0.6959740728583418 1.1696729649833726 -0.36196902075736315 
-0.6946149638225191 1.164529028804401 -0.3713101875147884 
-0.6955553671434537 1.168089607885546 -0.3648628430991091 
-0.6942468266589105 1.1631351784695956 -0.3738341121258124 
-0.695569894852216 1.1681439010128765 -0.3647548004146076 
-0.6938575605771641 1.1616609732577046 -0.3764986744087262 
-0.6952834127383564 1.1670586800998966 -0.36671256050856826 
-0.6943895029074155 1.1636750268996952 -0.3728517121574645 
-0.6947267778311597 1.1649511347921764 -0.3705288134721597 
-0.6936646410246726 1.160930892346328 -0.3778255392233498 
-0.6953682773236207 1.1673799965609253 -0.3661307343944822 
-0.6941995029688444 1.1629552882503702 -0.37415011863590997 
-0.695450002979177 1.1676899633399238 -0.3655767713508179 
-0.6939109430786206 1.1618627354212636 -0.376128466601519 
-0.6956471726233859 1.1684368481119218 -0.36422920983370266 
-0.6939377487348337 1.161964227681706 -0.37594468875424036 
-0.695393182131235 1.1674742917798355 -0.36595998864239787 
-0.6939525476425888 1.1620206157117474 -0.3758474492246 
-0.6951918971800193 1.166713784650673 -0.36735899051313015 
-0.6949619812954102 1.1658425591992159 -0.36892683731305476 
-0.6957833655991627 1.168953217491326 -0.36330392124197375 
-0.6947390652737926 1.1649985488626349 -0.3704551351562755 
-0.6958459977249225 1.1691892887639808 -0.36286185695633966 
-0.6949020141648793 1.165615154090047 -0.3693337472600544 
-0.6955610531089493 1.1681107802059978 -0.3648196396611213 
-0.694601209487807 1.1644762397361186 -0.3713960446932504 
-0.6960957617907759 1.1701356639063887 -0.3611579323080514 
-0.6944344162437379 1.1638441878800054 -0.3725332256281575 
-0.6961333616542977 1.1702783814977216 -0.36090437089867744 
-0.6947025689516373 1.1648607215825904 -0.37070957240908653 
-0.6955600343436278 1.1681076349854782 -0.36483506590210557 
-0.6942445271566954 1.1631268280629412 -0.37385409819032267 
-0.694866985002565 1.1654828818080782 -0.36957812575977855 
-0.6942278108200405 1.1630628241872232 -0.37396026266275295 
-0.6954132686186314 1.1675508787654587 -0.36582861975357717 
-0.6947789646395296 1.1651496168606221 -0.3701815876823916 
-0.6957913676471746 1.1689831590225768 -0.3632448388918811 
-0.6946731999470973 1.1647491678798336 -0.3709067035810172 
-0.696003515269205 1.1697863977695067 -0.3617903685005619 
-0.6947470412463211 1.165027856652394 -0.3703898888068847 
-0.6957320114009287 1.1687577108317104 -0.3636433398298099 
-0.6948978211669461 1.165599990508911 -0.36937093583476144 
-0.6958259723481514 1.169113824198184 -0.3630033704716662 
-0.6946795226045993 1.1647727508598276 -0.37085913502376555 
-0.6960984857543288 1.1701456214194044 -0.36113503616403164 
-0.6948266445951893 1.1653297878995845 -0.3698504761607674 
-0.6964104574846043 1.1713264607281055 -0.3589919573096183 
-0.6948969390836686 1.1655959386878978 -0.36936854168897126 
-0.6959595688149991 1.169619294526984 -0.3620832208997802 
-0.6947742713638719 1.1651309560191978 -0.37020320088009706 
-0.6968758667778533 1.1730877161897597 -0.35579060072944413 
-0.6952974404143624 1.167113395141186 -0.36663539291685754 
