-0.6427597628378606 1.2464355911589111 -0.3497454278024166 
-0.6409177686006631 1.2394610294874648 -0.362369800468858 
-0.6420694537728898 1.2438210342984195 -0.35446757855898314 
-0.640977506920224 1.239687212239308 -0.36196023840920866 
-0.6420690293115522 1.243819427192058 -0.3544704886384924 
-0.6408108079473822 1.2390571204113106 -0.36311577827543107 
-0.6419780469465737 1.2434749474371656 -0.35509425785507287 
-0.6403064778079969 1.237146900697101 -0.36656499147818444 
-0.6411382152774193 1.2402967584095956 -0.36087109477211343 
-0.6406117282271542 1.238303003660686 -0.36447643515033823 
-0.6420816985597383 1.2438673958232411 -0.35438362909139676 
-0.6406215792405602 1.2383390547507376 -0.36439411281594714 
-0.6419006254082411 1.2431827030718166 -0.35563561851724135 
-0.6404430528570888 1.2376640046374823 -0.365628641764735 
-0.6416741291475148 1.2423251371424469 -0.35718846224849754 
-0.6401530331599048 1.2365662806773496 -0.3676212188984338 
-0.6414663680314839 1.2415376156553923 -0.3586022954410598 
-0.6401456512235982 1.2365383310014968 -0.36767182897685824 
-0.6416865342818273 1.2423712147377177 -0.35709284985205203 
-0.6404169078260638 1.2375657257077772 -0.3658163320601565 
-0.6421906874934477 1.2442812995773334 -0.35365119242575316 
-0.6408534478569731 1.2392185647264586 -0.36282344180993187 
-0.6421450263458283 1.2441071691049679 -0.3539494578811132 
-0.640801227888001 1.239019245049723 -0.3631624532948915 
-0.6415242315779293 1.241757235107195 -0.3582119294759021 
-0.64015916751992 1.2365898627753584 -0.3675833829483439 
-0.6418801589898311 1.243105212595513 -0.35577593495967264 
-0.6403098550438572 1.237159687673804 -0.36654183736730506 
-0.6413664001560758 1.241160717827317 -0.3593066739854176 
-0.6406268926279232 1.2383597074475594 -0.364364027346573 
-0.6416800273436793 1.2423471130160795 -0.3571438037707554 
-0.6401437411475789 1.2365310990228693 -0.3676849243346506 
-0.641385102140169 1.2412299246613419 -0.35915944914191433 
-0.6408112158284188 1.2390583087135274 -0.3631087610435171 
-0.6419335746518898 1.243307812367362 -0.35541394145727456 
-0.640651823243259 1.2384544564077093 -0.3641973254842953 
-0.6419348646162037 1.2433130524905918 -0.35540931837115075 
-0.6407668614931764 1.2388900171687884 -0.3634086306746491 
-0.6416147894815701 1.2421001077557257 -0.35759107033883086 
-0.6401125229098829 1.2364132557610603 -0.3679031753813884 
-0.6407197666140803 1.2387113493068889 -0.3637272892973962 
-0.6398365732995216 1.2353673802136071 -0.3697824056052865 
-0.6414856479842277 1.241611860973677 -0.3584848977534686 
-0.64010483447168 1.2363825425039097 -0.3679368815682522 
-0.6412272875663785 1.2406340061858607 -0.3602604209133248 
-0.6394391095193955 1.2338628487214298 -0.37251161243045217 
-0.6410771538329424 1.2400644979262332 -0.36127706561307726 
-0.6403096852012109 1.2371597566660075 -0.36655144344927093 
-0.6416211452996744 1.2421245283440097 -0.35755171608638836 
-0.6401609833247119 1.2365951347258692 -0.3675519286592369 
-0.6420036495568197 1.2435727757354447 -0.3549292916102309 
-0.641093165014085 1.2401245848555327 -0.3611609512184025 
-0.6424798582679564 1.2453758093247427 -0.35166443545107307 
-0.6408432829887902 1.2391793661880601 -0.3628846898377608 
-0.6423468066319513 1.244870800697918 -0.35256186751376184 
-0.6407280067004825 1.2387425481325605 -0.36367079579735506 
-0.6422818728616745 1.2446265479483118 -0.35302603143201605 
-0.640610183376387 1.238295907438639 -0.36447224212451457 
-0.6422012012743434 1.2443203950684192 -0.3535706689713951 
-0.6409289780418891 1.2395038269876224 -0.36229717008985163 
-0.6422319713852822 1.2444360085529247 -0.35334917054625103 
-0.6411708933220757 1.2404197728024307 -0.3606386145572862 
-0.6419651746951391 1.2434262101898965 -0.3551825091793255 
-0.6405813331044119 1.23818792087036 -0.3646848221482504 
-0.6416436913689881 1.242209001806484 -0.35738657809470764 
-0.6401863478965676 1.2366917057297275 -0.36738437356434295 
-0.641603877047058 1.2420598588995182 -0.35767854776250463 
-0.6404529465262793 1.2377011082731706 -0.3655565905820459 
-0.6415449452621499 1.2418360178150136 -0.3580741386209242 
-0.639941920883497 1.2357666059550845 -0.3690643702011728 
-0.6413435992003088 1.2410743882660247 -0.3594629958651506 
-0.6397623238514991 1.2350873231385782 -0.37030411750184156 
-0.640983692895682 1.2397117018197956 -0.36193049023873214 
-0.6396184614278843 1.2345406703767174 -0.3712672259742208 
-0.6407366267178981 1.2387746504489117 -0.3636053547437028 
-0.639106169218446 1.2326013706060923 -0.37478366602789626 
-0.6395623786282948 1.2343295733710855 -0.3716664873833634 
-0.6387732574030434 1.2313405373027964 -0.37706189016601943 
-0.6403835101878956 1.2374382066346752 -0.3660326416322255 
-0.6397491969813733 1.2350369097927438 -0.37038567282363777 
-0.6404976826670749 1.2378699543786342 -0.3652435397197029 
-0.6391068743739583 1.2326052875525113 -0.3747936159501406 
-0.6405462800089158 1.2380548459171963 -0.364920923080568 
-0.6390998392080631 1.2325774037590482 -0.3748270641701448 
-0.6394849310144788 1.2340366952642443 -0.3722016840462333 
-0.6391995029688443 1.2329552882503703 -0.3741501186359095 
-0.64019898184185 1.2367390056823242 -0.36729141328054715 
-0.638262722275041 1.2294091373073988 -0.38058106820576376 
-0.6400721493419049 1.2362593242442765 -0.36816731147756787 
-0.6386132773312564 1.2307351707493657 -0.3781629009642926 
-0.6403628388916975 1.2373602964722412 -0.3661785835294139 
-0.638512443952872 1.230354639904422 -0.3788689925152646 
-0.6406988262611913 1.2386311753120418 -0.36386031447161526 
-0.639926723322126 1.2357090645599211 -0.36916856370012896 
-0.6403148548442053 1.237177372922531 -0.36649279770085985 
-0.63957267991076 1.2343676853087384 -0.37158529885926894 
-0.6411170531986794 1.2402155659242204 -0.3610035181391935 
-0.6395939289306409 1.2344467147811853 -0.37142273364820044 
-0.6412477134713056 1.2407102751868242 -0.3601077197510817 
-0.6400394878775496 1.2361367286555862 -0.36840389884479974 
-0.6410024799235823 1.2397828337448424 -0.3618016875891419 
-0.6397023235603663 1.2348590804211197 -0.370702813144032 
-0.6409076534733834 1.2394230873615013 -0.36244336995390025 
-0.6394680282548765 1.233972341576585 -0.37231334744822464 
-0.6408751286910723 1.2392995851723172 -0.3626621369343568 
-0.6398965238497513 1.235594366518631 -0.36937138850588236 
-0.6413247624315054 1.241001999928543 -0.35957947705752724 
-0.6408143384455877 1.239069419591665 -0.36307891093018185 
-0.6415960448416924 1.2420298483760632 -0.35772802403063186 
-0.6402933272724513 1.2370958646803238 -0.3666403893420649 
-0.6416336023171917 1.242171693422012 -0.3574663115790472 
-0.6403168051659454 1.2371856463762454 -0.36648996695338765 
-0.6417688613264863 1.242682923497672 -0.35652842095242443 
-0.6401747398017255 1.2366477548644481 -0.36746395791266506 
-0.6420027840538434 1.2435691427185767 -0.3549310046168447 
-0.639874392746593 1.235511285225171 -0.3695315595711608 
-0.6414655875723145 1.2415359077295454 -0.35862243064158694 
-0.6399875393753319 1.235939683881813 -0.368755833594111 
-0.6413767440943253 1.2411998823106063 -0.3592357566130252 
-0.6396865482753122 1.234800419715944 -0.3708236299568677 
-0.6411092541539162 1.2401863930090558 -0.36106120871212977 
-0.6395444497504902 1.2342616905958568 -0.37178940661133586 
-0.640864532276433 1.2392585756607593 -0.3627242447361836 
-0.6398038126211218 1.2352424518002998 -0.3699964701675824 
-0.641456448554572 1.2415000582784643 -0.3586703027339425 
-0.6403083786565958 1.237154097738633 -0.3665519593829899 
-0.6411690090537778 1.2404129945650433 -0.3606557538048851 
-0.6393833593199798 1.2336514098645925 -0.37288961137015164 
-0.6409745138999805 1.2396749908938791 -0.36197021783025785 
-0.6397301150890609 1.234963060294044 -0.37049751486045146 
-0.6412607718779255 1.2407591822457822 -0.3600118493877772 
-0.6403394012439242 1.2372715562514067 -0.3663392705284114 
-0.6411740325195456 1.2404313024847131 -0.36061287159635513 
-0.6396117822370269 1.2345166265767344 -0.3713277794335076 
-0.640917369947047 1.2394598761223432 -0.36237675443817374 
-0.6394730683009454 1.2339910683003998 -0.3722745723920995 
-0.6410706189447712 1.240040111393058 -0.36132608921008336 
-0.6397519209449261 1.2350468673057593 -0.37036277667961826 
-0.6415526948337722 1.241864114317996 -0.3580062467002657 
-0.6396255034111363 1.2345685780367264 -0.3712337079502367 
-0.6415078122479883 1.2416957798754267 -0.3583329409929993 
-0.6398973801253073 1.2355979645984045 -0.3693697387618662 
-0.6411239704279275 1.2402408670186245 -0.3609455535299585 
-0.639327455858219 1.2334404588041035 -0.3732813235442216 
-0.6409408075948203 1.2395486163431775 -0.36221606743917667 
-0.6401352648973261 1.2364982939728226 -0.36773459530703934 
-0.6408561125844403 1.2392270508896925 -0.36278616736180636 
-0.6391135603821729 1.2326293552190404 -0.3747329926868739 
-0.6409740728583418 1.2396729649833726 -0.36196902075736304 
-0.639614963822519 1.234529028804401 -0.37131018751478784 
-0.6405553671434535 1.238089607885546 -0.3648628430991083 
-0.6392468266589104 1.2331351784695952 -0.3738341121258122 
-0.640569894852216 1.238143901012877 -0.3647548004146077 
-0.638857560577164 1.2316609732577046 -0.37649867440872575 
-0.6402834127383563 1.2370586800998966 -0.36671256050856826 
-0.6393895029074155 1.2336750268996954 -0.37285171215746404 
-0.6397267778311595 1.2349511347921767 -0.3705288134721597 
-0.6386646410246726 1.230930892346328 -0.3778255392233494 
-0.6403682773236208 1.2373799965609256 -0.36613073439448207 
-0.6391995029688443 1.2329552882503703 -0.3741501186359095 
-0.6404500029791771 1.2376899633399239 -0.3655767713508177 
-0.6389109430786206 1.2318627354212637 -0.376128466601519 
-0.6406471726233858 1.2384368481119217 -0.36422920983370244 
-0.6389377487348338 1.2319642276817062 -0.37594468875424036 
-0.640393182131235 1.2374742917798356 -0.36595998864239787 
-0.6389525476425888 1.2320206157117473 -0.3758474492245998 
-0.6401918971800192 1.236713784650673 -0.36735899051313026 
-0.6399619812954102 1.235842559199216 -0.3689268373130544 
-0.6407833655991626 1.238953217491326 -0.36330392124197375 
-0.6397390652737925 1.2349985488626352 -0.3704551351562755 
-0.6408459977249225 1.2391892887639808 -0.3628618569563391 
-0.6399020141648794 1.235615154090047 -0.3693337472600542 
-0.6405610531089493 1.2381107802059979 -0.3648196396611211 
-0.6396012094878071 1.2344762397361186 -0.37139604469325005 
-0.6410957617907759 1.2401356639063887 -0.36115793230805093 
-0.6394344162437379 1.2338441878800055 -0.3725332256281575 
-0.6411333616542978 1.240278381497722 -0.36090437089867744 
-0.6397025689516372 1.2348607215825904 -0.3707095724090864 
-0.6405600343436277 1.2381076349854785 -0.3648350659021058 
-0.6392445271566953 1.2331268280629415 -0.3738540981903222 
-0.639866985002565 1.2354828818080785 -0.3695781257597789 
-0.6392278108200403 1.233062824187223 -0.37396026266275273 
-0.6404132686186315 1.2375508787654588 -0.36582861975357694 
-0.6397789646395295 1.2351496168606224 -0.3701815876823914 
-0.6407913676471746 1.2389831590225768 -0.363244838891881 
-0.6396731999470971 1.2347491678798337 -0.37090670358101696 
-0.641003515269205 1.2397863977695067 -0.36179036850056134 
-0.6397470412463211 1.2350278566523938 -0.3703898888068846 
-0.6407320114009287 1.2387577108317107 -0.3636433398298099 
-0.6398978211669459 1.2355999905089108 -0.369370935834761 
-0.6408259723481513 1.239113824198184 -0.3630033704716662 
-0.6396795226045994 1.2347727508598279 -0.3708591350237652 
-0.6410984857543286 1.2401456214194044 -0.3611350361640313 
-0.6398266445951892 1.2353297878995846 -0.36985047616076705 
-0.6414104574846043 1.2413264607281056 -0.35899195730961797 
-0.6398969390836685 1.2355959386878979 -0.36936854168897115 
-0.6409595688149992 1.2396192945269844 -0.36208322089977996 
-0.6397742713638719 1.2351309560191979 -0.37020320088009695 
-0.6418758667778534 1.24308771618976 -0.35579060072944413 
-0.6402974404143623 1.2371133951411861 -0.3666353929168574 
