-0.5725535361566223 1.237529386624593 -0.3397678955955581 
-0.5725550264709056 1.2375354332416793 -0.33976181746972267 
-0.5725544102750211 1.237533440171351 -0.3397702897413769 
-0.5725537152933076 1.2375293529215425 -0.33975822625099494 
-0.5725554477729391 1.2375370411791617 -0.33975890739022496 
-0.5725545736545403 1.237532987632404 -0.3397565132444067 
-0.5725550646696692 1.2375364747937871 -0.3397720820800495 
-0.5725554477729391 1.2375370411791617 -0.33975890739022496 
-0.5725550422280714 1.2375358520775752 -0.3397659246221302 
-0.572554994956574 1.2375345955698869 -0.33975360316490866 
-0.5725550264709056 1.2375354332416793 -0.33976181746972267 
-0.5725550107137397 1.2375350144057828 -0.3397577103173157 
-0.5725537310504732 1.2375297717574385 -0.3397623334034018 
-0.5725545894117061 1.2375334064683006 -0.3397606203968139 
-0.572554136595341 1.2375309608590253 -0.339755316171497 
-0.5725550264709056 1.2375354332416793 -0.3397618174697229 
-0.5725562812182664 1.2375402220989649 -0.33975315049382704 
-0.5725554320157733 1.2375366223432656 -0.3397548002378179 
-0.5725537310504732 1.2375297717574385 -0.3397623334034018 
-0.5725554477729391 1.2375370411791617 -0.33975890739022496 
-0.5725558690749727 1.2375386491166447 -0.33975599731072725 
-0.5725558690749727 1.2375386491166447 -0.33975599731072725 
-0.572554136595341 1.2375309608590253 -0.339755316171497 
-0.5725550107137397 1.2375350144057828 -0.3397577103173157 
-0.5725554477729391 1.2375370411791617 -0.33975890739022496 
-0.5725541523525068 1.2375313796949214 -0.3397594233239043 
-0.5725558690749727 1.2375386491166447 -0.3397559973107275 
-0.5725545736545403 1.237532987632404 -0.3397565132444067 
-0.5725554477729391 1.2375370411791617 -0.33975890739022496 
-0.5725550264709056 1.2375354332416793 -0.33976181746972267 
-0.5725550264709056 1.2375354332416793 -0.33976181746972267 
-0.572553099097423 1.2375273598512146 -0.33976669852264874 
-0.5725550107137397 1.2375350144057828 -0.3397577103173157 
-0.5725541523525068 1.2375313796949214 -0.3397594233239041 
-0.572554994956574 1.2375345955698869 -0.3397536031649089 
-0.5725550422280714 1.2375358520775752 -0.3397659246221302 
-0.572553099097423 1.2375273598512146 -0.33976669852264874 
-0.5725545894117062 1.2375334064683001 -0.33976062039681376 
-0.5725541681096726 1.2375317985308174 -0.33976353047631136 
-0.5725563061341721 1.2375406758900234 -0.3397571943836366 
-0.572554605168872 1.2375338253041963 -0.3397647275492206 
-0.572554994956574 1.2375345955698869 -0.33975360316490866 
-0.5725545894117062 1.2375334064683001 -0.33976062039681376 
-0.5725550107137396 1.2375350144057833 -0.33975771031731583 
-0.5725554320157733 1.2375366223432656 -0.3397548002378179 
-0.572554605168872 1.2375338253041963 -0.3397647275492206 
-0.5725554320157733 1.2375366223432656 -0.3397548002378179 
-0.5725537310504732 1.2375297717574385 -0.3397623334034018 
-0.572554994956574 1.2375345955698869 -0.33975360316490866 
-0.5725554070998677 1.237536168552207 -0.33975075634800833 
-0.5725558690749727 1.2375386491166447 -0.33975599731072725 
-0.5725545736545403 1.237532987632404 -0.3397565132444067 
-0.5725554477729391 1.2375370411791617 -0.3397589073902252 
-0.5725522249790242 1.2375233063044568 -0.33976430437683014 
-0.5725526620382236 1.2375253330778357 -0.33976550144973927 
-0.5725554320157733 1.2375366223432656 -0.3397548002378179 
-0.5725539732158216 1.2375314133979722 -0.3397690926684671 
-0.572554605168872 1.2375338253041963 -0.3397647275492206 
-0.5725550107137397 1.2375350144057828 -0.3397577103173157 
-0.5725550264709056 1.2375354332416793 -0.33976181746972267 
-0.5725545894117062 1.2375334064683001 -0.33976062039681376 
-0.5725545736545403 1.237532987632404 -0.3397565132444067 
-0.5725554635301049 1.2375374600150582 -0.33976301454263247 
-0.5725554477729391 1.2375370411791617 -0.3397589073902252 
-0.5725554320157733 1.2375366223432656 -0.3397548002378179 
-0.5725541523525068 1.2375313796949214 -0.3397594233239041 
-0.5725545894117062 1.2375334064683001 -0.33976062039681376 
-0.5725558848321385 1.2375390679525407 -0.33976010446313454 
-0.5725545894117062 1.2375334064683001 -0.33976062039681376 
-0.5725554477729391 1.2375370411791617 -0.33975890739022496 
-0.572553099097423 1.2375273598512146 -0.33976669852264874 
-0.5725545894117062 1.2375334064683001 -0.33976062039681376 
-0.5725541681096726 1.2375317985308174 -0.33976353047631136 
-0.5725554477729391 1.2375370411791617 -0.33975890739022496 
-0.5725541681096726 1.2375317985308174 -0.33976353047631136 
-0.5725541681096726 1.2375317985308174 -0.33976353047631136 
-0.5725558690749727 1.2375386491166447 -0.3397559973107275 
-0.5725550107137397 1.2375350144057828 -0.3397577103173157 
-0.572557372672114 1.23754528349478 -0.33975613990540954 
-0.5725541523525068 1.2375313796949214 -0.3397594233239041 
-0.5725541523525068 1.2375313796949214 -0.3397594233239041 
-0.5725526935525552 1.2375261707496277 -0.33977371575455395 
-0.5725554320157733 1.2375366223432656 -0.3397548002378179 
-0.5725545894117062 1.2375334064683001 -0.339760620396814 
-0.5725545894117062 1.2375334064683001 -0.33976062039681376 
-0.572554994956574 1.2375345955698869 -0.33975360316490866 
-0.572554605168872 1.2375338253041963 -0.3397647275492206 
-0.5725550264709056 1.2375354332416793 -0.33976181746972267 
-0.5725554635301049 1.2375374600150582 -0.33976301454263225 
-0.5725545894117062 1.2375334064683001 -0.33976062039681376 
-0.5725558690749727 1.2375386491166447 -0.3397559973107275 
-0.5725573999763213 1.237545748361103 -0.3397601903366011 
-0.5725550422280714 1.2375358520775752 -0.3397659246221302 
-0.5725545736545403 1.237532987632404 -0.3397565132444067 
-0.5725545736545403 1.237532987632404 -0.3397565132444067 
-0.5725528569320746 1.2375257182106807 -0.33975993925758363 
-0.5725545736545403 1.237532987632404 -0.3397565132444067 
-0.5725565392267867 1.2375421025749769 -0.3397618968018077 
-0.5725536995361418 1.2375289340856463 -0.3397541190985879 
-0.5725541523525068 1.2375313796949214 -0.3397594233239041 
-0.572554136595341 1.2375309608590253 -0.339755316171497 
-0.5725545894117062 1.2375334064683001 -0.33976062039681376 
-0.5725539732158216 1.2375314133979722 -0.3397690926684671 
-0.5725558690749727 1.2375386491166447 -0.33975599731072725 
-0.5725560390529181 1.2375385804584311 -0.3397463912287618 
-0.5725535361566223 1.237529386624593 -0.3397678955955581 
-0.5725554477729391 1.2375370411791617 -0.33975890739022496 
-0.5725550264709056 1.2375354332416793 -0.33976181746972267 
-0.5725558690749727 1.2375386491166447 -0.33975599731072725 
-0.5725562812182664 1.2375402220989649 -0.33975315049382704 
-0.5725541681096726 1.2375317985308174 -0.3397635304763116 
-0.5725558690749727 1.2375386491166447 -0.33975599731072725 
-0.5725554477729391 1.2375370411791617 -0.33975890739022496 
-0.5725541523525068 1.2375313796949214 -0.3397594233239041 
-0.5725545736545403 1.237532987632404 -0.3397565132444067 
-0.5725554477729391 1.2375370411791617 -0.33975890739022496 
-0.5725558848321385 1.2375390679525407 -0.33976010446313454 
-0.5725545894117062 1.2375334064683001 -0.33976062039681376 
-0.5725536995361417 1.2375289340856468 -0.339754119098588 
-0.5725550264709056 1.2375354332416793 -0.33976181746972267 
-0.5725563061341721 1.2375406758900234 -0.3397571943836366 
-0.5725556966227197 1.2375388867000114 -0.3397677169608031 
-0.572555447772939 1.2375370411791622 -0.3397589073902251 
-0.5725554635301049 1.2375374600150582 -0.33976301454263225 
-0.572554994956574 1.2375345955698869 -0.33975360316490866 
-0.5725545894117062 1.2375334064683001 -0.33976062039681376 
-0.5725545894117062 1.2375334064683001 -0.33976062039681376 
-0.572554994956574 1.2375345955698869 -0.3397536031649089 
-0.5725549700406684 1.2375341417788281 -0.3397495592750993 
-0.5725537310504732 1.2375297717574385 -0.3397623334034018 
-0.5725532939912739 1.2375277449840596 -0.33976113633049265 
-0.5725556019937186 1.237536553685052 -0.33974519415585236 
-0.5725554320157733 1.2375366223432656 -0.3397548002378179 
-0.5725541523525068 1.2375313796949214 -0.3397594233239043 
-0.5725550264709056 1.2375354332416793 -0.33976181746972267 
-0.5725565392267867 1.2375421025749769 -0.3397618968018079 
-0.5725531148545887 1.2375277786871106 -0.3397708056750559 
-0.5725554477729391 1.2375370411791617 -0.33975890739022496 
-0.5725522814092615 1.2375245977673077 -0.3397765625714543 
-0.572555844159067 1.237538195325586 -0.3397519534209178 
-0.5725558690749727 1.2375386491166447 -0.33975599731072725 
-0.5725539732158216 1.2375314133979722 -0.3397690926684671 
-0.5725554320157733 1.2375366223432656 -0.3397548002378179 
-0.5725550107137397 1.2375350144057828 -0.3397577103173157 
-0.5725545736545403 1.237532987632404 -0.3397565132444067 
-0.5725563061341721 1.2375406758900234 -0.3397571943836366 
-0.5725558848321385 1.2375390679525407 -0.33976010446313454 
-0.5725550107137397 1.2375350144057828 -0.3397577103173157 
-0.5725545578973746 1.237532568796508 -0.3397524060919995 
-0.5725544102750211 1.237533440171351 -0.3397702897413769 
-0.572553099097423 1.2375273598512146 -0.33976669852264874 
-0.5725554477729391 1.2375370411791617 -0.3397589073902252 
-0.5725545736545403 1.237532987632404 -0.3397565132444069 
-0.5725558690749727 1.2375386491166447 -0.33975599731072725 
-0.5725550264709056 1.2375354332416793 -0.33976181746972267 
-0.5725550264709056 1.2375354332416793 -0.33976181746972267 
-0.5725537152933076 1.2375293529215425 -0.33975822625099494 
-0.5725550264709056 1.2375354332416793 -0.33976181746972267 
-0.5725541523525068 1.2375313796949214 -0.3397594233239041 
-0.5725550264709056 1.2375354332416793 -0.33976181746972267 
-0.572554136595341 1.2375309608590253 -0.339755316171497 
-0.5725554477729391 1.2375370411791617 -0.33975890739022496 
-0.572554994956574 1.2375345955698869 -0.33975360316490866 
-0.5725550107137397 1.2375350144057828 -0.3397577103173157 
-0.5725550107137397 1.2375350144057828 -0.3397577103173157 
-0.572554136595341 1.2375309608590253 -0.339755316171497 
-0.5725537152933076 1.2375293529215425 -0.33975822625099517 
-0.5725541523525068 1.2375313796949214 -0.3397594233239041 
-0.5725550422280714 1.2375358520775752 -0.3397659246221302 
-0.5725565573722542 1.2375425324861375 -0.3397660104955966 
-0.5725558848321385 1.2375390679525407 -0.33976010446313454 
-0.572554136595341 1.2375309608590253 -0.339755316171497 
-0.5725564761121174 1.2375406072318098 -0.33974758830167096 
-0.5725550264709055 1.2375354332416797 -0.3397618174697228 
-0.5725550264709056 1.2375354332416793 -0.3397618174697229 
-0.5725532782341082 1.2375273261481636 -0.3397570291780855 
-0.5725545736545403 1.237532987632404 -0.3397565132444067 
-0.5725554477729391 1.2375370411791617 -0.33975890739022496 
-0.572554136595341 1.2375309608590253 -0.339755316171497 
-0.5725545736545403 1.237532987632404 -0.3397565132444067 
-0.5725550264709056 1.2375354332416793 -0.33976181746972267 
-0.5725554320157733 1.2375366223432656 -0.3397548002378179 
-0.5725554320157733 1.2375366223432656 -0.3397548002378181 
-0.5725537310504732 1.2375297717574385 -0.3397623334034018 
-0.5725536995361418 1.2375289340856463 -0.3397541190985879 
-0.5725550264709056 1.2375354332416793 -0.33976181746972267 
-0.5725537310504732 1.2375297717574385 -0.3397623334034018 
-0.5725535361566223 1.237529386624593 -0.3397678955955581 
-0.5725554477729391 1.2375370411791617 -0.33975890739022496 
-0.5725558848321385 1.2375390679525407 -0.33976010446313454 
-0.5725545894117062 1.2375334064683001 -0.33976062039681376 
-0.5725554477729391 1.2375370411791617 -0.33975890739022496 
-0.5725531306117546 1.2375281975230068 -0.33977491282746275 
-0.5725537310504732 1.2375297717574385 -0.3397623334034018 
-0.5725545578973746 1.237532568796508 -0.3397524060919995 
-0.5725536995361418 1.2375289340856463 -0.3397541190985879 
-0.572554994956574 1.2375345955698869 -0.33975360316490866 
-0.572554605168872 1.2375338253041963 -0.3397647275492206 
-0.5725554477729391 1.2375370411791617 -0.33975890739022496 
-0.572554994956574 1.2375345955698869 -0.33975360316490866 
