-0.6275535361566226 1.2375293866245936 -0.33976789559555776 
-0.6275550264709058 1.237535433241679 -0.33976181746972245 
-0.6275544102750212 1.2375334401713511 -0.33977028974137646 
-0.6275537152933077 1.2375293529215425 -0.3397582262509946 
-0.6275554477729394 1.2375370411791617 -0.33975890739022485 
-0.6275545736545406 1.2375329876324042 -0.33975651324440614 
-0.6275550646696695 1.2375364747937874 -0.33977208208004983 
-0.6275554477729394 1.2375370411791617 -0.33975890739022485 
-0.6275550422280716 1.2375358520775752 -0.33976592462213007 
-0.6275549949565742 1.2375345955698867 -0.33975360316490844 
-0.6275550264709058 1.237535433241679 -0.33976181746972245 
-0.62755501071374 1.237535014405783 -0.33975771031731583 
-0.6275537310504734 1.2375297717574385 -0.339762333403402 
-0.6275545894117064 1.2375334064683008 -0.33976062039681365 
-0.6275541365953413 1.2375309608590253 -0.339755316171497 
-0.6275550264709058 1.237535433241679 -0.33976181746972267 
-0.6275562812182666 1.2375402220989649 -0.3397531504938268 
-0.6275554320157736 1.2375366223432658 -0.3397548002378178 
-0.6275537310504734 1.2375297717574385 -0.339762333403402 
-0.6275554477729394 1.2375370411791617 -0.33975890739022485 
-0.6275558690749728 1.2375386491166445 -0.3397559973107269 
-0.6275558690749728 1.2375386491166445 -0.3397559973107269 
-0.6275541365953413 1.2375309608590253 -0.339755316171497 
-0.62755501071374 1.237535014405783 -0.33975771031731583 
-0.6275554477729394 1.2375370411791617 -0.33975890739022485 
-0.627554152352507 1.2375313796949212 -0.3397594233239042 
-0.6275558690749728 1.2375386491166445 -0.33975599731072714 
-0.6275545736545406 1.2375329876324042 -0.33975651324440614 
-0.6275554477729394 1.2375370411791617 -0.33975890739022485 
-0.6275550264709058 1.237535433241679 -0.33976181746972245 
-0.6275550264709058 1.237535433241679 -0.33976181746972245 
-0.6275530990974232 1.2375273598512146 -0.3397666985226485 
-0.62755501071374 1.237535014405783 -0.33975771031731583 
-0.627554152352507 1.2375313796949212 -0.33975942332390396 
-0.6275549949565742 1.2375345955698867 -0.33975360316490866 
-0.6275550422280716 1.2375358520775752 -0.33976592462213007 
-0.6275530990974232 1.2375273598512146 -0.3397666985226485 
-0.6275545894117065 1.2375334064683003 -0.33976062039681354 
-0.6275541681096729 1.2375317985308174 -0.33976353047631125 
-0.6275563061341722 1.2375406758900234 -0.3397571943836366 
-0.6275546051688722 1.2375338253041963 -0.3397647275492204 
-0.6275549949565742 1.2375345955698867 -0.33975360316490844 
-0.6275545894117065 1.2375334064683003 -0.33976062039681354 
-0.6275550107137399 1.2375350144057835 -0.33975771031731594 
-0.6275554320157736 1.2375366223432658 -0.3397548002378178 
-0.6275546051688722 1.2375338253041963 -0.3397647275492204 
-0.6275554320157736 1.2375366223432658 -0.3397548002378178 
-0.6275537310504734 1.2375297717574385 -0.339762333403402 
-0.6275549949565742 1.2375345955698867 -0.33975360316490844 
-0.6275554070998679 1.2375361685522068 -0.339750756348008 
-0.6275558690749728 1.2375386491166445 -0.3397559973107269 
-0.6275545736545406 1.2375329876324042 -0.33975651324440614 
-0.6275554477729394 1.2375370411791617 -0.3397589073902251 
-0.6275522249790246 1.237523306304457 -0.33976430437683003 
-0.6275526620382238 1.2375253330778355 -0.33976550144973927 
-0.6275554320157736 1.2375366223432658 -0.3397548002378178 
-0.6275539732158218 1.2375314133979722 -0.3397690926684671 
-0.6275546051688722 1.2375338253041963 -0.3397647275492204 
-0.62755501071374 1.237535014405783 -0.33975771031731583 
-0.6275550264709058 1.237535433241679 -0.33976181746972245 
-0.6275545894117065 1.2375334064683003 -0.33976062039681354 
-0.6275545736545406 1.2375329876324042 -0.33975651324440614 
-0.6275554635301052 1.237537460015058 -0.33976301454263236 
-0.6275554477729394 1.2375370411791617 -0.3397589073902251 
-0.6275554320157736 1.2375366223432658 -0.3397548002378178 
-0.627554152352507 1.2375313796949212 -0.33975942332390396 
-0.6275545894117065 1.2375334064683003 -0.33976062039681354 
-0.6275558848321388 1.2375390679525407 -0.3397601044631342 
-0.6275545894117065 1.2375334064683003 -0.33976062039681354 
-0.6275554477729394 1.2375370411791617 -0.33975890739022485 
-0.6275530990974232 1.2375273598512146 -0.3397666985226485 
-0.6275545894117065 1.2375334064683003 -0.33976062039681354 
-0.6275541681096729 1.2375317985308174 -0.33976353047631125 
-0.6275554477729394 1.2375370411791617 -0.33975890739022485 
-0.6275541681096729 1.2375317985308174 -0.33976353047631125 
-0.6275541681096729 1.2375317985308174 -0.33976353047631125 
-0.6275558690749728 1.2375386491166445 -0.33975599731072714 
-0.62755501071374 1.237535014405783 -0.33975771031731583 
-0.6275573726721142 1.2375452834947795 -0.33975613990540965 
-0.627554152352507 1.2375313796949212 -0.33975942332390396 
-0.627554152352507 1.2375313796949212 -0.33975942332390396 
-0.6275526935525555 1.237526170749628 -0.3397737157545535 
-0.6275554320157736 1.2375366223432658 -0.3397548002378178 
-0.6275545894117065 1.2375334064683003 -0.33976062039681376 
-0.6275545894117065 1.2375334064683003 -0.33976062039681354 
-0.6275549949565742 1.2375345955698867 -0.33975360316490844 
-0.6275546051688722 1.2375338253041963 -0.3397647275492204 
-0.6275550264709058 1.237535433241679 -0.33976181746972245 
-0.6275554635301052 1.237537460015058 -0.33976301454263214 
-0.6275545894117065 1.2375334064683003 -0.33976062039681354 
-0.6275558690749728 1.2375386491166445 -0.33975599731072714 
-0.6275573999763213 1.2375457483611028 -0.33976019033660076 
-0.6275550422280716 1.2375358520775752 -0.33976592462213007 
-0.6275545736545406 1.2375329876324042 -0.33975651324440614 
-0.6275545736545406 1.2375329876324042 -0.33975651324440614 
-0.6275528569320749 1.2375257182106811 -0.3397599392575833 
-0.6275545736545406 1.2375329876324042 -0.33975651324440614 
-0.6275565392267869 1.2375421025749767 -0.33976189680180735 
-0.6275536995361419 1.2375289340856463 -0.33975411909858755 
-0.627554152352507 1.2375313796949212 -0.33975942332390396 
-0.6275541365953413 1.2375309608590253 -0.339755316171497 
-0.6275545894117065 1.2375334064683003 -0.33976062039681354 
-0.6275539732158218 1.2375314133979722 -0.3397690926684671 
-0.6275558690749728 1.2375386491166445 -0.3397559973107269 
-0.6275560390529182 1.237538580458431 -0.3397463912287617 
-0.6275535361566226 1.2375293866245936 -0.33976789559555776 
-0.6275554477729394 1.2375370411791617 -0.33975890739022485 
-0.6275550264709058 1.237535433241679 -0.33976181746972245 
-0.6275558690749728 1.2375386491166445 -0.3397559973107269 
-0.6275562812182666 1.2375402220989649 -0.3397531504938268 
-0.6275541681096729 1.2375317985308174 -0.33976353047631147 
-0.6275558690749728 1.2375386491166445 -0.3397559973107269 
-0.6275554477729394 1.2375370411791617 -0.33975890739022485 
-0.627554152352507 1.2375313796949212 -0.33975942332390396 
-0.6275545736545406 1.2375329876324042 -0.33975651324440614 
-0.6275554477729394 1.2375370411791617 -0.33975890739022485 
-0.6275558848321388 1.2375390679525407 -0.3397601044631342 
-0.6275545894117065 1.2375334064683003 -0.33976062039681354 
-0.6275536995361418 1.2375289340856468 -0.33975411909858766 
-0.6275550264709058 1.237535433241679 -0.33976181746972245 
-0.6275563061341722 1.2375406758900234 -0.3397571943836366 
-0.6275556966227197 1.2375388867000112 -0.339767716960803 
-0.6275554477729393 1.2375370411791622 -0.33975890739022496 
-0.6275554635301052 1.237537460015058 -0.33976301454263214 
-0.6275549949565742 1.2375345955698867 -0.33975360316490844 
-0.6275545894117065 1.2375334064683003 -0.33976062039681354 
-0.6275545894117065 1.2375334064683003 -0.33976062039681354 
-0.6275549949565742 1.2375345955698867 -0.33975360316490866 
-0.6275549700406686 1.2375341417788281 -0.3397495592750991 
-0.6275537310504734 1.2375297717574385 -0.339762333403402 
-0.6275532939912742 1.2375277449840598 -0.33976113633049243 
-0.627555601993719 1.2375365536850522 -0.33974519415585225 
-0.6275554320157736 1.2375366223432658 -0.3397548002378178 
-0.627554152352507 1.2375313796949212 -0.3397594233239042 
-0.6275550264709058 1.237535433241679 -0.33976181746972245 
-0.6275565392267869 1.2375421025749767 -0.3397618968018076 
-0.627553114854589 1.2375277786871106 -0.339770805675056 
-0.6275554477729394 1.2375370411791617 -0.33975890739022485 
-0.6275522814092617 1.2375245977673077 -0.33977656257145405 
-0.6275558441590673 1.2375381953255857 -0.33975195342091746 
-0.6275558690749728 1.2375386491166445 -0.3397559973107269 
-0.6275539732158218 1.2375314133979722 -0.3397690926684671 
-0.6275554320157736 1.2375366223432658 -0.3397548002378178 
-0.62755501071374 1.237535014405783 -0.33975771031731583 
-0.6275545736545406 1.2375329876324042 -0.33975651324440614 
-0.6275563061341722 1.2375406758900234 -0.3397571943836366 
-0.6275558848321388 1.2375390679525407 -0.3397601044631342 
-0.62755501071374 1.237535014405783 -0.33975771031731583 
-0.6275545578973749 1.237532568796508 -0.3397524060919991 
-0.6275544102750212 1.2375334401713511 -0.33977028974137646 
-0.6275530990974232 1.2375273598512146 -0.3397666985226485 
-0.6275554477729394 1.2375370411791617 -0.3397589073902251 
-0.6275545736545406 1.2375329876324042 -0.33975651324440637 
-0.6275558690749728 1.2375386491166445 -0.3397559973107269 
-0.6275550264709058 1.237535433241679 -0.33976181746972245 
-0.6275550264709058 1.237535433241679 -0.33976181746972245 
-0.6275537152933077 1.2375293529215425 -0.3397582262509946 
-0.6275550264709058 1.237535433241679 -0.33976181746972245 
-0.627554152352507 1.2375313796949212 -0.33975942332390396 
-0.6275550264709058 1.237535433241679 -0.33976181746972245 
-0.6275541365953413 1.2375309608590253 -0.339755316171497 
-0.6275554477729394 1.2375370411791617 -0.33975890739022485 
-0.6275549949565742 1.2375345955698867 -0.33975360316490844 
-0.62755501071374 1.237535014405783 -0.33975771031731583 
-0.62755501071374 1.237535014405783 -0.33975771031731583 
-0.6275541365953413 1.2375309608590253 -0.339755316171497 
-0.6275537152933077 1.2375293529215425 -0.33975822625099483 
-0.627554152352507 1.2375313796949212 -0.33975942332390396 
-0.6275550422280716 1.2375358520775752 -0.33976592462213007 
-0.6275565573722542 1.2375425324861375 -0.3397660104955964 
-0.6275558848321388 1.2375390679525407 -0.3397601044631342 
-0.6275541365953413 1.2375309608590253 -0.339755316171497 
-0.6275564761121176 1.23754060723181 -0.33974758830167107 
-0.6275550264709056 1.2375354332416795 -0.33976181746972256 
-0.6275550264709058 1.237535433241679 -0.33976181746972267 
-0.6275532782341084 1.2375273261481639 -0.3397570291780856 
-0.6275545736545406 1.2375329876324042 -0.33975651324440614 
-0.6275554477729394 1.2375370411791617 -0.33975890739022485 
-0.6275541365953413 1.2375309608590253 -0.339755316171497 
-0.6275545736545406 1.2375329876324042 -0.33975651324440614 
-0.6275550264709058 1.237535433241679 -0.33976181746972245 
-0.6275554320157736 1.2375366223432658 -0.3397548002378178 
-0.6275554320157736 1.2375366223432658 -0.339754800237818 
-0.6275537310504734 1.2375297717574385 -0.339762333403402 
-0.6275536995361419 1.2375289340856463 -0.33975411909858755 
-0.6275550264709058 1.237535433241679 -0.33976181746972245 
-0.6275537310504734 1.2375297717574385 -0.339762333403402 
-0.6275535361566226 1.2375293866245936 -0.33976789559555776 
-0.6275554477729394 1.2375370411791617 -0.33975890739022485 
-0.6275558848321388 1.2375390679525407 -0.3397601044631342 
-0.6275545894117065 1.2375334064683003 -0.33976062039681354 
-0.6275554477729394 1.2375370411791617 -0.33975890739022485 
-0.6275531306117548 1.2375281975230068 -0.33977491282746297 
-0.6275537310504734 1.2375297717574385 -0.339762333403402 
-0.6275545578973749 1.237532568796508 -0.3397524060919991 
-0.6275536995361419 1.2375289340856463 -0.33975411909858755 
-0.6275549949565742 1.2375345955698867 -0.33975360316490844 
-0.6275546051688722 1.2375338253041963 -0.3397647275492204 
-0.6275554477729394 1.2375370411791617 -0.33975890739022485 
-0.6275549949565742 1.2375345955698867 -0.33975360316490844 
