-0.642764217807366 1.2464528147056626 -0.3497191056451683 
-0.6411604975006212 1.2403795208364097 -0.36069932404057437 
-0.6422797005463212 1.244617076003817 -0.3530261402628586 
-0.640700368701895 1.2386382604635395 -0.3638645009560568 
-0.6424840586187704 1.2453913567729291 -0.3516314172913687 
-0.6410644845847562 1.2400165292950498 -0.3613639251601731 
-0.6422024912386575 1.244325635191649 -0.3535660458852715 
-0.6406047541718841 1.2382762422870495 -0.3645200279968489 
-0.6419128275393051 1.2432280120510015 -0.35554139789795236 
-0.6403187225948455 1.2371932622219228 -0.36648104201059795 
-0.6416729853604273 1.2423192053560708 -0.3571773217947397 
-0.6407582154002773 1.2388572811109453 -0.36346790772900384 
-0.6418546340705116 1.2430089255212058 -0.3559551529834255 
-0.6409042028312002 1.239408421301421 -0.3624480451496499 
-0.6420027840538437 1.2435691427185769 -0.3549310046168447 
-0.6413754375497103 1.2411942233832316 -0.3592362725467444 
-0.6427191841243327 1.2462810599557446 -0.3500130692438619 
-0.6410439997115054 1.239938968944557 -0.36150436812780096 
-0.6423859231284553 1.2450201496995092 -0.3523084486990238 
-0.6409878766661951 1.2397268304638371 -0.36189336492662305 
-0.6427726608970167 1.24648478214742 -0.3496612203679703 
-0.6412952401646201 1.240890934022135 -0.35979032146382817 
-0.6417644582401858 1.2426667874336519 -0.3565649509987764 
-0.6409025802667124 1.2394035230293967 -0.3624739307052163 
-0.6416354773580693 1.2421784367223045 -0.3574492355940466 
-0.6406373097047339 1.2384005710139738 -0.36430946877981885 
-0.641841726783935 1.2429596995956016 -0.3560394236804697 
-0.6410706189447712 1.240040111393058 -0.36132608921008336 
-0.642611155232589 1.245872929246889 -0.3507642719436973 
-0.6411204377874202 1.2402287367679732 -0.3609845344433169 
-0.6427215778977753 1.246291370390515 -0.35001144211066704 
-0.6413220126602313 1.240991588674288 -0.3595983293117402 
-0.642963280947293 1.2472065126521428 -0.3483543416178565 
-0.6414427700362466 1.2414491593641088 -0.358774645368916 
-0.6421433638033816 1.2441014093581084 -0.35396719893585027 
-0.6410143966854165 1.2398256400877214 -0.36169256320397014 
-0.6425810055011177 1.2457594876180336 -0.35097941820666434 
-0.6408614075169625 1.2392476337123246 -0.3627562084176281 
-0.6424794172263176 1.2453737834142362 -0.3516632383781779 
-0.6408941961453852 1.2393728469371688 -0.3625440741770297 
-0.6421716197713727 1.2442078578122295 -0.35376713507358926 
-0.6409511257253484 1.239587327085227 -0.3621411061769779 
-0.6419286617926827 1.2432879641057069 -0.35543283927973235 
-0.641043414634942 1.2399374657674938 -0.3615168210266776 
-0.6423964792973736 1.2450601177359792 -0.3522360762868766 
-0.6413056006831708 1.2409305173095697 -0.35972351124384017 
-0.6426227206716467 1.2459158275665314 -0.35067441644367303 
-0.6407955514176875 1.2389982876666181 -0.3632077135797719 
-0.6424412488665333 1.245229981449985 -0.3519333598388332 
-0.6406693203068452 1.2385203482095264 -0.36407314592082884 
-0.6422284571996159 1.244423948176463 -0.3533880249344137 
-0.6411958405177125 1.2405149405667257 -0.36047601984741273 
-0.6423565965119378 1.244909468542137 -0.35251373091316496 
-0.6411174331296929 1.2402164694149005 -0.36099457058558215 
-0.6423534573144678 1.2448979388598547 -0.3525394738740961 
-0.640979841457581 1.2396960513242965 -0.3619442329719069 
-0.6425313657285354 1.2455708281880093 -0.3513113036288671 
-0.6410898138537081 1.2401124316203216 -0.36119026932857967 
-0.6424177519826745 1.2451397698793691 -0.3520796685337241 
-0.6405912360010227 1.238225059443143 -0.3646127077029636 
-0.6410738097576842 1.2400525485578198 -0.36130843402876556 
-0.6409177686006631 1.2394610294874648 -0.362369800468858 
-0.6411911567372371 1.240496494662648 -0.36049968989201153 
-0.6405889033382055 1.2382158714281994 -0.3646244794626645 
-0.6413720768941511 1.2411818552106735 -0.35926353381002785 
-0.6398885218017394 1.2355644249873805 -0.3694304708559757 
-0.6415426033719123 1.2418267948629749 -0.3580859736432236 
-0.6399647381294209 1.2358536956308217 -0.36891621683657483 
-0.6417397822435413 1.2425737145720674 -0.3567383488635104 
-0.6405169368120972 1.2379437459556795 -0.365122098142305 
-0.641971504705522 1.2434501770369406 -0.3551391110370766 
-0.6409802990795208 1.2396984960389479 -0.36194953719720624 
-0.6421590024063915 1.244160976663778 -0.3538642025097892 
-0.640836349447003 1.2391538262897632 -0.3629406674040828 
-0.6414932587315041 1.2416410330068561 -0.3584369397876944 
-0.6403508536663575 1.2373159838424854 -0.3662733928730776 
-0.6412398625433373 1.2406800147889279 -0.36015520243491395 
-0.6404086272261788 1.237533305406766 -0.36586044084038616 
-0.6411841642271264 1.2404696634148218 -0.36054340926371775 
-0.6400218492118964 1.2360676314837675 -0.36849740456111924 
-0.6420836678718431 1.24387609915165 -0.3543849120377107 
-0.6409178367964071 1.2394623557740894 -0.36238199540087546 
-0.6423099095138781 1.2447319889824542 -0.35282537230399835 
-0.6406467739697697 1.2384356947467998 -0.3642361638030186 
-0.6421367954868464 1.2440760052163915 -0.35400588811855627 
-0.6405762672506214 1.2381687404053054 -0.3647195533145692 
-0.6426119875749633 1.245875724655467 -0.3507543446322743 
-0.6411396492766581 1.2403014757993815 -0.3608528217142175 
-0.642962814097933 1.2472040330003968 -0.3483491006551547 
-0.6414396050310551 1.2414371759405867 -0.35879634444004016 
-0.642680093703312 1.2461323446956452 -0.35027265205789804 
-0.6414317728256895 1.2414071654171321 -0.3588458207081676 
-0.6431856948166468 1.2480473746583909 -0.3468147020752349 
-0.6413008742469111 1.2409110188598553 -0.3597369101367366 
-0.6424988833342469 1.2454481985442099 -0.3515382216515347 
-0.6411250884072934 1.2402463450637606 -0.36095265009390953 
-0.6426303501415259 1.2459452494741525 -0.3506284520621934 
-0.6414767546255179 1.2415778326843183 -0.3585416492203697 
-0.642787789994882 1.2465408172557064 -0.3495427118275054 
-0.6408244299074476 1.2391067390466861 -0.3629991839872243 
-0.6425077582381158 1.2454821569593788 -0.3514815967098299 
-0.6406417081159795 1.2384165142817454 -0.3642708949693374 
-0.6423221966887491 1.2447792230526604 -0.3527495738786227 
-0.6402362091272391 1.2368812036500272 -0.367050969839787 
-0.6417731467211074 1.2427003960368797 -0.356513824986633 
-0.6409462886825279 1.2395693689774985 -0.36217848945594655 
-0.6417807169549009 1.2427283465947188 -0.3564534823010468 
-0.6409085023960587 1.2394263015742242 -0.3624375497948812 
-0.6420035884461944 1.243571653315618 -0.3549191469837246 
-0.6406705583879544 1.2385245008500245 -0.36405831494560104 
-0.642240463948074 1.244469052406864 -0.35330148661677585 
-0.6416230627285744 1.2421321441896866 -0.35754279114359866 
-0.642540037629156 1.2456040179870924 -0.3512560704643183 
-0.6413688695009372 1.2411689992417667 -0.35927708183894136 
-0.642401545151164 1.2450792982010337 -0.3522013451205581 
-0.6413607068376993 1.2411391616398149 -0.3593457070084023 
-0.6423056431096217 1.2447149463179406 -0.3528440819635761 
-0.6414750586547071 1.2415710553289172 -0.35854905586080665 
-0.6429417109875165 1.247124131864551 -0.34849378221685057 
-0.6418295336125295 1.2429142455532596 -0.35613146092766934 
-0.6428843053307729 1.2469071371276517 -0.3488915725167988 
-0.6408308259712727 1.2391322011100576 -0.36297009434510197 
-0.6419876362333754 1.243512857735848 -0.35504751957301495 
-0.6416133389020302 1.2420949715617948 -0.35760523624432217 
-0.6425676922080444 1.2457087244602576 -0.3510664724580215 
-0.6408834185183777 1.239332040410423 -0.3626179648915291 
-0.642227183815603 1.2444191268573783 -0.3533967551729421 
-0.6411348288141386 1.2402839364957978 -0.36089431214559076 
-0.642457932042586 1.2452931477174132 -0.35181898106159415 
-0.6414583494031709 1.2415072553199966 -0.3586572706387481 
-0.6425765173710102 1.245741426462992 -0.3509975260591035 
-0.6407664204515378 1.2388879912582822 -0.363407433601754 
-0.6418066242152977 1.2428255482302557 -0.356265323265065 
-0.6407812027789916 1.2389439604841783 -0.3633060869197091 
-0.6414349802189034 1.2414200213860387 -0.3588322726792542 
-0.6405680198113386 1.2381371577125841 -0.36477187639960795 
-0.6418894251944355 1.2431399405087538 -0.3557081856336496 
-0.6408972668793494 1.2393828703325749 -0.3625040161745904 
-0.641785790161572 1.2427479109268231 -0.35642292154973054 
-0.6404088133813641 1.237533475218455 -0.36585282180133416 
-0.642118409522626 1.244006037727016 -0.3541277433402127 
-0.64047534882843 1.2377862844693408 -0.3654072226716284 
-0.6421592477976623 1.2441626178252485 -0.3538709617748437 
-0.6406944631528497 1.238615900722857 -0.3639049890187964 
-0.6412618756870541 1.240764252557323 -0.3600148453407058 
-0.6401398802142955 1.2365152335900234 -0.3676966102209326 
-0.6419734408570247 1.2434580427570596 -0.3551321796785818 
-0.6405397377678641 1.238030075516971 -0.36496577626257154 
-0.6414712735378103 1.2415570800499975 -0.3585792272035999 
-0.6398730954293983 1.2355056612348916 -0.36953201224228194 
-0.6415740762282997 1.2419463142233498 -0.357874418598942 
-0.640507229565854 1.2379069921319323 -0.36518865039543313 
-0.6421855958319358 1.2442616653710394 -0.3536818797022653 
-0.6406359889898813 1.2383945043530038 -0.36430588410251585 
-0.6423194137568728 1.2447679741901154 -0.35276021182802686 
-0.6407664204515378 1.2388879912582822 -0.363407433601754 
-0.6423436416267598 1.2448588172743957 -0.35258356658488665 
-0.6413950569199848 1.2412681507168566 -0.359097542585731 
-0.6422136322163774 1.2443669264049297 -0.3534791004647566 
-0.6409511257253484 1.239587327085227 -0.3621411061769779 
-0.6418626361185233 1.2430388670524564 -0.35589607063333273 
-0.6410173802104777 1.2398376464958032 -0.36168052693602737 
-0.6424355862986955 1.2452092518002236 -0.3519806006252454 
-0.641247305590269 1.2407090868846076 -0.36011473698299556 
-0.642396038255735 1.245058091825473 -0.3522348792139812 
-0.6411856498418081 1.2404752882870875 -0.36053322398543486 
-0.6421716716545774 1.244208945294961 -0.35377734296269325 
-0.6406858409931324 1.2385839673362087 -0.3639725436405581 
-0.6424646772868863 1.2453186867337243 -0.35177273610243387 
-0.6415069301647107 1.241691728054414 -0.35833054684720933 
-0.6427374029237325 1.2463512875081255 -0.34990294675504463 
-0.6414841031334605 1.2416047647516302 -0.35848070472764504 
-0.6427671540015876 1.2464635757718594 -0.34969475446139386 
-0.641134038592025 1.2402818336323518 -0.36091027038973356 
-0.6426254612155005 1.245926203883692 -0.3506556274520579 
-0.641630800662713 1.2421601946850254 -0.35747495594415635 
-0.6429660049108459 1.2472164701651585 -0.348331445473837 
-0.6412110288516633 1.2405724470247939 -0.3603718896110546 
-0.6425098381567818 1.2454893199458024 -0.35145889527007235 
-0.6409024011966457 1.2394035570845054 -0.36248360004978 
-0.6426185629766171 1.2459013326639818 -0.35071770575507955 
-0.641175508906807 1.2404368924198836 -0.3606027495806704 
-0.6431131103211346 1.2477730884007703 -0.3473186794584342 
-0.6415936771437333 1.2420201716827852 -0.3577358151631249 
-0.6429900700232052 1.2473075861084402 -0.3481664566181736 
-0.6413819963710631 1.2412194125876015 -0.35919552651714504 
-0.6423207037211868 1.244773214313345 -0.35275558874190294 
-0.6415063192804258 1.2416897711361112 -0.35833895585627995 
-0.6433212440152983 1.2485611295114547 -0.34589172829725867 
-0.6414862422882116 1.2416133990878349 -0.35847238159199357 
-0.6429394354184832 1.2471165841290917 -0.3485220458487679 
-0.6416994418361657 1.2424206206635737 -0.357010699264499 
-0.6429868792102923 1.2472951489436783 -0.34818411179949116 
-0.6415039420872843 1.2416798795054858 -0.35834469014187964 
-0.6429085826738011 1.2469990566241145 -0.3487251286213807 
-0.6420289695983512 1.2436686431236217 -0.35475569904123505 
-0.643345724361575 1.2486538176240034 -0.3457238926246835 
-0.6417471073538261 1.2426002039686885 -0.3566733670223614 
-0.6427018827111143 1.2462155529029635 -0.35013168661516925 
-0.642127529550004 1.2440414573034029 -0.35407575755407084 
