-0.6977642178073661 1.1764528147056628 -0.3497191056451686 
-0.6961604975006213 1.1703795208364096 -0.3606993240405746 
-0.6972797005463213 1.1746170760038168 -0.3530261402628583 
-0.6957003687018951 1.1686382604635397 -0.36386450095605716 
-0.6974840586187704 1.1753913567729288 -0.35163141729136904 
-0.6960644845847561 1.1700165292950495 -0.36136392516017324 
-0.6972024912386576 1.174325635191649 -0.3535660458852714 
-0.6956047541718843 1.1682762422870494 -0.3645200279968489 
-0.6969128275393053 1.1732280120510017 -0.35554139789795247 
-0.6953187225948455 1.1671932622219228 -0.36648104201059806 
-0.6966729853604273 1.1723192053560707 -0.3571773217947398 
-0.6957582154002774 1.1688572811109452 -0.36346790772900395 
-0.6968546340705116 1.1730089255212057 -0.3559551529834254 
-0.6959042028312001 1.1694084213014209 -0.36244804514965034 
-0.6970027840538436 1.1735691427185768 -0.35493100461684524 
-0.6963754375497103 1.1711942233832315 -0.3592362725467446 
-0.6977191841243329 1.1762810599557447 -0.3500130692438622 
-0.6960439997115054 1.1699389689445565 -0.3615043681278014 
-0.6973859231284554 1.1750201496995092 -0.3523084486990239 
-0.6959878766661951 1.169726830463837 -0.36189336492662316 
-0.6977726608970167 1.17648478214742 -0.34966122036797054 
-0.6962952401646202 1.1708909340221352 -0.35979032146382806 
-0.6967644582401857 1.1726667874336518 -0.3565649509987764 
-0.6959025802667124 1.1694035230293964 -0.3624739307052165 
-0.6966354773580692 1.1721784367223043 -0.3574492355940466 
-0.6956373097047339 1.1684005710139738 -0.3643094687798193 
-0.6968417267839352 1.172959699595602 -0.35603942368047026 
-0.6960706189447714 1.170040111393058 -0.3613260892100838 
-0.6976111552325892 1.1758729292468888 -0.35076427194369764 
-0.6961204377874204 1.1702287367679733 -0.36098453444331724 
-0.6977215778977753 1.1762913703905151 -0.3500114421106675 
-0.6963220126602312 1.1709915886742877 -0.3595983293117405 
-0.6979632809472931 1.1772065126521427 -0.3483543416178566 
-0.6964427700362467 1.1714491593641088 -0.3587746453689161 
-0.6971433638033815 1.1741014093581081 -0.3539671989358508 
-0.6960143966854164 1.1698256400877214 -0.36169256320397014 
-0.6975810055011177 1.1757594876180333 -0.3509794182066641 
-0.6958614075169625 1.1692476337123248 -0.36275620841762857 
-0.6974794172263177 1.1753737834142362 -0.35166323837817826 
-0.6958941961453854 1.1693728469371687 -0.36254407417703005 
-0.6971716197713727 1.1742078578122292 -0.35376713507358937 
-0.6959511257253485 1.169587327085227 -0.36214110617697837 
-0.6969286617926829 1.1732879641057068 -0.35543283927973235 
-0.696043414634942 1.169937465767494 -0.36151682102667804 
-0.6973964792973738 1.1750601177359796 -0.35223607628687703 
-0.6963056006831708 1.1709305173095694 -0.3597235112438405 
-0.6976227206716468 1.1759158275665313 -0.3506744164436726 
-0.6957955514176875 1.168998287666618 -0.363207713579772 
-0.6974412488665334 1.1752299814499851 -0.35193335983883345 
-0.6956693203068451 1.1685203482095263 -0.36407314592082896 
-0.6972284571996159 1.174423948176463 -0.3533880249344141 
-0.6961958405177125 1.1705149405667257 -0.36047601984741307 
-0.6973565965119378 1.174909468542137 -0.35251373091316496 
-0.6961174331296929 1.1702164694149002 -0.3609945705855826 
-0.6973534573144677 1.1748979388598544 -0.3525394738740961 
-0.695979841457581 1.1696960513242964 -0.36194423297190714 
-0.6975313657285356 1.1755708281880093 -0.3513113036288671 
-0.696089813853708 1.1701124316203213 -0.3611902693285798 
-0.6974177519826745 1.175139769879369 -0.3520796685337242 
-0.6955912360010228 1.1682250594431431 -0.36461270770296395 
-0.6960738097576843 1.17005254855782 -0.3613084340287658 
-0.6959177686006631 1.1694610294874648 -0.36236980046885825 
-0.6961911567372372 1.170496494662648 -0.36049968989201153 
-0.6955889033382054 1.1682158714281992 -0.36462447946266474 
-0.6963720768941511 1.1711818552106736 -0.3592635338100282 
-0.6948885218017394 1.1655644249873804 -0.3694304708559758 
-0.6965426033719122 1.1718267948629748 -0.3580859736432238 
-0.6949647381294208 1.1658536956308216 -0.36891621683657505 
-0.6967397822435415 1.1725737145720674 -0.35673834886351097 
-0.6955169368120973 1.1679437459556794 -0.36512209814230534 
-0.696971504705522 1.1734501770369405 -0.35513911103707685 
-0.6953693553250277 1.1673846131312262 -0.36612968645760435 
-0.6971590024063914 1.1741609766637777 -0.35386420250978945 
-0.695836349447003 1.169153826289763 -0.36294066740408304 
-0.6964932587315041 1.1716410330068558 -0.35843693978769464 
-0.6953508536663575 1.1673159838424854 -0.3662733928730775 
-0.6962398625433373 1.1706800147889276 -0.36015520243491406 
-0.6954086272261787 1.167533305406766 -0.3658604408403865 
-0.6961841642271264 1.1704696634148215 -0.3605434092637181 
-0.6950218492118964 1.1660676314837672 -0.3684974045611197 
-0.6970836678718433 1.17387609915165 -0.35438491203771094 
-0.6959178367964072 1.1694623557740893 -0.3623819954008757 
-0.6973099095138781 1.1747319889824541 -0.3528253723039987 
-0.6956467739697697 1.1684356947467995 -0.36423616380301926 
-0.6971367954868465 1.1740760052163914 -0.35400588811855627 
-0.6955762672506216 1.1681687404053056 -0.36471955331456984 
-0.6976119875749632 1.175875724655467 -0.3507543446322745 
-0.6961396492766582 1.1703014757993815 -0.36085282171421784 
-0.6979628140979329 1.1772040330003963 -0.3483491006551549 
-0.6964396050310553 1.1714371759405868 -0.3587963444400406 
-0.6976800937033121 1.176132344695645 -0.35027265205789826 
-0.6964317728256895 1.1714071654171319 -0.35884582070816773 
-0.6981856948166468 1.1780473746583908 -0.3468147020752347 
-0.6963008742469111 1.1709110188598553 -0.3597369101367367 
-0.6974988833342469 1.17544819854421 -0.3515382216515348 
-0.6961250884072935 1.1702463450637608 -0.36095265009390975 
-0.6976303501415259 1.1759452494741525 -0.3506284520621934 
-0.696476754625518 1.1715778326843183 -0.35854164922037 
-0.697787789994882 1.1765408172557066 -0.3495427118275056 
-0.6958244299074476 1.1691067390466863 -0.3629991839872244 
-0.6975077582381158 1.1754821569593785 -0.35148159670983037 
-0.6956417081159796 1.1684165142817455 -0.3642708949693376 
-0.6973221966887493 1.1747792230526606 -0.3527495738786228 
-0.6952362091272392 1.1668812036500273 -0.3670509698397876 
-0.6967731467211075 1.1727003960368796 -0.3565138249866332 
-0.6959462886825281 1.1695693689774984 -0.36217848945594655 
-0.696780716954901 1.1727283465947185 -0.356453482301047 
-0.6959085023960587 1.1694263015742241 -0.3624375497948813 
-0.6970035884461945 1.173571653315618 -0.35491914698372495 
-0.6956705583879543 1.1685245008500242 -0.36405831494560115 
-0.697240463948074 1.1744690524068637 -0.35330148661677563 
-0.6966230627285745 1.1721321441896868 -0.3575427911435989 
-0.6975400376291561 1.1756040179870924 -0.35125607046431906 
-0.6963688695009371 1.1711689992417669 -0.3592770818389416 
-0.6974015451511641 1.1750792982010336 -0.3522013451205581 
-0.6963607068376994 1.1711391616398146 -0.3593457070084024 
-0.6973056431096217 1.1747149463179407 -0.3528440819635763 
-0.696475058654707 1.171571055328917 -0.35854905586080676 
-0.6979417109875165 1.1771241318645507 -0.3484937822168509 
-0.6968295336125295 1.1729142455532593 -0.3561314609276691 
-0.697884305330773 1.1769071371276516 -0.34889157251679914 
-0.6958308259712729 1.1691322011100576 -0.3629700943451021 
-0.6969876362333755 1.173512857735848 -0.35504751957301506 
-0.6966133389020304 1.1720949715617948 -0.3576052362443223 
-0.6975676922080445 1.1757087244602578 -0.3510664724580216 
-0.6958834185183778 1.169332040410423 -0.3626179648915293 
-0.697227183815603 1.174419126857378 -0.3533967551729422 
-0.6961348288141387 1.1702839364957975 -0.36089431214559065 
-0.6974579320425862 1.1752931477174136 -0.35181898106159415 
-0.696458349403171 1.1715072553199966 -0.3586572706387481 
-0.6975765173710102 1.175741426462992 -0.3509975260591036 
-0.6957664204515377 1.168887991258282 -0.3634074336017542 
-0.6968066242152977 1.1728255482302556 -0.3562653232650649 
-0.6957812027789916 1.1689439604841783 -0.36330608691970945 
-0.6964349802189036 1.1714200213860388 -0.3588322726792543 
-0.6955680198113388 1.1681371577125843 -0.3647718763996085 
-0.6968894251944355 1.1731399405087537 -0.35570818563365003 
-0.6958972668793494 1.1693828703325746 -0.36250401617459027 
-0.6967857901615722 1.1727479109268233 -0.3564229215497309 
-0.6954088133813642 1.1675334752184547 -0.36585282180133416 
-0.697118409522626 1.1740060377270158 -0.3541277433402126 
-0.6954753488284302 1.1677862844693407 -0.36540722267162873 
-0.6971592477976624 1.1741626178252482 -0.3538709617748438 
-0.6956944631528499 1.168615900722857 -0.36390498901879664 
-0.6962618756870542 1.170764252557323 -0.36001484534070594 
-0.6951398802142955 1.1665152335900233 -0.3676966102209327 
-0.6969734408570247 1.1734580427570596 -0.3551321796785819 
-0.6955397377678642 1.1680300755169712 -0.3649657762625719 
-0.6964712735378104 1.1715570800499975 -0.3585792272035998 
-0.6948730954293982 1.1655056612348913 -0.36953201224228216 
-0.6965740762282998 1.17194631422335 -0.3578744185989422 
-0.6955072295658542 1.1679069921319323 -0.36518865039543313 
-0.697185595831936 1.1742616653710396 -0.3536818797022657 
-0.6956359889898814 1.1683945043530037 -0.36430588410251596 
-0.6973194137568728 1.1747679741901154 -0.3527602118280272 
-0.6957664204515377 1.168887991258282 -0.3634074336017542 
-0.6973436416267598 1.1748588172743957 -0.35258356658488665 
-0.6963950569199847 1.1712681507168565 -0.35909754258573123 
-0.6972136322163774 1.1743669264049297 -0.3534791004647566 
-0.6959511257253485 1.169587327085227 -0.36214110617697837 
-0.6968626361185235 1.1730388670524563 -0.35589607063333284 
-0.6960173802104777 1.1698376464958031 -0.36168052693602704 
-0.6974355862986955 1.1752092518002235 -0.3519806006252454 
-0.6962473055902691 1.1707090868846075 -0.3601147369829959 
-0.6973960382557349 1.1750580918254727 -0.352234879213982 
-0.6961856498418081 1.170475288287087 -0.3605332239854352 
-0.6971716716545776 1.1742089452949611 -0.3537773429626938 
-0.6956858409931325 1.1685839673362084 -0.3639725436405581 
-0.6974646772868863 1.1753186867337244 -0.3517727361024342 
-0.6965069301647108 1.1716917280544137 -0.35833054684720955 
-0.6977374029237325 1.1763512875081257 -0.34990294675504485 
-0.6964841031334605 1.17160476475163 -0.35848070472764526 
-0.6977671540015877 1.1764635757718593 -0.349694754461394 
-0.6961340385920252 1.1702818336323515 -0.3609102703897338 
-0.6976254612155005 1.1759262038836917 -0.350655627452058 
-0.6966308006627131 1.172160194685025 -0.35747495594415657 
-0.6979660049108459 1.1772164701651584 -0.3483314454738371 
-0.6962110288516633 1.1705724470247936 -0.3603718896110546 
-0.6975098381567819 1.1754893199458023 -0.35145889527007235 
-0.6959024011966457 1.1694035570845054 -0.3624836000497802 
-0.6976185629766172 1.175901332663982 -0.35071770575507955 
-0.6961755089068069 1.1704368924198838 -0.3606027495806705 
-0.6981131103211345 1.17777308840077 -0.3473186794584344 
-0.6965936771437332 1.172020171682785 -0.357735815163125 
-0.6979900700232053 1.1773075861084403 -0.3481664566181739 
-0.6963819963710631 1.1712194125876014 -0.35919552651714537 
-0.6973207037211868 1.174773214313345 -0.35275558874190316 
-0.6965063192804258 1.171689771136111 -0.35833895585627995 
-0.6983212440152983 1.1785611295114546 -0.3458917282972589 
-0.6964862422882115 1.1716133990878348 -0.3584723815919938 
-0.6979394354184831 1.1771165841290916 -0.34852204584876767 
-0.6966994418361656 1.1724206206635734 -0.35701069926449946 
-0.6979868792102922 1.1772951489436783 -0.3481841117994915 
-0.6965039420872844 1.1716798795054857 -0.3583446901418793 
-0.6979085826738012 1.1769990566241142 -0.34872512862138105 
-0.6970289695983513 1.1736686431236216 -0.35475569904123516 
-0.6983457243615749 1.1786538176240031 -0.3457238926246837 
-0.6967471073538261 1.1726002039686885 -0.3566733670223615 
-0.6977018827111143 1.1762155529029634 -0.3501316866151696 
-0.6971275295500039 1.1740414573034028 -0.35407575755407095 
