-0.6977642178073661 1.246452814705663 -0.34971910564516817 
-0.6961604975006213 1.2403795208364095 -0.3606993240405746 
-0.6972797005463213 1.2446170760038169 -0.3530261402628584 
-0.6957003687018951 1.2386382604635398 -0.36386450095605694 
-0.6974840586187705 1.2453913567729291 -0.3516314172913688 
-0.6960644845847562 1.2400165292950498 -0.36136392516017324 
-0.6972024912386575 1.2443256351916487 -0.3535660458852715 
-0.6956047541718843 1.2382762422870495 -0.364520027996849 
-0.6969128275393053 1.2432280120510013 -0.3555413978979526 
-0.6953187225948455 1.2371932622219228 -0.36648104201059817 
-0.6966729853604273 1.2423192053560708 -0.3571773217947398 
-0.6957582154002775 1.2388572811109453 -0.36346790772900406 
-0.6968546340705115 1.2430089255212056 -0.3559551529834255 
-0.6959042028312001 1.2394084213014207 -0.3624480451496501 
-0.6970027840538437 1.2435691427185769 -0.35493100461684524 
-0.6963754375497104 1.2411942233832316 -0.3592362725467446 
-0.6977191841243329 1.2462810599557446 -0.35001306924386233 
-0.6960439997115055 1.2399389689445566 -0.3615043681278012 
-0.6973859231284554 1.245020149699509 -0.35230844869902356 
-0.6959878766661951 1.239726830463837 -0.36189336492662294 
-0.6977726608970167 1.2464847821474203 -0.34966122036797065 
-0.6962952401646202 1.2408909340221352 -0.35979032146382794 
-0.6967644582401858 1.2426667874336519 -0.3565649509987763 
-0.6959025802667125 1.2394035230293967 -0.3624739307052164 
-0.6966354773580693 1.2421784367223045 -0.3574492355940465 
-0.6956373097047339 1.238400571013974 -0.3643094687798193 
-0.6968417267839352 1.242959699595602 -0.3560394236804698 
-0.6960706189447714 1.2400401113930581 -0.36132608921008336 
-0.6976111552325892 1.245872929246889 -0.3507642719436974 
-0.6961204377874204 1.2402287367679732 -0.36098453444331713 
-0.6977215778977753 1.2462913703905152 -0.35001144211066715 
-0.6963220126602312 1.240991588674288 -0.3595983293117404 
-0.6979632809472931 1.2472065126521428 -0.3483543416178566 
-0.6964427700362467 1.2414491593641088 -0.3587746453689159 
-0.6971433638033816 1.2441014093581084 -0.35396719893585027 
-0.6960143966854164 1.2398256400877212 -0.3616925632039699 
-0.6975810055011178 1.2457594876180336 -0.35097941820666423 
-0.6958614075169626 1.2392476337123248 -0.3627562084176281 
-0.6974794172263178 1.2453737834142364 -0.35166323837817814 
-0.6958941961453853 1.2393728469371688 -0.3625440741770296 
-0.6971716197713728 1.2442078578122295 -0.3537671350735895 
-0.6959511257253485 1.2395873270852271 -0.3621411061769779 
-0.6969286617926828 1.2432879641057066 -0.35543283927973224 
-0.696043414634942 1.239937465767494 -0.3615168210266778 
-0.6973964792973738 1.2450601177359795 -0.3522360762868767 
-0.6963056006831708 1.2409305173095695 -0.3597235112438403 
-0.6976227206716468 1.2459158275665314 -0.35067441644367303 
-0.6957955514176876 1.2389982876666183 -0.3632077135797718 
-0.6974412488665334 1.2452299814499852 -0.3519333598388331 
-0.6956693203068453 1.2385203482095264 -0.36407314592082884 
-0.6972284571996159 1.244423948176463 -0.3533880249344138 
-0.6961958405177125 1.2405149405667255 -0.36047601984741284 
-0.6973565965119378 1.2449094685421371 -0.35251373091316485 
-0.6961174331296929 1.2402164694149005 -0.3609945705855826 
-0.6973534573144677 1.2448979388598544 -0.3525394738740959 
-0.6959798414575811 1.2396960513242967 -0.3619442329719068 
-0.6975313657285355 1.2455708281880091 -0.3513113036288671 
-0.6960898138537082 1.2401124316203214 -0.36119026932857967 
-0.6974177519826745 1.2451397698793691 -0.3520796685337242 
-0.6955912360010228 1.238225059443143 -0.36461270770296383 
-0.6960738097576843 1.2400525485578198 -0.36130843402876556 
-0.6959177686006632 1.2394610294874648 -0.36236980046885814 
-0.6961911567372372 1.240496494662648 -0.36049968989201153 
-0.6955889033382056 1.2382158714281992 -0.3646244794626644 
-0.6963720768941511 1.2411818552106737 -0.35926353381002807 
-0.6948885218017395 1.2355644249873805 -0.3694304708559758 
-0.6965426033719122 1.2418267948629746 -0.35808597364322337 
-0.694964738129421 1.2358536956308217 -0.36891621683657505 
-0.6967397822435415 1.2425737145720674 -0.35673834886351075 
-0.6955169368120973 1.2379437459556795 -0.365122098142305 
-0.696971504705522 1.2434501770369404 -0.35513911103707674 
-0.6953693553250277 1.2373846131312263 -0.36612968645760424 
-0.6971590024063915 1.2441609766637778 -0.35386420250978934 
-0.695836349447003 1.2391538262897634 -0.3629406674040827 
-0.6964932587315041 1.241641033006856 -0.3584369397876942 
-0.6953508536663575 1.2373159838424854 -0.3662733928730776 
-0.6962398625433374 1.2406800147889279 -0.36015520243491417 
-0.6954086272261788 1.237533305406766 -0.36586044084038627 
-0.6961841642271265 1.2404696634148218 -0.3605434092637181 
-0.6950218492118964 1.2360676314837673 -0.36849740456111935 
-0.6970836678718433 1.2438760991516502 -0.35438491203771083 
-0.6959178367964072 1.2394623557740894 -0.36238199540087535 
-0.6973099095138782 1.2447319889824542 -0.35282537230399835 
-0.6956467739697697 1.2384356947467998 -0.3642361638030188 
-0.6971367954868465 1.2440760052163913 -0.35400588811855616 
-0.6955762672506216 1.238168740405306 -0.3647195533145694 
-0.6976119875749633 1.2458757246554673 -0.3507543446322744 
-0.6961396492766583 1.2403014757993818 -0.3608528217142174 
-0.697962814097933 1.2472040330003968 -0.3483491006551548 
-0.6964396050310553 1.2414371759405867 -0.3587963444400404 
-0.697680093703312 1.2461323446956452 -0.35027265205789837 
-0.6964317728256896 1.241407165417132 -0.3588458207081676 
-0.6981856948166468 1.2480473746583907 -0.3468147020752348 
-0.6963008742469111 1.2409110188598556 -0.3597369101367367 
-0.6974988833342469 1.24544819854421 -0.3515382216515346 
-0.6961250884072935 1.2402463450637609 -0.36095265009390964 
-0.697630350141526 1.2459452494741525 -0.3506284520621936 
-0.6964767546255181 1.2415778326843185 -0.3585416492203699 
-0.697787789994882 1.2465408172557064 -0.34954271182750585 
-0.6958244299074475 1.2391067390466861 -0.3629991839872241 
-0.6975077582381158 1.2454821569593788 -0.3514815967098299 
-0.6956417081159796 1.2384165142817458 -0.3642708949693374 
-0.6973221966887492 1.2447792230526606 -0.3527495738786227 
-0.6952362091272392 1.2368812036500274 -0.367050969839787 
-0.6967731467211074 1.2427003960368797 -0.35651382498663287 
-0.6959462886825281 1.2395693689774983 -0.36217848945594633 
-0.696780716954901 1.2427283465947188 -0.3564534823010469 
-0.6959085023960587 1.2394263015742242 -0.3624375497948812 
-0.6970035884461945 1.243571653315618 -0.35491914698372484 
-0.6956705583879543 1.2385245008500243 -0.36405831494560137 
-0.697240463948074 1.244469052406864 -0.3533014866167755 
-0.6966230627285744 1.2421321441896869 -0.35754279114359855 
-0.6975400376291561 1.2456040179870922 -0.3512560704643186 
-0.6963688695009372 1.2411689992417672 -0.35927708183894147 
-0.6974015451511641 1.2450792982010337 -0.352201345120558 
-0.6963607068376994 1.2411391616398149 -0.3593457070084022 
-0.6973056431096216 1.2447149463179406 -0.3528440819635762 
-0.6964750586547072 1.241571055328917 -0.35854905586080643 
-0.6979417109875166 1.2471241318645507 -0.34849378221685057 
-0.6968295336125295 1.2429142455532596 -0.356131460927669 
-0.697884305330773 1.2469071371276517 -0.3488915725167988 
-0.6958308259712729 1.2391322011100576 -0.3629700943451022 
-0.6969876362333755 1.243512857735848 -0.3550475195730146 
-0.6966133389020304 1.2420949715617948 -0.3576052362443227 
-0.6975676922080445 1.2457087244602578 -0.3510664724580217 
-0.6958834185183778 1.239332040410423 -0.3626179648915292 
-0.697227183815603 1.2444191268573783 -0.3533967551729422 
-0.6961348288141387 1.2402839364957978 -0.36089431214559053 
-0.6974579320425862 1.2452931477174136 -0.35181898106159426 
-0.696458349403171 1.2415072553199966 -0.3586572706387483 
-0.6975765173710102 1.245741426462992 -0.3509975260591035 
-0.6957664204515378 1.238887991258282 -0.3634074336017542 
-0.6968066242152977 1.2428255482302557 -0.35626532326506477 
-0.6957812027789917 1.2389439604841785 -0.3633060869197092 
-0.6964349802189035 1.2414200213860387 -0.3588322726792541 
-0.6955680198113388 1.2381371577125844 -0.3647718763996082 
-0.6968894251944355 1.2431399405087538 -0.3557081856336496 
-0.6958972668793495 1.2393828703325747 -0.3625040161745905 
-0.6967857901615722 1.2427479109268231 -0.35642292154973076 
-0.6954088133813642 1.2375334752184548 -0.36585282180133394 
-0.6971184095226259 1.2440060377270157 -0.35412774334021246 
-0.6954753488284301 1.2377862844693406 -0.3654072226716284 
-0.6971592477976625 1.2441626178252485 -0.3538709617748438 
-0.6956944631528498 1.2386159007228568 -0.36390498901879664 
-0.6962618756870542 1.240764252557323 -0.3600148453407058 
-0.6951398802142955 1.2365152335900234 -0.3676966102209327 
-0.6969734408570247 1.2434580427570596 -0.3551321796785819 
-0.6955397377678642 1.2380300755169713 -0.3649657762625719 
-0.6964712735378104 1.2415570800499973 -0.3585792272035999 
-0.6948730954293983 1.2355056612348916 -0.36953201224228216 
-0.6965740762282997 1.2419463142233498 -0.357874418598942 
-0.6955072295658542 1.2379069921319323 -0.36518865039543313 
-0.6971855958319358 1.2442616653710394 -0.3536818797022657 
-0.6956359889898814 1.2383945043530038 -0.36430588410251585 
-0.6973194137568729 1.2447679741901154 -0.35276021182802675 
-0.6957664204515378 1.238887991258282 -0.3634074336017542 
-0.6973436416267598 1.2448588172743957 -0.35258356658488665 
-0.6963950569199848 1.2412681507168568 -0.359097542585731 
-0.6972136322163776 1.2443669264049297 -0.3534791004647564 
-0.6959511257253485 1.2395873270852271 -0.3621411061769779 
-0.6968626361185235 1.2430388670524564 -0.35589607063333295 
-0.6960173802104777 1.2398376464958032 -0.36168052693602737 
-0.6974355862986954 1.2452092518002236 -0.3519806006252453 
-0.6962473055902691 1.2407090868846076 -0.360114736982996 
-0.697396038255735 1.2450580918254728 -0.35223487921398156 
-0.6961856498418082 1.2404752882870875 -0.36053322398543486 
-0.6971716716545776 1.244208945294961 -0.3537773429626936 
-0.6956858409931325 1.2385839673362085 -0.3639725436405581 
-0.6974646772868863 1.2453186867337245 -0.35177273610243387 
-0.6965069301647109 1.241691728054414 -0.35833054684720944 
-0.6977374029237325 1.246351287508126 -0.34990294675504474 
-0.6964841031334605 1.2416047647516297 -0.35848070472764504 
-0.6977671540015877 1.2464635757718594 -0.349694754461394 
-0.6961340385920252 1.2402818336323518 -0.36091027038973356 
-0.6976254612155005 1.2459262038836918 -0.350655627452058 
-0.6966308006627131 1.2421601946850251 -0.35747495594415657 
-0.6979660049108459 1.2472164701651585 -0.3483314454738373 
-0.6962110288516633 1.2405724470247936 -0.3603718896110547 
-0.6975098381567819 1.2454893199458024 -0.3514588952700717 
-0.6959024011966457 1.2394035570845057 -0.3624836000497801 
-0.6976185629766172 1.245901332663982 -0.35071770575507943 
-0.696175508906807 1.2404368924198839 -0.3606027495806705 
-0.6981131103211347 1.2477730884007703 -0.3473186794584342 
-0.6965936771437333 1.242020171682785 -0.3577358151631246 
-0.6979900700232053 1.2473075861084402 -0.3481664566181738 
-0.6963819963710631 1.2412194125876015 -0.35919552651714515 
-0.6973207037211868 1.244773214313345 -0.35275558874190294 
-0.6965063192804258 1.241689771136111 -0.35833895585627973 
-0.6983212440152984 1.2485611295114547 -0.34589172829725867 
-0.6964862422882117 1.2416133990878349 -0.3584723815919937 
-0.6979394354184831 1.2471165841290917 -0.34852204584876767 
-0.6966994418361657 1.242420620663574 -0.35701069926449935 
-0.6979868792102923 1.2472951489436783 -0.3481841117994914 
-0.6965039420872844 1.2416798795054855 -0.3583446901418794 
-0.6979085826738012 1.2469990566241143 -0.34872512862138094 
-0.6970289695983513 1.2436686431236215 -0.35475569904123505 
-0.698345724361575 1.2486538176240034 -0.34572389262468384 
-0.696747107353826 1.2426002039686885 -0.3566733670223614 
-0.6977018827111143 1.2462155529029635 -0.35013168661516936 
-0.697127529550004 1.2440414573034029 -0.3540757575540707 
