-0.642764217807366 1.1764528147056628 -0.34971910564516795 
-0.6411604975006213 1.1703795208364094 -0.36069932404057437 
-0.6422797005463213 1.174617076003817 -0.3530261402628585 
-0.6407003687018948 1.1686382604635395 -0.36386450095605705 
-0.6424840586187704 1.1753913567729288 -0.3516314172913688 
-0.6410644845847562 1.1700165292950497 -0.36136392516017324 
-0.6422024912386574 1.1743256351916487 -0.3535660458852715 
-0.640604754171884 1.1682762422870492 -0.364520027996849 
-0.6419128275393052 1.1732280120510015 -0.3555413978979526 
-0.6403187225948453 1.1671932622219225 -0.36648104201059784 
-0.6416729853604274 1.1723192053560707 -0.3571773217947396 
-0.6407582154002772 1.1688572811109452 -0.3634679077290037 
-0.6418546340705114 1.1730089255212055 -0.35595515298342517 
-0.6409042028312002 1.1694084213014209 -0.36244804514965 
-0.6420027840538436 1.1735691427185768 -0.354931004616845 
-0.6413754375497103 1.1711942233832315 -0.35923627254674484 
-0.6427191841243328 1.1762810599557447 -0.35001306924386233 
-0.6410439997115054 1.1699389689445565 -0.36150436812780096 
-0.6423859231284552 1.1750201496995087 -0.3523084486990238 
-0.640987876666195 1.169726830463837 -0.36189336492662316 
-0.6427726608970166 1.1764847821474198 -0.3496612203679701 
-0.64129524016462 1.170890934022135 -0.35979032146382794 
-0.6417644582401858 1.1726667874336518 -0.3565649509987766 
-0.6409025802667123 1.1694035230293964 -0.3624739307052164 
-0.6416354773580693 1.1721784367223045 -0.3574492355940465 
-0.6406373097047339 1.1684005710139738 -0.3643094687798192 
-0.6418417267839349 1.1729596995956018 -0.3560394236804699 
-0.6410706189447712 1.1700401113930579 -0.3613260892100838 
-0.642611155232589 1.175872929246889 -0.35076427194369764 
-0.6411204377874202 1.1702287367679731 -0.36098453444331713 
-0.6427215778977752 1.176291370390515 -0.3500114421106668 
-0.6413220126602311 1.1709915886742877 -0.3595983293117402 
-0.6429632809472929 1.1772065126521427 -0.34835434161785617 
-0.6414427700362465 1.1714491593641088 -0.35877464536891623 
-0.6421433638033816 1.1741014093581081 -0.3539671989358506 
-0.6410143966854165 1.1698256400877212 -0.36169256320397014 
-0.6425810055011177 1.175759487618033 -0.3509794182066641 
-0.6408614075169624 1.1692476337123245 -0.36275620841762835 
-0.6424794172263176 1.1753737834142362 -0.35166323837817826 
-0.6408941961453852 1.1693728469371685 -0.36254407417702994 
-0.6421716197713727 1.1742078578122292 -0.3537671350735895 
-0.6409511257253484 1.1695873270852268 -0.3621411061769779 
-0.6419286617926828 1.1732879641057066 -0.35543283927973246 
-0.6410434146349419 1.1699374657674937 -0.3615168210266777 
-0.6423964792973735 1.1750601177359792 -0.3522360762868768 
-0.6413056006831708 1.1709305173095692 -0.3597235112438403 
-0.6426227206716467 1.1759158275665313 -0.3506744164436729 
-0.6407955514176875 1.168998287666618 -0.363207713579772 
-0.6424412488665333 1.175229981449985 -0.35193335983883334 
-0.6406693203068452 1.168520348209526 -0.36407314592082896 
-0.6422284571996157 1.1744239481764627 -0.35338802493441357 
-0.6411958405177125 1.1705149405667252 -0.3604760198474132 
-0.6423565965119377 1.1749094685421368 -0.35251373091316507 
-0.6411174331296928 1.1702164694149002 -0.3609945705855824 
-0.6423534573144677 1.1748979388598542 -0.3525394738740958 
-0.6409798414575809 1.1696960513242964 -0.36194423297190703 
-0.6425313657285353 1.175570828188009 -0.3513113036288671 
-0.6410898138537081 1.1701124316203213 -0.36119026932857967 
-0.6424177519826745 1.175139769879369 -0.3520796685337244 
-0.6405912360010226 1.168225059443143 -0.3646127077029636 
-0.6410738097576841 1.1700525485578197 -0.3613084340287651 
-0.6409177686006631 1.1694610294874646 -0.362369800468858 
-0.6411911567372371 1.170496494662648 -0.3604996898920114 
-0.6405889033382055 1.1682158714281992 -0.3646244794626645 
-0.641372076894151 1.1711818552106734 -0.3592635338100283 
-0.6398885218017393 1.1655644249873802 -0.3694304708559757 
-0.6415426033719122 1.1718267948629748 -0.3580859736432236 
-0.6399647381294209 1.1658536956308216 -0.3689162168365746 
-0.6417397822435412 1.172573714572067 -0.35673834886351075 
-0.6405169368120971 1.1679437459556792 -0.3651220981423049 
-0.641971504705522 1.1734501770369403 -0.3551391110370766 
-0.6409802990795207 1.1696984960389476 -0.36194953719720624 
-0.6421590024063912 1.1741609766637777 -0.3538642025097892 
-0.640836349447003 1.169153826289763 -0.3629406674040827 
-0.6414932587315041 1.1716410330068556 -0.3584369397876943 
-0.6403508536663575 1.1673159838424854 -0.3662733928730775 
-0.6412398625433373 1.1706800147889278 -0.36015520243491406 
-0.6404086272261788 1.167533305406766 -0.36586044084038627 
-0.6411841642271263 1.1704696634148215 -0.36054340926371775 
-0.6400218492118964 1.1660676314837672 -0.36849740456111935 
-0.6420836678718431 1.1738760991516497 -0.3543849120377107 
-0.6409178367964071 1.169462355774089 -0.3623819954008751 
-0.642309909513878 1.174731988982454 -0.35282537230399835 
-0.6406467739697695 1.1684356947467993 -0.3642361638030185 
-0.6421367954868465 1.1740760052163914 -0.3540058881185564 
-0.6405762672506214 1.1681687404053054 -0.3647195533145694 
-0.6426119875749632 1.175875724655467 -0.3507543446322743 
-0.641139649276658 1.1703014757993813 -0.3608528217142175 
-0.6429628140979329 1.1772040330003966 -0.3483491006551549 
-0.6414396050310551 1.1714371759405866 -0.3587963444400404 
-0.6426800937033121 1.1761323446956453 -0.35027265205789837 
-0.6414317728256894 1.1714071654171316 -0.35884582070816773 
-0.6431856948166468 1.1780473746583908 -0.3468147020752349 
-0.6413008742469111 1.1709110188598553 -0.3597369101367365 
-0.6424988833342468 1.1754481985442098 -0.35153822165153437 
-0.6411250884072933 1.1702463450637608 -0.36095265009390975 
-0.6426303501415258 1.1759452494741525 -0.3506284520621934 
-0.6414767546255178 1.1715778326843183 -0.35854164922037 
-0.642787789994882 1.1765408172557066 -0.3495427118275056 
-0.6408244299074476 1.1691067390466858 -0.3629991839872244 
-0.6425077582381158 1.1754821569593783 -0.35148159670983004 
-0.6406417081159794 1.1684165142817453 -0.3642708949693372 
-0.642322196688749 1.1747792230526601 -0.3527495738786226 
-0.640236209127239 1.1668812036500271 -0.36705096983978713 
-0.6417731467211072 1.1727003960368794 -0.356513824986633 
-0.6409462886825279 1.1695693689774982 -0.36217848945594666 
-0.6417807169549009 1.1727283465947185 -0.356453482301047 
-0.6409085023960586 1.1694263015742241 -0.3624375497948815 
-0.6420035884461944 1.173571653315618 -0.35491914698372484 
-0.6406705583879544 1.1685245008500242 -0.36405831494560104 
-0.642240463948074 1.1744690524068637 -0.3533014866167755 
-0.6416230627285743 1.1721321441896864 -0.35754279114359855 
-0.6425400376291559 1.1756040179870921 -0.3512560704643185 
-0.6413688695009371 1.1711689992417669 -0.35927708183894147 
-0.642401545151164 1.1750792982010336 -0.352201345120558 
-0.6413607068376993 1.1711391616398146 -0.3593457070084022 
-0.6423056431096217 1.1747149463179403 -0.352844081963576 
-0.6414750586547071 1.1715710553289167 -0.35854905586080676 
-0.6429417109875165 1.177124131864551 -0.3484937822168508 
-0.6418295336125295 1.1729142455532593 -0.35613146092766923 
-0.6428843053307728 1.1769071371276516 -0.3488915725167989 
-0.6408308259712727 1.1691322011100576 -0.3629700943451023 
-0.6419876362333754 1.1735128577358478 -0.35504751957301484 
-0.6416133389020302 1.1720949715617945 -0.3576052362443224 
-0.6425676922080443 1.1757087244602575 -0.35106647245802136 
-0.6408834185183777 1.1693320404104228 -0.3626179648915291 
-0.6422271838156028 1.174419126857378 -0.3533967551729421 
-0.6411348288141386 1.1702839364957973 -0.36089431214559087 
-0.642457932042586 1.1752931477174133 -0.3518189810615945 
-0.6414583494031709 1.1715072553199963 -0.3586572706387483 
-0.6425765173710102 1.1757414264629917 -0.3509975260591034 
-0.6407664204515378 1.168887991258282 -0.3634074336017543 
-0.6418066242152977 1.1728255482302556 -0.35626532326506477 
-0.6407812027789916 1.1689439604841783 -0.363306086919709 
-0.6414349802189034 1.1714200213860386 -0.358832272679254 
-0.6405680198113386 1.1681371577125843 -0.3647718763996083 
-0.6418894251944355 1.1731399405087537 -0.3557081856336497 
-0.6408972668793494 1.1693828703325746 -0.36250401617459005 
-0.641785790161572 1.172747910926823 -0.3564229215497309 
-0.6404088133813642 1.167533475218455 -0.36585282180133416 
-0.6421184095226259 1.1740060377270154 -0.3541277433402126 
-0.6404753488284299 1.1677862844693405 -0.3654072226716285 
-0.6421592477976623 1.1741626178252482 -0.35387096177484356 
-0.6406944631528496 1.1686159007228567 -0.36390498901879664 
-0.6412618756870541 1.170764252557323 -0.3600148453407058 
-0.6401398802142956 1.1665152335900233 -0.3676966102209329 
-0.6419734408570247 1.1734580427570593 -0.3551321796785819 
-0.640539737767864 1.168030075516971 -0.36496577626257176 
-0.6414712735378103 1.1715570800499973 -0.3585792272035999 
-0.6398730954293983 1.1655056612348915 -0.36953201224228205 
-0.6415740762282995 1.1719463142233497 -0.3578744185989421 
-0.6405072295658539 1.167906992131932 -0.365188650395433 
-0.6421855958319357 1.1742616653710392 -0.3536818797022654 
-0.6406359889898812 1.1683945043530035 -0.36430588410251596 
-0.6423194137568727 1.1747679741901151 -0.35276021182802675 
-0.6407664204515378 1.168887991258282 -0.3634074336017543 
-0.6423436416267598 1.1748588172743957 -0.35258356658488643 
-0.6413950569199847 1.1712681507168563 -0.3590975425857311 
-0.6422136322163775 1.1743669264049297 -0.3534791004647563 
-0.6409511257253484 1.1695873270852268 -0.3621411061769779 
-0.6418626361185233 1.173038867052456 -0.35589607063333273 
-0.6410173802104777 1.1698376464958034 -0.3616805269360275 
-0.6424355862986953 1.1752092518002233 -0.3519806006252453 
-0.641247305590269 1.1707090868846073 -0.3601147369829958 
-0.642396038255735 1.1750580918254727 -0.35223487921398167 
-0.641185649841808 1.1704752882870872 -0.36053322398543486 
-0.6421716716545774 1.174208945294961 -0.3537773429626935 
-0.6406858409931324 1.1685839673362084 -0.36397254364055776 
-0.6424646772868863 1.1753186867337244 -0.3517727361024342 
-0.6415069301647107 1.171691728054414 -0.35833054684720944 
-0.6427374029237324 1.1763512875081257 -0.34990294675504463 
-0.6414841031334605 1.17160476475163 -0.35848070472764526 
-0.6427671540015876 1.1764635757718591 -0.34969475446139375 
-0.641134038592025 1.1702818336323517 -0.36091027038973333 
-0.6426254612155006 1.175926203883692 -0.35065562745205825 
-0.641630800662713 1.172160194685025 -0.35747495594415635 
-0.6429660049108457 1.1772164701651582 -0.3483314454738371 
-0.6412110288516631 1.1705724470247933 -0.3603718896110544 
-0.6425098381567816 1.175489319945802 -0.35145889527007235 
-0.6409024011966455 1.1694035570845054 -0.36248360004978 
-0.642618562976617 1.1759013326639818 -0.3507177057550791 
-0.641175508906807 1.1704368924198836 -0.36060274958067073 
-0.6431131103211345 1.17777308840077 -0.34731867945843453 
-0.6415936771437332 1.1720201716827847 -0.3577358151631248 
-0.6429900700232051 1.17730758610844 -0.3481664566181737 
-0.641381996371063 1.1712194125876014 -0.35919552651714515 
-0.6423207037211867 1.1747732143133447 -0.35275558874190327 
-0.6415063192804257 1.171689771136111 -0.35833895585628006 
-0.6433212440152982 1.1785611295114546 -0.3458917282972589 
-0.6414862422882116 1.1716133990878346 -0.35847238159199357 
-0.6429394354184832 1.1771165841290914 -0.34852204584876756 
-0.6416994418361657 1.1724206206635734 -0.35701069926449946 
-0.6429868792102923 1.1772951489436783 -0.3481841117994916 
-0.6415039420872843 1.1716798795054855 -0.35834469014187953 
-0.642908582673801 1.1769990566241142 -0.34872512862138094 
-0.6420289695983511 1.1736686431236214 -0.35475569904123516 
-0.643345724361575 1.1786538176240031 -0.34572389262468384 
-0.6417471073538259 1.1726002039686882 -0.3566733670223614 
-0.6427018827111143 1.1762155529029636 -0.35013168661516936 
-0.6421275295500039 1.1740414573034026 -0.35407575755407084 
