-0.550095414220325 1.0412917458114612 -0.5511099056601956 
-0.5500961173429448 1.0412958431535764 -0.5511219756919397 
-0.5500961173429448 1.0412958431535764 -0.5511219756919397 
-0.5500961173429448 1.0412958431535764 -0.5511219756919397 
-0.5500961173429448 1.0412958431535764 -0.5511219756919397 
-0.5500961009978188 1.0412954243401948 -0.5511178685395342 
-0.5500961009978188 1.0412954243401948 -0.5511178685395342 
-0.5500961009978188 1.0412954243401948 -0.5511178685395342 
-0.5502695541713525 1.0419556153530873 -0.5499493464127083 
-0.5502695541713525 1.0419556153530873 -0.5499493464127083 
-0.5503857323783343 1.042394533469246 -0.5491279435207479 
-0.5507269547344927 1.0436890641410337 -0.546779317946616 
-0.5507269547344927 1.0436890641410337 -0.546779317946616 
-0.5507269547344927 1.0436890641410337 -0.546779317946616 
-0.5510455181183384 1.0448995725430434 -0.5446096134023417 
-0.5510455181183384 1.0448995725430434 -0.5446096134023417 
-0.5512920763836607 1.0458332621422965 -0.5428924055819051 
-0.5512920763836607 1.0458332621422965 -0.5428924055819051 
-0.5512920763836607 1.0458332621422965 -0.5428924055819051 
-0.5517410336746561 1.0475384191131027 -0.5398247258198301 
-0.5517410336746561 1.0475384191131027 -0.5398247258198301 
-0.5517410336746561 1.0475384191131027 -0.5398247258198301 
-0.5517410336746561 1.0475384191131027 -0.5398247258198301 
-0.5517410336746561 1.0475384191131027 -0.5398247258198301 
-0.5523576276906362 1.0498791950655828 -0.5355989268708461 
-0.5523576276906362 1.0498791950655828 -0.5355989268708461 
-0.5525031265323812 1.0504304511008649 -0.5345887336371902 
-0.5527961371758644 1.0515423840433118 -0.5325755912449532 
-0.5527961371758644 1.0515423840433118 -0.5325755912449532 
-0.5529143008861221 1.0519907982049115 -0.5317637423253503 
-0.5529143008861221 1.0519907982049115 -0.5317637423253503 
-0.5529143008861221 1.0519907982049115 -0.5317637423253503 
-0.5536724300817788 1.054868322873525 -0.5265613003055445 
-0.554053876753722 1.056315323527742 -0.5239342366768021 
-0.554053876753722 1.056315323527742 -0.5239342366768021 
-0.554053876753722 1.056315323527742 -0.5239342366768021 
-0.554053876753722 1.056315323527742 -0.5239342366768021 
-0.5542613561336983 1.0571026777164214 -0.5225087405570015 
-0.5542613561336983 1.0571026777164214 -0.5225087405570015 
-0.5542817626911947 1.0571797608597475 -0.5223643169623235 
-0.5542817626911947 1.0571797608597475 -0.5223643169623235 
-0.5542817626911947 1.0571797608597475 -0.5223643169623235 
-0.5547472978315747 1.058946756059632 -0.519170056949738 
-0.5547472978315747 1.058946756059632 -0.519170056949738 
-0.5548532356525779 1.0593484179567252 -0.5184379870826232 
-0.5548532356525779 1.0593484179567252 -0.5184379870826232 
-0.5548532356525779 1.0593484179567252 -0.5184379870826232 
-0.5552930391301099 1.0610170516519515 -0.5154120786761287 
-0.5552930391301099 1.0610170516519515 -0.5154120786761287 
-0.5552930391301099 1.0610170516519515 -0.5154120786761287 
-0.5557966594725391 1.06292785915442 -0.5119476906618019 
-0.5557966594725391 1.06292785915442 -0.5119476906618019 
-0.5559129706776902 1.0633699588491632 -0.5111570314209732 
-0.5559129706776902 1.0633699588491632 -0.5111570314209732 
-0.5559129706776902 1.0633699588491632 -0.5111570314209732 
-0.5565175577211638 1.0656651700804773 -0.507013726899727 
-0.5566247244873378 1.0660709614422812 -0.5062668958613736 
-0.5568969446753699 1.067105245394448 -0.5044113517536415 
-0.5568969446753699 1.067105245394448 -0.5044113517536415 
-0.5568969446753699 1.067105245394448 -0.5044113517536415 
-0.5573837079380116 1.0689520846709226 -0.5010628040975584 
-0.5573837079380116 1.0689520846709226 -0.5010628040975584 
-0.5573837079380116 1.0689520846709226 -0.5010628040975584 
-0.557730427684739 1.0702678358791382 -0.49868065097142833 
-0.557730427684739 1.0702678358791382 -0.49868065097142833 
-0.557730427684739 1.0702678358791382 -0.49868065097142833 
-0.5581895974049393 1.0720097842414564 -0.49551958775331784 
-0.5581895974049393 1.0720097842414564 -0.49551958775331784 
-0.5582931985149642 1.0724022218729183 -0.4947993529084833 
-0.5582931985149642 1.0724022218729183 -0.4947993529084833 
-0.5582931985149642 1.0724022218729183 -0.4947993529084833 
-0.5588982254624097 1.0746994592620722 -0.4906572454601368 
-0.559039516339097 1.0752347466795835 -0.4896759632337484 
-0.559039516339097 1.0752347466795835 -0.4896759632337484 
-0.559039516339097 1.0752347466795835 -0.4896759632337484 
-0.559039516339097 1.0752347466795835 -0.4896759632337484 
-0.559555709418849 1.0771959427685318 -0.4861568511007115 
-0.559555709418849 1.0771959427685318 -0.4861568511007115 
-0.5597936239628774 1.0780968326473737 -0.48449905340114063 
-0.5597936239628774 1.0780968326473737 -0.48449905340114063 
-0.559962592011426 1.0787385761167392 -0.48334446871171344 
-0.559962592011426 1.0787385761167392 -0.48334446871171344 
-0.559962592011426 1.0787385761167392 -0.48334446871171344 
-0.5603806857313569 1.0803246470088717 -0.4804656199430959 
-0.5605888004496022 1.0811144122142387 -0.4790357587040359 
-0.5605888004496022 1.0811144122142387 -0.4790357587040359 
-0.5607708415050976 1.081806122637027 -0.4777955748031091 
-0.5607708415050976 1.081806122637027 -0.4777955748031091 
-0.5607708415050976 1.081806122637027 -0.4777955748031091 
-0.5611651003691867 1.083301030132293 -0.47507204554540405 
-0.5611651003691867 1.083301030132293 -0.47507204554540405 
-0.5611651003691867 1.083301030132293 -0.47507204554540405 
-0.5611651003691867 1.083301030132293 -0.47507204554540405 
-0.5617723569157395 1.0856051239648876 -0.47089564353243474 
-0.5617723569157395 1.0856051239648876 -0.47089564353243474 
-0.5620891605170115 1.086807347735167 -0.46871903058707254 
-0.5620891605170115 1.086807347735167 -0.46871903058707254 
-0.562569870113443 1.088631927797384 -0.4654205138130507 
-0.562569870113443 1.088631927797384 -0.4654205138130507 
-0.562689718851284 1.0890867363945462 -0.46459708783802167 
-0.5629780724179362 1.0901806396191118 -0.46261172264274975 
-0.5629780724179362 1.0901806396191118 -0.46261172264274975 
-0.5629780724179361 1.0901806396191118 -0.46261172264274975 
-0.563355553357335 1.0916134818830205 -0.4600224428544415 
-0.563355553357335 1.0916134818830205 -0.4600224428544415 
-0.563355553357335 1.0916134818830205 -0.4600224428544415 
-0.5638006889108582 1.0933035978103194 -0.45697465674204385 
-0.5638006889108582 1.0933035978103194 -0.45697465674204385 
-0.5638006889108582 1.0933035978103194 -0.45697465674204385 
-0.5638006889108582 1.0933035978103194 -0.45697465674204385 
-0.5638006889108582 1.0933035978103194 -0.45697465674204385 
-0.5642178748660712 1.0948851515592184 -0.45408936339643846 
-0.5642178748660712 1.0948851515592184 -0.45408936339643846 
-0.5642178748660712 1.0948851515592184 -0.45408936339643846 
-0.5645960446534398 1.0963213234230205 -0.4515038128098674 
-0.5645960446534398 1.0963213234230205 -0.4515038128098674 
-0.5650208854543437 1.0979331759281432 -0.44858070612505574 
-0.5650208854543437 1.0979331759281432 -0.44858070612505574 
-0.5653043677608951 1.099008234690697 -0.4466245666251212 
-0.5654348433936744 1.0995049773264018 -0.4457471271693467 
-0.5654348433936744 1.0995049773264018 -0.4457471271693467 
-0.5654348433936744 1.0995049773264018 -0.4457471271693467 
-0.5654348433936744 1.0995049773264018 -0.4457471271693467 
-0.5654348433936744 1.0995049773264018 -0.4457471271693467 
-0.5659506523683138 1.101461506667774 -0.4421927020335914 
-0.5660698749756866 1.1019139391905193 -0.4413735779152237 
-0.5660698749756866 1.1019139391905193 -0.4413735779152237 
-0.5660698749756866 1.1019139391905193 -0.4413735779152237 
-0.5665662130401055 1.1037987180147606 -0.43797822217317983 
-0.566752161751652 1.1045034754458118 -0.43669011634669275 
-0.566752161751652 1.1045034754458118 -0.43669011634669275 
-0.5671209822912601 1.1059027391751868 -0.434151899307861 
-0.5675098581806616 1.1073793578276963 -0.4314906476689908 
-0.567623334360998 1.1078087357161812 -0.43069624807343354 
-0.567623334360998 1.1078087357161814 -0.4306962480734339 
-0.567623334360998 1.1078087357161814 -0.4306962480734339 
-0.5678470705765917 1.108658495812832 -0.42916749756084105 
-0.5681205195431092 1.1096967292293396 -0.42729507217237805 
-0.5681205195431092 1.1096967292293396 -0.42729507217237805 
-0.5685015426562062 1.1111421225390983 -0.4246709186231419 
-0.5685015426562062 1.1111421225390983 -0.4246709186231419 
-0.5690077046850829 1.1130629341090577 -0.421193310350761 
-0.5692558038162308 1.1140037207967013 -0.4194802955561625 
-0.5692558038162308 1.1140037207967013 -0.4194802955561625 
-0.5692558038162308 1.1140037207967013 -0.4194802955561625 
-0.5692558038162308 1.1140037207967013 -0.4194802955561625 
-0.5694468820321467 1.1147291917298674 -0.41817170380092805 
-0.5695905329355776 1.1152743260971325 -0.41718474401017613 
-0.5695905329355776 1.1152743260971325 -0.41718474401017613 
-0.5695905329355776 1.1152743260971325 -0.41718474401017613 
-0.5701338236477815 1.1173369266315114 -0.4134625786035404 
-0.5701338236477815 1.1173369266315114 -0.4134625786035404 
-0.5704234225047304 1.1184353781341696 -0.41146655938943444 
-0.5704234225047304 1.1184353781341696 -0.41146655938943444 
-0.5705853897948303 1.1190496637492813 -0.41034953661374196 
-0.5709222671614979 1.1203293123272373 -0.40804976254314496 
-0.5709222671614979 1.1203293123272373 -0.40804976254314496 
-0.5709222671614979 1.1203293123272373 -0.40804976254314496 
-0.5709222671614979 1.1203293123272373 -0.40804976254314496 
-0.5713436631522448 1.121926485765067 -0.40513132451267153 
-0.5713436631522448 1.121926485765067 -0.40513132451267153 
-0.5713436631522448 1.121926485765067 -0.40513132451267153 
-0.5717818585943449 1.1235904462924293 -0.40213336505000896 
-0.5717818585943449 1.1235904462924293 -0.40213336505000896 
-0.5719562635531225 1.1242522878442767 -0.4009351081820751 
-0.5719562635531225 1.1242522878442767 -0.4009351081820751 
-0.5726669909892214 1.1269499297026424 -0.3960583420165601 
-0.5726669909892214 1.1269499297026424 -0.3960583420165601 
-0.5726669909892214 1.1269499297026424 -0.3960583420165601 
-0.572977738853807 1.1281302431875042 -0.3939359936308593 
-0.5731662195439434 1.1288444297426643 -0.3926283704804421 
-0.57346759724885 1.1299872234808777 -0.3905472047259464 
-0.57346759724885 1.1299872234808777 -0.3905472047259464 
-0.57346759724885 1.1299872234808777 -0.3905472047259464 
-0.5737602311317034 1.1310989744474815 -0.3885514074385399 
-0.5739246909061875 1.1317218276895686 -0.38740672283808664 
-0.5740831090519494 1.1323233583880898 -0.3863225235178107 
-0.5740831090519494 1.1323233583880898 -0.3863225235178107 
-0.5740831090519494 1.1323233583880898 -0.3863225235178107 
-0.5747004314621026 1.1346649351931242 -0.38206850158868844 
-0.5747004314621026 1.1346649351931242 -0.38206850158868844 
-0.5747004314621026 1.1346649351931242 -0.38206850158868844 
-0.5750899728837087 1.136144260761405 -0.379404821693639 
-0.5750899728837087 1.136144260761405 -0.379404821693639 
-0.5750899728837087 1.136144260761405 -0.379404821693639 
-0.5754679262506459 1.137579786809547 -0.37682283317354837 
-0.5757288306033002 1.1385682764674985 -0.37501130244447567 
-0.5757288306033002 1.1385682764674985 -0.37501130244447567 
-0.5762461616947921 1.1405314730119787 -0.3714569566407715 
-0.5762461616947921 1.1405314730119787 -0.3714569566407715 
-0.5762461616947921 1.1405314730119787 -0.3714569566407715 
-0.5766446937377573 1.1420438443781713 -0.36871882487592855 
-0.5767876834166213 1.1425857539723556 -0.36772794609564574 
-0.5767876834166213 1.1425857539723556 -0.36772794609564574 
-0.5767876834166213 1.1425857539723556 -0.36772794609564574 
-0.5767876834166213 1.1425857539723556 -0.36772794609564574 
-0.577144173732794 1.1439401895879269 -0.3652976629103798 
-0.577144173732794 1.1439401895879269 -0.3652976629103798 
-0.5771441737327939 1.1439401895879269 -0.3652976629103798 
-0.577601218521439 1.1456737173568425 -0.36214697967479614 
-0.577601218521439 1.1456737173568425 -0.36214697967479614 
-0.577601218521439 1.1456737173568425 -0.36214697967479614 
-0.5780561943845459 1.1474002848432414 -0.35902104818446723 
-0.5780561943845459 1.1474002848432414 -0.35902104818446723 
-0.578322919585856 1.1484133593308807 -0.3571990381701151 
-0.5787393282782035 1.149993035787451 -0.3543317664569243 
-0.5787393282782035 1.149993035787451 -0.3543317664569243 
-0.5788530558988543 1.1504242588456688 -0.35354617643193664 
