-0.5536549986766852 0.9975935417914134 -0.2862290975970344 
-0.553656518248323 0.9976002153847987 -0.28622918019978916 
-0.5533996795932745 0.9964150609786824 -0.2855406444074029 
-0.5533996795932745 0.9964150609786824 -0.2855406444074029 
-0.5542327120003872 1.0002620064720427 -0.2878093191661266 
-0.5542327120003872 1.0002620064720427 -0.2878093191661266 
-0.5542327120003872 1.0002620064720427 -0.2878093191661266 
-0.5542327120003872 1.0002620064720427 -0.2878093191661266 
-0.5546190683876242 1.0020463608607937 -0.28886340400054034 
-0.5546190683876242 1.0020463608607937 -0.28886340400054034 
-0.5547346081830897 1.0025784292585216 -0.28916043177611017 
-0.5547346081830897 1.0025784292585216 -0.28916043177611017 
-0.5547346081830897 1.0025784292585216 -0.28916043177611017 
-0.5547346081830897 1.0025784292585216 -0.28916043177611017 
-0.5555901005464517 1.0065306465684059 -0.2915085794468184 
-0.5555901005464517 1.0065306465684059 -0.2915085794468184 
-0.5557862732309942 1.0074373424066767 -0.29205191804627906 
-0.5557862732309942 1.0074373424066767 -0.29205191804627906 
-0.5557862732309942 1.0074373424066767 -0.29205191804627906 
-0.5560446886690511 1.0086301234721908 -0.2927488189297557 
-0.5560446886690511 1.0086301234721908 -0.2927488189297557 
-0.5560446886690511 1.0086301234721908 -0.2927488189297557 
-0.5560446886690511 1.0086301234721908 -0.2927488189297557 
-0.5560446886690511 1.0086301234721908 -0.2927488189297557 
-0.5572180535475149 1.0140498990406717 -0.29595820241923654 
-0.5572180535475149 1.0140498990406717 -0.29595820241923654 
-0.5572180535475149 1.0140498990406717 -0.29595820241923654 
-0.5572180535475149 1.0140498990406717 -0.29595820241923654 
-0.5576899419126212 1.0162285868152325 -0.29723751524773 
-0.5576899419126212 1.0162285868152325 -0.29723751524773 
-0.5576899419126212 1.0162285868152325 -0.29723751524773 
-0.5585576559538835 1.0202360509308892 -0.2996048740949414 
-0.5585576559538835 1.0202360509308892 -0.2996048740949414 
-0.5585576559538835 1.0202360509308892 -0.2996048740949414 
-0.5585576559538835 1.0202360509308892 -0.2996048740949414 
-0.5591603360494388 1.0230194781215387 -0.30124914857755225 
-0.5591603360494388 1.0230194781215387 -0.30124914857755225 
-0.5591603360494388 1.0230194781215387 -0.30124914857755225 
-0.5596498418986242 1.0252809084406864 -0.3025927794731804 
-0.5596498418986242 1.0252809084406864 -0.3025927794731804 
-0.5596498418986242 1.0252809084406864 -0.3025927794731804 
-0.5596498418986242 1.0252809084406864 -0.3025927794731804 
-0.5601026761553716 1.027372285262957 -0.30382823393519587 
-0.5601026761553716 1.027372285262957 -0.30382823393519587 
-0.5601026761553716 1.027372285262957 -0.30382823393519587 
-0.5601026761553716 1.027372285262957 -0.30382823393519587 
-0.5607114691549981 1.0301832555453692 -0.30548105967502204 
-0.5613179282916219 1.0329851691786482 -0.3071478340052194 
-0.5615361805154823 1.0339921154067422 -0.30773109556564526 
-0.5615361805154823 1.0339921154067422 -0.30773109556564526 
-0.5615361805154823 1.0339921154067422 -0.30773109556564526 
-0.5615361805154823 1.0339921154067422 -0.30773109556564526 
-0.5620863761934474 1.036532294178583 -0.3092221086765221 
-0.5620863761934474 1.036532294178583 -0.3092221086765221 
-0.5620863761934474 1.036532294178583 -0.3092221086765221 
-0.5620863761934474 1.036532294178583 -0.3092221086765221 
-0.5620863761934474 1.036532294178583 -0.3092221086765221 
-0.5626268319774542 1.0390298860372924 -0.31071481445941385 
-0.5626268319774542 1.0390298860372924 -0.31071481445941385 
-0.5637183275530534 1.044070866295314 -0.3136927099234864 
-0.5637183275530534 1.044070866295314 -0.3136927099234864 
-0.5643423063152677 1.0469530040016366 -0.3153991561356919 
-0.5643423063152677 1.0469530040016366 -0.3153991561356919 
-0.5649076578679493 1.049563343625231 -0.3169334618460259 
-0.5649076578679493 1.049563343625231 -0.3169334618460259 
-0.5649076578679493 1.049563343625231 -0.3169334618460259 
-0.5653427208961315 1.0515726455272176 -0.3181204315847702 
-0.5653427208961315 1.0515726455272176 -0.3181204315847702 
-0.5653427208961315 1.0515726455272176 -0.3181204315847702 
-0.5653427208961315 1.0515726455272176 -0.3181204315847702 
-0.5653427208961315 1.0515726455272176 -0.3181204315847702 
-0.5661353999288188 1.0552335667843022 -0.32028307461207595 
-0.5661353999288188 1.0552335667843022 -0.32028307461207595 
-0.5661353999288188 1.0552335667843022 -0.32028307461207595 
-0.5661353999288188 1.0552335667843022 -0.32028307461207595 
-0.5667154525457134 1.0579118020330611 -0.3218574888060499 
-0.5667154525457134 1.0579118020330611 -0.3218574888060499 
-0.5667154525457134 1.0579118020330611 -0.3218574888060499 
-0.5667154525457134 1.0579118020330611 -0.3218574888060499 
-0.5670000748268058 1.0592276837131882 -0.3226502682537771 
-0.5670000748268058 1.0592276837131882 -0.3226502682537771 
-0.5670000748268058 1.0592276837131882 -0.3226502682537771 
-0.5670000748268058 1.0592276837131882 -0.3226502682537771 
-0.5679634100701416 1.063676077445706 -0.32527038123046037 
-0.5684403615549249 1.065878493231528 -0.32656757082043786 
-0.5687244943423843 1.0671910809664118 -0.3273468251966615 
-0.5692970879344456 1.0698348673380793 -0.3289008891512808 
-0.5692970879344456 1.0698348673380793 -0.3289008891512808 
-0.5698945374535214 1.0725948263925331 -0.33053901960524723 
-0.5699794998212329 1.0729882436947844 -0.3307829212187131 
-0.5699794998212329 1.0729882436947844 -0.3307829212187131 
-0.5699794998212329 1.0729882436947844 -0.3307829212187131 
-0.5706576158799037 1.0761193841660053 -0.33262496736399183 
-0.5706576158799037 1.0761193841660053 -0.33262496736399183 
-0.5706576158799037 1.0761193841660053 -0.33262496736399183 
-0.5709110165281206 1.077289693687718 -0.3333163129432021 
-0.5709110165281206 1.077289693687718 -0.3333163129432021 
-0.5709110165281206 1.077289693687718 -0.3333163129432021 
-0.5709110165281206 1.077289693687718 -0.3333163129432021 
-0.5715503049751458 1.0802415046219234 -0.33505233852049277 
-0.5715503049751458 1.0802415046219234 -0.33505233852049277 
-0.571550304975146 1.0802415046219234 -0.3350523385204931 
-0.571550304975146 1.0802415046219234 -0.3350523385204931 
-0.571550304975146 1.0802415046219234 -0.3350523385204931 
-0.5723299897440588 1.0838415594049549 -0.3371694600080455 
-0.5723299897440588 1.0838415594049549 -0.3371694600080455 
-0.5723299897440588 1.0838415594049549 -0.3371694600080455 
-0.572774316324784 1.0858944978058243 -0.3383917728961744 
-0.572774316324784 1.0858944978058243 -0.3383917728961744 
-0.572774316324784 1.0858944978058243 -0.3383917728961744 
-0.572774316324784 1.0858944978058243 -0.3383917728961744 
-0.573419575246082 1.0888749161320843 -0.34015627714418595 
-0.573419575246082 1.0888749161320843 -0.34015627714418595 
-0.573419575246082 1.0888749161320843 -0.34015627714418595 
-0.573871721531317 1.090962426775828 -0.3413817282334164 
-0.573871721531317 1.090962426775828 -0.3413817282334164 
-0.573871721531317 1.090962426775828 -0.3413817282334164 
-0.5743969558020101 1.093388176956213 -0.3428147095365357 
-0.5747980281645911 1.0952408402559906 -0.3439130067363044 
-0.5747980281645911 1.0952408402559906 -0.3439130067363044 
-0.5750713480056076 1.0965022913268825 -0.34464862759695825 
-0.5750713480056076 1.0965022913268825 -0.34464862759695825 
-0.5750713480056076 1.0965022913268825 -0.34464862759695825 
-0.5750713480056076 1.0965022913268825 -0.34464862759695825 
-0.5750713480056076 1.0965022913268825 -0.34464862759695825 
-0.5750713480056076 1.0965022913268825 -0.34464862759695825 
-0.5752478083669321 1.0973184566056287 -0.3451441921110945 
-0.5761924626950868 1.1016800649642517 -0.3477073320233798 
-0.5761924626950868 1.1016800649642517 -0.3477073320233798 
-0.5761924626950868 1.1016800649642517 -0.3477073320233798 
-0.5761924626950868 1.1016800649642517 -0.3477073320233798 
-0.576619238629145 1.1036519471837294 -0.3488817619953799 
-0.576619238629145 1.1036519471837294 -0.3488817619953799 
-0.576619238629145 1.1036519471837294 -0.3488817619953799 
-0.576619238629145 1.1036519471837294 -0.3488817619953799 
-0.576619238629145 1.1036519471837294 -0.3488817619953799 
-0.576619238629145 1.1036519471837294 -0.3488817619953799 
-0.5774520808760291 1.1074987032782342 -0.3511580443457365 
-0.5774520808760291 1.1074987032782342 -0.3511580443457365 
-0.5774520808760291 1.1074987032782342 -0.3511580443457365 
-0.578001215389304 1.1100344902931523 -0.35265216878174854 
-0.578001215389304 1.1100344902931523 -0.35265216878174854 
-0.578001215389304 1.1100344902931523 -0.35265216878174854 
-0.578001215389304 1.1100344902931523 -0.35265216878174854 
-0.578001215389304 1.1100344902931523 -0.35265216878174854 
-0.5780012153893038 1.1100344902931523 -0.35265216878174854 
-0.5789233549428092 1.1142936584668586 -0.35517207836274767 
-0.5789233549428092 1.1142936584668586 -0.35517207836274767 
-0.5791708310489614 1.1154366059907275 -0.35584726018707336 
-0.5791708310489614 1.1154366059907275 -0.35584726018707336 
-0.5791708310489614 1.1154366059907275 -0.35584726018707336 
-0.57952210225281 1.1170592668391819 -0.35680968634163557 
-0.57952210225281 1.1170592668391819 -0.35680968634163557 
-0.57952210225281 1.1170592668391819 -0.35680968634163557 
-0.57952210225281 1.1170592668391819 -0.35680968634163557 
-0.5800956031994667 1.1197079325916428 -0.35837435220549096 
-0.5800956031994667 1.1197079325916428 -0.35837435220549096 
-0.5800956031994667 1.1197079325916428 -0.35837435220549096 
-0.5808492308445052 1.123188498308506 -0.36043045247371963 
-0.5808492308445051 1.123188498308506 -0.3604304524737193 
-0.5808492308445051 1.123188498308506 -0.3604304524737193 
-0.581419862502318 1.12582356807238 -0.3619832269406076 
-0.5819814523883005 1.1284160256128877 -0.36350126333594435 
-0.5819814523883005 1.1284160256128877 -0.36350126333594435 
-0.5819814523883005 1.1284160256128877 -0.36350126333594435 
-0.5819814523883005 1.1284160256128877 -0.36350126333594435 
-0.5819814523883005 1.1284160256128877 -0.36350126333594435 
-0.5822954904445262 1.1298679262921494 -0.36437624025248305 
-0.5822954904445262 1.1298679262921494 -0.36437624025248305 
-0.5822954904445262 1.1298679262921494 -0.36437624025248305 
-0.5822954904445262 1.1298679262921494 -0.36437624025248305 
-0.5826453946224086 1.131483240386291 -0.3653227471897357 
-0.5826453946224086 1.131483240386291 -0.3653227471897357 
-0.5826453946224086 1.131483240386291 -0.3653227471897357 
-0.5826453946224086 1.131483240386291 -0.3653227471897357 
-0.5832689035973793 1.1343625195797296 -0.3670197852949163 
-0.5832689035973793 1.1343625195797296 -0.3670197852949163 
-0.5842165100961266 1.1387396491121897 -0.36961323879809005 
-0.5842165100961266 1.1387396491121897 -0.36961323879809005 
-0.5842165100961266 1.1387396491121897 -0.36961323879809005 
-0.584425308007808 1.1397027666742334 -0.370168763165418 
-0.584425308007808 1.1397027666742334 -0.370168763165418 
-0.584425308007808 1.1397027666742334 -0.370168763165418 
-0.5844253080078078 1.1397027666742334 -0.370168763165418 
-0.5850625016156947 1.1426467895935006 -0.37192133272451944 
-0.5850625016156947 1.1426467895935006 -0.37192133272451944 
-0.5850625016156947 1.1426467895935006 -0.37192133272451944 
-0.5850625016156946 1.1426467895935006 -0.3719213327245191 
-0.5856706537748315 1.1454551446282217 -0.3735764732780872 
-0.5856706537748315 1.1454551446282217 -0.3735764732780872 
-0.5856706537748315 1.1454551446282217 -0.3735764732780872 
-0.5856706537748315 1.1454551446282217 -0.3735764732780872 
-0.5862268359714061 1.1480241696141718 -0.3750979521025991 
-0.5862268359714061 1.1480241696141718 -0.3750979521025991 
-0.5862268359714061 1.1480241696141718 -0.3750979521025991 
-0.5862268359714061 1.1480241696141718 -0.3750979521025991 
-0.5867898226400082 1.1506246204802846 -0.3766379953691835 
-0.5867898226400082 1.1506246204802846 -0.3766379953691835 
-0.5877520645643712 1.1550679648113384 -0.37925512547568185 
-0.5877520645643712 1.1550679648113384 -0.37925512547568185 
-0.5877520645643712 1.1550679648113384 -0.37925512547568185 
-0.5878682941295708 1.155603907692529 -0.3795621615300727 
-0.5879736028048319 1.1560902669273778 -0.3798494721096095 
-0.5879736028048319 1.1560902669273778 -0.3798494721096095 
-0.5882465989157133 1.1573522744235254 -0.38060841228660025 
-0.5882465989157131 1.1573522744235254 -0.3806084122865999 
-0.5882465989157131 1.1573522744235254 -0.3806084122865999 
-0.5887830575399914 1.1598305521743937 -0.38208014306563676 
-0.5887830575399914 1.1598305521743937 -0.38208014306563676 
-0.5898047188612332 1.164547631138315 -0.38485125897501826 
-0.5900155753012283 1.1655217982426394 -0.38543059563502235 
-0.5902341089503255 1.166531421889698 -0.38603087780014245 
-0.5902341089503254 1.166531421889698 -0.3860308778001421 
-0.5902341089503254 1.166531421889698 -0.3860308778001421 
-0.5902341089503254 1.166531421889698 -0.3860308778001421 
-0.5902341089503254 1.166531421889698 -0.3860308778001421 
-0.5904599248480574 1.1675753593406142 -0.38665906598106925 
-0.5904599248480574 1.1675753593406142 -0.38665906598106925 
-0.5911218065585612 1.1706315228440476 -0.3884568204289286 
-0.5911218065585612 1.1706315228440476 -0.3884568204289286 
-0.5911218065585612 1.1706315228440476 -0.3884568204289286 
-0.5911218065585612 1.1706315228440476 -0.3884568204289286 
-0.5915785425797861 1.172739886376296 -0.3896907303605458 
-0.5915785425797861 1.172739886376296 -0.3896907303605458 
-0.5915785425797861 1.172739886376296 -0.3896907303605458 
-0.5915785425797861 1.172739886376296 -0.3896907303605458 
-0.5923348350417161 1.1762334481653407 -0.39176222737100563 
-0.5928639973027048 1.1786769950175549 -0.39320186209508445 
-0.5928639973027048 1.1786769950175549 -0.39320186209508445 
-0.5928639973027048 1.1786769950175549 -0.39320186209508445 
-0.5932244616908494 1.1803417693922553 -0.3941853065454445 
-0.5932244616908494 1.1803417693922553 -0.3941853065454445 
-0.5937993022388396 1.182996966400554 -0.395757690404562 
-0.5937993022388396 1.182996966400554 -0.395757690404562 
-0.5945408417102755 1.1864213594871016 -0.3977767476620907 
-0.5950430580659782 1.1887411477885208 -0.3991509930608882 
-0.5952182891670941 1.189549239867028 -0.39961493808042914 
-0.5952182891670941 1.189549239867028 -0.39961493808042914 
-0.5959094235888491 1.1927416950455998 -0.40150654638457783 
-0.5959094235888491 1.1927416950455998 -0.40150654638457783 
-0.5959094235888491 1.1927416950455998 -0.40150654638457783 
-0.5959094235888491 1.1927416950455998 -0.40150654638457783 
-0.5963789458710613 1.1949104885260546 -0.40279159349863136 
-0.5963789458710613 1.1949104885260546 -0.40279159349863136 
-0.5967061010456882 1.1964221159475816 -0.40369228779592226 
-0.5967061010456882 1.1964221159475816 -0.40369228779592226 
-0.5969816742964534 1.1976951721841638 -0.40444818943846006 
-0.597750661154955 1.2012466731329938 -0.40654619379968315 
-0.597750661154955 1.2012466731329938 -0.40654619379968315 
-0.597750661154955 1.2012466731329938 -0.40654619379968315 
-0.5980997453185195 1.2028592258329605 -0.4075025647857494 
-0.5980997453185195 1.2028592258329605 -0.4075025647857494 
-0.5987069624273075 1.2056622366437166 -0.409143052998891 
-0.5987069624273075 1.2056622366437166 -0.409143052998891 
-0.5995169542160037 1.2094027709841904 -0.4113488667120858 
-0.5995169542160037 1.2094027709841904 -0.4113488667120858 
-0.5999524733191128 1.2114145236498228 -0.41254114394683083 
-0.5999524733191128 1.2114145236498228 -0.41254114394683083 
-0.5999524733191128 1.2114145236498228 -0.41254114394683083 
-0.6002427351205892 1.212755073298956 -0.41333305673267484 
-0.6002427351205892 1.212755073298956 -0.41333305673267484 
-0.601057289286251 1.2165158250298904 -0.41554124817570093 
-0.601057289286251 1.2165158250298904 -0.41554124817570093 
-0.6013494027464594 1.2178668132316504 -0.41636047205810256 
-0.6013494027464594 1.2178668132316504 -0.41636047205810256 
-0.6013494027464594 1.2178668132316504 -0.41636047205810256 
-0.6013494027464594 1.2178668132316504 -0.41636047205810256 
-0.6013494027464594 1.2178668132316504 -0.41636047205810256 
-0.6013494027464594 1.2178668132316504 -0.41636047205810256 
-0.6019831893076409 1.2207928697500596 -0.4180774238010062 
-0.6029138353383536 1.2250904708085424 -0.42061047168520027 
-0.6029138353383536 1.2250904708085424 -0.42061047168520027 
-0.6032100562338066 1.22645905117331 -0.42142464896263154 
-0.6032100562338066 1.22645905117331 -0.42142464896263154 
-0.6033827513319878 1.227257317759096 -0.4219039343496974 
-0.6033827513319878 1.227257317759096 -0.4219039343496974 
-0.6033827513319878 1.227257317759096 -0.4219039343496974 
-0.6034937800773612 1.2277704390753834 -0.4222109140293818 
-0.6034937800773612 1.2277704390753834 -0.4222109140293818 
-0.6034937800773612 1.2277704390753834 -0.4222109140293818 
-0.6034937800773612 1.2277704390753834 -0.4222109140293818 
-0.6042763477818255 1.2313843175958077 -0.4243419074154352 
-0.6042763477818255 1.2313843175958077 -0.4243419074154352 
-0.6047038910074441 1.2333576919410625 -0.4254942282267652 
-0.6051999919958373 1.2356497460770375 -0.42685779571747384 
-0.6051999919958373 1.2356497460770375 -0.42685779571747384 
-0.6056837801725395 1.2378844253879948 -0.4281817640543365 
-0.6056837801725395 1.2378844253879948 -0.4281817640543365 
-0.6057939361808383 1.2383935160417106 -0.4284863626709784 
-0.6057939361808383 1.2383935160417106 -0.4284863626709784 
-0.6063432221065788 1.2409288043595081 -0.4299667673312372 
-0.6063432221065788 1.2409288043595081 -0.4299667673312372 
-0.6063432221065788 1.2409288043595081 -0.4299667673312372 
-0.6066930369141491 1.242546281367467 -0.4309434161124851 
-0.6066930369141491 1.242546281367467 -0.4309434161124851 
-0.6066930369141491 1.242546281367467 -0.4309434161124851 
-0.6066930369141491 1.242546281367467 -0.4309434161124851 
-0.6066930369141491 1.242546281367467 -0.4309434161124851 
-0.6066930369141491 1.242546281367467 -0.4309434161124851 
-0.6073715776243316 1.2456790311484254 -0.43278246929151687 
-0.6073715776243316 1.2456790311484254 -0.43278246929151687 
-0.6083924491558563 1.2503941846354563 -0.43557174644126817 
-0.6086515376542944 1.251590418593635 -0.4362745468158141 
-0.6086515376542944 1.251590418593635 -0.4362745468158141 
-0.6093426214141918 1.25478178623193 -0.43815594723085505 
-0.6093426214141918 1.25478178623193 -0.43815594723085505 
-0.6096149558449878 1.256040917511834 -0.4389152020959094 
-0.6096149558449878 1.256040917511834 -0.4389152020959094 
-0.6096149558449878 1.256040917511834 -0.4389152020959094 
-0.6096149558449878 1.256040917511834 -0.4389152020959094 
-0.6104343709903952 1.259824628410441 -0.44114266207757336 
-0.6104343709903952 1.259824628410441 -0.44114266207757336 
-0.6104343709903952 1.259824628410441 -0.44114266207757336 
-0.6104343709903951 1.259824628410441 -0.441142662077573 
-0.6109655274055235 1.262277729515421 -0.44259180059419523 
-0.6109655274055235 1.262277729515421 -0.44259180059419523 
-0.6114162036477726 1.264359828569864 -0.4438294938085795 
-0.6114162036477726 1.264359828569864 -0.4438294938085795 
-0.6116531010360874 1.265452885917438 -0.44446362442600995 
-0.6116531010360874 1.265452885917438 -0.44446362442600995 
-0.6116531010360874 1.265452885917438 -0.44446362442600995 
-0.6116531010360874 1.265452885917438 -0.44446362442600995 
-0.6124615583420149 1.2691863333786646 -0.44666525165473503 
-0.6124615583420149 1.2691863333786646 -0.44666525165473503 
-0.6124615583420149 1.2691863333786646 -0.44666525165473514 
-0.6124615583420149 1.2691863333786646 -0.44666525165473514 
-0.6129367869820229 1.27138148119132 -0.4479658672579113 
-0.6134242873623817 1.2736329605817127 -0.44929590029135424 
-0.6134242873623817 1.2736329605817127 -0.44929590029135424 
-0.6139488598873806 1.276055654545422 -0.4507270761730465 
-0.6139488598873806 1.276055654545422 -0.4507270761730465 
-0.6146068454251413 1.2790948496764398 -0.45252630207663336 
-0.6146068454251413 1.2790948496764398 -0.45252630207663336 
-0.6147553785618933 1.2797808374410877 -0.45293154069059194 
-0.6147553785618933 1.2797808374410877 -0.45293154069059194 
-0.615536646077803 1.2833890555703942 -0.4550630500103411 
-0.615536646077803 1.2833890555703942 -0.4550630500103411 
-0.615536646077803 1.2833890555703942 -0.4550630500103411 
-0.6158203472919835 1.28469965012049 -0.45584112693780743 
-0.6158203472919835 1.28469965012049 -0.45584112693780743 
-0.6158203472919835 1.28469965012049 -0.45584112693780743 
-0.6159571642494963 1.2853299852965943 -0.4561962045724556 
-0.6159571642494963 1.2853299852965943 -0.4561962045724556 
-0.6169034866040263 1.289701693259991 -0.4587921610522395 
-0.6169034866040263 1.289701693259991 -0.4587921610522395 
-0.6169034866040263 1.289701693259991 -0.4587921610522395 
-0.6169034866040263 1.289701693259991 -0.4587921610522395 
-0.617173716574301 1.2909485296034038 -0.4595152887087822 
-0.617173716574301 1.2909485296034038 -0.4595152887087822 
-0.6173686212245716 1.2918502226950976 -0.46006523743726013 
-0.6173686212245716 1.2918502226950976 -0.46006523743726013 
-0.6176180801701765 1.2930023277957443 -0.4607458289844871 
-0.6176180801701765 1.2930023277957443 -0.4607458289844871 
-0.6176180801701765 1.2930023277957443 -0.4607458289844871 
-0.6176180801701765 1.2930023277957443 -0.4607458289844871 
-0.6181702788537302 1.295552266422659 -0.46224831330667626 
-0.6181702788537302 1.295552266422659 -0.46224831330667626 
-0.618453492971907 1.2968595781007601 -0.4630128717040215 
-0.618453492971907 1.2968595781007601 -0.4630128717040215 
-0.6192183216676974 1.300392219345874 -0.4651035946716148 
-0.6192183216676974 1.300392219345874 -0.4651035946716148 
-0.6194825055057039 1.301613018960287 -0.46583248611245687 
-0.6194825055057039 1.301613018960287 -0.46583248611245687 
-0.619931357448245 1.3036853149601464 -0.4670489493428406 
-0.619931357448245 1.3036853149601464 -0.4670489493428406 
-0.6201970483443875 1.3049123859553313 -0.4677738260461045 
-0.6211648034692814 1.3093818813781701 -0.4704141240566323 
-0.6211648034692814 1.3093818813781701 -0.4704141240566323 
-0.6214311054492605 1.3106109210497539 -0.4711305982922166 
-0.6219888727904612 1.3131881204552276 -0.4726664714903067 
-0.6221892036377146 1.3141136759972145 -0.47321709148339697 
-0.6221892036377146 1.3141136759972145 -0.47321709148339697 
-0.6228058896330827 1.3169610994147558 -0.4748914514527173 
-0.6228058896330827 1.3169610994147558 -0.4748914514527173 
-0.6231860871840408 1.318716665317533 -0.47592467011408046 
-0.6235619615131147 1.3204536424649094 -0.47696234665603454 
-0.6235619615131147 1.3204536424649094 -0.47696234665603454 
-0.6235619615131147 1.3204536424649094 -0.47696234665603454 
-0.6235619615131147 1.3204536424649094 -0.47696234665603454 
-0.6242084794860179 1.323438497934574 -0.4787140331372769 
