-0.6636549986766854 0.9975935417914135 -0.2862290975970342 
-0.6636565182483232 0.9976002153847985 -0.2862291801997895 
-0.6633996795932746 0.9964150609786824 -0.2855406444074029 
-0.6633996795932746 0.9964150609786824 -0.2855406444074029 
-0.6642327120003872 1.0002620064720424 -0.28780931916612684 
-0.6642327120003872 1.0002620064720424 -0.28780931916612684 
-0.6642327120003872 1.0002620064720424 -0.28780931916612684 
-0.6642327120003872 1.0002620064720424 -0.28780931916612684 
-0.6646190683876244 1.0020463608607937 -0.28886340400054045 
-0.6646190683876244 1.0020463608607937 -0.28886340400054045 
-0.6647346081830899 1.0025784292585211 -0.2891604317761103 
-0.6647346081830899 1.0025784292585211 -0.2891604317761103 
-0.6647346081830899 1.0025784292585211 -0.2891604317761103 
-0.6647346081830899 1.0025784292585211 -0.2891604317761103 
-0.665590100546452 1.0065306465684056 -0.2915085794468181 
-0.665590100546452 1.0065306465684056 -0.2915085794468181 
-0.6657862732309943 1.0074373424066765 -0.29205191804627917 
-0.6657862732309943 1.0074373424066765 -0.29205191804627917 
-0.6657862732309943 1.0074373424066765 -0.29205191804627917 
-0.6660446886690513 1.008630123472191 -0.29274881892975546 
-0.6660446886690513 1.008630123472191 -0.29274881892975546 
-0.6660446886690513 1.008630123472191 -0.29274881892975546 
-0.6660446886690513 1.008630123472191 -0.29274881892975546 
-0.6660446886690513 1.008630123472191 -0.29274881892975546 
-0.6672180535475151 1.0140498990406717 -0.29595820241923665 
-0.6672180535475151 1.0140498990406717 -0.29595820241923665 
-0.6672180535475151 1.0140498990406717 -0.29595820241923665 
-0.6672180535475151 1.0140498990406717 -0.29595820241923665 
-0.6676899419126214 1.0162285868152325 -0.2972375152477299 
-0.6676899419126214 1.0162285868152325 -0.2972375152477299 
-0.6676899419126214 1.0162285868152325 -0.2972375152477299 
-0.6685576559538837 1.0202360509308892 -0.2996048740949414 
-0.6685576559538837 1.0202360509308892 -0.2996048740949414 
-0.6685576559538837 1.0202360509308892 -0.2996048740949414 
-0.6685576559538837 1.0202360509308892 -0.2996048740949414 
-0.6691603360494389 1.023019478121539 -0.30124914857755236 
-0.6691603360494389 1.023019478121539 -0.30124914857755236 
-0.6691603360494389 1.023019478121539 -0.30124914857755236 
-0.6696498418986244 1.0252809084406864 -0.30259277947318064 
-0.6696498418986244 1.0252809084406864 -0.30259277947318064 
-0.6696498418986244 1.0252809084406864 -0.30259277947318064 
-0.6696498418986244 1.0252809084406864 -0.30259277947318064 
-0.6701026761553717 1.0273722852629568 -0.3038282339351962 
-0.6701026761553717 1.0273722852629568 -0.3038282339351962 
-0.6701026761553717 1.0273722852629568 -0.3038282339351962 
-0.6701026761553717 1.0273722852629568 -0.3038282339351962 
-0.6707114691549982 1.030183255545369 -0.30548105967502226 
-0.6713179282916221 1.0329851691786485 -0.3071478340052196 
-0.6715361805154824 1.0339921154067424 -0.30773109556564526 
-0.6715361805154824 1.0339921154067424 -0.30773109556564526 
-0.6715361805154824 1.0339921154067424 -0.30773109556564526 
-0.6715361805154824 1.0339921154067424 -0.30773109556564526 
-0.6720863761934476 1.0365322941785828 -0.3092221086765222 
-0.6720863761934476 1.0365322941785828 -0.3092221086765222 
-0.6720863761934476 1.0365322941785828 -0.3092221086765222 
-0.6720863761934476 1.0365322941785828 -0.3092221086765222 
-0.6720863761934476 1.0365322941785828 -0.3092221086765222 
-0.6726268319774544 1.0390298860372924 -0.31071481445941396 
-0.6726268319774544 1.0390298860372924 -0.31071481445941396 
-0.6737183275530537 1.044070866295314 -0.3136927099234862 
-0.6737183275530537 1.044070866295314 -0.3136927099234862 
-0.6743423063152679 1.0469530040016366 -0.315399156135692 
-0.6743423063152679 1.0469530040016366 -0.315399156135692 
-0.6749076578679494 1.049563343625231 -0.3169334618460259 
-0.6749076578679494 1.049563343625231 -0.3169334618460259 
-0.6749076578679494 1.049563343625231 -0.3169334618460259 
-0.6753427208961317 1.0515726455272176 -0.3181204315847701 
-0.6753427208961317 1.0515726455272176 -0.3181204315847701 
-0.6753427208961317 1.0515726455272176 -0.3181204315847701 
-0.6753427208961317 1.0515726455272176 -0.3181204315847701 
-0.6753427208961317 1.0515726455272176 -0.3181204315847701 
-0.676135399928819 1.055233566784302 -0.3202830746120763 
-0.676135399928819 1.055233566784302 -0.3202830746120763 
-0.676135399928819 1.055233566784302 -0.3202830746120763 
-0.676135399928819 1.055233566784302 -0.3202830746120763 
-0.6767154525457137 1.057911802033061 -0.32185748880605025 
-0.6767154525457137 1.057911802033061 -0.32185748880605025 
-0.6767154525457137 1.057911802033061 -0.32185748880605025 
-0.6767154525457137 1.057911802033061 -0.32185748880605025 
-0.6770000748268059 1.059227683713188 -0.32265026825377696 
-0.6770000748268059 1.059227683713188 -0.32265026825377696 
-0.6770000748268059 1.059227683713188 -0.32265026825377696 
-0.6770000748268059 1.059227683713188 -0.32265026825377696 
-0.6779634100701417 1.0636760774457057 -0.32527038123046015 
-0.6784403615549252 1.0658784932315277 -0.32656757082043797 
-0.6787244943423845 1.0671910809664118 -0.3273468251966616 
-0.6792970879344458 1.0698348673380793 -0.3289008891512806 
-0.6792970879344458 1.0698348673380793 -0.3289008891512806 
-0.6798945374535215 1.072594826392533 -0.33053901960524734 
-0.6799794998212331 1.0729882436947844 -0.33078292121871333 
-0.6799794998212331 1.0729882436947844 -0.33078292121871333 
-0.6799794998212331 1.0729882436947844 -0.33078292121871333 
-0.6806576158799038 1.0761193841660053 -0.33262496736399194 
-0.6806576158799038 1.0761193841660053 -0.33262496736399194 
-0.6806576158799038 1.0761193841660053 -0.33262496736399194 
-0.6809110165281208 1.0772896936877179 -0.33331631294320185 
-0.6809110165281208 1.0772896936877179 -0.33331631294320185 
-0.6809110165281208 1.0772896936877179 -0.33331631294320185 
-0.6809110165281208 1.0772896936877179 -0.33331631294320185 
-0.681550304975146 1.0802415046219231 -0.3350523385204929 
-0.681550304975146 1.0802415046219231 -0.3350523385204929 
-0.6815503049751461 1.0802415046219231 -0.3350523385204932 
-0.6815503049751461 1.0802415046219231 -0.3350523385204932 
-0.682329989744059 1.0838415594049546 -0.3371694600080458 
-0.6823299897440589 1.0838415594049546 -0.3371694600080455 
-0.6823299897440589 1.0838415594049546 -0.3371694600080455 
-0.6823299897440589 1.0838415594049546 -0.3371694600080455 
-0.6827743163247841 1.085894497805824 -0.3383917728961744 
-0.6827743163247841 1.085894497805824 -0.3383917728961744 
-0.6827743163247841 1.085894497805824 -0.3383917728961744 
-0.6827743163247841 1.085894497805824 -0.3383917728961744 
-0.6834195752460821 1.088874916132084 -0.3401562771441857 
-0.6834195752460821 1.088874916132084 -0.3401562771441857 
-0.6834195752460821 1.088874916132084 -0.3401562771441857 
-0.6838717215313173 1.090962426775828 -0.3413817282334164 
-0.6838717215313173 1.090962426775828 -0.3413817282334164 
-0.6838717215313173 1.090962426775828 -0.3413817282334164 
-0.6843969558020101 1.093388176956213 -0.34281470953653603 
-0.6847980281645912 1.0952408402559906 -0.34391300673630465 
-0.6847980281645912 1.0952408402559906 -0.34391300673630465 
-0.6850713480056078 1.0965022913268825 -0.34464862759695813 
-0.6850713480056078 1.0965022913268825 -0.34464862759695813 
-0.6850713480056078 1.0965022913268825 -0.34464862759695813 
-0.6850713480056078 1.0965022913268825 -0.34464862759695813 
-0.6850713480056078 1.0965022913268825 -0.34464862759695813 
-0.6850713480056078 1.0965022913268825 -0.34464862759695813 
-0.6852478083669322 1.0973184566056287 -0.34514419211109515 
-0.6861924626950869 1.1016800649642517 -0.34770733202338 
-0.6861924626950869 1.1016800649642517 -0.34770733202338 
-0.6861924626950869 1.1016800649642517 -0.34770733202338 
-0.6861924626950869 1.1016800649642517 -0.34770733202338 
-0.6866192386291453 1.1036519471837296 -0.34888176199538 
-0.6866192386291453 1.1036519471837296 -0.34888176199538 
-0.6866192386291453 1.1036519471837296 -0.34888176199538 
-0.6866192386291453 1.1036519471837296 -0.34888176199538 
-0.6866192386291453 1.1036519471837296 -0.34888176199538 
-0.6866192386291453 1.1036519471837296 -0.34888176199538 
-0.6874520808760292 1.1074987032782342 -0.3511580443457366 
-0.6874520808760292 1.1074987032782342 -0.3511580443457366 
-0.6874520808760292 1.1074987032782342 -0.3511580443457366 
-0.6880012153893043 1.1100344902931523 -0.3526521687817489 
-0.6880012153893043 1.1100344902931523 -0.3526521687817489 
-0.6880012153893043 1.1100344902931523 -0.3526521687817489 
-0.6880012153893043 1.1100344902931523 -0.3526521687817489 
-0.6880012153893043 1.1100344902931523 -0.3526521687817489 
-0.688001215389304 1.1100344902931523 -0.3526521687817489 
-0.6889233549428093 1.1142936584668583 -0.35517207836274767 
-0.6889233549428093 1.1142936584668583 -0.35517207836274767 
-0.6891708310489616 1.1154366059907272 -0.35584726018707324 
-0.6891708310489616 1.1154366059907272 -0.35584726018707324 
-0.6891708310489616 1.1154366059907272 -0.35584726018707324 
-0.6895221022528103 1.1170592668391817 -0.35680968634163535 
-0.6895221022528103 1.1170592668391817 -0.35680968634163535 
-0.6895221022528103 1.1170592668391817 -0.35680968634163535 
-0.6895221022528103 1.1170592668391817 -0.35680968634163535 
-0.6900956031994668 1.1197079325916428 -0.3583743522054911 
-0.6900956031994668 1.1197079325916428 -0.3583743522054911 
-0.6900956031994668 1.1197079325916428 -0.3583743522054911 
-0.6908492308445056 1.123188498308506 -0.3604304524737201 
-0.6908492308445054 1.123188498308506 -0.36043045247371974 
-0.6908492308445054 1.123188498308506 -0.36043045247371974 
-0.6914198625023182 1.12582356807238 -0.3619832269406076 
-0.6919814523883007 1.1284160256128875 -0.36350126333594424 
-0.6919814523883007 1.1284160256128875 -0.36350126333594424 
-0.6919814523883007 1.1284160256128875 -0.36350126333594424 
-0.6919814523883007 1.1284160256128875 -0.36350126333594424 
-0.6919814523883007 1.1284160256128875 -0.36350126333594424 
-0.6922954904445263 1.1298679262921494 -0.36437624025248294 
-0.6922954904445263 1.1298679262921494 -0.36437624025248294 
-0.6922954904445263 1.1298679262921494 -0.36437624025248294 
-0.6922954904445263 1.1298679262921494 -0.36437624025248294 
-0.6926453946224087 1.131483240386291 -0.3653227471897359 
-0.6926453946224087 1.131483240386291 -0.3653227471897359 
-0.6926453946224087 1.131483240386291 -0.3653227471897359 
-0.6926453946224087 1.131483240386291 -0.3653227471897359 
-0.6932689035973794 1.1343625195797296 -0.36701978529491663 
-0.6932689035973794 1.1343625195797296 -0.36701978529491663 
-0.6942165100961268 1.1387396491121897 -0.36961323879808994 
-0.6942165100961268 1.1387396491121897 -0.36961323879808994 
-0.6942165100961268 1.1387396491121897 -0.36961323879808994 
-0.6944253080078082 1.1397027666742336 -0.37016876316541814 
-0.6944253080078082 1.1397027666742336 -0.37016876316541814 
-0.6944253080078082 1.1397027666742336 -0.37016876316541814 
-0.694425308007808 1.1397027666742336 -0.37016876316541814 
-0.6950625016156949 1.1426467895935006 -0.37192133272451944 
-0.6950625016156949 1.1426467895935006 -0.37192133272451944 
-0.6950625016156949 1.1426467895935006 -0.37192133272451944 
-0.6950625016156948 1.1426467895935006 -0.3719213327245191 
-0.6956706537748318 1.1454551446282217 -0.3735764732780874 
-0.6956706537748318 1.1454551446282217 -0.3735764732780874 
-0.6956706537748318 1.1454551446282217 -0.3735764732780874 
-0.6956706537748318 1.1454551446282217 -0.3735764732780874 
-0.6962268359714064 1.1480241696141718 -0.3750979521025989 
-0.6962268359714064 1.1480241696141718 -0.3750979521025989 
-0.6962268359714064 1.1480241696141718 -0.3750979521025989 
-0.6962268359714064 1.1480241696141718 -0.3750979521025989 
-0.6967898226400082 1.1506246204802844 -0.37663799536918374 
-0.6967898226400082 1.1506246204802844 -0.37663799536918374 
-0.6977520645643714 1.1550679648113384 -0.37925512547568185 
-0.6977520645643714 1.1550679648113384 -0.37925512547568185 
-0.6977520645643714 1.1550679648113384 -0.37925512547568185 
-0.697868294129571 1.1556039076925289 -0.3795621615300725 
-0.6979736028048321 1.1560902669273774 -0.37984947210960973 
-0.6979736028048321 1.1560902669273774 -0.37984947210960973 
-0.6982465989157134 1.1573522744235252 -0.3806084122866005 
-0.6982465989157133 1.1573522744235252 -0.38060841228660014 
-0.6982465989157133 1.1573522744235252 -0.38060841228660014 
-0.6987830575399917 1.1598305521743937 -0.38208014306563653 
-0.6987830575399917 1.1598305521743937 -0.38208014306563653 
-0.6998047188612334 1.164547631138315 -0.38485125897501826 
-0.7000155753012286 1.1655217982426391 -0.3854305956350228 
-0.7002341089503257 1.166531421889698 -0.3860308778001422 
-0.7002341089503256 1.166531421889698 -0.3860308778001419 
-0.7002341089503256 1.166531421889698 -0.3860308778001419 
-0.7002341089503256 1.166531421889698 -0.3860308778001419 
-0.7002341089503256 1.166531421889698 -0.3860308778001419 
-0.7004599248480575 1.167575359340614 -0.38665906598106925 
-0.7004599248480575 1.167575359340614 -0.38665906598106925 
-0.7011218065585613 1.1706315228440474 -0.3884568204289284 
-0.7011218065585613 1.1706315228440474 -0.3884568204289284 
-0.7011218065585613 1.1706315228440474 -0.3884568204289284 
-0.7011218065585613 1.1706315228440474 -0.3884568204289284 
-0.7015785425797862 1.1727398863762954 -0.38969073036054624 
-0.7015785425797862 1.1727398863762954 -0.38969073036054624 
-0.7015785425797862 1.1727398863762954 -0.38969073036054624 
-0.7015785425797862 1.1727398863762954 -0.38969073036054624 
-0.7023348350417162 1.1762334481653407 -0.39176222737100563 
-0.7028639973027048 1.1786769950175544 -0.3932018620950847 
-0.7028639973027048 1.1786769950175544 -0.3932018620950847 
-0.7028639973027048 1.1786769950175544 -0.3932018620950847 
-0.7032244616908495 1.180341769392255 -0.39418530654544426 
-0.7032244616908495 1.180341769392255 -0.39418530654544426 
-0.7037993022388397 1.1829969664005535 -0.395757690404562 
-0.7037993022388397 1.1829969664005535 -0.395757690404562 
-0.7045408417102756 1.1864213594871016 -0.3977767476620907 
-0.7050430580659783 1.1887411477885206 -0.39915099306088864 
-0.7052182891670943 1.1895492398670282 -0.39961493808042936 
-0.7052182891670943 1.1895492398670282 -0.39961493808042936 
-0.7059094235888492 1.1927416950455996 -0.40150654638457806 
-0.7059094235888492 1.1927416950455996 -0.40150654638457806 
-0.7059094235888492 1.1927416950455996 -0.40150654638457806 
-0.7059094235888492 1.1927416950455996 -0.40150654638457806 
-0.7063789458710613 1.1949104885260544 -0.40279159349863114 
-0.7063789458710613 1.1949104885260544 -0.40279159349863114 
-0.7067061010456885 1.1964221159475814 -0.40369228779592203 
-0.7067061010456885 1.1964221159475814 -0.40369228779592203 
-0.7069816742964535 1.1976951721841635 -0.40444818943845984 
-0.7077506611549551 1.2012466731329934 -0.40654619379968293 
-0.7077506611549551 1.2012466731329934 -0.40654619379968293 
-0.7077506611549551 1.2012466731329934 -0.40654619379968293 
-0.7080997453185198 1.2028592258329605 -0.4075025647857494 
-0.7080997453185198 1.2028592258329605 -0.4075025647857494 
-0.7087069624273077 1.2056622366437166 -0.409143052998891 
-0.7087069624273077 1.2056622366437166 -0.409143052998891 
-0.7095169542160038 1.2094027709841904 -0.41134886671208626 
-0.7095169542160038 1.2094027709841904 -0.41134886671208626 
-0.7099524733191129 1.2114145236498226 -0.4125411439468304 
-0.7099524733191129 1.2114145236498226 -0.4125411439468304 
-0.7099524733191129 1.2114145236498226 -0.4125411439468304 
-0.7102427351205894 1.212755073298956 -0.41333305673267484 
-0.7102427351205894 1.212755073298956 -0.41333305673267484 
-0.7110572892862513 1.2165158250298906 -0.41554124817570093 
-0.7110572892862513 1.2165158250298906 -0.41554124817570093 
-0.7113494027464596 1.2178668132316501 -0.41636047205810256 
-0.7113494027464596 1.2178668132316501 -0.41636047205810256 
-0.7113494027464596 1.2178668132316501 -0.41636047205810256 
-0.7113494027464596 1.2178668132316501 -0.41636047205810256 
-0.7113494027464596 1.2178668132316501 -0.41636047205810256 
-0.7113494027464596 1.2178668132316501 -0.41636047205810256 
-0.7119831893076413 1.2207928697500594 -0.41807742380100577 
-0.7129138353383537 1.2250904708085424 -0.4206104716852005 
-0.7129138353383537 1.2250904708085424 -0.4206104716852005 
-0.7132100562338067 1.22645905117331 -0.42142464896263154 
-0.7132100562338067 1.22645905117331 -0.42142464896263154 
-0.7133827513319879 1.2272573177590957 -0.4219039343496972 
-0.7133827513319879 1.2272573177590957 -0.4219039343496972 
-0.7133827513319879 1.2272573177590957 -0.4219039343496972 
-0.7134937800773613 1.2277704390753834 -0.4222109140293818 
-0.7134937800773613 1.2277704390753834 -0.4222109140293818 
-0.7134937800773613 1.2277704390753834 -0.4222109140293818 
-0.7134937800773613 1.2277704390753834 -0.4222109140293818 
-0.7142763477818254 1.2313843175958077 -0.424341907415435 
-0.7142763477818254 1.2313843175958077 -0.424341907415435 
-0.7147038910074444 1.233357691941062 -0.4254942282267652 
-0.7151999919958375 1.2356497460770375 -0.42685779571747406 
-0.7151999919958375 1.2356497460770375 -0.42685779571747406 
-0.7156837801725398 1.237884425387995 -0.4281817640543367 
-0.7156837801725398 1.237884425387995 -0.4281817640543367 
-0.7157939361808385 1.2383935160417106 -0.4284863626709784 
-0.7157939361808385 1.2383935160417106 -0.4284863626709784 
-0.7163432221065789 1.2409288043595081 -0.4299667673312372 
-0.7163432221065789 1.2409288043595081 -0.4299667673312372 
-0.7163432221065789 1.2409288043595081 -0.4299667673312372 
-0.7166930369141491 1.2425462813674668 -0.4309434161124851 
-0.7166930369141491 1.2425462813674668 -0.4309434161124851 
-0.7166930369141491 1.2425462813674668 -0.4309434161124851 
-0.7166930369141491 1.2425462813674668 -0.4309434161124851 
-0.7166930369141491 1.2425462813674668 -0.4309434161124851 
-0.7166930369141491 1.2425462813674668 -0.4309434161124851 
-0.7173715776243318 1.2456790311484254 -0.4327824692915173 
-0.7173715776243318 1.2456790311484254 -0.4327824692915173 
-0.7183924491558565 1.250394184635456 -0.43557174644126817 
-0.7186515376542945 1.2515904185936346 -0.4362745468158141 
-0.7186515376542945 1.2515904185936346 -0.4362745468158141 
-0.719342621414192 1.25478178623193 -0.4381559472308548 
-0.719342621414192 1.25478178623193 -0.4381559472308548 
-0.7196149558449879 1.2560409175118339 -0.4389152020959096 
-0.7196149558449879 1.2560409175118339 -0.4389152020959096 
-0.7196149558449879 1.2560409175118339 -0.4389152020959096 
-0.7196149558449879 1.2560409175118339 -0.4389152020959096 
-0.7204343709903954 1.259824628410441 -0.44114266207757336 
-0.7204343709903954 1.259824628410441 -0.44114266207757336 
-0.7204343709903954 1.259824628410441 -0.44114266207757336 
-0.7204343709903953 1.259824628410441 -0.441142662077573 
-0.7209655274055236 1.2622777295154213 -0.44259180059419456 
-0.7209655274055236 1.2622777295154213 -0.44259180059419456 
-0.7214162036477728 1.2643598285698638 -0.4438294938085795 
-0.7214162036477728 1.2643598285698638 -0.4438294938085795 
-0.7216531010360877 1.265452885917438 -0.4444636244260102 
-0.7216531010360877 1.265452885917438 -0.4444636244260102 
-0.7216531010360877 1.265452885917438 -0.4444636244260102 
-0.7216531010360877 1.265452885917438 -0.4444636244260102 
-0.7224615583420151 1.2691863333786642 -0.44666525165473503 
-0.7224615583420151 1.2691863333786642 -0.44666525165473503 
-0.7224615583420151 1.2691863333786642 -0.44666525165473514 
-0.7224615583420151 1.2691863333786642 -0.44666525165473514 
-0.7229367869820231 1.27138148119132 -0.44796586725791177 
-0.723424287362382 1.2736329605817125 -0.449295900291354 
-0.723424287362382 1.2736329605817125 -0.449295900291354 
-0.7239488598873807 1.2760556545454218 -0.4507270761730461 
-0.7239488598873807 1.2760556545454218 -0.4507270761730461 
-0.7246068454251415 1.2790948496764396 -0.4525263020766327 
-0.7246068454251415 1.2790948496764396 -0.4525263020766327 
-0.7247553785618934 1.279780837441088 -0.4529315406905917 
-0.7247553785618934 1.279780837441088 -0.4529315406905917 
-0.7255366460778033 1.2833890555703942 -0.4550630500103411 
-0.7255366460778033 1.2833890555703942 -0.4550630500103411 
-0.7255366460778033 1.2833890555703942 -0.4550630500103411 
-0.7258203472919836 1.2846996501204895 -0.455841126937807 
-0.7258203472919836 1.2846996501204895 -0.455841126937807 
-0.7258203472919836 1.2846996501204895 -0.455841126937807 
-0.7259571642494965 1.285329985296594 -0.4561962045724556 
-0.7259571642494965 1.285329985296594 -0.4561962045724556 
-0.7269034866040264 1.2897016932599907 -0.4587921610522395 
-0.7269034866040264 1.2897016932599907 -0.4587921610522395 
-0.7269034866040264 1.2897016932599907 -0.4587921610522395 
-0.7269034866040264 1.2897016932599907 -0.4587921610522395 
-0.7271737165743012 1.2909485296034033 -0.4595152887087822 
-0.7271737165743012 1.2909485296034033 -0.4595152887087822 
-0.7273686212245718 1.2918502226950976 -0.46006523743726013 
-0.7273686212245718 1.2918502226950976 -0.46006523743726013 
-0.7276180801701765 1.2930023277957439 -0.4607458289844878 
-0.7276180801701765 1.2930023277957439 -0.4607458289844878 
-0.7276180801701765 1.2930023277957439 -0.4607458289844878 
-0.7276180801701765 1.2930023277957439 -0.4607458289844878 
-0.7281702788537304 1.295552266422659 -0.4622483133066758 
-0.7281702788537304 1.295552266422659 -0.4622483133066758 
-0.7284534929719071 1.2968595781007601 -0.46301287170402106 
-0.7284534929719071 1.2968595781007601 -0.46301287170402106 
-0.7292183216676976 1.300392219345874 -0.4651035946716148 
-0.7292183216676976 1.300392219345874 -0.4651035946716148 
-0.7294825055057041 1.3016130189602868 -0.46583248611245665 
-0.7294825055057041 1.3016130189602868 -0.46583248611245665 
-0.7299313574482453 1.3036853149601466 -0.46704894934284036 
-0.7299313574482453 1.3036853149601466 -0.46704894934284036 
-0.7301970483443877 1.304912385955331 -0.46777382604610496 
-0.7311648034692815 1.30938188137817 -0.4704141240566325 
-0.7311648034692815 1.30938188137817 -0.4704141240566325 
-0.7314311054492606 1.3106109210497539 -0.4711305982922164 
-0.7319888727904613 1.3131881204552278 -0.4726664714903067 
-0.7321892036377148 1.3141136759972145 -0.47321709148339697 
-0.7321892036377148 1.3141136759972145 -0.47321709148339697 
-0.732805889633083 1.3169610994147556 -0.4748914514527173 
-0.732805889633083 1.3169610994147556 -0.4748914514527173 
-0.7331860871840412 1.3187166653175333 -0.47592467011408046 
-0.733561961513115 1.320453642464909 -0.4769623466560341 
-0.733561961513115 1.320453642464909 -0.4769623466560341 
-0.733561961513115 1.320453642464909 -0.4769623466560341 
-0.733561961513115 1.320453642464909 -0.4769623466560341 
-0.734208479486018 1.3234384979345732 -0.4787140331372767 
