-0.6636549986766855 1.0675935417914133 -0.2862290975970341 
-0.6636565182483233 1.0676002153847988 -0.2862291801997897 
-0.6633996795932748 1.0664150609786827 -0.285540644407403 
-0.6633996795932748 1.0664150609786827 -0.285540644407403 
-0.6642327120003872 1.0702620064720427 -0.28780931916612673 
-0.6642327120003872 1.0702620064720427 -0.28780931916612673 
-0.6642327120003872 1.0702620064720427 -0.28780931916612673 
-0.6642327120003872 1.0702620064720427 -0.28780931916612673 
-0.6646190683876244 1.072046360860794 -0.28886340400054045 
-0.6646190683876244 1.072046360860794 -0.28886340400054045 
-0.66473460818309 1.0725784292585216 -0.2891604317761103 
-0.66473460818309 1.0725784292585216 -0.2891604317761103 
-0.66473460818309 1.0725784292585216 -0.2891604317761103 
-0.66473460818309 1.0725784292585216 -0.2891604317761103 
-0.6655901005464521 1.076530646568406 -0.29150857944681796 
-0.6655901005464521 1.076530646568406 -0.29150857944681796 
-0.6657862732309944 1.0774373424066765 -0.29205191804627906 
-0.6657862732309944 1.0774373424066765 -0.29205191804627906 
-0.6657862732309944 1.0774373424066765 -0.29205191804627906 
-0.6660446886690514 1.0786301234721911 -0.29274881892975546 
-0.6660446886690514 1.0786301234721911 -0.29274881892975546 
-0.6660446886690514 1.0786301234721911 -0.29274881892975546 
-0.6660446886690514 1.0786301234721911 -0.29274881892975546 
-0.6660446886690514 1.0786301234721911 -0.29274881892975546 
-0.6672180535475152 1.0840498990406717 -0.2959582024192361 
-0.6672180535475152 1.0840498990406717 -0.2959582024192361 
-0.6672180535475152 1.0840498990406717 -0.2959582024192361 
-0.6672180535475152 1.0840498990406717 -0.2959582024192361 
-0.6676899419126214 1.0862285868152326 -0.2972375152477299 
-0.6676899419126214 1.0862285868152326 -0.2972375152477299 
-0.6676899419126214 1.0862285868152326 -0.2972375152477299 
-0.668557655953884 1.0902360509308893 -0.2996048740949414 
-0.668557655953884 1.0902360509308893 -0.2996048740949414 
-0.668557655953884 1.0902360509308893 -0.2996048740949414 
-0.668557655953884 1.0902360509308893 -0.2996048740949414 
-0.669160336049439 1.0930194781215385 -0.30124914857755214 
-0.669160336049439 1.0930194781215385 -0.30124914857755214 
-0.669160336049439 1.0930194781215385 -0.30124914857755214 
-0.6696498418986244 1.0952809084406865 -0.30259277947318053 
-0.6696498418986244 1.0952809084406865 -0.30259277947318053 
-0.6696498418986244 1.0952809084406865 -0.30259277947318053 
-0.6696498418986244 1.0952809084406865 -0.30259277947318053 
-0.6701026761553719 1.097372285262957 -0.3038282339351962 
-0.6701026761553719 1.097372285262957 -0.3038282339351962 
-0.6701026761553719 1.097372285262957 -0.3038282339351962 
-0.6701026761553719 1.097372285262957 -0.3038282339351962 
-0.6707114691549984 1.100183255545369 -0.3054810596750217 
-0.6713179282916222 1.1029851691786485 -0.3071478340052197 
-0.6715361805154825 1.1039921154067425 -0.30773109556564504 
-0.6715361805154825 1.1039921154067425 -0.30773109556564504 
-0.6715361805154825 1.1039921154067425 -0.30773109556564504 
-0.6715361805154825 1.1039921154067425 -0.30773109556564504 
-0.6720863761934477 1.106532294178583 -0.30922210867652233 
-0.6720863761934477 1.106532294178583 -0.30922210867652233 
-0.6720863761934477 1.106532294178583 -0.30922210867652233 
-0.6720863761934477 1.106532294178583 -0.30922210867652233 
-0.6720863761934477 1.106532294178583 -0.30922210867652233 
-0.6726268319774544 1.1090298860372922 -0.31071481445941385 
-0.6726268319774544 1.1090298860372922 -0.31071481445941385 
-0.6737183275530536 1.1140708662953143 -0.31369270992348675 
-0.6737183275530536 1.1140708662953143 -0.31369270992348675 
-0.6743423063152678 1.1169530040016367 -0.31539915613569214 
-0.6743423063152678 1.1169530040016367 -0.31539915613569214 
-0.6749076578679494 1.1195633436252308 -0.316933461846026 
-0.6749076578679494 1.1195633436252308 -0.316933461846026 
-0.6749076578679494 1.1195633436252308 -0.316933461846026 
-0.6753427208961316 1.1215726455272175 -0.31812043158477 
-0.6753427208961316 1.1215726455272175 -0.31812043158477 
-0.6753427208961316 1.1215726455272175 -0.31812043158477 
-0.6753427208961316 1.1215726455272175 -0.31812043158477 
-0.6753427208961316 1.1215726455272175 -0.31812043158477 
-0.6761353999288191 1.125233566784302 -0.32028307461207584 
-0.6761353999288191 1.125233566784302 -0.32028307461207584 
-0.6761353999288191 1.125233566784302 -0.32028307461207584 
-0.6761353999288191 1.125233566784302 -0.32028307461207584 
-0.6767154525457137 1.127911802033061 -0.3218574888060499 
-0.6767154525457137 1.127911802033061 -0.3218574888060499 
-0.6767154525457137 1.127911802033061 -0.3218574888060499 
-0.6767154525457137 1.127911802033061 -0.3218574888060499 
-0.677000074826806 1.129227683713188 -0.32265026825377685 
-0.677000074826806 1.129227683713188 -0.32265026825377685 
-0.677000074826806 1.129227683713188 -0.32265026825377685 
-0.677000074826806 1.129227683713188 -0.32265026825377685 
-0.6779634100701418 1.1336760774457058 -0.3252703812304605 
-0.6784403615549253 1.1358784932315278 -0.3265675708204375 
-0.6787244943423845 1.1371910809664116 -0.3273468251966615 
-0.6792970879344457 1.1398348673380791 -0.3289008891512809 
-0.6792970879344457 1.1398348673380791 -0.3289008891512809 
-0.6798945374535215 1.142594826392533 -0.3305390196052471 
-0.6799794998212332 1.1429882436947845 -0.3307829212187131 
-0.6799794998212332 1.1429882436947845 -0.3307829212187131 
-0.6799794998212332 1.1429882436947845 -0.3307829212187131 
-0.6806576158799038 1.1461193841660051 -0.3326249673639916 
-0.6806576158799038 1.1461193841660051 -0.3326249673639916 
-0.6806576158799038 1.1461193841660051 -0.3326249673639916 
-0.6809110165281208 1.1472896936877182 -0.33331631294320185 
-0.6809110165281208 1.1472896936877182 -0.33331631294320185 
-0.6809110165281208 1.1472896936877182 -0.33331631294320185 
-0.6809110165281208 1.1472896936877182 -0.33331631294320185 
-0.6815503049751461 1.1502415046219234 -0.33505233852049277 
-0.6815503049751461 1.1502415046219234 -0.33505233852049277 
-0.6815503049751463 1.1502415046219234 -0.3350523385204931 
-0.6815503049751463 1.1502415046219234 -0.3350523385204931 
-0.6823299897440591 1.1538415594049545 -0.3371694600080456 
-0.682329989744059 1.1538415594049545 -0.33716946000804526 
-0.682329989744059 1.1538415594049545 -0.33716946000804526 
-0.682329989744059 1.1538415594049545 -0.33716946000804526 
-0.6827743163247842 1.155894497805824 -0.3383917728961745 
-0.6827743163247842 1.155894497805824 -0.3383917728961745 
-0.6827743163247842 1.155894497805824 -0.3383917728961745 
-0.6827743163247842 1.155894497805824 -0.3383917728961745 
-0.6834195752460822 1.1588749161320842 -0.34015627714418584 
-0.6834195752460822 1.1588749161320842 -0.34015627714418584 
-0.6834195752460822 1.1588749161320842 -0.34015627714418584 
-0.6838717215313174 1.1609624267758283 -0.3413817282334164 
-0.6838717215313174 1.1609624267758283 -0.3413817282334164 
-0.6838717215313174 1.1609624267758283 -0.3413817282334164 
-0.6843969558020103 1.1633881769562133 -0.34281470953653603 
-0.6847980281645913 1.1652408402559908 -0.3439130067363043 
-0.6847980281645913 1.1652408402559908 -0.3439130067363043 
-0.6850713480056078 1.166502291326882 -0.34464862759695813 
-0.6850713480056078 1.166502291326882 -0.34464862759695813 
-0.6850713480056078 1.166502291326882 -0.34464862759695813 
-0.6850713480056078 1.166502291326882 -0.34464862759695813 
-0.6850713480056078 1.166502291326882 -0.34464862759695813 
-0.6850713480056078 1.166502291326882 -0.34464862759695813 
-0.6852478083669323 1.1673184566056285 -0.3451441921110948 
-0.686192462695087 1.171680064964252 -0.3477073320233798 
-0.686192462695087 1.171680064964252 -0.3477073320233798 
-0.686192462695087 1.171680064964252 -0.3477073320233798 
-0.686192462695087 1.171680064964252 -0.3477073320233798 
-0.6866192386291453 1.1736519471837297 -0.3488817619953797 
-0.6866192386291453 1.1736519471837297 -0.3488817619953797 
-0.6866192386291453 1.1736519471837297 -0.3488817619953797 
-0.6866192386291453 1.1736519471837297 -0.3488817619953797 
-0.6866192386291453 1.1736519471837297 -0.3488817619953797 
-0.6866192386291453 1.1736519471837297 -0.3488817619953797 
-0.6874520808760292 1.1774987032782342 -0.3511580443457365 
-0.6874520808760292 1.1774987032782342 -0.3511580443457365 
-0.6874520808760292 1.1774987032782342 -0.3511580443457365 
-0.6880012153893043 1.1800344902931523 -0.35265216878174854 
-0.6880012153893043 1.1800344902931523 -0.35265216878174854 
-0.6880012153893043 1.1800344902931523 -0.35265216878174854 
-0.6880012153893043 1.1800344902931523 -0.35265216878174854 
-0.6880012153893043 1.1800344902931523 -0.35265216878174854 
-0.688001215389304 1.1800344902931523 -0.35265216878174854 
-0.6889233549428094 1.1842936584668586 -0.35517207836274767 
-0.6889233549428094 1.1842936584668586 -0.35517207836274767 
-0.6891708310489616 1.1854366059907278 -0.35584726018707336 
-0.6891708310489616 1.1854366059907278 -0.35584726018707336 
-0.6891708310489616 1.1854366059907278 -0.35584726018707336 
-0.6895221022528103 1.1870592668391817 -0.356809686341635 
-0.6895221022528103 1.1870592668391817 -0.356809686341635 
-0.6895221022528103 1.1870592668391817 -0.356809686341635 
-0.6895221022528103 1.1870592668391817 -0.356809686341635 
-0.690095603199467 1.1897079325916429 -0.35837435220549085 
-0.690095603199467 1.1897079325916429 -0.35837435220549085 
-0.690095603199467 1.1897079325916429 -0.35837435220549085 
-0.6908492308445056 1.193188498308506 -0.36043045247371963 
-0.6908492308445054 1.193188498308506 -0.3604304524737193 
-0.6908492308445054 1.193188498308506 -0.3604304524737193 
-0.6914198625023182 1.19582356807238 -0.3619832269406077 
-0.6919814523883007 1.1984160256128875 -0.36350126333594424 
-0.6919814523883007 1.1984160256128875 -0.36350126333594424 
-0.6919814523883007 1.1984160256128875 -0.36350126333594424 
-0.6919814523883007 1.1984160256128875 -0.36350126333594424 
-0.6919814523883007 1.1984160256128875 -0.36350126333594424 
-0.6922954904445265 1.1998679262921497 -0.36437624025248294 
-0.6922954904445265 1.1998679262921497 -0.36437624025248294 
-0.6922954904445265 1.1998679262921497 -0.36437624025248294 
-0.6922954904445265 1.1998679262921497 -0.36437624025248294 
-0.6926453946224089 1.201483240386291 -0.36532274718973534 
-0.6926453946224089 1.201483240386291 -0.36532274718973534 
-0.6926453946224089 1.201483240386291 -0.36532274718973534 
-0.6926453946224089 1.201483240386291 -0.36532274718973534 
-0.6932689035973795 1.2043625195797298 -0.3670197852949162 
-0.6932689035973795 1.2043625195797298 -0.3670197852949162 
-0.694216510096127 1.2087396491121898 -0.36961323879808994 
-0.694216510096127 1.2087396491121898 -0.36961323879808994 
-0.694216510096127 1.2087396491121898 -0.36961323879808994 
-0.6944253080078083 1.2097027666742335 -0.370168763165418 
-0.6944253080078083 1.2097027666742335 -0.370168763165418 
-0.6944253080078083 1.2097027666742335 -0.370168763165418 
-0.6944253080078081 1.2097027666742335 -0.370168763165418 
-0.695062501615695 1.2126467895935005 -0.3719213327245192 
-0.695062501615695 1.2126467895935005 -0.3719213327245192 
-0.695062501615695 1.2126467895935005 -0.3719213327245192 
-0.6950625016156949 1.2126467895935005 -0.3719213327245189 
-0.6956706537748318 1.2154551446282216 -0.3735764732780872 
-0.6956706537748318 1.2154551446282216 -0.3735764732780872 
-0.6956706537748318 1.2154551446282216 -0.3735764732780872 
-0.6956706537748318 1.2154551446282216 -0.3735764732780872 
-0.6962268359714063 1.2180241696141718 -0.37509795210259844 
-0.6962268359714063 1.2180241696141718 -0.37509795210259844 
-0.6962268359714063 1.2180241696141718 -0.37509795210259844 
-0.6962268359714063 1.2180241696141718 -0.37509795210259844 
-0.6967898226400084 1.2206246204802846 -0.37663799536918374 
-0.6967898226400084 1.2206246204802846 -0.37663799536918374 
-0.6977520645643714 1.2250679648113385 -0.37925512547568163 
-0.6977520645643714 1.2250679648113385 -0.37925512547568163 
-0.6977520645643714 1.2250679648113385 -0.37925512547568163 
-0.6978682941295713 1.2256039076925294 -0.3795621615300725 
-0.6979736028048322 1.2260902669273777 -0.3798494721096093 
-0.6979736028048322 1.2260902669273777 -0.3798494721096093 
-0.6982465989157136 1.2273522744235255 -0.38060841228660025 
-0.6982465989157135 1.2273522744235255 -0.3806084122865999 
-0.6982465989157135 1.2273522744235255 -0.3806084122865999 
-0.6987830575399918 1.2298305521743937 -0.38208014306563653 
-0.6987830575399918 1.2298305521743937 -0.38208014306563653 
-0.6998047188612336 1.2345476311383152 -0.38485125897501804 
-0.7000155753012287 1.2355217982426394 -0.3854305956350226 
-0.7002341089503258 1.2365314218896981 -0.3860308778001422 
-0.7002341089503257 1.2365314218896981 -0.3860308778001419 
-0.7002341089503257 1.2365314218896981 -0.3860308778001419 
-0.7002341089503257 1.2365314218896981 -0.3860308778001419 
-0.7002341089503257 1.2365314218896981 -0.3860308778001419 
-0.7004599248480576 1.237575359340614 -0.38665906598106925 
-0.7004599248480576 1.237575359340614 -0.38665906598106925 
-0.7011218065585615 1.2406315228440477 -0.3884568204289284 
-0.7011218065585615 1.2406315228440477 -0.3884568204289284 
-0.7011218065585615 1.2406315228440477 -0.3884568204289284 
-0.7011218065585615 1.2406315228440477 -0.3884568204289284 
-0.7015785425797865 1.242739886376296 -0.389690730360546 
-0.7015785425797865 1.242739886376296 -0.389690730360546 
-0.7015785425797865 1.242739886376296 -0.389690730360546 
-0.7015785425797865 1.242739886376296 -0.389690730360546 
-0.7023348350417163 1.2462334481653408 -0.39176222737100586 
-0.7028639973027051 1.248676995017555 -0.39320186209508423 
-0.7028639973027051 1.248676995017555 -0.39320186209508423 
-0.7028639973027051 1.248676995017555 -0.39320186209508423 
-0.7032244616908495 1.2503417693922554 -0.39418530654544426 
-0.7032244616908495 1.2503417693922554 -0.39418530654544426 
-0.7037993022388398 1.2529969664005538 -0.395757690404562 
-0.7037993022388398 1.2529969664005538 -0.395757690404562 
-0.7045408417102758 1.2564213594871017 -0.3977767476620909 
-0.7050430580659783 1.2587411477885206 -0.3991509930608884 
-0.7052182891670944 1.2595492398670283 -0.39961493808042936 
-0.7052182891670944 1.2595492398670283 -0.39961493808042936 
-0.7059094235888494 1.2627416950456 -0.4015065463845785 
-0.7059094235888494 1.2627416950456 -0.4015065463845785 
-0.7059094235888494 1.2627416950456 -0.4015065463845785 
-0.7059094235888494 1.2627416950456 -0.4015065463845785 
-0.7063789458710613 1.2649104885260547 -0.4027915934986309 
-0.7063789458710613 1.2649104885260547 -0.4027915934986309 
-0.7067061010456887 1.2664221159475817 -0.40369228779592226 
-0.7067061010456887 1.2664221159475817 -0.40369228779592226 
-0.7069816742964536 1.2676951721841638 -0.40444818943846006 
-0.7077506611549551 1.2712466731329934 -0.40654619379968293 
-0.7077506611549551 1.2712466731329934 -0.40654619379968293 
-0.7077506611549551 1.2712466731329934 -0.40654619379968293 
-0.7080997453185198 1.2728592258329607 -0.4075025647857492 
-0.7080997453185198 1.2728592258329607 -0.4075025647857492 
-0.7087069624273078 1.275662236643717 -0.409143052998891 
-0.7087069624273078 1.275662236643717 -0.409143052998891 
-0.7095169542160039 1.2794027709841902 -0.41134886671208626 
-0.7095169542160039 1.2794027709841902 -0.41134886671208626 
-0.7099524733191132 1.281414523649823 -0.4125411439468304 
-0.7099524733191132 1.281414523649823 -0.4125411439468304 
-0.7099524733191132 1.281414523649823 -0.4125411439468304 
-0.7102427351205894 1.282755073298956 -0.41333305673267484 
-0.7102427351205894 1.282755073298956 -0.41333305673267484 
-0.7110572892862514 1.2865158250298905 -0.41554124817570115 
-0.7110572892862514 1.2865158250298905 -0.41554124817570115 
-0.7113494027464597 1.2878668132316504 -0.41636047205810234 
-0.7113494027464597 1.2878668132316504 -0.41636047205810234 
-0.7113494027464597 1.2878668132316504 -0.41636047205810234 
-0.7113494027464597 1.2878668132316504 -0.41636047205810234 
-0.7113494027464597 1.2878668132316504 -0.41636047205810234 
-0.7113494027464597 1.2878668132316504 -0.41636047205810234 
-0.7119831893076413 1.2907928697500595 -0.418077423801006 
-0.712913835338354 1.2950904708085427 -0.42061047168520027 
-0.712913835338354 1.2950904708085427 -0.42061047168520027 
-0.7132100562338068 1.29645905117331 -0.42142464896263154 
-0.7132100562338068 1.29645905117331 -0.42142464896263154 
-0.713382751331988 1.297257317759096 -0.42190393434969764 
-0.713382751331988 1.297257317759096 -0.42190393434969764 
-0.713382751331988 1.297257317759096 -0.42190393434969764 
-0.7134937800773615 1.2977704390753835 -0.4222109140293818 
-0.7134937800773615 1.2977704390753835 -0.4222109140293818 
-0.7134937800773615 1.2977704390753835 -0.4222109140293818 
-0.7134937800773615 1.2977704390753835 -0.4222109140293818 
-0.7142763477818257 1.301384317595808 -0.4243419074154352 
-0.7142763477818257 1.301384317595808 -0.4243419074154352 
-0.7147038910074445 1.303357691941062 -0.42549422822676497 
-0.7151999919958376 1.3056497460770373 -0.4268577957174743 
-0.7151999919958376 1.3056497460770373 -0.4268577957174743 
-0.7156837801725399 1.307884425387995 -0.4281817640543363 
-0.7156837801725399 1.307884425387995 -0.4281817640543363 
-0.7157939361808385 1.3083935160417104 -0.4284863626709786 
-0.7157939361808385 1.3083935160417104 -0.4284863626709786 
-0.7163432221065789 1.3109288043595082 -0.42996676733123695 
-0.7163432221065789 1.3109288043595082 -0.42996676733123695 
-0.7163432221065789 1.3109288043595082 -0.42996676733123695 
-0.7166930369141493 1.3125462813674669 -0.4309434161124851 
-0.7166930369141493 1.3125462813674669 -0.4309434161124851 
-0.7166930369141493 1.3125462813674669 -0.4309434161124851 
-0.7166930369141493 1.3125462813674669 -0.4309434161124851 
-0.7166930369141493 1.3125462813674669 -0.4309434161124851 
-0.7166930369141493 1.3125462813674669 -0.4309434161124851 
-0.7173715776243317 1.3156790311484252 -0.4327824692915173 
-0.7173715776243317 1.3156790311484252 -0.4327824692915173 
-0.7183924491558566 1.320394184635456 -0.43557174644126817 
-0.7186515376542946 1.3215904185936347 -0.43627454681581435 
-0.7186515376542946 1.3215904185936347 -0.43627454681581435 
-0.719342621414192 1.32478178623193 -0.43815594723085505 
-0.719342621414192 1.32478178623193 -0.43815594723085505 
-0.7196149558449881 1.3260409175118342 -0.4389152020959096 
-0.7196149558449881 1.3260409175118342 -0.4389152020959096 
-0.7196149558449881 1.3260409175118342 -0.4389152020959096 
-0.7196149558449881 1.3260409175118342 -0.4389152020959096 
-0.7204343709903954 1.3298246284104411 -0.4411426620775729 
-0.7204343709903954 1.3298246284104411 -0.4411426620775729 
-0.7204343709903954 1.3298246284104411 -0.4411426620775729 
-0.7204343709903953 1.3298246284104411 -0.4411426620775726 
-0.7209655274055237 1.3322777295154213 -0.442591800594195 
-0.7209655274055237 1.3322777295154213 -0.442591800594195 
-0.7214162036477729 1.334359828569864 -0.4438294938085795 
-0.7214162036477729 1.334359828569864 -0.4438294938085795 
-0.7216531010360878 1.3354528859174382 -0.44446362442600995 
-0.7216531010360878 1.3354528859174382 -0.44446362442600995 
-0.7216531010360878 1.3354528859174382 -0.44446362442600995 
-0.7216531010360878 1.3354528859174382 -0.44446362442600995 
-0.7224615583420152 1.3391863333786642 -0.44666525165473503 
-0.7224615583420152 1.3391863333786642 -0.44666525165473503 
-0.7224615583420152 1.3391863333786642 -0.44666525165473514 
-0.7224615583420152 1.3391863333786642 -0.44666525165473514 
-0.7229367869820233 1.34138148119132 -0.44796586725791154 
-0.7234242873623818 1.3436329605817123 -0.44929590029135424 
-0.7234242873623818 1.3436329605817123 -0.44929590029135424 
-0.7239488598873808 1.3460556545454219 -0.4507270761730463 
-0.7239488598873808 1.3460556545454219 -0.4507270761730463 
-0.7246068454251416 1.3490948496764399 -0.4525263020766329 
-0.7246068454251416 1.3490948496764399 -0.4525263020766329 
-0.7247553785618935 1.349780837441088 -0.45293154069059194 
-0.7247553785618935 1.349780837441088 -0.45293154069059194 
-0.7255366460778033 1.3533890555703947 -0.4550630500103411 
-0.7255366460778033 1.3533890555703947 -0.4550630500103411 
-0.7255366460778033 1.3533890555703947 -0.4550630500103411 
-0.725820347291984 1.3546996501204902 -0.45584112693780743 
-0.725820347291984 1.3546996501204902 -0.45584112693780743 
-0.725820347291984 1.3546996501204902 -0.45584112693780743 
-0.7259571642494966 1.3553299852965943 -0.45619620457245535 
-0.7259571642494966 1.3553299852965943 -0.45619620457245535 
-0.7269034866040266 1.3597016932599912 -0.4587921610522395 
-0.7269034866040266 1.3597016932599912 -0.4587921610522395 
-0.7269034866040266 1.3597016932599912 -0.4587921610522395 
-0.7269034866040266 1.3597016932599912 -0.4587921610522395 
-0.7271737165743012 1.3609485296034036 -0.45951528870878244 
-0.7271737165743012 1.3609485296034036 -0.45951528870878244 
-0.7273686212245718 1.3618502226950977 -0.4600652374372599 
-0.7273686212245718 1.3618502226950977 -0.4600652374372599 
-0.7276180801701767 1.3630023277957444 -0.46074582898448757 
-0.7276180801701767 1.3630023277957444 -0.46074582898448757 
-0.7276180801701767 1.3630023277957444 -0.46074582898448757 
-0.7276180801701767 1.3630023277957444 -0.46074582898448757 
-0.7281702788537303 1.3655522664226591 -0.46224831330667626 
-0.7281702788537303 1.3655522664226591 -0.46224831330667626 
-0.7284534929719072 1.3668595781007604 -0.4630128717040213 
-0.7284534929719072 1.3668595781007604 -0.4630128717040213 
-0.7292183216676977 1.3703922193458744 -0.465103594671615 
-0.7292183216676977 1.3703922193458744 -0.465103594671615 
-0.7294825055057041 1.371613018960287 -0.46583248611245687 
-0.7294825055057041 1.371613018960287 -0.46583248611245687 
-0.7299313574482453 1.3736853149601465 -0.4670489493428406 
-0.7299313574482453 1.3736853149601465 -0.4670489493428406 
-0.7301970483443878 1.3749123859553314 -0.46777382604610496 
-0.7311648034692817 1.37938188137817 -0.4704141240566325 
-0.7311648034692817 1.37938188137817 -0.4704141240566325 
-0.7314311054492606 1.3806109210497537 -0.47113059829221615 
-0.7319888727904614 1.383188120455228 -0.47266647149030694 
-0.7321892036377148 1.3841136759972148 -0.4732170914833972 
-0.7321892036377148 1.3841136759972148 -0.4732170914833972 
-0.732805889633083 1.3869610994147556 -0.47489145145271705 
-0.732805889633083 1.3869610994147556 -0.47489145145271705 
-0.7331860871840411 1.3887166653175331 -0.4759246701140798 
-0.7335619615131149 1.390453642464909 -0.4769623466560341 
-0.7335619615131149 1.390453642464909 -0.4769623466560341 
-0.7335619615131149 1.390453642464909 -0.4769623466560341 
-0.7335619615131149 1.390453642464909 -0.4769623466560341 
-0.7342084794860181 1.3934384979345737 -0.4787140331372771 
