-0.5536549986766853 1.0675935417914135 -0.2862290975970343 
-0.5536565182483231 1.0676002153847985 -0.2862291801997895 
-0.5533996795932745 1.0664150609786827 -0.2855406444074031 
-0.5533996795932745 1.0664150609786827 -0.2855406444074031 
-0.5542327120003872 1.0702620064720425 -0.28780931916612695 
-0.5542327120003872 1.0702620064720425 -0.28780931916612695 
-0.5542327120003872 1.0702620064720425 -0.28780931916612695 
-0.5542327120003872 1.0702620064720425 -0.28780931916612695 
-0.5546190683876242 1.072046360860794 -0.2888634040005409 
-0.5546190683876242 1.072046360860794 -0.2888634040005409 
-0.55473460818309 1.0725784292585214 -0.2891604317761104 
-0.55473460818309 1.0725784292585214 -0.2891604317761104 
-0.55473460818309 1.0725784292585214 -0.2891604317761104 
-0.55473460818309 1.0725784292585214 -0.2891604317761104 
-0.555590100546452 1.076530646568406 -0.2915085794468183 
-0.555590100546452 1.076530646568406 -0.2915085794468183 
-0.5557862732309942 1.0774373424066768 -0.29205191804627895 
-0.5557862732309942 1.0774373424066768 -0.29205191804627895 
-0.5557862732309942 1.0774373424066768 -0.29205191804627895 
-0.5560446886690512 1.0786301234721911 -0.29274881892975535 
-0.5560446886690512 1.0786301234721911 -0.29274881892975535 
-0.5560446886690512 1.0786301234721911 -0.29274881892975535 
-0.5560446886690512 1.0786301234721911 -0.29274881892975535 
-0.5560446886690512 1.0786301234721911 -0.29274881892975535 
-0.5572180535475151 1.084049899040672 -0.2959582024192363 
-0.5572180535475151 1.084049899040672 -0.2959582024192363 
-0.5572180535475151 1.084049899040672 -0.2959582024192363 
-0.5572180535475151 1.084049899040672 -0.2959582024192363 
-0.5576899419126213 1.086228586815233 -0.2972375152477299 
-0.5576899419126213 1.086228586815233 -0.2972375152477299 
-0.5576899419126213 1.086228586815233 -0.2972375152477299 
-0.5585576559538835 1.090236050930889 -0.2996048740949414 
-0.5585576559538835 1.090236050930889 -0.2996048740949414 
-0.5585576559538835 1.090236050930889 -0.2996048740949414 
-0.5585576559538835 1.090236050930889 -0.2996048740949414 
-0.5591603360494388 1.0930194781215388 -0.30124914857755225 
-0.5591603360494388 1.0930194781215388 -0.30124914857755225 
-0.5591603360494388 1.0930194781215388 -0.30124914857755225 
-0.5596498418986243 1.0952809084406865 -0.3025927794731804 
-0.5596498418986243 1.0952809084406865 -0.3025927794731804 
-0.5596498418986243 1.0952809084406865 -0.3025927794731804 
-0.5596498418986243 1.0952809084406865 -0.3025927794731804 
-0.5601026761553717 1.0973722852629568 -0.3038282339351961 
-0.5601026761553717 1.0973722852629568 -0.3038282339351961 
-0.5601026761553717 1.0973722852629568 -0.3038282339351961 
-0.5601026761553717 1.0973722852629568 -0.3038282339351961 
-0.5607114691549984 1.1001832555453692 -0.30548105967502204 
-0.5613179282916219 1.1029851691786483 -0.3071478340052195 
-0.5615361805154823 1.1039921154067425 -0.30773109556564515 
-0.5615361805154823 1.1039921154067425 -0.30773109556564515 
-0.5615361805154823 1.1039921154067425 -0.30773109556564515 
-0.5615361805154823 1.1039921154067425 -0.30773109556564515 
-0.5620863761934474 1.106532294178583 -0.3092221086765222 
-0.5620863761934474 1.106532294178583 -0.3092221086765222 
-0.5620863761934474 1.106532294178583 -0.3092221086765222 
-0.5620863761934474 1.106532294178583 -0.3092221086765222 
-0.5620863761934474 1.106532294178583 -0.3092221086765222 
-0.5626268319774543 1.1090298860372925 -0.31071481445941407 
-0.5626268319774543 1.1090298860372925 -0.31071481445941407 
-0.5637183275530535 1.1140708662953143 -0.31369270992348663 
-0.5637183275530535 1.1140708662953143 -0.31369270992348663 
-0.5643423063152677 1.1169530040016367 -0.315399156135692 
-0.5643423063152677 1.1169530040016367 -0.315399156135692 
-0.5649076578679493 1.1195633436252308 -0.3169334618460261 
-0.5649076578679493 1.1195633436252308 -0.3169334618460261 
-0.5649076578679493 1.1195633436252308 -0.3169334618460261 
-0.5653427208961315 1.1215726455272177 -0.31812043158477 
-0.5653427208961315 1.1215726455272177 -0.31812043158477 
-0.5653427208961315 1.1215726455272177 -0.31812043158477 
-0.5653427208961315 1.1215726455272177 -0.31812043158477 
-0.5653427208961315 1.1215726455272177 -0.31812043158477 
-0.5661353999288189 1.1252335667843023 -0.32028307461207595 
-0.5661353999288189 1.1252335667843023 -0.32028307461207595 
-0.5661353999288189 1.1252335667843023 -0.32028307461207595 
-0.5661353999288189 1.1252335667843023 -0.32028307461207595 
-0.5667154525457135 1.1279118020330612 -0.3218574888060498 
-0.5667154525457135 1.1279118020330612 -0.3218574888060498 
-0.5667154525457135 1.1279118020330612 -0.3218574888060498 
-0.5667154525457135 1.1279118020330612 -0.3218574888060498 
-0.5670000748268058 1.1292276837131883 -0.32265026825377674 
-0.5670000748268058 1.1292276837131883 -0.32265026825377674 
-0.5670000748268058 1.1292276837131883 -0.32265026825377674 
-0.5670000748268058 1.1292276837131883 -0.32265026825377674 
-0.5679634100701415 1.133676077445706 -0.3252703812304605 
-0.5684403615549252 1.1358784932315278 -0.32656757082043797 
-0.5687244943423844 1.1371910809664116 -0.3273468251966616 
-0.5692970879344454 1.1398348673380791 -0.3289008891512809 
-0.5692970879344454 1.1398348673380791 -0.3289008891512809 
-0.5698945374535213 1.142594826392533 -0.33053901960524734 
-0.5699794998212329 1.1429882436947845 -0.3307829212187132 
-0.5699794998212329 1.1429882436947845 -0.3307829212187132 
-0.5699794998212329 1.1429882436947845 -0.3307829212187132 
-0.5706576158799037 1.1461193841660053 -0.33262496736399183 
-0.5706576158799037 1.1461193841660053 -0.33262496736399183 
-0.5706576158799037 1.1461193841660053 -0.33262496736399183 
-0.5709110165281206 1.147289693687718 -0.33331631294320174 
-0.5709110165281206 1.147289693687718 -0.33331631294320174 
-0.5709110165281206 1.147289693687718 -0.33331631294320174 
-0.5709110165281206 1.147289693687718 -0.33331631294320174 
-0.5715503049751459 1.1502415046219234 -0.3350523385204929 
-0.5715503049751459 1.1502415046219234 -0.3350523385204929 
-0.571550304975146 1.1502415046219234 -0.3350523385204932 
-0.571550304975146 1.1502415046219234 -0.3350523385204932 
-0.571550304975146 1.1502415046219234 -0.3350523385204932 
-0.5723299897440588 1.1538415594049545 -0.3371694600080454 
-0.5723299897440588 1.1538415594049545 -0.3371694600080454 
-0.5723299897440588 1.1538415594049545 -0.3371694600080454 
-0.5727743163247841 1.1558944978058243 -0.3383917728961743 
-0.5727743163247841 1.1558944978058243 -0.3383917728961743 
-0.5727743163247841 1.1558944978058243 -0.3383917728961743 
-0.5727743163247841 1.1558944978058243 -0.3383917728961743 
-0.573419575246082 1.1588749161320842 -0.34015627714418584 
-0.573419575246082 1.1588749161320842 -0.34015627714418584 
-0.573419575246082 1.1588749161320842 -0.34015627714418584 
-0.5738717215313172 1.160962426775828 -0.3413817282334164 
-0.5738717215313172 1.160962426775828 -0.3413817282334164 
-0.5738717215313172 1.160962426775828 -0.3413817282334164 
-0.57439695580201 1.163388176956213 -0.3428147095365358 
-0.5747980281645912 1.1652408402559906 -0.34391300673630454 
-0.5747980281645912 1.1652408402559906 -0.34391300673630454 
-0.5750713480056076 1.166502291326882 -0.34464862759695813 
-0.5750713480056076 1.166502291326882 -0.34464862759695813 
-0.5750713480056076 1.166502291326882 -0.34464862759695813 
-0.5750713480056076 1.166502291326882 -0.34464862759695813 
-0.5750713480056076 1.166502291326882 -0.34464862759695813 
-0.5750713480056076 1.166502291326882 -0.34464862759695813 
-0.5752478083669321 1.1673184566056285 -0.34514419211109504 
-0.5761924626950868 1.1716800649642518 -0.34770733202338 
-0.5761924626950868 1.1716800649642518 -0.34770733202338 
-0.5761924626950868 1.1716800649642518 -0.34770733202338 
-0.5761924626950868 1.1716800649642518 -0.34770733202338 
-0.5766192386291451 1.1736519471837294 -0.34888176199538 
-0.5766192386291451 1.1736519471837294 -0.34888176199538 
-0.5766192386291451 1.1736519471837294 -0.34888176199538 
-0.5766192386291451 1.1736519471837294 -0.34888176199538 
-0.5766192386291451 1.1736519471837294 -0.34888176199538 
-0.5766192386291451 1.1736519471837294 -0.34888176199538 
-0.5774520808760291 1.1774987032782342 -0.3511580443457366 
-0.5774520808760291 1.1774987032782342 -0.3511580443457366 
-0.5774520808760291 1.1774987032782342 -0.3511580443457366 
-0.5780012153893042 1.180034490293152 -0.35265216878174865 
-0.5780012153893042 1.180034490293152 -0.35265216878174865 
-0.5780012153893042 1.180034490293152 -0.35265216878174865 
-0.5780012153893042 1.180034490293152 -0.35265216878174865 
-0.5780012153893042 1.180034490293152 -0.35265216878174865 
-0.5780012153893039 1.180034490293152 -0.35265216878174865 
-0.5789233549428092 1.1842936584668586 -0.35517207836274756 
-0.5789233549428092 1.1842936584668586 -0.35517207836274756 
-0.5791708310489614 1.1854366059907273 -0.35584726018707336 
-0.5791708310489614 1.1854366059907273 -0.35584726018707336 
-0.5791708310489614 1.1854366059907273 -0.35584726018707336 
-0.5795221022528102 1.1870592668391817 -0.35680968634163523 
-0.5795221022528102 1.1870592668391817 -0.35680968634163523 
-0.5795221022528102 1.1870592668391817 -0.35680968634163523 
-0.5795221022528102 1.1870592668391817 -0.35680968634163523 
-0.5800956031994667 1.1897079325916426 -0.3583743522054912 
-0.5800956031994667 1.1897079325916426 -0.3583743522054912 
-0.5800956031994667 1.1897079325916426 -0.3583743522054912 
-0.5808492308445052 1.193188498308506 -0.36043045247371985 
-0.5808492308445052 1.193188498308506 -0.3604304524737195 
-0.5808492308445052 1.193188498308506 -0.3604304524737195 
-0.5814198625023181 1.19582356807238 -0.3619832269406077 
-0.5819814523883005 1.1984160256128875 -0.36350126333594435 
-0.5819814523883005 1.1984160256128875 -0.36350126333594435 
-0.5819814523883005 1.1984160256128875 -0.36350126333594435 
-0.5819814523883005 1.1984160256128875 -0.36350126333594435 
-0.5819814523883005 1.1984160256128875 -0.36350126333594435 
-0.5822954904445263 1.1998679262921497 -0.36437624025248316 
-0.5822954904445263 1.1998679262921497 -0.36437624025248316 
-0.5822954904445263 1.1998679262921497 -0.36437624025248316 
-0.5822954904445263 1.1998679262921497 -0.36437624025248316 
-0.5826453946224085 1.2014832403862905 -0.36532274718973545 
-0.5826453946224085 1.2014832403862905 -0.36532274718973545 
-0.5826453946224085 1.2014832403862905 -0.36532274718973545 
-0.5826453946224085 1.2014832403862905 -0.36532274718973545 
-0.5832689035973793 1.2043625195797296 -0.3670197852949163 
-0.5832689035973793 1.2043625195797296 -0.3670197852949163 
-0.5842165100961267 1.2087396491121898 -0.36961323879808994 
-0.5842165100961267 1.2087396491121898 -0.36961323879808994 
-0.5842165100961267 1.2087396491121898 -0.36961323879808994 
-0.584425308007808 1.2097027666742333 -0.37016876316541814 
-0.584425308007808 1.2097027666742333 -0.37016876316541814 
-0.584425308007808 1.2097027666742333 -0.37016876316541814 
-0.5844253080078078 1.2097027666742333 -0.37016876316541814 
-0.5850625016156947 1.2126467895935007 -0.37192133272451944 
-0.5850625016156947 1.2126467895935007 -0.37192133272451944 
-0.5850625016156947 1.2126467895935007 -0.37192133272451944 
-0.5850625016156946 1.2126467895935007 -0.3719213327245191 
-0.5856706537748315 1.2154551446282218 -0.3735764732780872 
-0.5856706537748315 1.2154551446282218 -0.3735764732780872 
-0.5856706537748315 1.2154551446282218 -0.3735764732780872 
-0.5856706537748315 1.2154551446282218 -0.3735764732780872 
-0.5862268359714061 1.218024169614172 -0.3750979521025989 
-0.5862268359714061 1.218024169614172 -0.3750979521025989 
-0.5862268359714061 1.218024169614172 -0.3750979521025989 
-0.5862268359714061 1.218024169614172 -0.3750979521025989 
-0.5867898226400081 1.2206246204802844 -0.3766379953691833 
-0.5867898226400081 1.2206246204802844 -0.3766379953691833 
-0.5877520645643712 1.2250679648113385 -0.37925512547568163 
-0.5877520645643712 1.2250679648113385 -0.37925512547568163 
-0.5877520645643712 1.2250679648113385 -0.37925512547568163 
-0.5878682941295709 1.2256039076925291 -0.3795621615300727 
-0.587973602804832 1.2260902669273777 -0.37984947210960973 
-0.587973602804832 1.2260902669273777 -0.37984947210960973 
-0.5882465989157133 1.2273522744235255 -0.3806084122866005 
-0.5882465989157132 1.2273522744235255 -0.38060841228660014 
-0.5882465989157132 1.2273522744235255 -0.38060841228660014 
-0.5887830575399916 1.2298305521743935 -0.38208014306563676 
-0.5887830575399916 1.2298305521743935 -0.38208014306563676 
-0.5898047188612332 1.2345476311383148 -0.38485125897501826 
-0.5900155753012284 1.2355217982426394 -0.3854305956350228 
-0.5902341089503256 1.2365314218896981 -0.3860308778001422 
-0.5902341089503255 1.2365314218896981 -0.3860308778001419 
-0.5902341089503255 1.2365314218896981 -0.3860308778001419 
-0.5902341089503255 1.2365314218896981 -0.3860308778001419 
-0.5902341089503255 1.2365314218896981 -0.3860308778001419 
-0.5904599248480573 1.237575359340614 -0.38665906598106925 
-0.5904599248480573 1.237575359340614 -0.38665906598106925 
-0.5911218065585613 1.2406315228440477 -0.3884568204289286 
-0.5911218065585613 1.2406315228440477 -0.3884568204289286 
-0.5911218065585613 1.2406315228440477 -0.3884568204289286 
-0.5911218065585613 1.2406315228440477 -0.3884568204289286 
-0.5915785425797861 1.242739886376296 -0.3896907303605458 
-0.5915785425797861 1.242739886376296 -0.3896907303605458 
-0.5915785425797861 1.242739886376296 -0.3896907303605458 
-0.5915785425797861 1.242739886376296 -0.3896907303605458 
-0.5923348350417161 1.246233448165341 -0.3917622273710061 
-0.5928639973027048 1.248676995017555 -0.39320186209508445 
-0.5928639973027048 1.248676995017555 -0.39320186209508445 
-0.5928639973027048 1.248676995017555 -0.39320186209508445 
-0.5932244616908493 1.2503417693922554 -0.39418530654544404 
-0.5932244616908493 1.2503417693922554 -0.39418530654544404 
-0.5937993022388397 1.2529969664005538 -0.395757690404562 
-0.5937993022388397 1.2529969664005538 -0.395757690404562 
-0.5945408417102755 1.2564213594871019 -0.3977767476620905 
-0.5950430580659782 1.2587411477885206 -0.39915099306088797 
-0.5952182891670941 1.2595492398670283 -0.39961493808042936 
-0.5952182891670941 1.2595492398670283 -0.39961493808042936 
-0.5959094235888491 1.2627416950455999 -0.4015065463845783 
-0.5959094235888491 1.2627416950455999 -0.4015065463845783 
-0.5959094235888491 1.2627416950455999 -0.4015065463845783 
-0.5959094235888491 1.2627416950455999 -0.4015065463845783 
-0.5963789458710611 1.2649104885260547 -0.40279159349863114 
-0.5963789458710611 1.2649104885260547 -0.40279159349863114 
-0.5967061010456883 1.2664221159475815 -0.40369228779592203 
-0.5967061010456883 1.2664221159475815 -0.40369228779592203 
-0.5969816742964535 1.2676951721841636 -0.40444818943845984 
-0.5977506611549549 1.2712466731329934 -0.4065461937996827 
-0.5977506611549549 1.2712466731329934 -0.4065461937996827 
-0.5977506611549549 1.2712466731329934 -0.4065461937996827 
-0.5980997453185196 1.2728592258329607 -0.4075025647857494 
-0.5980997453185196 1.2728592258329607 -0.4075025647857494 
-0.5987069624273076 1.275662236643717 -0.40914305299889075 
-0.5987069624273076 1.275662236643717 -0.40914305299889075 
-0.5995169542160037 1.2794027709841902 -0.4113488667120858 
-0.5995169542160037 1.2794027709841902 -0.4113488667120858 
-0.5999524733191128 1.2814145236498227 -0.4125411439468304 
-0.5999524733191128 1.2814145236498227 -0.4125411439468304 
-0.5999524733191128 1.2814145236498227 -0.4125411439468304 
-0.6002427351205891 1.282755073298956 -0.41333305673267506 
-0.6002427351205891 1.282755073298956 -0.41333305673267506 
-0.6010572892862511 1.2865158250298905 -0.4155412481757007 
-0.6010572892862511 1.2865158250298905 -0.4155412481757007 
-0.6013494027464596 1.2878668132316506 -0.41636047205810256 
-0.6013494027464596 1.2878668132316506 -0.41636047205810256 
-0.6013494027464596 1.2878668132316506 -0.41636047205810256 
-0.6013494027464596 1.2878668132316506 -0.41636047205810256 
-0.6013494027464596 1.2878668132316506 -0.41636047205810256 
-0.6013494027464596 1.2878668132316506 -0.41636047205810256 
-0.601983189307641 1.2907928697500597 -0.418077423801006 
-0.6029138353383535 1.2950904708085424 -0.42061047168520027 
-0.6029138353383535 1.2950904708085424 -0.42061047168520027 
-0.6032100562338066 1.2964590511733096 -0.42142464896263176 
-0.6032100562338066 1.2964590511733096 -0.42142464896263176 
-0.6033827513319878 1.297257317759096 -0.42190393434969764 
-0.6033827513319878 1.297257317759096 -0.42190393434969764 
-0.6033827513319878 1.297257317759096 -0.42190393434969764 
-0.6034937800773612 1.2977704390753835 -0.4222109140293818 
-0.6034937800773612 1.2977704390753835 -0.4222109140293818 
-0.6034937800773612 1.2977704390753835 -0.4222109140293818 
-0.6034937800773612 1.2977704390753835 -0.4222109140293818 
-0.6042763477818254 1.301384317595808 -0.424341907415435 
-0.6042763477818254 1.301384317595808 -0.424341907415435 
-0.6047038910074441 1.3033576919410619 -0.4254942282267652 
-0.6051999919958373 1.3056497460770373 -0.42685779571747406 
-0.6051999919958373 1.3056497460770373 -0.42685779571747406 
-0.6056837801725395 1.307884425387995 -0.4281817640543365 
-0.6056837801725395 1.307884425387995 -0.4281817640543365 
-0.6057939361808383 1.3083935160417104 -0.4284863626709784 
-0.6057939361808383 1.3083935160417104 -0.4284863626709784 
-0.6063432221065788 1.3109288043595084 -0.4299667673312372 
-0.6063432221065788 1.3109288043595084 -0.4299667673312372 
-0.6063432221065788 1.3109288043595084 -0.4299667673312372 
-0.6066930369141491 1.312546281367467 -0.4309434161124853 
-0.6066930369141491 1.312546281367467 -0.4309434161124853 
-0.6066930369141491 1.312546281367467 -0.4309434161124853 
-0.6066930369141491 1.312546281367467 -0.4309434161124853 
-0.6066930369141491 1.312546281367467 -0.4309434161124853 
-0.6066930369141491 1.312546281367467 -0.4309434161124853 
-0.6073715776243316 1.3156790311484252 -0.43278246929151687 
-0.6073715776243316 1.3156790311484252 -0.43278246929151687 
-0.6083924491558563 1.3203941846354563 -0.43557174644126817 
-0.6086515376542943 1.321590418593635 -0.43627454681581435 
-0.6086515376542943 1.321590418593635 -0.43627454681581435 
-0.6093426214141916 1.3247817862319298 -0.43815594723085505 
-0.6093426214141916 1.3247817862319298 -0.43815594723085505 
-0.6096149558449879 1.326040917511834 -0.4389152020959094 
-0.6096149558449879 1.326040917511834 -0.4389152020959094 
-0.6096149558449879 1.326040917511834 -0.4389152020959094 
-0.6096149558449879 1.326040917511834 -0.4389152020959094 
-0.6104343709903953 1.329824628410441 -0.44114266207757313 
-0.6104343709903953 1.329824628410441 -0.44114266207757313 
-0.6104343709903953 1.329824628410441 -0.44114266207757313 
-0.6104343709903952 1.329824628410441 -0.4411426620775728 
-0.6109655274055235 1.3322777295154213 -0.442591800594195 
-0.6109655274055235 1.3322777295154213 -0.442591800594195 
-0.6114162036477727 1.334359828569864 -0.4438294938085795 
-0.6114162036477727 1.334359828569864 -0.4438294938085795 
-0.6116531010360875 1.3354528859174382 -0.4444636244260102 
-0.6116531010360875 1.3354528859174382 -0.4444636244260102 
-0.6116531010360875 1.3354528859174382 -0.4444636244260102 
-0.6116531010360875 1.3354528859174382 -0.4444636244260102 
-0.612461558342015 1.3391863333786642 -0.44666525165473436 
-0.612461558342015 1.3391863333786642 -0.44666525165473436 
-0.612461558342015 1.3391863333786642 -0.4466652516547345 
-0.612461558342015 1.3391863333786642 -0.4466652516547345 
-0.612936786982023 1.3413814811913203 -0.4479658672579113 
-0.6134242873623817 1.3436329605817126 -0.44929590029135447 
-0.6134242873623817 1.3436329605817126 -0.44929590029135447 
-0.6139488598873806 1.346055654545422 -0.4507270761730465 
-0.6139488598873806 1.346055654545422 -0.4507270761730465 
-0.6146068454251412 1.3490948496764397 -0.4525263020766329 
-0.6146068454251412 1.3490948496764397 -0.4525263020766329 
-0.6147553785618932 1.3497808374410878 -0.45293154069059194 
-0.6147553785618932 1.3497808374410878 -0.45293154069059194 
-0.6155366460778031 1.3533890555703945 -0.4550630500103413 
-0.6155366460778031 1.3533890555703945 -0.4550630500103413 
-0.6155366460778031 1.3533890555703945 -0.4550630500103413 
-0.6158203472919835 1.3546996501204898 -0.4558411269378072 
-0.6158203472919835 1.3546996501204898 -0.4558411269378072 
-0.6158203472919835 1.3546996501204898 -0.4558411269378072 
-0.6159571642494964 1.3553299852965945 -0.4561962045724558 
-0.6159571642494964 1.3553299852965945 -0.4561962045724558 
-0.6169034866040263 1.3597016932599908 -0.4587921610522395 
-0.6169034866040263 1.3597016932599908 -0.4587921610522395 
-0.6169034866040263 1.3597016932599908 -0.4587921610522395 
-0.6169034866040263 1.3597016932599908 -0.4587921610522395 
-0.6171737165743011 1.3609485296034034 -0.45951528870878244 
-0.6171737165743011 1.3609485296034034 -0.45951528870878244 
-0.6173686212245715 1.3618502226950977 -0.46006523743726035 
-0.6173686212245715 1.3618502226950977 -0.46006523743726035 
-0.6176180801701763 1.363002327795744 -0.4607458289844871 
-0.6176180801701763 1.363002327795744 -0.4607458289844871 
-0.6176180801701763 1.363002327795744 -0.4607458289844871 
-0.6176180801701763 1.363002327795744 -0.4607458289844871 
-0.61817027885373 1.3655522664226587 -0.46224831330667626 
-0.61817027885373 1.3655522664226587 -0.46224831330667626 
-0.618453492971907 1.3668595781007604 -0.46301287170402106 
-0.618453492971907 1.3668595781007604 -0.46301287170402106 
-0.6192183216676975 1.370392219345874 -0.4651035946716152 
-0.6192183216676975 1.370392219345874 -0.4651035946716152 
-0.619482505505704 1.3716130189602869 -0.46583248611245687 
-0.619482505505704 1.3716130189602869 -0.46583248611245687 
-0.6199313574482452 1.3736853149601467 -0.4670489493428406 
-0.6199313574482452 1.3736853149601467 -0.4670489493428406 
-0.6201970483443875 1.3749123859553316 -0.46777382604610496 
-0.6211648034692816 1.3793818813781702 -0.4704141240566323 
-0.6211648034692816 1.3793818813781702 -0.4704141240566323 
-0.6214311054492604 1.3806109210497537 -0.4711305982922164 
-0.6219888727904612 1.3831881204552279 -0.4726664714903065 
-0.6221892036377147 1.3841136759972146 -0.4732170914833974 
-0.6221892036377147 1.3841136759972146 -0.4732170914833974 
-0.6228058896330829 1.3869610994147556 -0.4748914514527173 
-0.6228058896330829 1.3869610994147556 -0.4748914514527173 
-0.623186087184041 1.3887166653175333 -0.4759246701140807 
-0.6235619615131147 1.390453642464909 -0.4769623466560341 
-0.6235619615131147 1.390453642464909 -0.4769623466560341 
-0.6235619615131147 1.390453642464909 -0.4769623466560341 
-0.6235619615131147 1.390453642464909 -0.4769623466560341 
-0.6242084794860179 1.3934384979345737 -0.4787140331372771 
