-0.8947995641437605 0.893387869816474 -0.24486165335659915 
-0.8938136539832272 0.8981777247426095 -0.24743885029410106 
-0.8934766839381479 0.8997079297727595 -0.24826071571548125 
-0.8923371740246808 0.9046761813359503 -0.25091775485958956 
-0.8911882488712506 0.909246373860872 -0.25336068315019 
-0.8911882488712506 0.909246373860872 -0.25336068315019 
-0.889376098618783 0.9158932814137494 -0.2568879133290233 
-0.8877022668675664 0.9215689951554357 -0.2598842416710385 
-0.8869315518419703 0.9240194338619101 -0.26117584692353923 
-0.8846862422136567 0.9307847131429103 -0.2647205265153928 
-0.8842990962319741 0.9319147216521273 -0.2652969219046073 
-0.881843692292316 0.9386338251807159 -0.2687916839606651 
-0.8798199362450119 0.9438332322028004 -0.271476333313559 
-0.8793045981778597 0.9451268700340468 -0.2721505735181481 
-0.8765293981912634 0.9517701116450784 -0.27554391954983404 
-0.8739869368621579 0.957442003546154 -0.27843721591324744 
-0.87246111948152 0.9607227951856505 -0.280094847858548 
-0.8693707444422649 0.9670560514117994 -0.2832939553020868 
-0.8665869609178657 0.9724436417541562 -0.28598562173585385 
-0.8652607892824726 0.9749418496116978 -0.2872417614281536 
-0.8620111638253452 0.980795952602732 -0.2901451980476556 
-0.8588533303276105 0.9862527225497941 -0.29283188772888735 
-0.8558815161792979 0.991131037910677 -0.2952228312941847 
-0.8556615841631985 0.9914767759947903 -0.29539086539746917 
-0.8522614813855953 0.996833131545835 -0.2979853501500658 
-0.849539709198857 1.00093489329292 -0.299970851656307 
-0.8454635750661259 1.006865559060854 -0.3028159743396551 
-0.8440253398820561 1.0088765842707805 -0.30378157748429147 
-0.8440253398820561 1.0088765842707805 -0.30378157748429147 
-0.8398791741954935 1.014542208684955 -0.30646857895927204 
-0.8398791741954935 1.014542208684955 -0.30646857895927204 
-0.8350811602989006 1.0207919386937079 -0.309387632393062 
-0.8328831861106615 1.0235538885439919 -0.3106796873895503 
-0.8283833082069143 1.0290174309944513 -0.3132150490849436 
-0.8263481106472395 1.031399191685409 -0.31430874639551054 
-0.8211088443201152 1.037374556947501 -0.3170362379332332 
-0.820271586436608 1.0383107727626868 -0.31746156843328677 
-0.8129560546800358 1.046137877417414 -0.32098257629049054 
-0.8117851698556592 1.0473476221518303 -0.3215251104369432 
-0.8091178620614963 1.0500498766216033 -0.32272197967320027 
-0.8023192250538881 1.056704438021804 -0.325637252840036 
-0.7981412190071422 1.0606227425957047 -0.32732107000992516 
-0.7954684229461396 1.0630542339891003 -0.3283606481068242 
-0.7893992273365976 1.0683948308445634 -0.330653262670873 
-0.789243037547426 1.068540270146492 -0.3307083909751455 
-0.7805487136247036 1.0757977563646695 -0.33372131075046463 
-0.7768615241187523 1.0787300156007658 -0.3349362209687714 
-0.7715952786447654 1.08280139640378 -0.3365727444633576 
-0.766242987367755 1.0867795417963273 -0.33815964353084105 
-0.7637940722223379 1.088541859740011 -0.3388569473560489 
-0.7576107242391317 1.0928740436740325 -0.3405589188288939 
-0.7576107242391317 1.0928740436740325 -0.3405589188288939 
-0.7556482236551851 1.0942204620170215 -0.3410600565675366 
-0.7556482236551851 1.0942204620170215 -0.3410600565675366 
-0.7493304253988081 1.0983989047547602 -0.34265104652791833 
-0.7493304253988081 1.0983989047547602 -0.34265104652791833 
-0.7447704420180927 1.101329664753691 -0.3437269697402855 
-0.7447704420180927 1.101329664753691 -0.3437269697402855 
-0.7395857305166957 1.104507600016084 -0.3449004290502793 
-0.7395857305166957 1.104507600016084 -0.3449004290502793 
-0.7369745012391912 1.1060741822103035 -0.34545963854605033 
-0.7369745012391912 1.1060741822103035 -0.34545963854605033 
-0.7302013874297512 1.1100153386517768 -0.3468550438836555 
-0.7302013874297512 1.1100153386517768 -0.3468550438836555 
-0.7265909951170532 1.1120447834352685 -0.3475565311964608 
-0.7265909951170532 1.1120447834352685 -0.3475565311964608 
-0.7265909951170532 1.1120447834352685 -0.3475565311964608 
-0.7212102156195307 1.1149540252424146 -0.34852724815874747 
-0.7186981071444317 1.1162776080605588 -0.34897508630320284 
-0.7169503232577029 1.117181953953836 -0.3492744819650979 
-0.7146162108730503 1.1183835735770973 -0.3496579662686231 
-0.7146162108730503 1.1183835735770973 -0.3496579662686231 
-0.7116833441204972 1.1198605350275594 -0.3501251814073446 
-0.7043859094823633 1.123395091617085 -0.3512190763163734 
-0.7010093962377018 1.1249740882400197 -0.351699040097185 
-0.6984107806943359 1.1261530119545509 -0.35205077719729916 
-0.6972033790912585 1.1266850965623219 -0.35220266256141775 
-0.6905586923877559 1.1295874991401273 -0.35301816575912914 
-0.6905586923877559 1.1295874991401273 -0.35301816575912914 
-0.6905586923877559 1.1295874991401273 -0.35301816575912914 
-0.6865016927617855 1.1312849842924477 -0.3534833353850335 
-0.6865016927617855 1.1312849842924477 -0.3534833353850335 
-0.6820159123719378 1.133107354474571 -0.3539508223694653 
-0.6820159123719378 1.133107354474571 -0.3539508223694653 
-0.6777110362254074 1.134793812940496 -0.35437739450417216 
-0.6754414860394273 1.135649457857633 -0.35457749852863185 
-0.6754414860394273 1.135649457857633 -0.35457749852863185 
-0.6717210158998898 1.137027259745068 -0.354901717854345 
-0.6717210158998898 1.137027259745068 -0.354901717854345 
-0.6671581041984139 1.1386680556716147 -0.35528051189735266 
-0.6654920293941672 1.1392529438190575 -0.35539231383978254 
-0.6654920293941672 1.1392529438190575 -0.35539231383978254 
-0.6623582123624955 1.1403171355654589 -0.35562133396763707 
-0.6590102415311979 1.141437909700836 -0.3558385638300461 
-0.6590102415311979 1.141437909700836 -0.3558385638300461 
-0.6554376695903823 1.1425910378022628 -0.3560406585882987 
-0.651217665716132 1.1438972964782774 -0.35626510264010003 
-0.6510096585269927 1.143968225574303 -0.35627957059777293 
-0.6472004693931341 1.1451099287275879 -0.35645002924540703 
-0.6455004292850691 1.1455970523605048 -0.3565218511339412 
-0.6444395733601339 1.14590612934227 -0.356556254663318 
-0.6393298829894508 1.1473276640922303 -0.356740334241617 
-0.638903812168479 1.147445642404991 -0.3567487601662672 
-0.6341998883876853 1.148681635028638 -0.3568741326229874 
-0.6335594837535047 1.1488511282171945 -0.3568911004283619 
-0.6294845889676527 1.1498719335465681 -0.35696072364177256 
-0.6286267639272027 1.150084743557517 -0.3569754261111411 
-0.6247513216773122 1.1509963039334767 -0.35700984965836724 
-0.6238868191241967 1.1511869193467812 -0.35702088324641257 
-0.6238868191241967 1.1511869193467812 -0.35702088324641257 
-0.6163272930223374 1.1528440013462748 -0.3570273003374589 
-0.6163272930223374 1.1528440013462748 -0.3570273003374589 
-0.6135119190796516 1.1534238130592278 -0.35700282713470954 
-0.6135119190796516 1.1534238130592278 -0.35700282713470954 
-0.6054763511975647 1.154955682299461 -0.3568975523395499 
-0.6035174133501964 1.1553052951643525 -0.3568329209666604 
-0.6035174133501964 1.1553052951643525 -0.3568329209666604 
-0.6035174133501964 1.1553052951643525 -0.3568329209666604 
-0.6000318672437852 1.155902236851151 -0.3567512809280946 
-0.5915132741133451 1.1572154942555937 -0.35644014349972863 
-0.5915132741133451 1.1572154942555937 -0.35644014349972863 
-0.584727209037736 1.1581310132861942 -0.3561232064597952 
-0.5829729637722265 1.1583442355091627 -0.3560377213848894 
-0.5788068211795314 1.1588304415802813 -0.3557964837956945 
-0.5777093271391843 1.1589486167931635 -0.35572836446500267 
-0.5777093271391843 1.1589486167931635 -0.35572836446500267 
-0.5689272579117987 1.1598070003945244 -0.3551340595652225 
-0.5676088401723709 1.1599177712609756 -0.35503463082606135 
-0.5596960414061216 1.1604919383309065 -0.35438094255661634 
-0.5579366145872762 1.160594272306425 -0.35422259250957877 
-0.5528791457231703 1.1608545767166158 -0.3537579891728616 
-0.5504597521187653 1.1609482996562415 -0.35351372868951614 
-0.5504597521187653 1.1609482996562415 -0.35351372868951614 
-0.5427675543454125 1.1611718482695117 -0.3526912696634926 
-0.5410102192771629 1.1612034420616175 -0.35249326917331314 
-0.5410102192771629 1.1612034420616175 -0.35249326917331314 
-0.538156135427232 1.1612386272313888 -0.3521529274571792 
-0.538156135427232 1.1612386272313888 -0.3521529274571792 
-0.538156135427232 1.1612386272313888 -0.3521529274571792 
-0.5322285867549039 1.1612269449022012 -0.35143189710844347 
-0.5280631355216328 1.161178982994049 -0.35089326781155716 
-0.5245583049935658 1.1610923031849345 -0.3504100601840273 
-0.5206192903333666 1.1609654996108694 -0.34985476251317504 
-0.5182144585427304 1.160874388320872 -0.34950801811124843 
-0.5182144585427304 1.160874388320872 -0.34950801811124843 
-0.5131910915790369 1.1606120272816745 -0.34875081200742575 
-0.5131910915790369 1.1606120272816745 -0.34875081200742575 
-0.5110110400827786 1.160493962716217 -0.3484087304843341 
-0.5068732073412934 1.1602079008008364 -0.3477333680477478 
-0.5027412773195152 1.1598788843473955 -0.3470461047280129 
-0.49948548283618793 1.1595845185513796 -0.3464801868878916 
-0.49558570826494336 1.159205649700364 -0.3457817050616938 
-0.4942867050702291 1.1590665990323163 -0.34554952964020025 
-0.4888859963367419 1.1584535431635088 -0.34454427126054366 
-0.4888859963367419 1.1584535431635088 -0.34454427126054366 
-0.4888859963367419 1.1584535431635088 -0.34454427126054366 
-0.48630217693255245 1.1581287773905338 -0.34403018998545754 
-0.4815722947132343 1.1574886664915518 -0.3430881862092676 
-0.47706960219387495 1.1568226598264597 -0.3421691476000194 
-0.47279540596875225 1.156150178586652 -0.3412590434278483 
-0.46725854373872 1.1551782653087892 -0.34004815870859884 
-0.4640772397609121 1.1545924843437476 -0.3393153838439026 
-0.4596361744341716 1.1537142077247748 -0.3382783606104396 
-0.4564758501639122 1.153060515958416 -0.3375117855445121 
-0.45227248579564683 1.1521480540291877 -0.3364866042824084 
-0.44913287168183713 1.1514274009588426 -0.33569446925401103 
-0.4449621121756385 1.150429995574182 -0.3346137657451381 
-0.442260809771793 1.1497562095414917 -0.3338980318860575 
-0.43956454576295695 1.149061824241562 -0.3331848369104079 
-0.43956454576295695 1.149061824241562 -0.3331848369104079 
-0.4350248081255282 1.147836241681799 -0.33193589743136054 
-0.4331758562305182 1.147313527453468 -0.33141393785664774 
-0.4292812487797838 1.1461958469173097 -0.3303051007120502 
-0.4233721108749711 1.1444076825274352 -0.3285744749112205 
-0.42033742451933204 1.1434404243006124 -0.3276464344506541 
-0.4175121311642249 1.1425156470774913 -0.3267835508388598 
-0.4147012522378555 1.141566996020794 -0.3258973627690869 
-0.4141000274887312 1.1413609002671035 -0.32570725762913333 
-0.40911178459236447 1.1395991591000816 -0.3241007673245685 
-0.40712263634229007 1.1388789799533734 -0.3234598641194688 
-0.40415613229843117 1.1377789669888845 -0.3224653051275429 
-0.403172292608734 1.1373897849855497 -0.32213846448350614 
-0.4000274446365626 1.1361799421594914 -0.32106197753474175 
-0.39670699586481256 1.134858769791297 -0.3198953157674993 
-0.39127364359762806 1.1326044421063184 -0.317964010172065 
-0.3887700505131293 1.1315302388767972 -0.317046666279002 
-0.38417753279780603 1.1294886732376637 -0.31534058817567545 
-0.3822768579464333 1.128619815552744 -0.3146170030134503 
-0.37773976292573486 1.1264967069864222 -0.31286592669015545 
-0.3775532183698279 1.1264125410315486 -0.3127819942460185 
-0.3712034081045302 1.1232843640595787 -0.31024709668941686 
-0.37101768473264657 1.1231837751102633 -0.3101791476920859 
-0.3651218293892087 1.1201421667223836 -0.3077217567093008 
-0.3636659091330343 1.1193541486076386 -0.3070945292041093 
-0.3587678252683091 1.1166585184923161 -0.3049992653728789 
-0.35679258505044126 1.1155555929185388 -0.3041074777919439 
-0.353043908264114 1.1133895341070859 -0.3024289996209394 
-0.3518030494836738 1.1126512346282564 -0.30186977373905144 
-0.34513993106679186 1.108593661770639 -0.29874887544549766 
-0.3418535791072814 1.106505051191316 -0.2971708684646611 
-0.33859373568786194 1.104383937075175 -0.2955835838355261 
-0.33689987681061256 1.1032452347517339 -0.2947292993742212 
-0.33285203677279696 1.100493954939754 -0.2926800646699087 
-0.3301861911122043 1.0986264305207458 -0.29129331543907433 
-0.32492488486398813 1.0948030739760342 -0.28850379074056687 
-0.3236197295888527 1.0938477087866627 -0.2877909999724575 
-0.3194399337391166 1.0906520242214306 -0.28547098398209836 
-0.3173752439218763 1.089018439394324 -0.2843132522654047 
-0.313914110913421 1.0862500648964146 -0.2823090192790655 
-0.30895940976136205 1.0821284768148192 -0.27938890543076966 
-0.3078971064432016 1.0812145946536602 -0.27872934222350276 
-0.3039676187797965 1.0777795030151354 -0.2763185492594765 
-0.29995939813060934 1.0741551750427727 -0.2737816589873091 
-0.29733717981706775 1.0716931423063634 -0.2720745539486559 
-0.2947389808926614 1.0692178258005607 -0.27035516728884224 
-0.2911989577760252 1.065719567774165 -0.26794689886238343 
-0.28896105943472905 1.0634636644877724 -0.26639360718505967 
-0.2882715078336052 1.0627535120190035 -0.26590055812793956 
-0.28390918694229195 1.058142841474584 -0.26277148209787915 
-0.2805817111404788 1.0544817009998482 -0.260303232045331 
-0.278100501984736 1.05167278834154 -0.25840421504254196 
-0.27706553387622057 1.050483654526357 -0.2576024006559263 
-0.27577939379520844 1.0489858858746706 -0.25660723234986704 
-0.2710139957767784 1.043219819352189 -0.2527787825616853 
-0.2700323442420164 1.0419948446176315 -0.2519632968460347 
-0.26665230924784555 1.0376656269080393 -0.24910589954945406 
-0.26487557924461896 1.035332879675931 -0.24755815697653583 
-0.2625646645579107 1.0321735367922784 -0.24549590358406503 
-0.26062324932021513 1.0294787726749282 -0.24373724826351717 
-0.2588335850761708 1.026917890384885 -0.24207662685015097 
-0.2564226891745994 1.0233645592247462 -0.2397895020885783 
-0.2544937525955119 1.020449817225881 -0.23788700235656646 
-0.25364766444716463 1.0191329912834965 -0.2370614961415023 
-0.25096824954256436 1.0148559529241519 -0.23430603965461838 
-0.24955630398302214 1.0125360791793923 -0.2328200319183963 
-0.24895410703887577 1.0115333965971298 -0.2321939618942126 
-0.2465159885614483 1.0073504495767012 -0.2295250893215396 
-0.24584029601312474 1.0061706599302833 -0.22878621107151975 
-0.24304620497784324 1.0010847612783276 -0.22557003256599018 
-0.24241822513352074 0.999888562338661 -0.2248122814914707 
-0.2397567170155721 0.9947425462420778 -0.22158234014481848 
-0.23796355236784994 0.9911100686678498 -0.2193128903023288 
-0.2363103636208912 0.9876248674650012 -0.21714951907465363 
-0.23558641493356364 0.9860522157097398 -0.2161676097268994 
-0.2333862939340553 0.9811323068985593 -0.21312188894261885 
-0.23278341280030168 0.9797130906749953 -0.2122530139022446 
-0.2305810462355105 0.9743853904546169 -0.2089711626127273 
-0.2293191675614985 0.9711675140040168 -0.20699698585562132 
-0.22835550823853568 0.9686567353524278 -0.20546607420148222 
-0.2271734442062241 0.9654096620230253 -0.20348909743133758 
-0.22603542104010677 0.9621456630811631 -0.2015137843015301 
-0.225113913646263 0.9594232504965967 -0.19985898616291597 
-0.22439547822822403 0.9572377339380771 -0.1985378156953187 
-0.22369840006239783 0.9550493344605051 -0.1972099041202845 
-0.22247833279968265 0.9510093332305514 -0.19478867544814393 
-0.2218359031016096 0.9488018868195407 -0.1934644679702079 
-0.2208697941427874 0.9452918690252349 -0.1913656758433252 
-0.22017659508135634 0.9426976499199902 -0.18982671142039664 
-0.21943623041373317 0.9397275510749621 -0.18805056138673681 
-0.21880768048576704 0.9371231102088845 -0.18650022925087972 
-0.21876055841049835 0.9369378381079758 -0.18638992266424803 
-0.2178699784414393 0.933008292280082 -0.18408114379210316 
-0.21755531888223778 0.9315144402044662 -0.18318621687106507 
-0.21698089442122237 0.928701112306784 -0.18152469050484354 
-0.2168210220064284 0.9279513170803109 -0.18108593552480412 
-0.21629080463659012 0.9251239676521817 -0.17943160034359362 
-0.21594022383560585 0.9232419802160694 -0.17832684016982714 
-0.2159130470115317 0.9230541973154289 -0.17821176337609768 
-0.2153906822590319 0.9200366921379477 -0.17644144611244006 
-0.21505490317580012 0.9179518736030501 -0.17523375072863145 
