-0.9497995641437608 0.9633878698164742 -0.24486165335659915 
-0.9488136539832274 0.9681777247426098 -0.24743885029410095 
-0.9484766839381482 0.9697079297727595 -0.24826071571548136 
-0.947337174024681 0.9746761813359504 -0.25091775485958945 
-0.946188248871251 0.9792463738608721 -0.25336068315019 
-0.946188248871251 0.9792463738608721 -0.25336068315019 
-0.9443760986187832 0.9858932814137493 -0.2568879133290235 
-0.9427022668675664 0.9915689951554358 -0.2598842416710382 
-0.9419315518419704 0.9940194338619102 -0.261175846923539 
-0.939686242213657 1.0007847131429104 -0.2647205265153928 
-0.9392990962319745 1.0019147216521274 -0.2652969219046073 
-0.9368436922923163 1.008633825180716 -0.268791683960665 
-0.9348199362450121 1.0138332322028005 -0.2714763333135588 
-0.9343045981778599 1.015126870034047 -0.2721505735181481 
-0.9315293981912635 1.0217701116450784 -0.2755439195498338 
-0.9289869368621582 1.0274420035461542 -0.2784372159132473 
-0.9274611194815201 1.0307227951856506 -0.2800948478585482 
-0.9243707444422651 1.0370560514117995 -0.2832939553020869 
-0.921586960917866 1.0424436417541563 -0.2859856217358536 
-0.920260789282473 1.0449418496116978 -0.28724176142815383 
-0.9170111638253455 1.0507959526027322 -0.2901451980476554 
-0.9138533303276108 1.0562527225497944 -0.29283188772888724 
-0.9108815161792978 1.061131037910677 -0.2952228312941846 
-0.9106615841631986 1.0614767759947903 -0.2953908653974693 
-0.9072614813855955 1.0668331315458353 -0.2979853501500659 
-0.9045397091988572 1.0709348932929201 -0.29997085165630666 
-0.9004635750661263 1.076865559060854 -0.3028159743396551 
-0.8990253398820565 1.0788765842707808 -0.30378157748429147 
-0.8990253398820565 1.0788765842707808 -0.30378157748429147 
-0.8948791741954938 1.084542208684955 -0.30646857895927193 
-0.8948791741954938 1.084542208684955 -0.30646857895927193 
-0.8900811602989007 1.090791938693708 -0.3093876323930618 
-0.8878831861106616 1.0935538885439917 -0.31067968738955 
-0.8833833082069147 1.0990174309944514 -0.3132150490849437 
-0.8813481106472396 1.101399191685409 -0.3143087463955103 
-0.8761088443201154 1.1073745569475009 -0.3170362379332331 
-0.8752715864366081 1.1083107727626869 -0.31746156843328677 
-0.8679560546800359 1.1161378774174138 -0.32098257629049054 
-0.8667851698556592 1.1173476221518301 -0.3215251104369432 
-0.8641178620614964 1.1200498766216034 -0.32272197967320015 
-0.8573192250538884 1.126704438021804 -0.3256372528400361 
-0.8531412190071423 1.1306227425957047 -0.32732107000992505 
-0.8504684229461396 1.1330542339891003 -0.32836064810682397 
-0.8443992273365974 1.1383948308445635 -0.3306532626708729 
-0.8442430375474261 1.1385402701464922 -0.3307083909751457 
-0.8355487136247038 1.1457977563646695 -0.33372131075046474 
-0.8318615241187526 1.148730015600766 -0.3349362209687713 
-0.8265952786447657 1.15280139640378 -0.3365727444633574 
-0.8212429873677551 1.1567795417963271 -0.33815964353084116 
-0.8187940722223379 1.158541859740011 -0.33885694735604877 
-0.8126107242391316 1.1628740436740324 -0.3405589188288938 
-0.8126107242391316 1.1628740436740324 -0.3405589188288938 
-0.8106482236551853 1.1642204620170213 -0.34106005656753646 
-0.8106482236551853 1.1642204620170213 -0.34106005656753646 
-0.8043304253988081 1.16839890475476 -0.34265104652791833 
-0.8043304253988081 1.16839890475476 -0.34265104652791833 
-0.799770442018093 1.171329664753691 -0.3437269697402857 
-0.799770442018093 1.171329664753691 -0.3437269697402857 
-0.794585730516696 1.1745076000160841 -0.3449004290502792 
-0.794585730516696 1.1745076000160841 -0.3449004290502792 
-0.7919745012391913 1.1760741822103034 -0.3454596385460501 
-0.7919745012391913 1.1760741822103034 -0.3454596385460501 
-0.7852013874297513 1.1800153386517767 -0.34685504388365584 
-0.7852013874297513 1.1800153386517767 -0.34685504388365584 
-0.7815909951170533 1.1820447834352685 -0.34755653119646046 
-0.7815909951170533 1.1820447834352685 -0.34755653119646046 
-0.7815909951170533 1.1820447834352685 -0.34755653119646046 
-0.7762102156195307 1.1849540252424147 -0.3485272481587476 
-0.7736981071444319 1.1862776080605588 -0.34897508630320284 
-0.7719503232577032 1.187181953953836 -0.34927448196509825 
-0.7696162108730504 1.1883835735770973 -0.34965796626862333 
-0.7696162108730504 1.1883835735770973 -0.34965796626862333 
-0.7666833441204972 1.1898605350275593 -0.3501251814073443 
-0.7593859094823636 1.1933950916170848 -0.35121907631637395 
-0.7560093962377016 1.1949740882400195 -0.3516990400971849 
-0.753410780694336 1.1961530119545507 -0.35205077719729905 
-0.7522033790912586 1.1966850965623217 -0.35220266256141775 
-0.7455586923877562 1.1995874991401272 -0.3530181657591295 
-0.7455586923877562 1.1995874991401272 -0.3530181657591295 
-0.7455586923877562 1.1995874991401272 -0.3530181657591295 
-0.7415016927617855 1.2012849842924476 -0.3534833353850336 
-0.7415016927617855 1.2012849842924476 -0.3534833353850336 
-0.7370159123719378 1.2031073544745707 -0.3539508223694652 
-0.7370159123719378 1.2031073544745707 -0.3539508223694652 
-0.7327110362254075 1.2047938129404958 -0.35437739450417216 
-0.7304414860394274 1.2056494578576331 -0.35457749852863163 
-0.7304414860394274 1.2056494578576331 -0.35457749852863163 
-0.7267210158998899 1.207027259745068 -0.3549017178543452 
-0.7267210158998899 1.207027259745068 -0.3549017178543452 
-0.7221581041984141 1.208668055671615 -0.35528051189735277 
-0.7204920293941672 1.2092529438190573 -0.35539231383978254 
-0.7204920293941672 1.2092529438190573 -0.35539231383978254 
-0.7173582123624956 1.210317135565459 -0.35562133396763773 
-0.7140102415311979 1.211437909700836 -0.355838563830046 
-0.7140102415311979 1.211437909700836 -0.355838563830046 
-0.7104376695903826 1.212591037802263 -0.3560406585882986 
-0.7062176657161321 1.2138972964782775 -0.3562651026400999 
-0.7060096585269927 1.2139682255743032 -0.3562795705977728 
-0.7022004693931342 1.2151099287275882 -0.35645002924540714 
-0.7005004292850693 1.2155970523605049 -0.3565218511339413 
-0.699439573360134 1.2159061293422702 -0.35655625466331775 
-0.6943298829894511 1.2173276640922304 -0.3567403342416172 
-0.6939038121684792 1.217445642404991 -0.35674876016626733 
-0.6891998883876854 1.2186816350286382 -0.3568741326229874 
-0.688559483753505 1.2188511282171948 -0.35689110042836225 
-0.684484588967653 1.2198719335465684 -0.3569607236417728 
-0.6836267639272028 1.220084743557517 -0.3569754261111412 
-0.6797513216773123 1.2209963039334768 -0.35700984965836713 
-0.6788868191241968 1.2211869193467813 -0.3570208832464127 
-0.6788868191241968 1.2211869193467813 -0.3570208832464127 
-0.6713272930223373 1.2228440013462747 -0.3570273003374592 
-0.6713272930223373 1.2228440013462747 -0.3570273003374592 
-0.6685119190796519 1.223423813059228 -0.35700282713470954 
-0.6685119190796519 1.223423813059228 -0.35700282713470954 
-0.6604763511975649 1.224955682299461 -0.35689755233955 
-0.6585174133501966 1.2253052951643524 -0.3568329209666604 
-0.6585174133501966 1.2253052951643524 -0.3568329209666604 
-0.6585174133501966 1.2253052951643524 -0.3568329209666604 
-0.6550318672437855 1.2259022368511512 -0.3567512809280945 
-0.6465132741133452 1.2272154942555937 -0.3564401434997281 
-0.6465132741133452 1.2272154942555937 -0.3564401434997281 
-0.6397272090377363 1.2281310132861942 -0.3561232064597952 
-0.6379729637722267 1.2283442355091627 -0.3560377213848894 
-0.6338068211795316 1.2288304415802815 -0.3557964837956942 
-0.6327093271391844 1.2289486167931636 -0.3557283644650028 
-0.6327093271391844 1.2289486167931636 -0.3557283644650028 
-0.6239272579117987 1.2298070003945243 -0.3551340595652228 
-0.6226088401723711 1.2299177712609757 -0.35503463082606124 
-0.6146960414061219 1.2304919383309063 -0.35438094255661623 
-0.6129366145872763 1.2305942723064254 -0.35422259250957855 
-0.6078791457231705 1.230854576716616 -0.3537579891728616 
-0.6054597521187655 1.2309482996562418 -0.35351372868951625 
-0.6054597521187655 1.2309482996562418 -0.35351372868951625 
-0.5977675543454125 1.2311718482695115 -0.35269126966349207 
-0.596010219277163 1.2312034420616171 -0.3524932691733129 
-0.596010219277163 1.2312034420616171 -0.3524932691733129 
-0.5931561354272321 1.2312386272313889 -0.35215292745717874 
-0.5931561354272321 1.2312386272313889 -0.35215292745717874 
-0.5931561354272321 1.2312386272313889 -0.35215292745717874 
-0.5872285867549041 1.2312269449022015 -0.35143189710844347 
-0.5830631355216329 1.2311789829940492 -0.35089326781155705 
-0.579558304993566 1.2310923031849346 -0.35041006018402754 
-0.5756192903333668 1.2309654996108697 -0.34985476251317515 
-0.5732144585427306 1.2308743883208721 -0.3495080181112481 
-0.5732144585427306 1.2308743883208721 -0.3495080181112481 
-0.5681910915790371 1.2306120272816743 -0.34875081200742564 
-0.5681910915790371 1.2306120272816743 -0.34875081200742564 
-0.5660110400827787 1.230493962716217 -0.34840873048433396 
-0.5618732073412934 1.2302079008008366 -0.3477333680477479 
-0.5577412773195154 1.2298788843473953 -0.34704610472801267 
-0.5544854828361883 1.2295845185513796 -0.3464801868878916 
-0.5505857082649436 1.229205649700364 -0.3457817050616937 
-0.5492867050702293 1.2290665990323164 -0.34554952964020014 
-0.5438859963367422 1.2284535431635089 -0.34454427126054366 
-0.5438859963367422 1.2284535431635089 -0.34454427126054366 
-0.5438859963367422 1.2284535431635089 -0.34454427126054366 
-0.5413021769325526 1.2281287773905338 -0.34403018998545754 
-0.5365722947132343 1.227488666491552 -0.3430881862092675 
-0.5320696021938752 1.22682265982646 -0.34216914760001915 
-0.5277954059687524 1.226150178586652 -0.3412590434278481 
-0.52225854373872 1.2251782653087893 -0.3400481587085985 
-0.5190772397609122 1.2245924843437477 -0.3393153838439025 
-0.5146361744341716 1.2237142077247747 -0.3382783606104398 
-0.5114758501639124 1.2230605159584163 -0.3375117855445122 
-0.5072724857956468 1.2221480540291876 -0.3364866042824084 
-0.5041328716818374 1.2214274009588426 -0.3356944692540107 
-0.49996211217563885 1.220429995574182 -0.334613765745138 
-0.49726080977179304 1.2197562095414913 -0.33389803188605793 
-0.494564545762957 1.2190618242415618 -0.3331848369104081 
-0.494564545762957 1.2190618242415618 -0.3331848369104081 
-0.4900248081255285 1.217836241681799 -0.3319358974313601 
-0.4881758562305183 1.2173135274534683 -0.33141393785664763 
-0.48428124877978396 1.2161958469173098 -0.33030510071205055 
-0.47837211087497145 1.2144076825274355 -0.3285744749112205 
-0.4753374245193323 1.2134404243006125 -0.3276464344506539 
-0.472512131164225 1.2125156470774914 -0.3267835508388598 
-0.46970125223785564 1.2115669960207944 -0.32589736276908665 
-0.46910002748873136 1.2113609002671033 -0.325707257629133 
-0.4641117845923647 1.2095991591000819 -0.3241007673245683 
-0.4621226363422901 1.208878979953374 -0.3234598641194688 
-0.45915613229843133 1.2077789669888848 -0.3224653051275429 
-0.4581722926087342 1.2073897849855497 -0.3221384644835058 
-0.45502744463656264 1.2061799421594919 -0.3210619775347415 
-0.4517069958648127 1.2048587697912971 -0.31989531576749874 
-0.44627364359762817 1.2026044421063187 -0.3179640101720652 
-0.4437700505131293 1.2015302388767974 -0.3170466662790019 
-0.43917753279780625 1.1994886732376635 -0.31534058817567534 
-0.4372768579464336 1.198619815552744 -0.3146170030134501 
-0.4327397629257348 1.1964967069864225 -0.31286592669015534 
-0.43255321836982796 1.196412541031549 -0.31278199424601816 
-0.4262034081045304 1.1932843640595787 -0.3102470966894165 
-0.4260176847326467 1.1931837751102632 -0.31017914769208577 
-0.420121829389209 1.1901421667223837 -0.3077217567093006 
-0.4186659091330346 1.1893541486076389 -0.30709452920410885 
-0.41376782526830946 1.1866585184923164 -0.3049992653728787 
-0.4117925850504414 1.185555592918539 -0.3041074777919438 
-0.4080439082641142 1.183389534107086 -0.3024289996209394 
-0.4068030494836741 1.1826512346282565 -0.30186977373905155 
-0.4001399310667921 1.178593661770639 -0.29874887544549744 
-0.3968535791072818 1.176505051191316 -0.2971708684646607 
-0.39359373568786227 1.1743839370751747 -0.29558358383552574 
-0.391899876810613 1.1732452347517337 -0.2947292993742209 
-0.38785203677279745 1.1704939549397542 -0.2926800646699086 
-0.3851861911122046 1.1686264305207457 -0.2912933154390742 
-0.37992488486398834 1.1648030739760342 -0.288503790740567 
-0.37861972958885304 1.1638477087866628 -0.2877909999724574 
-0.374439933739117 1.1606520242214307 -0.28547098398209825 
-0.37237524392187665 1.1590184393943241 -0.28431325226540427 
-0.3689141109134213 1.1562500648964145 -0.28230901927906527 
-0.3639594097613623 1.1521284768148194 -0.27938890543076944 
-0.36289710644320194 1.1512145946536603 -0.2787293422235023 
-0.35896761877979677 1.1477795030151352 -0.2763185492594764 
-0.35495939813060967 1.1441551750427725 -0.2737816589873092 
-0.35233717981706797 1.1416931423063634 -0.2720745539486562 
-0.34973898089266153 1.1392178258005605 -0.270355167288842 
-0.34619895777602544 1.1357195677741652 -0.26794689886238343 
-0.3439610594347291 1.1334636644877727 -0.2663936071850599 
-0.34327150783360566 1.1327535120190035 -0.26590055812793933 
-0.33890918694229205 1.1281428414745838 -0.26277148209787904 
-0.3355817111404791 1.1244817009998482 -0.2603032320453309 
-0.3331005019847364 1.1216727883415398 -0.25840421504254163 
-0.33206553387622073 1.120483654526357 -0.25760240065592643 
-0.3307793937952088 1.1189858858746706 -0.2566072323498667 
-0.3260139957767786 1.1132198193521892 -0.2527787825616855 
-0.3250323442420169 1.1119948446176313 -0.2519632968460346 
-0.3216523092478457 1.1076656269080392 -0.24910589954945395 
-0.31987557924461896 1.105332879675931 -0.24755815697653583 
-0.3175646645579112 1.1021735367922785 -0.2454959035840646 
-0.31562324932021557 1.0994787726749282 -0.24373724826351728 
-0.3138335850761709 1.0969178903848853 -0.24207662685015108 
-0.31142268917460003 1.0933645592247458 -0.23978950208857808 
-0.30949375259551243 1.090449817225881 -0.23788700235656612 
-0.3086476644471646 1.0891329912834964 -0.2370614961415024 
-0.3059682495425645 1.084855952924152 -0.23430603965461838 
-0.30455630398302264 1.0825360791793923 -0.2328200319183963 
-0.3039541070388762 1.0815333965971297 -0.23219396189421238 
-0.30151598856144846 1.0773504495767015 -0.22952508932153937 
-0.3008402960131249 1.0761706599302834 -0.22878621107151975 
-0.29804620497784357 1.0710847612783279 -0.22557003256599029 
-0.2974182251335209 1.0698885623386611 -0.2248122814914706 
-0.2947567170155724 1.0647425462420779 -0.22158234014481837 
-0.29296355236785027 1.0611100686678498 -0.21931289030232914 
-0.29131036362089124 1.0576248674650013 -0.21714951907465385 
-0.29058641493356396 1.05605221570974 -0.21616760972689952 
-0.28838629393405535 1.0511323068985594 -0.21312188894261908 
-0.2877834128003018 1.0497130906749956 -0.21225301390224494 
-0.2855810462355105 1.0443853904546172 -0.2089711626127274 
-0.2843191675614988 1.041167514004017 -0.20699698585562143 
-0.283355508238536 1.038656735352428 -0.20546607420148233 
-0.2821734442062239 1.0354096620230253 -0.20348909743133792 
-0.281035421040107 1.0321456630811634 -0.20151378430153022 
-0.28011391364626337 1.0294232504965968 -0.1998589861629162 
-0.2793954782282242 1.0272377339380772 -0.1985378156953187 
-0.27869840006239815 1.0250493344605052 -0.1972099041202846 
-0.2774783327996827 1.0210093332305514 -0.19478867544814393 
-0.2768359031016096 1.0188018868195408 -0.19346446797020833 
-0.27586979414278756 1.0152918690252348 -0.19136567584332542 
-0.2751765950813566 1.01269764991999 -0.18982671142039687 
-0.2744362304137337 1.0097275510749621 -0.18805056138673681 
-0.27380768048576754 1.0071231102088845 -0.1865002292508796 
-0.27376055841049873 1.0069378381079759 -0.18638992266424792 
-0.2728699784414395 1.0030082922800825 -0.18408114379210316 
-0.27255531888223783 1.0015144402044664 -0.1831862168710654 
-0.27198089442122236 0.9987011123067842 -0.18152469050484366 
-0.2718210220064284 0.9979513170803113 -0.18108593552480423 
-0.27129080463658994 0.9951239676521821 -0.17943160034359362 
-0.27094022383560645 0.9932419802160698 -0.1783268401698268 
-0.27091304701153185 0.993054197315429 -0.1782117633760978 
-0.2703906822590318 0.990036692137948 -0.17644144611244017 
-0.27005490317580005 0.9879518736030504 -0.17523375072863134 
