-0.5535637460292964 1.0671724435558525 -0.2859841988674613 
-0.5535637460292964 1.0671724435558525 -0.2859841988674613 
-0.5535637460292964 1.0671724435558525 -0.2859841988674613 
-0.5529244515526737 1.0642199159343388 -0.28424003043957213 
-0.5529244515526737 1.0642199159343388 -0.28424003043957213 
-0.5529244515526737 1.0642199159343388 -0.28424003043957213 
-0.5529244515526737 1.0642199159343388 -0.28424003043957213 
-0.5529244515526737 1.0642199159343388 -0.28424003043957213 
-0.5529244515526737 1.0642199159343388 -0.28424003043957213 
-0.5529244515526737 1.0642199159343388 -0.28424003043957213 
-0.5529244515526737 1.0642199159343388 -0.28424003043957213 
-0.553366754222606 1.0662626535111497 -0.28544675188121926 
-0.553366754222606 1.0662626535111497 -0.28544675188121926 
-0.553366754222606 1.0662626535111497 -0.28544675188121926 
-0.553366754222606 1.0662626535111497 -0.28544675188121926 
-0.553366754222606 1.0662626535111497 -0.28544675188121926 
-0.5540091301427439 1.069229068099585 -0.2871952641212384 
-0.5540091301427439 1.069229068099585 -0.2871952641212384 
-0.5540091301427439 1.069229068099585 -0.2871952641212384 
-0.5543498524510173 1.0708026653434686 -0.28812484683233563 
-0.5543498524510173 1.0708026653434686 -0.28812484683233563 
-0.5543498524510173 1.0708026653434686 -0.28812484683233563 
-0.5543498524510173 1.0708026653434686 -0.2881248468323353 
-0.5543498524510173 1.0708026653434686 -0.2881248468323353 
-0.5543498524510173 1.0708026653434686 -0.2881248468323353 
-0.5554025166214585 1.075664306031849 -0.2909967997091272 
-0.5554025166214585 1.075664306031849 -0.2909967997091272 
-0.5554025166214585 1.075664306031849 -0.2909967997091272 
-0.5554025166214585 1.075664306031849 -0.2909967997091272 
-0.5554025166214585 1.075664306031849 -0.2909967997091272 
-0.5554025166214585 1.075664306031849 -0.2909967997091272 
-0.5554025166214585 1.075664306031849 -0.2909967997091272 
-0.5554025166214585 1.075664306031849 -0.2909967997091272 
-0.5554025166214585 1.075664306031849 -0.2909967997091272 
-0.5558891537812076 1.077912143130722 -0.2923285408431332 
-0.5558891537812076 1.077912143130722 -0.2923285408431332 
-0.5558891537812076 1.077912143130722 -0.2923285408431332 
-0.5558891537812076 1.077912143130722 -0.2923285408431332 
-0.5558891537812076 1.077912143130722 -0.2923285408431332 
-0.5567667227524596 1.0819647769893002 -0.2947187234075702 
-0.5567667227524596 1.0819647769893002 -0.2947187234075702 
-0.5567667227524596 1.0819647769893002 -0.2947187234075702 
-0.5567667227524596 1.0819647769893002 -0.2947187234075702 
-0.5567667227524596 1.0819647769893002 -0.2947187234075702 
-0.5567667227524596 1.0819647769893002 -0.2947187234075702 
-0.5571884022137437 1.0839122680163513 -0.295869179152075 
-0.5571884022137437 1.0839122680163513 -0.295869179152075 
-0.5571884022137437 1.0839122680163513 -0.295869179152075 
-0.5571884022137437 1.0839122680163513 -0.295869179152075 
-0.5580192389918008 1.0877490731821007 -0.298131863640246 
-0.5580192389918008 1.0877490731821007 -0.298131863640246 
-0.5580192389918008 1.0877490731821007 -0.298131863640246 
-0.5590523935783631 1.092520954922857 -0.30095465228990537 
-0.5590523935783631 1.092520954922857 -0.30095465228990537 
-0.5590523935783631 1.092520954922857 -0.30095465228990537 
-0.5590523935783631 1.092520954922857 -0.30095465228990537 
-0.5590523935783631 1.092520954922857 -0.30095465228990537 
-0.5590523935783631 1.092520954922857 -0.30095465228990537 
-0.5594519624792523 1.0943673634517361 -0.3020569740393244 
-0.5594519624792523 1.0943673634517361 -0.3020569740393244 
-0.5594519624792523 1.0943673634517361 -0.3020569740393244 
-0.5602391247149648 1.098002117007162 -0.30419643935052854 
-0.5602391247149648 1.098002117007162 -0.30419643935052854 
-0.5602391247149648 1.098002117007162 -0.30419643935052854 
-0.5602391247149648 1.098002117007162 -0.30419643935052854 
-0.5602391247149648 1.098002117007162 -0.30419643935052854 
-0.5602391247149648 1.098002117007162 -0.30419643935052854 
-0.5602391247149648 1.098002117007162 -0.30419643935052854 
-0.5602391247149648 1.098002117007162 -0.30419643935052854 
-0.5612459175151914 1.1026515602209845 -0.3069391795091093 
-0.5612459175151914 1.1026515602209845 -0.3069391795091093 
-0.5615734273754216 1.1041632833251724 -0.30782264541469273 
-0.5615734273754216 1.1041632833251724 -0.30782264541469273 
-0.5617446386526915 1.1049555505719877 -0.3083079522063962 
-0.5617446386526915 1.1049555505719877 -0.3083079522063962 
-0.5617446386526915 1.1049555505719877 -0.3083079522063962 
-0.5622005856806757 1.1070619848184102 -0.30955993722094854 
-0.5622005856806757 1.1070619848184102 -0.30955993722094854 
-0.5622005856806757 1.1070619848184102 -0.30955993722094854 
-0.5622005856806757 1.1070619848184102 -0.30955993722094854 
-0.5628354277492038 1.1099922347557478 -0.3112717306038959 
-0.5628354277492038 1.1099922347557478 -0.3112717306038959 
-0.5628354277492038 1.1099922347557478 -0.3112717306038959 
-0.5634379218803816 1.112775491925727 -0.3129236241255582 
-0.5634379218803816 1.112775491925727 -0.3129236241255582 
-0.5634379218803816 1.112775491925727 -0.3129236241255582 
-0.5634379218803816 1.112775491925727 -0.3129236241255582 
-0.5634379218803816 1.112775491925727 -0.3129236241255582 
-0.5634379218803816 1.112775491925727 -0.3129236241255582 
-0.5640752037253743 1.1157175263949846 -0.3146481686794643 
-0.5640752037253743 1.1157175263949846 -0.3146481686794643 
-0.5640752037253743 1.1157175263949846 -0.3146481686794643 
-0.5640752037253743 1.1157175263949846 -0.3146481686794643 
-0.5648600493412356 1.1193434676599567 -0.31680357289464445 
-0.5648600493412356 1.1193434676599567 -0.31680357289464445 
-0.5650557510397198 1.1202472994487196 -0.3173375001163905 
-0.5650557510397198 1.1202472994487196 -0.3173375001163905 
-0.5655006875054669 1.1223022009893637 -0.31855140726614817 
-0.5655006875054669 1.1223022009893637 -0.31855140726614817 
-0.5655006875054669 1.1223022009893637 -0.31855140726614817 
-0.5655006875054669 1.1223022009893637 -0.31855140726614817 
-0.5655006875054669 1.1223022009893637 -0.31855140726614817 
-0.5661079758445869 1.1251069109642529 -0.3202082542849338 
-0.5661079758445869 1.1251069109642529 -0.3202082542849338 
-0.5661079758445869 1.1251069109642529 -0.3202082542849338 
-0.5661079758445869 1.1251069109642529 -0.3202082542849338 
-0.5667714149383546 1.1281706040436075 -0.32201423256569006 
-0.5667714149383546 1.1281706040436075 -0.32201423256569006 
-0.5670956984265085 1.129668624403298 -0.32290302892463085 
-0.5670956984265085 1.129668624403298 -0.32290302892463085 
-0.5670956984265085 1.129668624403298 -0.32290302892463085 
-0.5670956984265085 1.129668624403298 -0.32290302892463085 
-0.567391004840087 1.1310324721679572 -0.3237087047781717 
-0.567391004840087 1.1310324721679572 -0.3237087047781717 
-0.567391004840087 1.1310324721679572 -0.3237087047781717 
-0.567391004840087 1.1310324721679572 -0.3237087047781717 
-0.5682964527716836 1.1352142070736062 -0.32617901189506004 
-0.5682964527716836 1.1352142070736062 -0.32617901189506004 
-0.5682964527716836 1.1352142070736062 -0.32617901189506004 
-0.5682964527716836 1.1352142070736062 -0.32617901189506004 
-0.5684967651113619 1.1361393327198575 -0.3267255181943626 
-0.5684967651113619 1.1361393327198575 -0.3267255181943626 
-0.5684967651113619 1.1361393327198575 -0.3267255181943626 
-0.5684967651113619 1.1361393327198575 -0.3267255181943626 
-0.5690867185904541 1.138863983105749 -0.32833507102139825 
-0.5690867185904541 1.138863983105749 -0.32833507102139825 
-0.5690867185904541 1.138863983105749 -0.32833507102139825 
-0.5695279416537302 1.1409020790303341 -0.32954291020388427 
-0.5695279416537302 1.1409020790303341 -0.32954291020388427 
-0.5701711951062014 1.1438725464278388 -0.3312938165897099 
-0.5701711951062014 1.1438725464278388 -0.3312938165897099 
-0.570606948503525 1.1458857255816008 -0.3324907962426208 
-0.570606948503525 1.1458857255816008 -0.3324907962426208 
-0.5708657889954323 1.1470801253024123 -0.33318479358797637 
-0.5708657889954323 1.1470801253024123 -0.33318479358797637 
-0.5710983011853183 1.148153109678319 -0.3338090801272485 
-0.5710983011853183 1.148153109678319 -0.3338090801272485 
-0.5710983011853183 1.148153109678319 -0.3338090801272485 
-0.5710983011853183 1.148153109678319 -0.3338090801272485 
-0.5717694979723078 1.1512541734124087 -0.3356544195656581 
-0.5717694979723078 1.1512541734124087 -0.3356544195656581 
-0.5721427074844903 1.1529781544876023 -0.3366766993653809 
-0.5721427074844903 1.1529781544876023 -0.3366766993653809 
-0.5721427074844903 1.1529781544876023 -0.3366766993653809 
-0.5721427074844903 1.1529781544876023 -0.3366766993653809 
-0.5721427074844903 1.1529781544876023 -0.3366766993653809 
-0.5726854601819589 1.1554841232044062 -0.33814934927981777 
-0.5726854601819589 1.1554841232044062 -0.33814934927981777 
-0.5728719800108343 1.1563462381429113 -0.33866635227540787 
-0.5728719800108343 1.1563462381429113 -0.33866635227540787 
-0.5728719800108343 1.1563462381429113 -0.33866635227540787 
-0.5728719800108343 1.1563462381429113 -0.33866635227540787 
-0.5735645660336091 1.1595438550154809 -0.34054372487010665 
-0.5735645660336091 1.1595438550154809 -0.34054372487010665 
-0.5735645660336091 1.1595438550154809 -0.34054372487010665 
-0.5735645660336091 1.1595438550154809 -0.34054372487010665 
-0.5740360985799066 1.1617226215711882 -0.34184238292910873 
-0.5740360985799066 1.1617226215711882 -0.34184238292910873 
-0.5740360985799066 1.1617226215711882 -0.34184238292910873 
-0.5740360985799066 1.1617226215711882 -0.34184238292910873 
-0.5744498629414299 1.1636332129575022 -0.34296718093825895 
-0.5744498629414299 1.1636332129575022 -0.34296718093825895 
-0.5744498629414299 1.1636332129575022 -0.34296718093825895 
-0.5750988203540678 1.1666300236139593 -0.3447336492718265 
-0.5750988203540678 1.1666300236139593 -0.3447336492718265 
-0.5757688892701724 1.169725369228795 -0.3465699051033485 
-0.5757688892701724 1.169725369228795 -0.3465699051033485 
-0.5757688892701722 1.169725369228795 -0.3465699051033485 
-0.5762113940144279 1.1717686956487623 -0.3477731146583507 
-0.5762113940144279 1.1717686956487623 -0.3477731146583507 
-0.5763309846941247 1.1723213595366002 -0.34810345361310246 
-0.5771734499744136 1.1762118699591466 -0.3503978638039005 
-0.5771734499744136 1.1762118699591466 -0.3503978638039005 
-0.5771734499744136 1.1762118699591466 -0.3503978638039005 
-0.5771734499744136 1.1762118699591466 -0.3503978638039005 
-0.5771734499744136 1.1762118699591466 -0.3503978638039005 
-0.5776761965931033 1.1785318834798357 -0.3517473217638454 
-0.5783917573638849 1.1818385198840946 -0.35372173623184 
-0.5783917573638849 1.1818385198840946 -0.35372173623184 
-0.5788066013320647 1.1837537529226347 -0.3548454165001511 
-0.5788066013320647 1.1837537529226347 -0.3548454165001511 
-0.5788066013320647 1.1837537529226347 -0.3548454165001511 
-0.5788066013320647 1.1837537529226347 -0.3548454165001511 
-0.5793417987782297 1.1862272318015454 -0.35632580771371636 
-0.5793417987782297 1.1862272318015454 -0.35632580771371636 
-0.5795543390525592 1.1872078053598758 -0.3568935738596889 
-0.5795543390525592 1.1872078053598758 -0.3568935738596889 
-0.5795543390525592 1.1872078053598758 -0.3568935738596889 
-0.5795543390525592 1.1872078053598758 -0.3568935738596889 
-0.5798906551915908 1.188760708662676 -0.35780707214796603 
-0.5798906551915908 1.188760708662676 -0.35780707214796603 
-0.5798906551915908 1.188760708662676 -0.35780707214796603 
-0.5798906551915908 1.188760708662676 -0.35780707214796603 
-0.5798906551915908 1.188760708662676 -0.35780707214796603 
-0.5814790339582747 1.196095648468312 -0.3621305298237921 
-0.5814790339582747 1.196095648468312 -0.3621305298237921 
-0.5816991551496274 1.1971134576081435 -0.36274521290387196 
-0.5816991551496274 1.1971134576081435 -0.36274521290387196 
-0.5817004553381818 1.1971191179992615 -0.36274469697017564 
-0.5817004553381818 1.1971191179992615 -0.36274469697017564 
-0.5817829481727756 1.1975001041983007 -0.3629697597587448 
-0.5817829481727756 1.1975001041983007 -0.3629697597587448 
-0.5817829481727756 1.1975001041983007 -0.3629697597587448 
-0.5817829481727756 1.1975001041983007 -0.3629697597587448 
-0.5817829481727756 1.1975001041983007 -0.3629697597587448 
-0.5822751027289069 1.1997741117671434 -0.3643246802441986 
-0.5822751027289069 1.1997741117671434 -0.3643246802441986 
-0.5822751027289069 1.1997741117671434 -0.3643246802441986 
-0.5822751027289069 1.1997741117671434 -0.3643246802441986 
-0.5828950830669691 1.2026367498285688 -0.36600802807236554 
-0.5828950830669691 1.2026367498285688 -0.36600802807236554 
-0.5832959211353358 1.2044879866402172 -0.36710162285396764 
-0.5832959211353358 1.2044879866402172 -0.36710162285396764 
-0.5836730819406479 1.206230216429473 -0.36813468285120143 
-0.5836730819406479 1.206230216429473 -0.36813468285120143 
-0.5836730819406479 1.206230216429473 -0.36813468285120143 
-0.5836730819406479 1.206230216429473 -0.36813468285120143 
-0.5841454090719208 1.2084109306085689 -0.3694151927525978 
-0.5841454090719208 1.2084109306085689 -0.3694151927525978 
-0.5841454090719208 1.2084109306085689 -0.3694151927525978 
-0.5841454090719208 1.2084109306085689 -0.3694151927525978 
-0.5847195669690128 1.2110626304312078 -0.3709816509551177 
-0.5847195669690128 1.2110626304312078 -0.3709816509551177 
-0.5847195669690128 1.2110626304312078 -0.3709816509551177 
-0.5847195669690128 1.2110626304312078 -0.3709816509551177 
-0.5847195669690131 1.2110626304312078 -0.3709816509551176 
-0.5853516330830483 1.2139814300496998 -0.3727020352526026 
-0.5858803798807038 1.2164234025396115 -0.3741445996803302 
-0.5858803798807038 1.2164234025396115 -0.3741445996803302 
-0.5860524180284498 1.2172186350552199 -0.3746220927287319 
-0.5860524180284498 1.2172186350552199 -0.3746220927287319 
-0.5863928875349338 1.2187903759152383 -0.37554285932787435 
-0.5863928875349338 1.2187903759152383 -0.37554285932787435 
-0.5863928875349338 1.2187903759152383 -0.37554285932787435 
-0.5863928875349338 1.2187903759152383 -0.37554285932787435 
-0.5863928875349338 1.2187903759152383 -0.37554285932787435 
-0.5867683069878955 1.2205249078355926 -0.3765752316445198 
-0.5867683069878955 1.2205249078355926 -0.3765752316445198 
-0.5867683069878955 1.2205249078355926 -0.3765752316445198 
-0.5867683069878955 1.2205249078355926 -0.3765752316445198 
-0.5877399811860273 1.2250118143275206 -0.3792180955477461 
-0.5877399811860273 1.2250118143275206 -0.3792180955477461 
-0.5879554780894785 1.2260081018610578 -0.3798182190487368 
-0.5879554780894785 1.2260081018610578 -0.3798182190487368 
-0.5879554780894785 1.2260081018610578 -0.3798182190487368 
-0.5882729248857137 1.227473858695613 -0.3806802366607932 
-0.5882729248857137 1.227473858695613 -0.3806802366607932 
-0.5882729248857137 1.227473858695613 -0.3806802366607932 
-0.5882729248857137 1.227473858695613 -0.3806802366607932 
-0.5888218710369821 1.2300094646166124 -0.38218197359447514 
-0.5888218710369821 1.2300094646166124 -0.38218197359447514 
-0.5888218710369821 1.2300094646166124 -0.3821819735944748 
-0.5888218710369821 1.2300094646166124 -0.3821819735944748 
-0.5888218710369821 1.2300094646166124 -0.3821819735944748 
-0.5888218710369821 1.2300094646166124 -0.3821819735944748 
-0.5897602312263381 1.2343432020088685 -0.3847420742618687 
-0.5897602312263381 1.2343432020088685 -0.3847420742618687 
-0.5901649996826299 1.2362122465655945 -0.3858423290058116 
-0.5901649996826299 1.2362122465655945 -0.3858423290058116 
-0.5901649996826299 1.2362122465655945 -0.3858423290058116 
-0.5901649996826299 1.2362122465655945 -0.3858423290058116 
-0.5901649996826299 1.2362122465655945 -0.3858423290058116 
-0.5906445837644133 1.2384268207786253 -0.3871467010332085 
-0.5908500969239179 1.2393747679897802 -0.3876932637072178 
-0.5913049998248513 1.2414775854936955 -0.38895662126086006 
-0.5914502434141679 1.2421483807609572 -0.3893528850987352 
-0.5914502434141679 1.2421483807609572 -0.3893528850987352 
-0.592036468579658 1.2448558122449274 -0.39095226607678446 
-0.592036468579658 1.2448558122449274 -0.39095226607678446 
-0.592036468579658 1.2448558122449274 -0.39095226607678446 
-0.5921518205469154 1.2453875223166166 -0.3912547878758771 
-0.5921518205469154 1.2453875223166166 -0.3912547878758771 
-0.5921518205469154 1.2453875223166166 -0.3912547878758771 
-0.5921518205469154 1.2453875223166166 -0.3912547878758771 
-0.5929037253471785 1.2488608200603135 -0.3933143141573049 
-0.5934778671343249 1.2515121010604657 -0.3948766652074184 
-0.5934778671343249 1.2515121010604657 -0.3948766652074184 
-0.5934778671343249 1.2515121010604657 -0.3948766652074184 
-0.5934778671343249 1.2515121010604657 -0.3948766652074184 
-0.5934778671343249 1.2515121010604657 -0.3948766652074184 
-0.5939732515933673 1.2537996479832472 -0.39622414494209524 
-0.5939732515933673 1.2537996479832472 -0.39622414494209524 
-0.5939732515933673 1.2537996479832472 -0.39622414494209524 
-0.5939732515933673 1.2537996479832472 -0.39622414494209524 
-0.5947574644237117 1.2574231834117715 -0.39838391754722047 
-0.5947574644237117 1.2574231834117715 -0.39838391754722047 
-0.5947574644237117 1.2574231834117715 -0.39838391754722047 
-0.5947574644237117 1.2574231834117715 -0.39838391754722047 
-0.5947574644237117 1.2574231834117715 -0.39838391754722047 
-0.595364897319139 1.2602271908149218 -0.4000249944847408 
-0.595364897319139 1.2602271908149218 -0.4000249944847408 
-0.595364897319139 1.2602271908149218 -0.4000249944847408 
-0.595364897319139 1.2602271908149218 -0.4000249944847408 
-0.5960630150500197 1.2634513886750114 -0.4019296486772569 
-0.5960630150500197 1.2634513886750114 -0.4019296486772569 
-0.5964562057315462 1.2652679955156492 -0.40301050571717345 
-0.5969906242694771 1.2677354736195405 -0.4044604177878307 
-0.5969906242694771 1.2677354736195405 -0.4044604177878307 
-0.5970933188553131 1.2682101043229157 -0.4047446596237364 
-0.5970933188553131 1.2682101043229157 -0.4047446596237364 
-0.5970933188553131 1.2682101043229157 -0.4047446596237364 
-0.5976931803894912 1.2709812030656864 -0.40638937070797976 
-0.5976931803894912 1.2709812030656864 -0.40638937070797976 
-0.5978941126644547 1.271908502990645 -0.40692944195836966 
-0.5978941126644547 1.271908502990645 -0.40692944195836966 
-0.5978941126644547 1.271908502990645 -0.40692944195836966 
-0.5978941126644547 1.271908502990645 -0.40692944195836966 
-0.5978941126644547 1.271908502990645 -0.40692944195836966 
-0.5986828093829359 1.2755503434253188 -0.40907309375404377 
-0.5986828093829359 1.2755503434253188 -0.40907309375404377 
-0.5988418866200045 1.2762853726480399 -0.40951116272870414 
-0.5988418866200045 1.2762853726480399 -0.40951116272870414 
-0.5988418866200045 1.2762853726480399 -0.40951116272870414 
-0.5991454861217802 1.2776866677783296 -0.41032939470244323 
-0.5991454861217802 1.2776866677783296 -0.41032939470244323 
-0.5991454861217802 1.2776866677783296 -0.41032939470244323 
-0.5991454861217802 1.2776866677783296 -0.41032939470244323 
-0.5997120150739982 1.280303987525262 -0.41188510874757445 
-0.5997120150739982 1.280303987525262 -0.41188510874757445 
-0.5997120150739982 1.280303987525262 -0.41188510874757445 
-0.5997120150739982 1.280303987525262 -0.41188510874757445 
-0.6005080170728271 1.2839809444613304 -0.4140649441264662 
-0.6005080170728271 1.2839809444613304 -0.4140649441264662 
-0.6005080170728271 1.2839809444613304 -0.4140649441264662 
-0.6005080170728271 1.2839809444613304 -0.4140649441264662 
-0.6009873668603962 1.2861940921862318 -0.41536461373569666 
-0.6009873668603962 1.2861940921862318 -0.41536461373569666 
-0.6009873668603962 1.2861940921862318 -0.41536461373569666 
-0.6015600433998152 1.2888399837435804 -0.41693921999372774 
-0.6015600433998152 1.2888399837435804 -0.41693921999372774 
-0.6019077215269728 1.290444328170075 -0.41787152726165233 
-0.6019077215269728 1.290444328170075 -0.41787152726165233 
-0.6019077215269728 1.290444328170075 -0.41787152726165233 
-0.6019077215269728 1.290444328170075 -0.41787152726165233 
-0.6025272881258716 1.2933057442521916 -0.41956187269758216 
-0.6032826756308355 1.296794437733692 -0.4216227743401878 
-0.603499031559045 1.2977943481805632 -0.4222211782931967 
-0.603499031559045 1.2977943481805632 -0.4222211782931967 
-0.603499031559045 1.2977943481805632 -0.4222211782931967 
-0.6038765965130032 1.299537755656132 -0.4232472145171402 
-0.6038765965130032 1.299537755656132 -0.4232472145171402 
-0.6038765965130032 1.299537755656132 -0.4232472145171402 
-0.6038765965130031 1.299537755656132 -0.42324721451713987 
-0.6042985251796323 1.3014870864571746 -0.42440647656152664 
-0.6042985251796323 1.3014870864571746 -0.42440647656152664 
-0.6042985251796323 1.3014870864571746 -0.42440647656152664 
-0.6042985251796323 1.3014870864571746 -0.42440647656152664 
-0.6051385599372439 1.3053660272956682 -0.42669019242825923 
-0.6051385599372439 1.3053660272956682 -0.42669019242825923 
-0.60551901508525 1.307123471728808 -0.42773224028434065 
-0.6055190150852499 1.307123471728808 -0.4277322402843403 
-0.6055190150852499 1.307123471728808 -0.4277322402843403 
-0.6062683101890083 1.3105850537419705 -0.4297886214767752 
-0.6062683101890083 1.3105850537419705 -0.4297886214767749 
-0.606815799642012 1.3131113638492202 -0.4312560868032067 
-0.6068157996420119 1.3131113638492202 -0.4312560868032064 
-0.6068157996420119 1.3131113638492202 -0.4312560868032064 
-0.6068157996420119 1.3131113638492202 -0.4312560868032064 
-0.6068157996420119 1.3131113638492202 -0.4312560868032064 
-0.6074446381851566 1.316016455186591 -0.4329817982833588 
-0.6074446381851566 1.316016455186591 -0.4329817982833588 
-0.6076489155302808 1.3169602372961422 -0.43354318539119585 
-0.6076489155302808 1.3169602372961422 -0.43354318539119585 
-0.6076489155302808 1.3169602372961422 -0.43354318539119585 
-0.6080633505545557 1.3188742705018712 -0.43467387635003363 
-0.6080633505545557 1.3188742705018712 -0.43467387635003363 
-0.6080633505545557 1.3188742705018712 -0.43467387635003363 
-0.6080633505545557 1.3188742705018712 -0.43467387635003363 
-0.6086353745364596 1.3215171407899806 -0.43624661392403974 
-0.6092088179651003 1.3241645151275463 -0.4377990215932751 
-0.6092088179651003 1.3241645151275463 -0.4377990215932751 
-0.6092088179651003 1.3241645151275463 -0.4377990215932751 
-0.6092088179651003 1.3241645151275463 -0.4377990215932751 
-0.6095547732474825 1.3257615915808745 -0.4387347548743986 
-0.6100083163809463 1.3278572755506557 -0.4399843329443691 
-0.6100083163809462 1.3278572755506557 -0.4399843329443688 
-0.610452794374137 1.3299097152544053 -0.4411929260567443 
-0.610452794374137 1.3299097152544053 -0.4411929260567443 
-0.6114554398009842 1.3345403485941307 -0.44392841425791485 
-0.6114554398009842 1.3345403485941307 -0.44392841425791485 
-0.6117467949214334 1.335885947644728 -0.4447233099139446 
-0.6117467949214334 1.335885947644728 -0.4447233099139446 
-0.6117467949214334 1.335885947644728 -0.4447233099139446 
-0.6117467949214334 1.335885947644728 -0.4447233099139446 
-0.6120864239107342 1.3374544954871477 -0.4456499097548564 
-0.6120864239107342 1.3374544954871477 -0.4456499097548564 
-0.6124719003680086 1.3392347859935805 -0.4467015939020814 
-0.6124719003680086 1.3392347859935805 -0.4467015939020814 
-0.6124719003680086 1.3392347859935805 -0.4467015939020814 
-0.613090162656554 1.3420901782283372 -0.4483883808262116 
-0.613090162656554 1.3420901782283372 -0.4483883808262116 
-0.6135135613661694 1.3440449206186815 -0.4495354007454445 
-0.6135135613661694 1.3440449206186815 -0.4495354007454445 
-0.6135135613661694 1.3440449206186815 -0.4495354007454445 
-0.6135135613661694 1.3440449206186815 -0.4495354007454445 
-0.6140682275875502 1.3466072886211191 -0.4510568067792742 
-0.6140682275875501 1.3466072886211191 -0.45105680677927384 
-0.6144373663120429 1.3483102453510905 -0.45204174622811577 
-0.6144373663120429 1.3483102453510905 -0.45204174622811577 
-0.614979806930793 1.3508169965142665 -0.45353977884716545 
-0.614979806930793 1.3508169965142665 -0.45353977884716545 
-0.6150587896360535 1.3511817714770271 -0.45375526505250885 
-0.6150587896360535 1.3511817714770271 -0.45375526505250885 
-0.6150587896360535 1.3511817714770271 -0.45375526505250885 
-0.6150587896360535 1.3511817714770271 -0.45375526505250885 
-0.6153547530000674 1.3525486533118642 -0.4545627332447134 
-0.6153547530000674 1.3525486533118642 -0.4545627332447134 
-0.6153547530000674 1.3525486533118642 -0.4545627332447134 
-0.6153547530000674 1.3525486533118642 -0.4545627332447134 
-0.6162857024944268 1.3568491982944884 -0.4571148051299704 
-0.6162857024944268 1.3568491982944884 -0.4571148051299704 
-0.6162857024944268 1.3568491982944884 -0.4571148051299704 
-0.6162857024944268 1.3568491982944884 -0.4571148051299704 
-0.6169381378165069 1.359861382542251 -0.4588826357419524 
-0.6173231964128189 1.361640087613133 -0.4599372430514438 
-0.6173231964128189 1.361640087613133 -0.4599372430514438 
-0.6173231964128191 1.361640087613133 -0.4599372430514437 
-0.6177788802520202 1.363744624991631 -0.46118047194594836 
-0.6184800395238056 1.36698218111174 -0.4630852978853569 
-0.6184800395238056 1.36698218111174 -0.4630852978853569 
-0.6184800395238056 1.36698218111174 -0.4630852978853569 
-0.6184800395238056 1.36698218111174 -0.4630852978853569 
-0.6184800395238056 1.36698218111174 -0.4630852978853569 
-0.6184800395238056 1.36698218111174 -0.4630852978853569 
-0.6189227761646461 1.3690269229465877 -0.4642932033171435 
-0.6198166487191067 1.3731562312093974 -0.46674411927138737 
-0.6198166487191067 1.3731562312093974 -0.46674411927138737 
-0.6198166487191067 1.3731562312093974 -0.46674411927138737 
-0.6198166487191067 1.3731562312093974 -0.46674411927138737 
-0.6202631071541207 1.3752178174166758 -0.46795811556528266 
-0.6202631071541207 1.3752178174166758 -0.46795811556528266 
-0.6206196387567108 1.3768647729730499 -0.4689348935119192 
-0.6206196387567108 1.3768647729730499 -0.4689348935119192 
-0.6206196387567108 1.3768647729730499 -0.4689348935119192 
-0.6206196387567108 1.3768647729730499 -0.4689348935119192 
-0.6206196387567108 1.3768647729730499 -0.4689348935119192 
-0.6211345310014103 1.3792420705385182 -0.47033153256769233 
-0.6211345310014103 1.3792420705385182 -0.47033153256769233 
-0.6215208987033344 1.3810268216032582 -0.47138971147174813 
-0.6215208987033344 1.3810268216032582 -0.47138971147174813 
-0.6217758756447288 1.3822050999421873 -0.4720934840057688 
-0.6217758756447288 1.3822050999421873 -0.4720934840057688 
-0.6217758756447288 1.3822050999421873 -0.4720934840057688 
-0.6217758756447288 1.3822050999421873 -0.4720934840057688 
-0.6225498378802908 1.3857782015700986 -0.4741888097422996 
-0.6225498378802908 1.3857782015700986 -0.4741888097422996 
-0.622995671584761 1.387837591352172 -0.47540922800234264 
-0.622995671584761 1.387837591352172 -0.47540922800234264 
-0.6232639902826449 1.3890767986280679 -0.4761412740602621 
-0.6232639902826449 1.3890767986280679 -0.4761412740602621 
-0.6232639902826449 1.3890767986280679 -0.4761412740602621 
-0.6232639902826449 1.3890767986280679 -0.4761412740602621 
-0.6237798107871438 1.3914594165433147 -0.4775526352604419 
-0.6237798107871438 1.3914594165433147 -0.4775526352604419 
-0.6237798107871438 1.3914594165433147 -0.4775526352604419 
-0.6241909240440923 1.3933574196066845 -0.4786661371383846 
