-0.6085637460292964 0.9971724435558524 -0.28598419886746085 
-0.6085637460292964 0.9971724435558524 -0.28598419886746085 
-0.6085637460292964 0.9971724435558524 -0.28598419886746085 
-0.6079244515526738 0.9942199159343387 -0.2842400304395719 
-0.6079244515526738 0.9942199159343387 -0.2842400304395719 
-0.6079244515526738 0.9942199159343387 -0.2842400304395719 
-0.6079244515526738 0.9942199159343387 -0.2842400304395719 
-0.6079244515526738 0.9942199159343387 -0.2842400304395719 
-0.6079244515526738 0.9942199159343387 -0.2842400304395719 
-0.6079244515526738 0.9942199159343387 -0.2842400304395719 
-0.6079244515526738 0.9942199159343387 -0.2842400304395719 
-0.6083667542226062 0.9962626535111495 -0.28544675188121926 
-0.6083667542226062 0.9962626535111495 -0.28544675188121926 
-0.6083667542226062 0.9962626535111495 -0.28544675188121926 
-0.6083667542226062 0.9962626535111495 -0.28544675188121926 
-0.6083667542226062 0.9962626535111495 -0.28544675188121926 
-0.6090091301427439 0.9992290680995847 -0.2871952641212384 
-0.6090091301427439 0.9992290680995847 -0.2871952641212384 
-0.6090091301427439 0.9992290680995847 -0.2871952641212384 
-0.6093498524510176 1.0008026653434685 -0.2881248468323355 
-0.6093498524510176 1.0008026653434685 -0.2881248468323355 
-0.6093498524510176 1.0008026653434685 -0.2881248468323355 
-0.6093498524510175 1.0008026653434685 -0.2881248468323352 
-0.6093498524510175 1.0008026653434685 -0.2881248468323352 
-0.6093498524510175 1.0008026653434685 -0.2881248468323352 
-0.6104025166214585 1.0056643060318486 -0.2909967997091273 
-0.6104025166214585 1.0056643060318486 -0.2909967997091273 
-0.6104025166214585 1.0056643060318486 -0.2909967997091273 
-0.6104025166214585 1.0056643060318486 -0.2909967997091273 
-0.6104025166214585 1.0056643060318486 -0.2909967997091273 
-0.6104025166214585 1.0056643060318486 -0.2909967997091273 
-0.6104025166214585 1.0056643060318486 -0.2909967997091273 
-0.6104025166214585 1.0056643060318486 -0.2909967997091273 
-0.6104025166214585 1.0056643060318486 -0.2909967997091273 
-0.6108891537812076 1.0079121431307212 -0.2923285408431333 
-0.6108891537812076 1.0079121431307212 -0.2923285408431333 
-0.6108891537812076 1.0079121431307212 -0.2923285408431333 
-0.6108891537812076 1.0079121431307212 -0.2923285408431333 
-0.6108891537812076 1.0079121431307212 -0.2923285408431333 
-0.6117667227524598 1.0119647769892999 -0.2947187234075703 
-0.6117667227524598 1.0119647769892999 -0.2947187234075703 
-0.6117667227524598 1.0119647769892999 -0.2947187234075703 
-0.6117667227524598 1.0119647769892999 -0.2947187234075703 
-0.6117667227524598 1.0119647769892999 -0.2947187234075703 
-0.6117667227524598 1.0119647769892999 -0.2947187234075703 
-0.6121884022137436 1.0139122680163508 -0.2958691791520751 
-0.6121884022137436 1.0139122680163508 -0.2958691791520751 
-0.6121884022137436 1.0139122680163508 -0.2958691791520751 
-0.6121884022137436 1.0139122680163508 -0.2958691791520751 
-0.6130192389918009 1.0177490731821006 -0.29813186364024635 
-0.6130192389918009 1.0177490731821006 -0.29813186364024635 
-0.6130192389918009 1.0177490731821006 -0.29813186364024635 
-0.6140523935783633 1.0225209549228567 -0.30095465228990514 
-0.6140523935783633 1.0225209549228567 -0.30095465228990514 
-0.6140523935783633 1.0225209549228567 -0.30095465228990514 
-0.6140523935783633 1.0225209549228567 -0.30095465228990514 
-0.6140523935783633 1.0225209549228567 -0.30095465228990514 
-0.6140523935783633 1.0225209549228567 -0.30095465228990514 
-0.6144519624792524 1.0243673634517358 -0.3020569740393245 
-0.6144519624792524 1.0243673634517358 -0.3020569740393245 
-0.6144519624792524 1.0243673634517358 -0.3020569740393245 
-0.6152391247149649 1.0280021170071623 -0.3041964393505284 
-0.6152391247149649 1.0280021170071623 -0.3041964393505284 
-0.6152391247149649 1.0280021170071623 -0.3041964393505284 
-0.6152391247149649 1.0280021170071623 -0.3041964393505284 
-0.6152391247149649 1.0280021170071623 -0.3041964393505284 
-0.6152391247149649 1.0280021170071623 -0.3041964393505284 
-0.6152391247149649 1.0280021170071623 -0.3041964393505284 
-0.6152391247149649 1.0280021170071623 -0.3041964393505284 
-0.6162459175151914 1.0326515602209847 -0.3069391795091094 
-0.6162459175151914 1.0326515602209847 -0.3069391795091094 
-0.6165734273754216 1.0341632833251722 -0.30782264541469284 
-0.6165734273754216 1.0341632833251722 -0.30782264541469284 
-0.6167446386526917 1.0349555505719874 -0.3083079522063965 
-0.6167446386526917 1.0349555505719874 -0.3083079522063965 
-0.6167446386526917 1.0349555505719874 -0.3083079522063965 
-0.6172005856806757 1.03706198481841 -0.30955993722094843 
-0.6172005856806757 1.03706198481841 -0.30955993722094843 
-0.6172005856806757 1.03706198481841 -0.30955993722094843 
-0.6172005856806757 1.03706198481841 -0.30955993722094843 
-0.6178354277492039 1.0399922347557475 -0.3112717306038959 
-0.6178354277492039 1.0399922347557475 -0.3112717306038959 
-0.6178354277492039 1.0399922347557475 -0.3112717306038959 
-0.6184379218803817 1.042775491925727 -0.3129236241255583 
-0.6184379218803817 1.042775491925727 -0.3129236241255583 
-0.6184379218803817 1.042775491925727 -0.3129236241255583 
-0.6184379218803817 1.042775491925727 -0.3129236241255583 
-0.6184379218803817 1.042775491925727 -0.3129236241255583 
-0.6184379218803817 1.042775491925727 -0.3129236241255583 
-0.6190752037253744 1.0457175263949843 -0.3146481686794643 
-0.6190752037253744 1.0457175263949843 -0.3146481686794643 
-0.6190752037253744 1.0457175263949843 -0.3146481686794643 
-0.6190752037253744 1.0457175263949843 -0.3146481686794643 
-0.6198600493412357 1.0493434676599567 -0.31680357289464456 
-0.6198600493412357 1.0493434676599567 -0.31680357289464456 
-0.62005575103972 1.0502472994487195 -0.3173375001163905 
-0.62005575103972 1.0502472994487195 -0.3173375001163905 
-0.620500687505467 1.0523022009893637 -0.31855140726614806 
-0.620500687505467 1.0523022009893637 -0.31855140726614806 
-0.620500687505467 1.0523022009893637 -0.31855140726614806 
-0.620500687505467 1.0523022009893637 -0.31855140726614806 
-0.620500687505467 1.0523022009893637 -0.31855140726614806 
-0.621107975844587 1.0551069109642528 -0.3202082542849337 
-0.621107975844587 1.0551069109642528 -0.3202082542849337 
-0.621107975844587 1.0551069109642528 -0.3202082542849337 
-0.621107975844587 1.0551069109642528 -0.3202082542849337 
-0.6217714149383546 1.058170604043607 -0.32201423256568984 
-0.6217714149383546 1.058170604043607 -0.32201423256568984 
-0.6220956984265086 1.059668624403298 -0.32290302892463085 
-0.6220956984265086 1.059668624403298 -0.32290302892463085 
-0.6220956984265086 1.059668624403298 -0.32290302892463085 
-0.6220956984265086 1.059668624403298 -0.32290302892463085 
-0.6223910048400871 1.061032472167957 -0.3237087047781714 
-0.6223910048400871 1.061032472167957 -0.3237087047781714 
-0.6223910048400871 1.061032472167957 -0.3237087047781714 
-0.6223910048400871 1.061032472167957 -0.3237087047781714 
-0.6232964527716837 1.0652142070736061 -0.3261790118950598 
-0.6232964527716837 1.0652142070736061 -0.3261790118950598 
-0.6232964527716837 1.0652142070736061 -0.3261790118950598 
-0.6232964527716837 1.0652142070736061 -0.3261790118950598 
-0.6234967651113621 1.0661393327198576 -0.3267255181943626 
-0.6234967651113621 1.0661393327198576 -0.3267255181943626 
-0.6234967651113621 1.0661393327198576 -0.3267255181943626 
-0.6234967651113621 1.0661393327198576 -0.3267255181943626 
-0.6240867185904544 1.0688639831057491 -0.32833507102139814 
-0.6240867185904544 1.0688639831057491 -0.32833507102139814 
-0.6240867185904544 1.0688639831057491 -0.32833507102139814 
-0.6245279416537305 1.070902079030334 -0.32954291020388393 
-0.6245279416537305 1.070902079030334 -0.32954291020388393 
-0.6251711951062014 1.0738725464278385 -0.33129381658971 
-0.6251711951062014 1.0738725464278385 -0.33129381658971 
-0.6256069485035252 1.0758857255816008 -0.33249079624262057 
-0.6256069485035252 1.0758857255816008 -0.33249079624262057 
-0.6258657889954324 1.0770801253024123 -0.3331847935879766 
-0.6258657889954324 1.0770801253024123 -0.3331847935879766 
-0.6260983011853185 1.078153109678319 -0.3338090801272485 
-0.6260983011853185 1.078153109678319 -0.3338090801272485 
-0.6260983011853185 1.078153109678319 -0.3338090801272485 
-0.6260983011853185 1.078153109678319 -0.3338090801272485 
-0.6267694979723079 1.0812541734124084 -0.3356544195656579 
-0.6267694979723079 1.0812541734124084 -0.3356544195656579 
-0.6271427074844904 1.0829781544876025 -0.3366766993653807 
-0.6271427074844904 1.0829781544876025 -0.3366766993653807 
-0.6271427074844904 1.0829781544876025 -0.3366766993653807 
-0.6271427074844904 1.0829781544876025 -0.3366766993653807 
-0.6271427074844904 1.0829781544876025 -0.3366766993653807 
-0.6276854601819589 1.085484123204406 -0.3381493492798179 
-0.6276854601819589 1.085484123204406 -0.3381493492798179 
-0.6278719800108343 1.086346238142911 -0.33866635227540776 
-0.6278719800108343 1.086346238142911 -0.33866635227540776 
-0.6278719800108343 1.086346238142911 -0.33866635227540776 
-0.6278719800108343 1.086346238142911 -0.33866635227540776 
-0.6285645660336092 1.0895438550154808 -0.34054372487010665 
-0.6285645660336092 1.0895438550154808 -0.34054372487010665 
-0.6285645660336092 1.0895438550154808 -0.34054372487010665 
-0.6285645660336092 1.0895438550154808 -0.34054372487010665 
-0.6290360985799066 1.0917226215711882 -0.34184238292910873 
-0.6290360985799066 1.0917226215711882 -0.34184238292910873 
-0.6290360985799066 1.0917226215711882 -0.34184238292910873 
-0.6290360985799066 1.0917226215711882 -0.34184238292910873 
-0.62944986294143 1.093633212957502 -0.34296718093825884 
-0.62944986294143 1.093633212957502 -0.34296718093825884 
-0.62944986294143 1.093633212957502 -0.34296718093825884 
-0.6300988203540678 1.096630023613959 -0.3447336492718265 
-0.6300988203540678 1.096630023613959 -0.3447336492718265 
-0.6307688892701726 1.099725369228795 -0.3465699051033484 
-0.6307688892701726 1.099725369228795 -0.3465699051033484 
-0.6307688892701724 1.099725369228795 -0.3465699051033484 
-0.6312113940144279 1.1017686956487622 -0.3477731146583507 
-0.6312113940144279 1.1017686956487622 -0.3477731146583507 
-0.631330984694125 1.1023213595366002 -0.3481034536131028 
-0.6321734499744138 1.1062118699591463 -0.35039786380390026 
-0.6321734499744138 1.1062118699591463 -0.35039786380390026 
-0.6321734499744138 1.1062118699591463 -0.35039786380390026 
-0.6321734499744138 1.1062118699591463 -0.35039786380390026 
-0.6321734499744138 1.1062118699591463 -0.35039786380390026 
-0.6326761965931034 1.1085318834798359 -0.3517473217638454 
-0.633391757363885 1.1118385198840945 -0.35372173623184033 
-0.633391757363885 1.1118385198840945 -0.35372173623184033 
-0.6338066013320648 1.1137537529226345 -0.3548454165001511 
-0.6338066013320648 1.1137537529226345 -0.3548454165001511 
-0.6338066013320648 1.1137537529226345 -0.3548454165001511 
-0.6338066013320648 1.1137537529226345 -0.3548454165001511 
-0.6343417987782297 1.1162272318015454 -0.35632580771371625 
-0.6343417987782297 1.1162272318015454 -0.35632580771371625 
-0.6345543390525592 1.1172078053598755 -0.3568935738596891 
-0.6345543390525592 1.1172078053598755 -0.3568935738596891 
-0.6345543390525592 1.1172078053598755 -0.3568935738596891 
-0.6345543390525592 1.1172078053598755 -0.3568935738596891 
-0.6348906551915909 1.118760708662676 -0.3578070721479657 
-0.6348906551915909 1.118760708662676 -0.3578070721479657 
-0.6348906551915909 1.118760708662676 -0.3578070721479657 
-0.6348906551915909 1.118760708662676 -0.3578070721479657 
-0.6348906551915909 1.118760708662676 -0.3578070721479657 
-0.6364790339582749 1.1260956484683118 -0.3621305298237919 
-0.6364790339582749 1.1260956484683118 -0.3621305298237919 
-0.6366991551496276 1.1271134576081434 -0.36274521290387174 
-0.6366991551496276 1.1271134576081434 -0.36274521290387174 
-0.636700455338182 1.1271191179992612 -0.36274469697017553 
-0.636700455338182 1.1271191179992612 -0.36274469697017553 
-0.6367829481727758 1.1275001041983006 -0.3629697597587448 
-0.6367829481727758 1.1275001041983006 -0.3629697597587448 
-0.6367829481727758 1.1275001041983006 -0.3629697597587448 
-0.6367829481727758 1.1275001041983006 -0.3629697597587448 
-0.6367829481727758 1.1275001041983006 -0.3629697597587448 
-0.637275102728907 1.1297741117671436 -0.3643246802441983 
-0.637275102728907 1.1297741117671436 -0.3643246802441983 
-0.637275102728907 1.1297741117671436 -0.3643246802441983 
-0.637275102728907 1.1297741117671436 -0.3643246802441983 
-0.6378950830669692 1.1326367498285688 -0.36600802807236543 
-0.6378950830669692 1.1326367498285688 -0.36600802807236543 
-0.6382959211353361 1.134487986640217 -0.3671016228539675 
-0.6382959211353361 1.134487986640217 -0.3671016228539675 
-0.6386730819406481 1.1362302164294729 -0.36813468285120166 
-0.6386730819406481 1.1362302164294729 -0.36813468285120166 
-0.6386730819406481 1.1362302164294729 -0.36813468285120166 
-0.6386730819406481 1.1362302164294729 -0.36813468285120166 
-0.6391454090719211 1.1384109306085686 -0.36941519275259804 
-0.6391454090719211 1.1384109306085686 -0.36941519275259804 
-0.6391454090719211 1.1384109306085686 -0.36941519275259804 
-0.6391454090719211 1.1384109306085686 -0.36941519275259804 
-0.6397195669690129 1.1410626304312073 -0.3709816509551179 
-0.6397195669690129 1.1410626304312073 -0.3709816509551179 
-0.6397195669690129 1.1410626304312073 -0.3709816509551179 
-0.6397195669690129 1.1410626304312073 -0.3709816509551179 
-0.6397195669690131 1.1410626304312073 -0.3709816509551178 
-0.6403516330830484 1.1439814300496993 -0.3727020352526026 
-0.6408803798807039 1.1464234025396114 -0.3741445996803302 
-0.6408803798807039 1.1464234025396114 -0.3741445996803302 
-0.6410524180284498 1.1472186350552196 -0.3746220927287319 
-0.6410524180284498 1.1472186350552196 -0.3746220927287319 
-0.641392887534934 1.1487903759152385 -0.37554285932787435 
-0.641392887534934 1.1487903759152385 -0.37554285932787435 
-0.641392887534934 1.1487903759152385 -0.37554285932787435 
-0.641392887534934 1.1487903759152385 -0.37554285932787435 
-0.641392887534934 1.1487903759152385 -0.37554285932787435 
-0.6417683069878954 1.1505249078355928 -0.3765752316445198 
-0.6417683069878954 1.1505249078355928 -0.3765752316445198 
-0.6417683069878954 1.1505249078355928 -0.3765752316445198 
-0.6417683069878954 1.1505249078355928 -0.3765752316445198 
-0.6427399811860275 1.1550118143275203 -0.3792180955477461 
-0.6427399811860275 1.1550118143275203 -0.3792180955477461 
-0.6429554780894786 1.1560081018610577 -0.3798182190487366 
-0.6429554780894786 1.1560081018610577 -0.3798182190487366 
-0.6429554780894786 1.1560081018610577 -0.3798182190487366 
-0.6432729248857137 1.1574738586956126 -0.3806802366607932 
-0.6432729248857137 1.1574738586956126 -0.3806802366607932 
-0.6432729248857137 1.1574738586956126 -0.3806802366607932 
-0.6432729248857137 1.1574738586956126 -0.3806802366607932 
-0.6438218710369823 1.1600094646166121 -0.38218197359447514 
-0.6438218710369823 1.1600094646166121 -0.38218197359447514 
-0.6438218710369823 1.1600094646166121 -0.3821819735944748 
-0.6438218710369823 1.1600094646166121 -0.3821819735944748 
-0.6438218710369823 1.1600094646166121 -0.3821819735944748 
-0.6438218710369823 1.1600094646166121 -0.3821819735944748 
-0.6447602312263382 1.164343202008868 -0.3847420742618687 
-0.6447602312263382 1.164343202008868 -0.3847420742618687 
-0.6451649996826301 1.1662122465655944 -0.38584232900581183 
-0.6451649996826301 1.1662122465655944 -0.38584232900581183 
-0.6451649996826301 1.1662122465655944 -0.38584232900581183 
-0.6451649996826301 1.1662122465655944 -0.38584232900581183 
-0.6451649996826301 1.1662122465655944 -0.38584232900581183 
-0.6456445837644136 1.1684268207786253 -0.38714670103320803 
-0.645850096923918 1.16937476798978 -0.3876932637072178 
-0.6463049998248513 1.1714775854936954 -0.3889566212608594 
-0.6464502434141679 1.1721483807609567 -0.38935288509873545 
-0.6464502434141679 1.1721483807609567 -0.38935288509873545 
-0.647036468579658 1.174855812244927 -0.39095226607678446 
-0.647036468579658 1.174855812244927 -0.39095226607678446 
-0.647036468579658 1.174855812244927 -0.39095226607678446 
-0.6471518205469156 1.1753875223166161 -0.3912547878758771 
-0.6471518205469156 1.1753875223166161 -0.3912547878758771 
-0.6471518205469156 1.1753875223166161 -0.3912547878758771 
-0.6471518205469156 1.1753875223166161 -0.3912547878758771 
-0.6479037253471788 1.1788608200603132 -0.39331431415730467 
-0.648477867134325 1.1815121010604657 -0.3948766652074184 
-0.648477867134325 1.1815121010604657 -0.3948766652074184 
-0.648477867134325 1.1815121010604657 -0.3948766652074184 
-0.648477867134325 1.1815121010604657 -0.3948766652074184 
-0.648477867134325 1.1815121010604657 -0.3948766652074184 
-0.6489732515933675 1.1837996479832467 -0.39622414494209524 
-0.6489732515933675 1.1837996479832467 -0.39622414494209524 
-0.6489732515933675 1.1837996479832467 -0.39622414494209524 
-0.6489732515933675 1.1837996479832467 -0.39622414494209524 
-0.6497574644237117 1.187423183411771 -0.3983839175472209 
-0.6497574644237117 1.187423183411771 -0.3983839175472209 
-0.6497574644237117 1.187423183411771 -0.3983839175472209 
-0.6497574644237117 1.187423183411771 -0.3983839175472209 
-0.650364897319139 1.1902271908149213 -0.4000249944847406 
-0.650364897319139 1.1902271908149213 -0.4000249944847406 
-0.650364897319139 1.1902271908149213 -0.4000249944847406 
-0.650364897319139 1.1902271908149213 -0.4000249944847406 
-0.650364897319139 1.1902271908149213 -0.4000249944847406 
-0.6510630150500196 1.1934513886750109 -0.40192964867725667 
-0.6510630150500196 1.1934513886750109 -0.40192964867725667 
-0.6514562057315464 1.1952679955156489 -0.4030105057171737 
-0.6519906242694773 1.1977354736195405 -0.40446041778783093 
-0.6519906242694773 1.1977354736195405 -0.40446041778783093 
-0.6520933188553133 1.1982101043229154 -0.4047446596237364 
-0.6520933188553133 1.1982101043229154 -0.4047446596237364 
-0.6520933188553133 1.1982101043229154 -0.4047446596237364 
-0.6526931803894912 1.200981203065686 -0.40638937070797976 
-0.6526931803894912 1.200981203065686 -0.40638937070797976 
-0.6528941126644549 1.201908502990645 -0.4069294419583701 
-0.6528941126644549 1.201908502990645 -0.4069294419583701 
-0.6528941126644549 1.201908502990645 -0.4069294419583701 
-0.6528941126644549 1.201908502990645 -0.4069294419583701 
-0.6528941126644549 1.201908502990645 -0.4069294419583701 
-0.6536828093829361 1.2055503434253185 -0.40907309375404355 
-0.6536828093829361 1.2055503434253185 -0.40907309375404355 
-0.6538418866200046 1.2062853726480396 -0.4095111627287039 
-0.6538418866200046 1.2062853726480396 -0.4095111627287039 
-0.6538418866200046 1.2062853726480396 -0.4095111627287039 
-0.6541454861217805 1.2076866677783298 -0.41032939470244323 
-0.6541454861217805 1.2076866677783298 -0.41032939470244323 
-0.6541454861217805 1.2076866677783298 -0.41032939470244323 
-0.6541454861217805 1.2076866677783298 -0.41032939470244323 
-0.6547120150739982 1.2103039875252617 -0.4118851087475742 
-0.6547120150739982 1.2103039875252617 -0.4118851087475742 
-0.6547120150739982 1.2103039875252617 -0.4118851087475742 
-0.6547120150739982 1.2103039875252617 -0.4118851087475742 
-0.6555080170728272 1.2139809444613303 -0.414064944126466 
-0.6555080170728272 1.2139809444613303 -0.414064944126466 
-0.6555080170728272 1.2139809444613303 -0.414064944126466 
-0.6555080170728272 1.2139809444613303 -0.414064944126466 
-0.6559873668603963 1.2161940921862315 -0.41536461373569644 
-0.6559873668603963 1.2161940921862315 -0.41536461373569644 
-0.6559873668603963 1.2161940921862315 -0.41536461373569644 
-0.6565600433998153 1.2188399837435804 -0.41693921999372774 
-0.6565600433998153 1.2188399837435804 -0.41693921999372774 
-0.6569077215269727 1.2204443281700743 -0.4178715272616521 
-0.6569077215269727 1.2204443281700743 -0.4178715272616521 
-0.6569077215269727 1.2204443281700743 -0.4178715272616521 
-0.6569077215269727 1.2204443281700743 -0.4178715272616521 
-0.6575272881258718 1.2233057442521915 -0.41956187269758216 
-0.6582826756308358 1.226794437733692 -0.42162277434018736 
-0.6584990315590451 1.2277943481805629 -0.42222117829319694 
-0.6584990315590451 1.2277943481805629 -0.42222117829319694 
-0.6584990315590451 1.2277943481805629 -0.42222117829319694 
-0.6588765965130031 1.2295377556561315 -0.4232472145171402 
-0.6588765965130031 1.2295377556561315 -0.4232472145171402 
-0.6588765965130031 1.2295377556561315 -0.4232472145171402 
-0.658876596513003 1.2295377556561315 -0.42324721451713987 
-0.6592985251796323 1.2314870864571745 -0.4244064765615262 
-0.6592985251796323 1.2314870864571745 -0.4244064765615262 
-0.6592985251796323 1.2314870864571745 -0.4244064765615262 
-0.6592985251796323 1.2314870864571745 -0.4244064765615262 
-0.6601385599372441 1.2353660272956681 -0.42669019242825923 
-0.6601385599372441 1.2353660272956681 -0.42669019242825923 
-0.6605190150852501 1.237123471728808 -0.42773224028434065 
-0.66051901508525 1.237123471728808 -0.4277322402843403 
-0.66051901508525 1.237123471728808 -0.4277322402843403 
-0.6612683101890084 1.24058505374197 -0.429788621476775 
-0.6612683101890083 1.24058505374197 -0.42978862147677466 
-0.661815799642012 1.2431113638492197 -0.4312560868032067 
-0.661815799642012 1.2431113638492197 -0.4312560868032064 
-0.661815799642012 1.2431113638492197 -0.4312560868032064 
-0.661815799642012 1.2431113638492197 -0.4312560868032064 
-0.661815799642012 1.2431113638492197 -0.4312560868032064 
-0.6624446381851568 1.2460164551865909 -0.4329817982833586 
-0.6624446381851568 1.2460164551865909 -0.4329817982833586 
-0.6626489155302808 1.246960237296142 -0.43354318539119563 
-0.6626489155302808 1.246960237296142 -0.43354318539119563 
-0.6626489155302808 1.246960237296142 -0.43354318539119563 
-0.6630633505545559 1.248874270501871 -0.43467387635003363 
-0.6630633505545559 1.248874270501871 -0.43467387635003363 
-0.6630633505545559 1.248874270501871 -0.43467387635003363 
-0.6630633505545559 1.248874270501871 -0.43467387635003363 
-0.6636353745364596 1.2515171407899803 -0.4362466139240395 
-0.6642088179651003 1.2541645151275462 -0.4377990215932751 
-0.6642088179651003 1.2541645151275462 -0.4377990215932751 
-0.6642088179651003 1.2541645151275462 -0.4377990215932751 
-0.6642088179651003 1.2541645151275462 -0.4377990215932751 
-0.6645547732474826 1.2557615915808742 -0.43873475487439817 
-0.6650083163809464 1.2578572755506552 -0.4399843329443689 
-0.6650083163809463 1.2578572755506552 -0.43998433294436856 
-0.6654527943741368 1.2599097152544045 -0.4411929260567439 
-0.6654527943741368 1.2599097152544045 -0.4411929260567439 
-0.6664554398009843 1.2645403485941307 -0.4439284142579146 
-0.6664554398009843 1.2645403485941307 -0.4439284142579146 
-0.6667467949214333 1.2658859476447275 -0.44472330991394415 
-0.6667467949214333 1.2658859476447275 -0.44472330991394415 
-0.6667467949214333 1.2658859476447275 -0.44472330991394415 
-0.6667467949214333 1.2658859476447275 -0.44472330991394415 
-0.6670864239107341 1.2674544954871476 -0.44564990975485597 
-0.6670864239107341 1.2674544954871476 -0.44564990975485597 
-0.6674719003680085 1.2692347859935802 -0.44670159390208164 
-0.6674719003680085 1.2692347859935802 -0.44670159390208164 
-0.6674719003680085 1.2692347859935802 -0.44670159390208164 
-0.6680901626565542 1.272090178228337 -0.4483883808262116 
-0.6680901626565542 1.272090178228337 -0.4483883808262116 
-0.6685135613661695 1.2740449206186812 -0.4495354007454443 
-0.6685135613661695 1.2740449206186812 -0.4495354007454443 
-0.6685135613661695 1.2740449206186812 -0.4495354007454443 
-0.6685135613661695 1.2740449206186812 -0.4495354007454443 
-0.6690682275875504 1.276607288621119 -0.4510568067792742 
-0.6690682275875502 1.276607288621119 -0.45105680677927384 
-0.6694373663120429 1.27831024535109 -0.45204174622811577 
-0.6694373663120429 1.27831024535109 -0.45204174622811577 
-0.6699798069307933 1.2808169965142664 -0.45353977884716523 
-0.6699798069307933 1.2808169965142664 -0.45353977884716523 
-0.6700587896360537 1.2811817714770268 -0.45375526505250885 
-0.6700587896360537 1.2811817714770268 -0.45375526505250885 
-0.6700587896360537 1.2811817714770268 -0.45375526505250885 
-0.6700587896360537 1.2811817714770268 -0.45375526505250885 
-0.6703547530000674 1.282548653311864 -0.4545627332447132 
-0.6703547530000674 1.282548653311864 -0.4545627332447132 
-0.6703547530000674 1.282548653311864 -0.4545627332447132 
-0.6703547530000674 1.282548653311864 -0.4545627332447132 
-0.6712857024944269 1.2868491982944883 -0.4571148051299704 
-0.6712857024944269 1.2868491982944883 -0.4571148051299704 
-0.6712857024944269 1.2868491982944883 -0.4571148051299704 
-0.6712857024944269 1.2868491982944883 -0.4571148051299704 
-0.6719381378165069 1.2898613825422507 -0.45888263574195176 
-0.6723231964128191 1.2916400876131329 -0.459937243051444 
-0.6723231964128191 1.2916400876131329 -0.459937243051444 
-0.6723231964128193 1.2916400876131329 -0.4599372430514439 
-0.6727788802520204 1.2937446249916305 -0.46118047194594836 
-0.6734800395238058 1.29698218111174 -0.4630852978853569 
-0.6734800395238058 1.29698218111174 -0.4630852978853569 
-0.6734800395238058 1.29698218111174 -0.4630852978853569 
-0.6734800395238058 1.29698218111174 -0.4630852978853569 
-0.6734800395238058 1.29698218111174 -0.4630852978853569 
-0.6734800395238058 1.29698218111174 -0.4630852978853569 
-0.673922776164646 1.2990269229465878 -0.4642932033171435 
-0.6748166487191066 1.303156231209397 -0.46674411927138737 
-0.6748166487191066 1.303156231209397 -0.46674411927138737 
-0.6748166487191066 1.303156231209397 -0.46674411927138737 
-0.6748166487191066 1.303156231209397 -0.46674411927138737 
-0.675263107154121 1.3052178174166755 -0.4679581155652822 
-0.675263107154121 1.3052178174166755 -0.4679581155652822 
-0.675619638756711 1.3068647729730494 -0.4689348935119192 
-0.675619638756711 1.3068647729730494 -0.4689348935119192 
-0.675619638756711 1.3068647729730494 -0.4689348935119192 
-0.675619638756711 1.3068647729730494 -0.4689348935119192 
-0.675619638756711 1.3068647729730494 -0.4689348935119192 
-0.6761345310014103 1.309242070538518 -0.4703315325676919 
-0.6761345310014103 1.309242070538518 -0.4703315325676919 
-0.6765208987033344 1.311026821603258 -0.4713897114717479 
-0.6765208987033344 1.311026821603258 -0.4713897114717479 
-0.6767758756447287 1.3122050999421868 -0.47209348400576856 
-0.6767758756447287 1.3122050999421868 -0.47209348400576856 
-0.6767758756447287 1.3122050999421868 -0.47209348400576856 
-0.6767758756447287 1.3122050999421868 -0.47209348400576856 
-0.677549837880291 1.3157782015700985 -0.4741888097422996 
-0.677549837880291 1.3157782015700985 -0.4741888097422996 
-0.677995671584761 1.317837591352172 -0.4754092280023424 
-0.677995671584761 1.317837591352172 -0.4754092280023424 
-0.678263990282645 1.3190767986280678 -0.4761412740602623 
-0.678263990282645 1.3190767986280678 -0.4761412740602623 
-0.678263990282645 1.3190767986280678 -0.4761412740602623 
-0.678263990282645 1.3190767986280678 -0.4761412740602623 
-0.678779810787144 1.3214594165433142 -0.4775526352604419 
-0.678779810787144 1.3214594165433142 -0.4775526352604419 
-0.678779810787144 1.3214594165433142 -0.4775526352604419 
-0.6791909240440922 1.323357419606684 -0.47866613713838413 
