-0.6635637460292966 0.9971724435558526 -0.2859841988674613 
-0.6635637460292966 0.9971724435558526 -0.2859841988674613 
-0.6635637460292966 0.9971724435558526 -0.2859841988674613 
-0.6629244515526739 0.9942199159343387 -0.2842400304395717 
-0.6629244515526739 0.9942199159343387 -0.2842400304395717 
-0.6629244515526739 0.9942199159343387 -0.2842400304395717 
-0.6629244515526739 0.9942199159343387 -0.2842400304395717 
-0.6629244515526739 0.9942199159343387 -0.2842400304395717 
-0.6629244515526739 0.9942199159343387 -0.2842400304395717 
-0.6629244515526739 0.9942199159343387 -0.2842400304395717 
-0.6629244515526739 0.9942199159343387 -0.2842400304395717 
-0.6633667542226063 0.9962626535111495 -0.28544675188121926 
-0.6633667542226063 0.9962626535111495 -0.28544675188121926 
-0.6633667542226063 0.9962626535111495 -0.28544675188121926 
-0.6633667542226063 0.9962626535111495 -0.28544675188121926 
-0.6633667542226063 0.9962626535111495 -0.28544675188121926 
-0.664009130142744 0.9992290680995848 -0.2871952641212383 
-0.664009130142744 0.9992290680995848 -0.2871952641212383 
-0.664009130142744 0.9992290680995848 -0.2871952641212383 
-0.6643498524510175 1.0008026653434685 -0.2881248468323355 
-0.6643498524510175 1.0008026653434685 -0.2881248468323355 
-0.6643498524510175 1.0008026653434685 -0.2881248468323355 
-0.6643498524510174 1.0008026653434685 -0.2881248468323352 
-0.6643498524510174 1.0008026653434685 -0.2881248468323352 
-0.6643498524510174 1.0008026653434685 -0.2881248468323352 
-0.6654025166214586 1.0056643060318489 -0.2909967997091275 
-0.6654025166214586 1.0056643060318489 -0.2909967997091275 
-0.6654025166214586 1.0056643060318489 -0.2909967997091275 
-0.6654025166214586 1.0056643060318489 -0.2909967997091275 
-0.6654025166214586 1.0056643060318489 -0.2909967997091275 
-0.6654025166214586 1.0056643060318489 -0.2909967997091275 
-0.6654025166214586 1.0056643060318489 -0.2909967997091275 
-0.6654025166214586 1.0056643060318489 -0.2909967997091275 
-0.6654025166214586 1.0056643060318489 -0.2909967997091275 
-0.6658891537812076 1.0079121431307216 -0.2923285408431333 
-0.6658891537812076 1.0079121431307216 -0.2923285408431333 
-0.6658891537812076 1.0079121431307216 -0.2923285408431333 
-0.6658891537812076 1.0079121431307216 -0.2923285408431333 
-0.6658891537812076 1.0079121431307216 -0.2923285408431333 
-0.6667667227524597 1.0119647769892999 -0.2947187234075703 
-0.6667667227524597 1.0119647769892999 -0.2947187234075703 
-0.6667667227524597 1.0119647769892999 -0.2947187234075703 
-0.6667667227524597 1.0119647769892999 -0.2947187234075703 
-0.6667667227524597 1.0119647769892999 -0.2947187234075703 
-0.6667667227524597 1.0119647769892999 -0.2947187234075703 
-0.6671884022137438 1.013912268016351 -0.295869179152075 
-0.6671884022137438 1.013912268016351 -0.295869179152075 
-0.6671884022137438 1.013912268016351 -0.295869179152075 
-0.6671884022137438 1.013912268016351 -0.295869179152075 
-0.6680192389918009 1.0177490731821006 -0.298131863640246 
-0.6680192389918009 1.0177490731821006 -0.298131863640246 
-0.6680192389918009 1.0177490731821006 -0.298131863640246 
-0.6690523935783632 1.0225209549228569 -0.3009546522899057 
-0.6690523935783632 1.0225209549228569 -0.3009546522899057 
-0.6690523935783632 1.0225209549228569 -0.3009546522899057 
-0.6690523935783632 1.0225209549228569 -0.3009546522899057 
-0.6690523935783632 1.0225209549228569 -0.3009546522899057 
-0.6690523935783632 1.0225209549228569 -0.3009546522899057 
-0.6694519624792524 1.024367363451736 -0.30205697403932497 
-0.6694519624792524 1.024367363451736 -0.30205697403932497 
-0.6694519624792524 1.024367363451736 -0.30205697403932497 
-0.6702391247149649 1.0280021170071623 -0.3041964393505282 
-0.6702391247149649 1.0280021170071623 -0.3041964393505282 
-0.6702391247149649 1.0280021170071623 -0.3041964393505282 
-0.6702391247149649 1.0280021170071623 -0.3041964393505282 
-0.6702391247149649 1.0280021170071623 -0.3041964393505282 
-0.6702391247149649 1.0280021170071623 -0.3041964393505282 
-0.6702391247149649 1.0280021170071623 -0.3041964393505282 
-0.6702391247149649 1.0280021170071623 -0.3041964393505282 
-0.6712459175151914 1.0326515602209847 -0.30693917950910954 
-0.6712459175151914 1.0326515602209847 -0.30693917950910954 
-0.6715734273754217 1.0341632833251722 -0.3078226454146926 
-0.6715734273754217 1.0341632833251722 -0.3078226454146926 
-0.6717446386526917 1.0349555505719874 -0.3083079522063962 
-0.6717446386526917 1.0349555505719874 -0.3083079522063962 
-0.6717446386526917 1.0349555505719874 -0.3083079522063962 
-0.6722005856806758 1.0370619848184102 -0.30955993722094877 
-0.6722005856806758 1.0370619848184102 -0.30955993722094877 
-0.6722005856806758 1.0370619848184102 -0.30955993722094877 
-0.6722005856806758 1.0370619848184102 -0.30955993722094877 
-0.672835427749204 1.0399922347557475 -0.3112717306038961 
-0.672835427749204 1.0399922347557475 -0.3112717306038961 
-0.672835427749204 1.0399922347557475 -0.3112717306038961 
-0.6734379218803818 1.042775491925727 -0.3129236241255583 
-0.6734379218803818 1.042775491925727 -0.3129236241255583 
-0.6734379218803818 1.042775491925727 -0.3129236241255583 
-0.6734379218803818 1.042775491925727 -0.3129236241255583 
-0.6734379218803818 1.042775491925727 -0.3129236241255583 
-0.6734379218803818 1.042775491925727 -0.3129236241255583 
-0.6740752037253745 1.0457175263949845 -0.3146481686794643 
-0.6740752037253745 1.0457175263949845 -0.3146481686794643 
-0.6740752037253745 1.0457175263949845 -0.3146481686794643 
-0.6740752037253745 1.0457175263949845 -0.3146481686794643 
-0.6748600493412357 1.0493434676599567 -0.3168035728946448 
-0.6748600493412357 1.0493434676599567 -0.3168035728946448 
-0.67505575103972 1.0502472994487195 -0.3173375001163906 
-0.67505575103972 1.0502472994487195 -0.3173375001163906 
-0.6755006875054671 1.0523022009893637 -0.31855140726614806 
-0.6755006875054671 1.0523022009893637 -0.31855140726614806 
-0.6755006875054671 1.0523022009893637 -0.31855140726614806 
-0.6755006875054671 1.0523022009893637 -0.31855140726614806 
-0.6755006875054671 1.0523022009893637 -0.31855140726614806 
-0.676107975844587 1.0551069109642528 -0.3202082542849337 
-0.676107975844587 1.0551069109642528 -0.3202082542849337 
-0.676107975844587 1.0551069109642528 -0.3202082542849337 
-0.676107975844587 1.0551069109642528 -0.3202082542849337 
-0.6767714149383547 1.058170604043607 -0.3220142325656902 
-0.6767714149383547 1.058170604043607 -0.3220142325656902 
-0.6770956984265089 1.0596686244032982 -0.32290302892463074 
-0.6770956984265089 1.0596686244032982 -0.32290302892463074 
-0.6770956984265089 1.0596686244032982 -0.32290302892463074 
-0.6770956984265089 1.0596686244032982 -0.32290302892463074 
-0.6773910048400872 1.0610324721679572 -0.3237087047781716 
-0.6773910048400872 1.0610324721679572 -0.3237087047781716 
-0.6773910048400872 1.0610324721679572 -0.3237087047781716 
-0.6773910048400872 1.0610324721679572 -0.3237087047781716 
-0.6782964527716837 1.0652142070736061 -0.32617901189506016 
-0.6782964527716837 1.0652142070736061 -0.32617901189506016 
-0.6782964527716837 1.0652142070736061 -0.32617901189506016 
-0.6782964527716837 1.0652142070736061 -0.32617901189506016 
-0.678496765111362 1.0661393327198574 -0.3267255181943626 
-0.678496765111362 1.0661393327198574 -0.3267255181943626 
-0.678496765111362 1.0661393327198574 -0.3267255181943626 
-0.678496765111362 1.0661393327198574 -0.3267255181943626 
-0.6790867185904544 1.0688639831057491 -0.32833507102139825 
-0.6790867185904544 1.0688639831057491 -0.32833507102139825 
-0.6790867185904544 1.0688639831057491 -0.32833507102139825 
-0.6795279416537305 1.070902079030334 -0.32954291020388427 
-0.6795279416537305 1.070902079030334 -0.32954291020388427 
-0.6801711951062015 1.0738725464278387 -0.33129381658971013 
-0.6801711951062015 1.0738725464278387 -0.33129381658971013 
-0.6806069485035251 1.0758857255816006 -0.3324907962426209 
-0.6806069485035251 1.0758857255816006 -0.3324907962426209 
-0.6808657889954324 1.0770801253024123 -0.3331847935879766 
-0.6808657889954324 1.0770801253024123 -0.3331847935879766 
-0.6810983011853186 1.078153109678319 -0.3338090801272485 
-0.6810983011853186 1.078153109678319 -0.3338090801272485 
-0.6810983011853186 1.078153109678319 -0.3338090801272485 
-0.6810983011853186 1.078153109678319 -0.3338090801272485 
-0.6817694979723078 1.0812541734124084 -0.3356544195656581 
-0.6817694979723078 1.0812541734124084 -0.3356544195656581 
-0.6821427074844905 1.0829781544876025 -0.3366766993653809 
-0.6821427074844905 1.0829781544876025 -0.3366766993653809 
-0.6821427074844905 1.0829781544876025 -0.3366766993653809 
-0.6821427074844905 1.0829781544876025 -0.3366766993653809 
-0.6821427074844905 1.0829781544876025 -0.3366766993653809 
-0.682685460181959 1.085484123204406 -0.33814934927981777 
-0.682685460181959 1.085484123204406 -0.33814934927981777 
-0.6828719800108345 1.0863462381429114 -0.33866635227540787 
-0.6828719800108345 1.0863462381429114 -0.33866635227540787 
-0.6828719800108345 1.0863462381429114 -0.33866635227540787 
-0.6828719800108345 1.0863462381429114 -0.33866635227540787 
-0.6835645660336093 1.0895438550154808 -0.34054372487010665 
-0.6835645660336093 1.0895438550154808 -0.34054372487010665 
-0.6835645660336093 1.0895438550154808 -0.34054372487010665 
-0.6835645660336093 1.0895438550154808 -0.34054372487010665 
-0.6840360985799067 1.0917226215711884 -0.34184238292910907 
-0.6840360985799067 1.0917226215711884 -0.34184238292910907 
-0.6840360985799067 1.0917226215711884 -0.34184238292910907 
-0.6840360985799067 1.0917226215711884 -0.34184238292910907 
-0.68444986294143 1.0936332129575022 -0.34296718093825895 
-0.68444986294143 1.0936332129575022 -0.34296718093825895 
-0.68444986294143 1.0936332129575022 -0.34296718093825895 
-0.6850988203540679 1.0966300236139592 -0.3447336492718268 
-0.6850988203540679 1.0966300236139592 -0.3447336492718268 
-0.6857688892701725 1.099725369228795 -0.34656990510334895 
-0.6857688892701725 1.099725369228795 -0.34656990510334895 
-0.6857688892701723 1.099725369228795 -0.34656990510334895 
-0.6862113940144279 1.101768695648762 -0.3477731146583507 
-0.6862113940144279 1.101768695648762 -0.3477731146583507 
-0.6863309846941249 1.1023213595366002 -0.348103453613103 
-0.6871734499744138 1.106211869959146 -0.35039786380390026 
-0.6871734499744138 1.106211869959146 -0.35039786380390026 
-0.6871734499744138 1.106211869959146 -0.35039786380390026 
-0.6871734499744138 1.106211869959146 -0.35039786380390026 
-0.6871734499744138 1.106211869959146 -0.35039786380390026 
-0.6876761965931033 1.1085318834798357 -0.3517473217638456 
-0.6883917573638851 1.111838519884095 -0.35372173623184033 
-0.6883917573638851 1.111838519884095 -0.35372173623184033 
-0.688806601332065 1.113753752922635 -0.354845416500151 
-0.688806601332065 1.113753752922635 -0.354845416500151 
-0.688806601332065 1.113753752922635 -0.354845416500151 
-0.688806601332065 1.113753752922635 -0.354845416500151 
-0.6893417987782297 1.1162272318015454 -0.35632580771371625 
-0.6893417987782297 1.1162272318015454 -0.35632580771371625 
-0.6895543390525594 1.1172078053598757 -0.356893573859689 
-0.6895543390525594 1.1172078053598757 -0.356893573859689 
-0.6895543390525594 1.1172078053598757 -0.356893573859689 
-0.6895543390525594 1.1172078053598757 -0.356893573859689 
-0.689890655191591 1.1187607086626763 -0.3578070721479657 
-0.689890655191591 1.1187607086626763 -0.3578070721479657 
-0.689890655191591 1.1187607086626763 -0.3578070721479657 
-0.689890655191591 1.1187607086626763 -0.3578070721479657 
-0.689890655191591 1.1187607086626763 -0.3578070721479657 
-0.6914790339582748 1.1260956484683118 -0.36213052982379235 
-0.6914790339582748 1.1260956484683118 -0.36213052982379235 
-0.6916991551496275 1.1271134576081434 -0.36274521290387185 
-0.6916991551496275 1.1271134576081434 -0.36274521290387185 
-0.691700455338182 1.1271191179992615 -0.3627446969701753 
-0.691700455338182 1.1271191179992615 -0.3627446969701753 
-0.6917829481727759 1.1275001041983008 -0.3629697597587448 
-0.6917829481727759 1.1275001041983008 -0.3629697597587448 
-0.6917829481727759 1.1275001041983008 -0.3629697597587448 
-0.6917829481727759 1.1275001041983008 -0.3629697597587448 
-0.6917829481727759 1.1275001041983008 -0.3629697597587448 
-0.6922751027289071 1.1297741117671436 -0.3643246802441984 
-0.6922751027289071 1.1297741117671436 -0.3643246802441984 
-0.6922751027289071 1.1297741117671436 -0.3643246802441984 
-0.6922751027289071 1.1297741117671436 -0.3643246802441984 
-0.6928950830669692 1.1326367498285688 -0.36600802807236554 
-0.6928950830669692 1.1326367498285688 -0.36600802807236554 
-0.693295921135336 1.134487986640217 -0.3671016228539674 
-0.693295921135336 1.134487986640217 -0.3671016228539674 
-0.693673081940648 1.1362302164294729 -0.36813468285120154 
-0.693673081940648 1.1362302164294729 -0.36813468285120154 
-0.693673081940648 1.1362302164294729 -0.36813468285120154 
-0.693673081940648 1.1362302164294729 -0.36813468285120154 
-0.694145409071921 1.1384109306085683 -0.3694151927525986 
-0.694145409071921 1.1384109306085683 -0.3694151927525986 
-0.694145409071921 1.1384109306085683 -0.3694151927525986 
-0.694145409071921 1.1384109306085683 -0.3694151927525986 
-0.6947195669690129 1.1410626304312077 -0.3709816509551177 
-0.6947195669690129 1.1410626304312077 -0.3709816509551177 
-0.6947195669690129 1.1410626304312077 -0.3709816509551177 
-0.6947195669690129 1.1410626304312077 -0.3709816509551177 
-0.6947195669690132 1.1410626304312077 -0.3709816509551176 
-0.6953516330830485 1.1439814300496995 -0.37270203525260237 
-0.6958803798807041 1.1464234025396116 -0.37414459968033 
-0.6958803798807041 1.1464234025396116 -0.37414459968033 
-0.6960524180284499 1.1472186350552198 -0.37462209272873215 
-0.6960524180284499 1.1472186350552198 -0.37462209272873215 
-0.696392887534934 1.1487903759152387 -0.37554285932787457 
-0.696392887534934 1.1487903759152387 -0.37554285932787457 
-0.696392887534934 1.1487903759152387 -0.37554285932787457 
-0.696392887534934 1.1487903759152387 -0.37554285932787457 
-0.696392887534934 1.1487903759152387 -0.37554285932787457 
-0.6967683069878955 1.1505249078355928 -0.37657523164452 
-0.6967683069878955 1.1505249078355928 -0.37657523164452 
-0.6967683069878955 1.1505249078355928 -0.37657523164452 
-0.6967683069878955 1.1505249078355928 -0.37657523164452 
-0.6977399811860275 1.1550118143275208 -0.3792180955477463 
-0.6977399811860275 1.1550118143275208 -0.3792180955477463 
-0.6979554780894787 1.1560081018610577 -0.37981821904873725 
-0.6979554780894787 1.1560081018610577 -0.37981821904873725 
-0.6979554780894787 1.1560081018610577 -0.37981821904873725 
-0.6982729248857139 1.1574738586956133 -0.38068023666079365 
-0.6982729248857139 1.1574738586956133 -0.38068023666079365 
-0.6982729248857139 1.1574738586956133 -0.38068023666079365 
-0.6982729248857139 1.1574738586956133 -0.38068023666079365 
-0.6988218710369825 1.1600094646166121 -0.38218197359447514 
-0.6988218710369825 1.1600094646166121 -0.38218197359447514 
-0.6988218710369823 1.1600094646166121 -0.3821819735944748 
-0.6988218710369823 1.1600094646166121 -0.3821819735944748 
-0.6988218710369823 1.1600094646166121 -0.3821819735944748 
-0.6988218710369823 1.1600094646166121 -0.3821819735944748 
-0.6997602312263382 1.1643432020088684 -0.3847420742618687 
-0.6997602312263382 1.1643432020088684 -0.3847420742618687 
-0.7001649996826299 1.1662122465655944 -0.3858423290058116 
-0.7001649996826299 1.1662122465655944 -0.3858423290058116 
-0.7001649996826299 1.1662122465655944 -0.3858423290058116 
-0.7001649996826299 1.1662122465655944 -0.3858423290058116 
-0.7001649996826299 1.1662122465655944 -0.3858423290058116 
-0.7006445837644135 1.168426820778625 -0.3871467010332085 
-0.7008500969239181 1.16937476798978 -0.38769326370721735 
-0.7013049998248514 1.1714775854936956 -0.3889566212608596 
-0.7014502434141677 1.172148380760957 -0.3893528850987352 
-0.7014502434141677 1.172148380760957 -0.3893528850987352 
-0.702036468579658 1.174855812244927 -0.39095226607678446 
-0.702036468579658 1.174855812244927 -0.39095226607678446 
-0.702036468579658 1.174855812244927 -0.39095226607678446 
-0.7021518205469156 1.1753875223166164 -0.3912547878758773 
-0.7021518205469156 1.1753875223166164 -0.3912547878758773 
-0.7021518205469156 1.1753875223166164 -0.3912547878758773 
-0.7021518205469156 1.1753875223166164 -0.3912547878758773 
-0.7029037253471787 1.1788608200603132 -0.3933143141573049 
-0.703477867134325 1.1815121010604657 -0.3948766652074188 
-0.703477867134325 1.1815121010604657 -0.3948766652074188 
-0.703477867134325 1.1815121010604657 -0.3948766652074188 
-0.703477867134325 1.1815121010604657 -0.3948766652074188 
-0.703477867134325 1.1815121010604657 -0.3948766652074188 
-0.7039732515933674 1.1837996479832469 -0.39622414494209546 
-0.7039732515933674 1.1837996479832469 -0.39622414494209546 
-0.7039732515933674 1.1837996479832469 -0.39622414494209546 
-0.7039732515933674 1.1837996479832469 -0.39622414494209546 
-0.7047574644237119 1.1874231834117712 -0.3983839175472207 
-0.7047574644237119 1.1874231834117712 -0.3983839175472207 
-0.7047574644237119 1.1874231834117712 -0.3983839175472207 
-0.7047574644237119 1.1874231834117712 -0.3983839175472207 
-0.705364897319139 1.1902271908149216 -0.4000249944847408 
-0.705364897319139 1.1902271908149216 -0.4000249944847408 
-0.705364897319139 1.1902271908149216 -0.4000249944847408 
-0.705364897319139 1.1902271908149216 -0.4000249944847408 
-0.705364897319139 1.1902271908149216 -0.4000249944847408 
-0.7060630150500198 1.193451388675011 -0.4019296486772571 
-0.7060630150500198 1.193451388675011 -0.4019296486772571 
-0.7064562057315463 1.1952679955156493 -0.4030105057171737 
-0.7069906242694773 1.1977354736195407 -0.40446041778783093 
-0.7069906242694773 1.1977354736195407 -0.40446041778783093 
-0.7070933188553135 1.1982101043229156 -0.4047446596237366 
-0.7070933188553135 1.1982101043229156 -0.4047446596237366 
-0.7070933188553135 1.1982101043229156 -0.4047446596237366 
-0.7076931803894914 1.2009812030656866 -0.40638937070797976 
-0.7076931803894914 1.2009812030656866 -0.40638937070797976 
-0.7078941126644548 1.201908502990645 -0.4069294419583699 
-0.7078941126644548 1.201908502990645 -0.4069294419583699 
-0.7078941126644548 1.201908502990645 -0.4069294419583699 
-0.7078941126644548 1.201908502990645 -0.4069294419583699 
-0.7078941126644548 1.201908502990645 -0.4069294419583699 
-0.7086828093829362 1.2055503434253187 -0.40907309375404377 
-0.7086828093829362 1.2055503434253187 -0.40907309375404377 
-0.7088418866200047 1.2062853726480398 -0.40951116272870414 
-0.7088418866200047 1.2062853726480398 -0.40951116272870414 
-0.7088418866200047 1.2062853726480398 -0.40951116272870414 
-0.7091454861217804 1.2076866677783296 -0.41032939470244323 
-0.7091454861217804 1.2076866677783296 -0.41032939470244323 
-0.7091454861217804 1.2076866677783296 -0.41032939470244323 
-0.7091454861217804 1.2076866677783296 -0.41032939470244323 
-0.7097120150739984 1.210303987525262 -0.4118851087475738 
-0.7097120150739984 1.210303987525262 -0.4118851087475738 
-0.7097120150739984 1.210303987525262 -0.4118851087475738 
-0.7097120150739984 1.210303987525262 -0.4118851087475738 
-0.7105080170728272 1.2139809444613303 -0.4140649441264662 
-0.7105080170728272 1.2139809444613303 -0.4140649441264662 
-0.7105080170728272 1.2139809444613303 -0.4140649441264662 
-0.7105080170728272 1.2139809444613303 -0.4140649441264662 
-0.7109873668603963 1.2161940921862315 -0.41536461373569644 
-0.7109873668603963 1.2161940921862315 -0.41536461373569644 
-0.7109873668603963 1.2161940921862315 -0.41536461373569644 
-0.7115600433998153 1.2188399837435804 -0.41693921999372796 
-0.7115600433998153 1.2188399837435804 -0.41693921999372796 
-0.7119077215269729 1.2204443281700745 -0.4178715272616521 
-0.7119077215269729 1.2204443281700745 -0.4178715272616521 
-0.7119077215269729 1.2204443281700745 -0.4178715272616521 
-0.7119077215269729 1.2204443281700745 -0.4178715272616521 
-0.7125272881258717 1.2233057442521917 -0.41956187269758216 
-0.7132826756308358 1.226794437733692 -0.4216227743401876 
-0.713499031559045 1.2277943481805629 -0.4222211782931967 
-0.713499031559045 1.2277943481805629 -0.4222211782931967 
-0.713499031559045 1.2277943481805629 -0.4222211782931967 
-0.7138765965130032 1.2295377556561318 -0.4232472145171404 
-0.7138765965130032 1.2295377556561318 -0.4232472145171404 
-0.7138765965130032 1.2295377556561318 -0.4232472145171404 
-0.7138765965130031 1.2295377556561318 -0.4232472145171401 
-0.7142985251796324 1.2314870864571745 -0.4244064765615264 
-0.7142985251796324 1.2314870864571745 -0.4244064765615264 
-0.7142985251796324 1.2314870864571745 -0.4244064765615264 
-0.7142985251796324 1.2314870864571745 -0.4244064765615264 
-0.7151385599372441 1.2353660272956684 -0.42669019242825945 
-0.7151385599372441 1.2353660272956684 -0.42669019242825945 
-0.7155190150852502 1.2371234717288084 -0.42773224028434087 
-0.7155190150852501 1.2371234717288084 -0.42773224028434054 
-0.7155190150852501 1.2371234717288084 -0.42773224028434054 
-0.7162683101890085 1.2405850537419703 -0.429788621476775 
-0.7162683101890084 1.2405850537419703 -0.42978862147677466 
-0.7168157996420123 1.2431113638492202 -0.43125608680320693 
-0.7168157996420121 1.2431113638492202 -0.4312560868032066 
-0.7168157996420121 1.2431113638492202 -0.4312560868032066 
-0.7168157996420121 1.2431113638492202 -0.4312560868032066 
-0.7168157996420121 1.2431113638492202 -0.4312560868032066 
-0.7174446381851568 1.2460164551865909 -0.4329817982833586 
-0.7174446381851568 1.2460164551865909 -0.4329817982833586 
-0.7176489155302809 1.2469602372961417 -0.4335431853911961 
-0.7176489155302809 1.2469602372961417 -0.4335431853911961 
-0.7176489155302809 1.2469602372961417 -0.4335431853911961 
-0.718063350554556 1.2488742705018714 -0.43467387635003363 
-0.718063350554556 1.2488742705018714 -0.43467387635003363 
-0.718063350554556 1.2488742705018714 -0.43467387635003363 
-0.718063350554556 1.2488742705018714 -0.43467387635003363 
-0.7186353745364596 1.2515171407899803 -0.4362466139240393 
-0.7192088179651006 1.2541645151275462 -0.4377990215932751 
-0.7192088179651006 1.2541645151275462 -0.4377990215932751 
-0.7192088179651006 1.2541645151275462 -0.4377990215932751 
-0.7192088179651006 1.2541645151275462 -0.4377990215932751 
-0.7195547732474827 1.2557615915808744 -0.4387347548743986 
-0.7200083163809464 1.2578572755506554 -0.4399843329443691 
-0.7200083163809463 1.2578572755506554 -0.4399843329443688 
-0.720452794374137 1.2599097152544048 -0.4411929260567439 
-0.720452794374137 1.2599097152544048 -0.4411929260567439 
-0.7214554398009843 1.2645403485941307 -0.4439284142579146 
-0.7214554398009843 1.2645403485941307 -0.4439284142579146 
-0.7217467949214335 1.265885947644728 -0.4447233099139446 
-0.7217467949214335 1.265885947644728 -0.4447233099139446 
-0.7217467949214335 1.265885947644728 -0.4447233099139446 
-0.7217467949214335 1.265885947644728 -0.4447233099139446 
-0.7220864239107342 1.2674544954871476 -0.4456499097548564 
-0.7220864239107342 1.2674544954871476 -0.4456499097548564 
-0.7224719003680087 1.2692347859935804 -0.44670159390208164 
-0.7224719003680087 1.2692347859935804 -0.44670159390208164 
-0.7224719003680087 1.2692347859935804 -0.44670159390208164 
-0.7230901626565543 1.2720901782283376 -0.448388380826212 
-0.7230901626565543 1.2720901782283376 -0.448388380826212 
-0.7235135613661694 1.274044920618681 -0.4495354007454443 
-0.7235135613661694 1.274044920618681 -0.4495354007454443 
-0.7235135613661694 1.274044920618681 -0.4495354007454443 
-0.7235135613661694 1.274044920618681 -0.4495354007454443 
-0.7240682275875504 1.2766072886211193 -0.4510568067792746 
-0.7240682275875503 1.2766072886211193 -0.4510568067792743 
-0.7244373663120431 1.2783102453510902 -0.4520417462281153 
-0.7244373663120431 1.2783102453510902 -0.4520417462281153 
-0.7249798069307932 1.2808169965142664 -0.45353977884716523 
-0.7249798069307932 1.2808169965142664 -0.45353977884716523 
-0.7250587896360537 1.2811817714770273 -0.45375526505250885 
-0.7250587896360537 1.2811817714770273 -0.45375526505250885 
-0.7250587896360537 1.2811817714770273 -0.45375526505250885 
-0.7250587896360537 1.2811817714770273 -0.45375526505250885 
-0.7253547530000676 1.282548653311864 -0.4545627332447134 
-0.7253547530000676 1.282548653311864 -0.4545627332447134 
-0.7253547530000676 1.282548653311864 -0.4545627332447134 
-0.7253547530000676 1.282548653311864 -0.4545627332447134 
-0.7262857024944269 1.2868491982944885 -0.4571148051299706 
-0.7262857024944269 1.2868491982944885 -0.4571148051299706 
-0.7262857024944269 1.2868491982944885 -0.4571148051299706 
-0.7262857024944269 1.2868491982944885 -0.4571148051299706 
-0.7269381378165071 1.289861382542251 -0.4588826357419524 
-0.7273231964128191 1.291640087613133 -0.45993724305144423 
-0.7273231964128191 1.291640087613133 -0.45993724305144423 
-0.7273231964128193 1.291640087613133 -0.4599372430514441 
-0.7277788802520204 1.2937446249916307 -0.46118047194594836 
-0.7284800395238058 1.2969821811117397 -0.46308529788535713 
-0.7284800395238058 1.2969821811117397 -0.46308529788535713 
-0.7284800395238058 1.2969821811117397 -0.46308529788535713 
-0.7284800395238058 1.2969821811117397 -0.46308529788535713 
-0.7284800395238058 1.2969821811117397 -0.46308529788535713 
-0.7284800395238058 1.2969821811117397 -0.46308529788535713 
-0.7289227761646461 1.2990269229465876 -0.4642932033171435 
-0.7298166487191067 1.3031562312093974 -0.4667441192713869 
-0.7298166487191067 1.3031562312093974 -0.4667441192713869 
-0.7298166487191067 1.3031562312093974 -0.4667441192713869 
-0.7298166487191067 1.3031562312093974 -0.4667441192713869 
-0.7302631071541208 1.3052178174166755 -0.467958115565282 
-0.7302631071541208 1.3052178174166755 -0.467958115565282 
-0.7306196387567111 1.3068647729730496 -0.4689348935119192 
-0.7306196387567111 1.3068647729730496 -0.4689348935119192 
-0.7306196387567111 1.3068647729730496 -0.4689348935119192 
-0.7306196387567111 1.3068647729730496 -0.4689348935119192 
-0.7306196387567111 1.3068647729730496 -0.4689348935119192 
-0.7311345310014103 1.309242070538518 -0.4703315325676921 
-0.7311345310014103 1.309242070538518 -0.4703315325676921 
-0.7315208987033344 1.311026821603258 -0.4713897114717479 
-0.7315208987033344 1.311026821603258 -0.4713897114717479 
-0.7317758756447287 1.3122050999421868 -0.47209348400576834 
-0.7317758756447287 1.3122050999421868 -0.47209348400576834 
-0.7317758756447287 1.3122050999421868 -0.47209348400576834 
-0.7317758756447287 1.3122050999421868 -0.47209348400576834 
-0.732549837880291 1.3157782015700985 -0.47418880974229916 
-0.732549837880291 1.3157782015700985 -0.47418880974229916 
-0.7329956715847611 1.3178375913521718 -0.4754092280023431 
-0.7329956715847611 1.3178375913521718 -0.4754092280023431 
-0.733263990282645 1.319076798628068 -0.4761412740602623 
-0.733263990282645 1.319076798628068 -0.4761412740602623 
-0.733263990282645 1.319076798628068 -0.4761412740602623 
-0.733263990282645 1.319076798628068 -0.4761412740602623 
-0.7337798107871438 1.3214594165433144 -0.4775526352604419 
-0.7337798107871438 1.3214594165433144 -0.4775526352604419 
-0.7337798107871438 1.3214594165433144 -0.4775526352604419 
-0.7341909240440923 1.3233574196066842 -0.47866613713838413 
