-0.5535637460292963 0.9971724435558527 -0.2859841988674612 
-0.5535637460292963 0.9971724435558527 -0.2859841988674612 
-0.5535637460292963 0.9971724435558527 -0.2859841988674612 
-0.5529244515526737 0.9942199159343387 -0.28424003043957147 
-0.5529244515526737 0.9942199159343387 -0.28424003043957147 
-0.5529244515526737 0.9942199159343387 -0.28424003043957147 
-0.5529244515526737 0.9942199159343387 -0.28424003043957147 
-0.5529244515526737 0.9942199159343387 -0.28424003043957147 
-0.5529244515526737 0.9942199159343387 -0.28424003043957147 
-0.5529244515526737 0.9942199159343387 -0.28424003043957147 
-0.5529244515526737 0.9942199159343387 -0.28424003043957147 
-0.5533667542226061 0.9962626535111497 -0.28544675188121904 
-0.5533667542226061 0.9962626535111497 -0.28544675188121904 
-0.5533667542226061 0.9962626535111497 -0.28544675188121904 
-0.5533667542226061 0.9962626535111497 -0.28544675188121904 
-0.5533667542226061 0.9962626535111497 -0.28544675188121904 
-0.5540091301427438 0.9992290680995848 -0.2871952641212382 
-0.5540091301427438 0.9992290680995848 -0.2871952641212382 
-0.5540091301427438 0.9992290680995848 -0.2871952641212382 
-0.5543498524510173 1.0008026653434685 -0.28812484683233575 
-0.5543498524510173 1.0008026653434685 -0.28812484683233575 
-0.5543498524510173 1.0008026653434685 -0.28812484683233575 
-0.5543498524510173 1.0008026653434685 -0.2881248468323354 
-0.5543498524510173 1.0008026653434685 -0.2881248468323354 
-0.5543498524510173 1.0008026653434685 -0.2881248468323354 
-0.5554025166214585 1.0056643060318489 -0.2909967997091275 
-0.5554025166214585 1.0056643060318489 -0.2909967997091275 
-0.5554025166214585 1.0056643060318489 -0.2909967997091275 
-0.5554025166214585 1.0056643060318489 -0.2909967997091275 
-0.5554025166214585 1.0056643060318489 -0.2909967997091275 
-0.5554025166214585 1.0056643060318489 -0.2909967997091275 
-0.5554025166214585 1.0056643060318489 -0.2909967997091275 
-0.5554025166214585 1.0056643060318489 -0.2909967997091275 
-0.5554025166214585 1.0056643060318489 -0.2909967997091275 
-0.5558891537812073 1.0079121431307216 -0.2923285408431334 
-0.5558891537812073 1.0079121431307216 -0.2923285408431334 
-0.5558891537812073 1.0079121431307216 -0.2923285408431334 
-0.5558891537812073 1.0079121431307216 -0.2923285408431334 
-0.5558891537812073 1.0079121431307216 -0.2923285408431334 
-0.5567667227524595 1.0119647769893 -0.2947187234075702 
-0.5567667227524595 1.0119647769893 -0.2947187234075702 
-0.5567667227524595 1.0119647769893 -0.2947187234075702 
-0.5567667227524595 1.0119647769893 -0.2947187234075702 
-0.5567667227524595 1.0119647769893 -0.2947187234075702 
-0.5567667227524595 1.0119647769893 -0.2947187234075702 
-0.5571884022137435 1.0139122680163513 -0.2958691791520751 
-0.5571884022137435 1.0139122680163513 -0.2958691791520751 
-0.5571884022137435 1.0139122680163513 -0.2958691791520751 
-0.5571884022137435 1.0139122680163513 -0.2958691791520751 
-0.5580192389918007 1.0177490731821006 -0.2981318636402459 
-0.5580192389918007 1.0177490731821006 -0.2981318636402459 
-0.5580192389918007 1.0177490731821006 -0.2981318636402459 
-0.5590523935783631 1.022520954922857 -0.3009546522899055 
-0.5590523935783631 1.022520954922857 -0.3009546522899055 
-0.5590523935783631 1.022520954922857 -0.3009546522899055 
-0.5590523935783631 1.022520954922857 -0.3009546522899055 
-0.5590523935783631 1.022520954922857 -0.3009546522899055 
-0.5590523935783631 1.022520954922857 -0.3009546522899055 
-0.5594519624792522 1.024367363451736 -0.30205697403932463 
-0.5594519624792522 1.024367363451736 -0.30205697403932463 
-0.5594519624792522 1.024367363451736 -0.30205697403932463 
-0.5602391247149647 1.0280021170071623 -0.30419643935052865 
-0.5602391247149647 1.0280021170071623 -0.30419643935052865 
-0.5602391247149647 1.0280021170071623 -0.30419643935052865 
-0.5602391247149647 1.0280021170071623 -0.30419643935052865 
-0.5602391247149647 1.0280021170071623 -0.30419643935052865 
-0.5602391247149647 1.0280021170071623 -0.30419643935052865 
-0.5602391247149647 1.0280021170071623 -0.30419643935052865 
-0.5602391247149647 1.0280021170071623 -0.30419643935052865 
-0.5612459175151913 1.0326515602209847 -0.3069391795091093 
-0.5612459175151913 1.0326515602209847 -0.3069391795091093 
-0.5615734273754216 1.0341632833251724 -0.30782264541469273 
-0.5615734273754216 1.0341632833251724 -0.30782264541469273 
-0.5617446386526916 1.0349555505719874 -0.3083079522063962 
-0.5617446386526916 1.0349555505719874 -0.3083079522063962 
-0.5617446386526916 1.0349555505719874 -0.3083079522063962 
-0.5622005856806755 1.0370619848184104 -0.30955993722094877 
-0.5622005856806755 1.0370619848184104 -0.30955993722094877 
-0.5622005856806755 1.0370619848184104 -0.30955993722094877 
-0.5622005856806755 1.0370619848184104 -0.30955993722094877 
-0.5628354277492038 1.0399922347557475 -0.3112717306038959 
-0.5628354277492038 1.0399922347557475 -0.3112717306038959 
-0.5628354277492038 1.0399922347557475 -0.3112717306038959 
-0.5634379218803816 1.042775491925727 -0.3129236241255584 
-0.5634379218803816 1.042775491925727 -0.3129236241255584 
-0.5634379218803816 1.042775491925727 -0.3129236241255584 
-0.5634379218803816 1.042775491925727 -0.3129236241255584 
-0.5634379218803816 1.042775491925727 -0.3129236241255584 
-0.5634379218803816 1.042775491925727 -0.3129236241255584 
-0.5640752037253743 1.0457175263949845 -0.31464816867946444 
-0.5640752037253743 1.0457175263949845 -0.31464816867946444 
-0.5640752037253743 1.0457175263949845 -0.31464816867946444 
-0.5640752037253743 1.0457175263949845 -0.31464816867946444 
-0.5648600493412355 1.0493434676599567 -0.31680357289464456 
-0.5648600493412355 1.0493434676599567 -0.31680357289464456 
-0.5650557510397197 1.0502472994487198 -0.3173375001163906 
-0.5650557510397197 1.0502472994487198 -0.3173375001163906 
-0.5655006875054668 1.0523022009893637 -0.31855140726614783 
-0.5655006875054668 1.0523022009893637 -0.31855140726614783 
-0.5655006875054668 1.0523022009893637 -0.31855140726614783 
-0.5655006875054668 1.0523022009893637 -0.31855140726614783 
-0.5655006875054668 1.0523022009893637 -0.31855140726614783 
-0.5661079758445869 1.055106910964253 -0.3202082542849337 
-0.5661079758445869 1.055106910964253 -0.3202082542849337 
-0.5661079758445869 1.055106910964253 -0.3202082542849337 
-0.5661079758445869 1.055106910964253 -0.3202082542849337 
-0.5667714149383545 1.058170604043607 -0.32201423256568984 
-0.5667714149383545 1.058170604043607 -0.32201423256568984 
-0.5670956984265084 1.059668624403298 -0.32290302892463063 
-0.5670956984265084 1.059668624403298 -0.32290302892463063 
-0.5670956984265084 1.059668624403298 -0.32290302892463063 
-0.5670956984265084 1.059668624403298 -0.32290302892463063 
-0.567391004840087 1.0610324721679572 -0.3237087047781716 
-0.567391004840087 1.0610324721679572 -0.3237087047781716 
-0.567391004840087 1.0610324721679572 -0.3237087047781716 
-0.567391004840087 1.0610324721679572 -0.3237087047781716 
-0.5682964527716835 1.0652142070736061 -0.32617901189505993 
-0.5682964527716835 1.0652142070736061 -0.32617901189505993 
-0.5682964527716835 1.0652142070736061 -0.32617901189505993 
-0.5682964527716835 1.0652142070736061 -0.32617901189505993 
-0.5684967651113619 1.0661393327198576 -0.32672551819436235 
-0.5684967651113619 1.0661393327198576 -0.32672551819436235 
-0.5684967651113619 1.0661393327198576 -0.32672551819436235 
-0.5684967651113619 1.0661393327198576 -0.32672551819436235 
-0.5690867185904542 1.0688639831057491 -0.3283350710213979 
-0.5690867185904542 1.0688639831057491 -0.3283350710213979 
-0.5690867185904542 1.0688639831057491 -0.3283350710213979 
-0.5695279416537301 1.070902079030334 -0.32954291020388427 
-0.5695279416537301 1.070902079030334 -0.32954291020388427 
-0.5701711951062013 1.073872546427839 -0.33129381658971024 
-0.5701711951062013 1.073872546427839 -0.33129381658971024 
-0.5706069485035248 1.075885725581601 -0.3324907962426207 
-0.5706069485035248 1.075885725581601 -0.3324907962426207 
-0.5708657889954323 1.0770801253024125 -0.33318479358797626 
-0.5708657889954323 1.0770801253024125 -0.33318479358797626 
-0.5710983011853183 1.078153109678319 -0.33380908012724864 
-0.5710983011853183 1.078153109678319 -0.33380908012724864 
-0.5710983011853183 1.078153109678319 -0.33380908012724864 
-0.5710983011853183 1.078153109678319 -0.33380908012724864 
-0.5717694979723078 1.0812541734124086 -0.3356544195656581 
-0.5717694979723078 1.0812541734124086 -0.3356544195656581 
-0.5721427074844904 1.0829781544876027 -0.3366766993653809 
-0.5721427074844904 1.0829781544876027 -0.3366766993653809 
-0.5721427074844904 1.0829781544876027 -0.3366766993653809 
-0.5721427074844904 1.0829781544876027 -0.3366766993653809 
-0.5721427074844904 1.0829781544876027 -0.3366766993653809 
-0.5726854601819589 1.0854841232044063 -0.33814934927981755 
-0.5726854601819589 1.0854841232044063 -0.33814934927981755 
-0.5728719800108342 1.0863462381429112 -0.33866635227540764 
-0.5728719800108342 1.0863462381429112 -0.33866635227540764 
-0.5728719800108342 1.0863462381429112 -0.33866635227540764 
-0.5728719800108342 1.0863462381429112 -0.33866635227540764 
-0.5735645660336091 1.0895438550154806 -0.34054372487010676 
-0.5735645660336091 1.0895438550154806 -0.34054372487010676 
-0.5735645660336091 1.0895438550154806 -0.34054372487010676 
-0.5735645660336091 1.0895438550154806 -0.34054372487010676 
-0.5740360985799062 1.0917226215711882 -0.34184238292910885 
-0.5740360985799062 1.0917226215711882 -0.34184238292910885 
-0.5740360985799062 1.0917226215711882 -0.34184238292910885 
-0.5740360985799062 1.0917226215711882 -0.34184238292910885 
-0.5744498629414299 1.0936332129575022 -0.3429671809382592 
-0.5744498629414299 1.0936332129575022 -0.3429671809382592 
-0.5744498629414299 1.0936332129575022 -0.3429671809382592 
-0.5750988203540678 1.0966300236139592 -0.3447336492718266 
-0.5750988203540678 1.0966300236139592 -0.3447336492718266 
-0.5757688892701724 1.0997253692287952 -0.34656990510334873 
-0.5757688892701724 1.0997253692287952 -0.34656990510334873 
-0.5757688892701722 1.0997253692287952 -0.34656990510334873 
-0.5762113940144278 1.1017686956487622 -0.3477731146583506 
-0.5762113940144278 1.1017686956487622 -0.3477731146583506 
-0.5763309846941248 1.1023213595366002 -0.3481034536131028 
-0.5771734499744137 1.1062118699591463 -0.35039786380390026 
-0.5771734499744137 1.1062118699591463 -0.35039786380390026 
-0.5771734499744137 1.1062118699591463 -0.35039786380390026 
-0.5771734499744137 1.1062118699591463 -0.35039786380390026 
-0.5771734499744137 1.1062118699591463 -0.35039786380390026 
-0.5776761965931032 1.1085318834798357 -0.35174732176384527 
-0.5783917573638848 1.1118385198840948 -0.35372173623184 
-0.5783917573638848 1.1118385198840948 -0.35372173623184 
-0.5788066013320646 1.113753752922635 -0.35484541650015144 
-0.5788066013320646 1.113753752922635 -0.35484541650015144 
-0.5788066013320646 1.113753752922635 -0.35484541650015144 
-0.5788066013320646 1.113753752922635 -0.35484541650015144 
-0.5793417987782296 1.1162272318015454 -0.35632580771371636 
-0.5793417987782296 1.1162272318015454 -0.35632580771371636 
-0.579554339052559 1.1172078053598757 -0.3568935738596891 
-0.579554339052559 1.1172078053598757 -0.3568935738596891 
-0.579554339052559 1.1172078053598757 -0.3568935738596891 
-0.579554339052559 1.1172078053598757 -0.3568935738596891 
-0.5798906551915909 1.1187607086626763 -0.3578070721479658 
-0.5798906551915909 1.1187607086626763 -0.3578070721479658 
-0.5798906551915909 1.1187607086626763 -0.3578070721479658 
-0.5798906551915909 1.1187607086626763 -0.3578070721479658 
-0.5798906551915909 1.1187607086626763 -0.3578070721479658 
-0.5814790339582747 1.126095648468312 -0.362130529823792 
-0.5814790339582747 1.126095648468312 -0.362130529823792 
-0.5816991551496276 1.1271134576081436 -0.36274521290387185 
-0.5816991551496276 1.1271134576081436 -0.36274521290387185 
-0.5817004553381819 1.1271191179992615 -0.36274469697017564 
-0.5817004553381819 1.1271191179992615 -0.36274469697017564 
-0.5817829481727756 1.1275001041983006 -0.36296975975874457 
-0.5817829481727756 1.1275001041983006 -0.36296975975874457 
-0.5817829481727756 1.1275001041983006 -0.36296975975874457 
-0.5817829481727756 1.1275001041983006 -0.36296975975874457 
-0.5817829481727756 1.1275001041983006 -0.36296975975874457 
-0.5822751027289068 1.1297741117671438 -0.3643246802441983 
-0.5822751027289068 1.1297741117671438 -0.3643246802441983 
-0.5822751027289068 1.1297741117671438 -0.3643246802441983 
-0.5822751027289068 1.1297741117671438 -0.3643246802441983 
-0.582895083066969 1.132636749828569 -0.36600802807236565 
-0.582895083066969 1.132636749828569 -0.36600802807236565 
-0.5832959211353359 1.134487986640217 -0.36710162285396764 
-0.5832959211353359 1.134487986640217 -0.36710162285396764 
-0.5836730819406478 1.136230216429473 -0.36813468285120166 
-0.5836730819406478 1.136230216429473 -0.36813468285120166 
-0.5836730819406478 1.136230216429473 -0.36813468285120166 
-0.5836730819406478 1.136230216429473 -0.36813468285120166 
-0.5841454090719208 1.1384109306085688 -0.36941519275259826 
-0.5841454090719208 1.1384109306085688 -0.36941519275259826 
-0.5841454090719208 1.1384109306085688 -0.36941519275259826 
-0.5841454090719208 1.1384109306085688 -0.36941519275259826 
-0.5847195669690127 1.1410626304312077 -0.37098165095511815 
-0.5847195669690127 1.1410626304312077 -0.37098165095511815 
-0.5847195669690127 1.1410626304312077 -0.37098165095511815 
-0.5847195669690127 1.1410626304312077 -0.37098165095511815 
-0.584719566969013 1.1410626304312077 -0.37098165095511804 
-0.5853516330830483 1.1439814300496995 -0.3727020352526026 
-0.5858803798807037 1.1464234025396116 -0.37414459968032976 
-0.5858803798807037 1.1464234025396116 -0.37414459968032976 
-0.5860524180284495 1.1472186350552198 -0.37462209272873237 
-0.5860524180284495 1.1472186350552198 -0.37462209272873237 
-0.5863928875349338 1.1487903759152387 -0.37554285932787435 
-0.5863928875349338 1.1487903759152387 -0.37554285932787435 
-0.5863928875349338 1.1487903759152387 -0.37554285932787435 
-0.5863928875349338 1.1487903759152387 -0.37554285932787435 
-0.5863928875349338 1.1487903759152387 -0.37554285932787435 
-0.5867683069878953 1.150524907835593 -0.37657523164452 
-0.5867683069878953 1.150524907835593 -0.37657523164452 
-0.5867683069878953 1.150524907835593 -0.37657523164452 
-0.5867683069878953 1.150524907835593 -0.37657523164452 
-0.5877399811860272 1.1550118143275203 -0.3792180955477459 
-0.5877399811860272 1.1550118143275203 -0.3792180955477459 
-0.5879554780894785 1.156008101861058 -0.379818219048737 
-0.5879554780894785 1.156008101861058 -0.379818219048737 
-0.5879554780894785 1.156008101861058 -0.379818219048737 
-0.5882729248857137 1.157473858695613 -0.3806802366607932 
-0.5882729248857137 1.157473858695613 -0.3806802366607932 
-0.5882729248857137 1.157473858695613 -0.3806802366607932 
-0.5882729248857137 1.157473858695613 -0.3806802366607932 
-0.5888218710369822 1.1600094646166124 -0.38218197359447514 
-0.5888218710369822 1.1600094646166124 -0.38218197359447514 
-0.5888218710369821 1.1600094646166124 -0.3821819735944748 
-0.5888218710369821 1.1600094646166124 -0.3821819735944748 
-0.5888218710369821 1.1600094646166124 -0.3821819735944748 
-0.5888218710369821 1.1600094646166124 -0.3821819735944748 
-0.5897602312263379 1.1643432020088686 -0.38474207426186846 
-0.5897602312263379 1.1643432020088686 -0.38474207426186846 
-0.5901649996826299 1.1662122465655944 -0.3858423290058116 
-0.5901649996826299 1.1662122465655944 -0.3858423290058116 
-0.5901649996826299 1.1662122465655944 -0.3858423290058116 
-0.5901649996826299 1.1662122465655944 -0.3858423290058116 
-0.5901649996826299 1.1662122465655944 -0.3858423290058116 
-0.5906445837644134 1.1684268207786253 -0.3871467010332085 
-0.5908500969239179 1.1693747679897801 -0.3876932637072176 
-0.5913049998248512 1.1714775854936958 -0.3889566212608596 
-0.5914502434141677 1.172148380760957 -0.389352885098735 
-0.5914502434141677 1.172148380760957 -0.389352885098735 
-0.5920364685796579 1.1748558122449273 -0.39095226607678424 
-0.5920364685796579 1.1748558122449273 -0.39095226607678424 
-0.5920364685796579 1.1748558122449273 -0.39095226607678424 
-0.5921518205469154 1.1753875223166164 -0.3912547878758771 
-0.5921518205469154 1.1753875223166164 -0.3912547878758771 
-0.5921518205469154 1.1753875223166164 -0.3912547878758771 
-0.5921518205469154 1.1753875223166164 -0.3912547878758771 
-0.5929037253471786 1.1788608200603135 -0.39331431415730467 
-0.5934778671343248 1.181512101060466 -0.3948766652074186 
-0.5934778671343248 1.181512101060466 -0.3948766652074186 
-0.5934778671343248 1.181512101060466 -0.3948766652074186 
-0.5934778671343248 1.181512101060466 -0.3948766652074186 
-0.5934778671343248 1.181512101060466 -0.3948766652074186 
-0.5939732515933673 1.183799647983247 -0.39622414494209546 
-0.5939732515933673 1.183799647983247 -0.39622414494209546 
-0.5939732515933673 1.183799647983247 -0.39622414494209546 
-0.5939732515933673 1.183799647983247 -0.39622414494209546 
-0.5947574644237117 1.1874231834117712 -0.3983839175472209 
-0.5947574644237117 1.1874231834117712 -0.3983839175472209 
-0.5947574644237117 1.1874231834117712 -0.3983839175472209 
-0.5947574644237117 1.1874231834117712 -0.3983839175472209 
-0.595364897319139 1.1902271908149218 -0.4000249944847408 
-0.595364897319139 1.1902271908149218 -0.4000249944847408 
-0.595364897319139 1.1902271908149218 -0.4000249944847408 
-0.595364897319139 1.1902271908149218 -0.4000249944847408 
-0.595364897319139 1.1902271908149218 -0.4000249944847408 
-0.5960630150500195 1.1934513886750113 -0.4019296486772569 
-0.5960630150500195 1.1934513886750113 -0.4019296486772569 
-0.5964562057315462 1.1952679955156496 -0.4030105057171737 
-0.5969906242694772 1.197735473619541 -0.40446041778783093 
-0.5969906242694772 1.197735473619541 -0.40446041778783093 
-0.5970933188553132 1.1982101043229159 -0.40474465962373596 
-0.5970933188553132 1.1982101043229159 -0.40474465962373596 
-0.5970933188553132 1.1982101043229159 -0.40474465962373596 
-0.5976931803894912 1.2009812030656866 -0.40638937070797954 
-0.5976931803894912 1.2009812030656866 -0.40638937070797954 
-0.5978941126644548 1.2019085029906451 -0.4069294419583699 
-0.5978941126644548 1.2019085029906451 -0.4069294419583699 
-0.5978941126644548 1.2019085029906451 -0.4069294419583699 
-0.5978941126644548 1.2019085029906451 -0.4069294419583699 
-0.5978941126644548 1.2019085029906451 -0.4069294419583699 
-0.598682809382936 1.205550343425319 -0.409073093754044 
-0.598682809382936 1.205550343425319 -0.409073093754044 
-0.5988418866200045 1.2062853726480398 -0.40951116272870414 
-0.5988418866200045 1.2062853726480398 -0.40951116272870414 
-0.5988418866200045 1.2062853726480398 -0.40951116272870414 
-0.5991454861217802 1.2076866677783298 -0.4103293947024437 
-0.5991454861217802 1.2076866677783298 -0.4103293947024437 
-0.5991454861217802 1.2076866677783298 -0.4103293947024437 
-0.5991454861217802 1.2076866677783298 -0.4103293947024437 
-0.5997120150739983 1.210303987525262 -0.411885108747574 
-0.5997120150739983 1.210303987525262 -0.411885108747574 
-0.5997120150739983 1.210303987525262 -0.411885108747574 
-0.5997120150739983 1.210303987525262 -0.411885108747574 
-0.6005080170728271 1.2139809444613303 -0.4140649441264662 
-0.6005080170728271 1.2139809444613303 -0.4140649441264662 
-0.6005080170728271 1.2139809444613303 -0.4140649441264662 
-0.6005080170728271 1.2139809444613303 -0.4140649441264662 
-0.6009873668603962 1.2161940921862318 -0.41536461373569644 
-0.6009873668603962 1.2161940921862318 -0.41536461373569644 
-0.6009873668603962 1.2161940921862318 -0.41536461373569644 
-0.6015600433998152 1.2188399837435806 -0.4169392199937275 
-0.6015600433998152 1.2188399837435806 -0.4169392199937275 
-0.6019077215269727 1.2204443281700748 -0.4178715272616521 
-0.6019077215269727 1.2204443281700748 -0.4178715272616521 
-0.6019077215269727 1.2204443281700748 -0.4178715272616521 
-0.6019077215269727 1.2204443281700748 -0.4178715272616521 
-0.6025272881258716 1.2233057442521917 -0.41956187269758194 
-0.6032826756308356 1.226794437733692 -0.4216227743401878 
-0.6034990315590449 1.2277943481805633 -0.4222211782931967 
-0.6034990315590449 1.2277943481805633 -0.4222211782931967 
-0.6034990315590449 1.2277943481805633 -0.4222211782931967 
-0.6038765965130031 1.229537755656132 -0.4232472145171404 
-0.6038765965130031 1.229537755656132 -0.4232472145171404 
-0.6038765965130031 1.229537755656132 -0.4232472145171404 
-0.603876596513003 1.229537755656132 -0.4232472145171401 
-0.6042985251796322 1.2314870864571748 -0.4244064765615264 
-0.6042985251796322 1.2314870864571748 -0.4244064765615264 
-0.6042985251796322 1.2314870864571748 -0.4244064765615264 
-0.6042985251796322 1.2314870864571748 -0.4244064765615264 
-0.6051385599372439 1.2353660272956684 -0.426690192428259 
-0.6051385599372439 1.2353660272956684 -0.426690192428259 
-0.6055190150852501 1.2371234717288084 -0.42773224028434065 
-0.6055190150852501 1.2371234717288084 -0.4277322402843403 
-0.6055190150852501 1.2371234717288084 -0.4277322402843403 
-0.6062683101890083 1.2405850537419703 -0.4297886214767752 
-0.6062683101890081 1.2405850537419703 -0.4297886214767749 
-0.6068157996420119 1.2431113638492204 -0.4312560868032067 
-0.6068157996420118 1.2431113638492204 -0.4312560868032064 
-0.6068157996420118 1.2431113638492204 -0.4312560868032064 
-0.6068157996420118 1.2431113638492204 -0.4312560868032064 
-0.6068157996420118 1.2431113638492204 -0.4312560868032064 
-0.6074446381851566 1.2460164551865909 -0.4329817982833586 
-0.6074446381851566 1.2460164551865909 -0.4329817982833586 
-0.6076489155302807 1.246960237296142 -0.43354318539119585 
-0.6076489155302807 1.246960237296142 -0.43354318539119585 
-0.6076489155302807 1.246960237296142 -0.43354318539119585 
-0.6080633505545557 1.2488742705018714 -0.43467387635003363 
-0.6080633505545557 1.2488742705018714 -0.43467387635003363 
-0.6080633505545557 1.2488742705018714 -0.43467387635003363 
-0.6080633505545557 1.2488742705018714 -0.43467387635003363 
-0.6086353745364594 1.2515171407899806 -0.4362466139240395 
-0.6092088179651002 1.2541645151275462 -0.4377990215932749 
-0.6092088179651002 1.2541645151275462 -0.4377990215932749 
-0.6092088179651002 1.2541645151275462 -0.4377990215932749 
-0.6092088179651002 1.2541645151275462 -0.4377990215932749 
-0.6095547732474824 1.2557615915808744 -0.4387347548743986 
-0.6100083163809463 1.2578572755506556 -0.4399843329443691 
-0.6100083163809462 1.2578572755506556 -0.4399843329443688 
-0.6104527943741369 1.259909715254405 -0.4411929260567443 
-0.6104527943741369 1.259909715254405 -0.4411929260567443 
-0.6114554398009842 1.2645403485941307 -0.4439284142579144 
-0.6114554398009842 1.2645403485941307 -0.4439284142579144 
-0.6117467949214332 1.2658859476447277 -0.4447233099139444 
-0.6117467949214332 1.2658859476447277 -0.4447233099139444 
-0.6117467949214332 1.2658859476447277 -0.4447233099139444 
-0.6117467949214332 1.2658859476447277 -0.4447233099139444 
-0.6120864239107339 1.2674544954871478 -0.4456499097548564 
-0.6120864239107339 1.2674544954871478 -0.4456499097548564 
-0.6124719003680084 1.2692347859935806 -0.44670159390208186 
-0.6124719003680084 1.2692347859935806 -0.44670159390208186 
-0.6124719003680084 1.2692347859935806 -0.44670159390208186 
-0.613090162656554 1.2720901782283374 -0.4483883808262116 
-0.613090162656554 1.2720901782283374 -0.4483883808262116 
-0.6135135613661693 1.2740449206186812 -0.4495354007454445 
-0.6135135613661693 1.2740449206186812 -0.4495354007454445 
-0.6135135613661693 1.2740449206186812 -0.4495354007454445 
-0.6135135613661693 1.2740449206186812 -0.4495354007454445 
-0.6140682275875503 1.2766072886211193 -0.4510568067792746 
-0.6140682275875502 1.2766072886211193 -0.4510568067792743 
-0.6144373663120428 1.2783102453510904 -0.45204174622811577 
-0.6144373663120428 1.2783102453510904 -0.45204174622811577 
-0.6149798069307931 1.2808169965142664 -0.45353977884716523 
-0.6149798069307931 1.2808169965142664 -0.45353977884716523 
-0.6150587896360533 1.2811817714770275 -0.45375526505250885 
-0.6150587896360533 1.2811817714770275 -0.45375526505250885 
-0.6150587896360533 1.2811817714770275 -0.45375526505250885 
-0.6150587896360533 1.2811817714770275 -0.45375526505250885 
-0.6153547530000674 1.2825486533118642 -0.45456273324471363 
-0.6153547530000674 1.2825486533118642 -0.45456273324471363 
-0.6153547530000674 1.2825486533118642 -0.45456273324471363 
-0.6153547530000674 1.2825486533118642 -0.45456273324471363 
-0.6162857024944268 1.2868491982944887 -0.4571148051299704 
-0.6162857024944268 1.2868491982944887 -0.4571148051299704 
-0.6162857024944268 1.2868491982944887 -0.4571148051299704 
-0.6162857024944268 1.2868491982944887 -0.4571148051299704 
-0.6169381378165069 1.289861382542251 -0.458882635741952 
-0.617323196412819 1.291640087613133 -0.459937243051444 
-0.617323196412819 1.291640087613133 -0.459937243051444 
-0.6173231964128192 1.291640087613133 -0.4599372430514439 
-0.6177788802520202 1.293744624991631 -0.46118047194594836 
-0.6184800395238056 1.2969821811117397 -0.46308529788535757 
-0.6184800395238056 1.2969821811117397 -0.46308529788535757 
-0.6184800395238056 1.2969821811117397 -0.46308529788535757 
-0.6184800395238056 1.2969821811117397 -0.46308529788535757 
-0.6184800395238056 1.2969821811117397 -0.46308529788535757 
-0.6184800395238056 1.2969821811117397 -0.46308529788535757 
-0.6189227761646459 1.2990269229465876 -0.4642932033171433 
-0.6198166487191066 1.3031562312093974 -0.46674411927138737 
-0.6198166487191066 1.3031562312093974 -0.46674411927138737 
-0.6198166487191066 1.3031562312093974 -0.46674411927138737 
-0.6198166487191066 1.3031562312093974 -0.46674411927138737 
-0.6202631071541207 1.3052178174166755 -0.46795811556528244 
-0.6202631071541207 1.3052178174166755 -0.46795811556528244 
-0.6206196387567109 1.30686477297305 -0.4689348935119192 
-0.6206196387567109 1.30686477297305 -0.4689348935119192 
-0.6206196387567109 1.30686477297305 -0.4689348935119192 
-0.6206196387567109 1.30686477297305 -0.4689348935119192 
-0.6206196387567109 1.30686477297305 -0.4689348935119192 
-0.6211345310014101 1.3092420705385184 -0.47033153256769233 
-0.6211345310014101 1.3092420705385184 -0.47033153256769233 
-0.6215208987033343 1.3110268216032581 -0.47138971147174813 
-0.6215208987033343 1.3110268216032581 -0.47138971147174813 
-0.6217758756447286 1.3122050999421868 -0.4720934840057681 
-0.6217758756447286 1.3122050999421868 -0.4720934840057681 
-0.6217758756447286 1.3122050999421868 -0.4720934840057681 
-0.6217758756447286 1.3122050999421868 -0.4720934840057681 
-0.6225498378802908 1.3157782015700987 -0.4741888097422994 
-0.6225498378802908 1.3157782015700987 -0.4741888097422994 
-0.6229956715847609 1.317837591352172 -0.4754092280023424 
-0.6229956715847609 1.317837591352172 -0.4754092280023424 
-0.6232639902826448 1.319076798628068 -0.4761412740602623 
-0.6232639902826448 1.319076798628068 -0.4761412740602623 
-0.6232639902826448 1.319076798628068 -0.4761412740602623 
-0.6232639902826448 1.319076798628068 -0.4761412740602623 
-0.6237798107871437 1.3214594165433144 -0.4775526352604419 
-0.6237798107871437 1.3214594165433144 -0.4775526352604419 
-0.6237798107871437 1.3214594165433144 -0.4775526352604419 
-0.6241909240440922 1.3233574196066842 -0.47866613713838435 
