-0.6275563061341722 1.1675406758900233 -0.3397571943836364 
-0.6275546051688722 1.1675338253041962 -0.3397647275492205 
-0.6275537310504735 1.1675297717574384 -0.3397623334034018 
-0.627554152352507 1.1675313796949212 -0.3397594233239042 
-0.6275558848321386 1.1675390679525404 -0.3397601044631342 
-0.6275541681096728 1.1675317985308171 -0.33976353047631147 
-0.6275558690749728 1.1675386491166446 -0.3397559973107268 
-0.6275536995361419 1.167528934085646 -0.33975411909858766 
-0.627554152352507 1.1675313796949212 -0.3397594233239042 
-0.627556718277466 1.1675422488723435 -0.3397543475667365 
-0.6275554477729393 1.1675370411791617 -0.33975890739022485 
-0.6275550264709058 1.167535433241679 -0.33976181746972245 
-0.6275546051688722 1.1675338253041962 -0.3397647275492205 
-0.627554152352507 1.1675313796949212 -0.3397594233239042 
-0.6275545736545406 1.1675329876324039 -0.33975651324440637 
-0.6275537152933077 1.1675293529215423 -0.33975822625099494 
-0.6275545894117064 1.1675334064683 -0.33976062039681343 
-0.6275545578973749 1.1675325687965077 -0.3397524060919992 
-0.6275549949565742 1.1675345955698866 -0.33975360316490866 
-0.6275554635301052 1.1675374600150576 -0.339763014542632 
-0.6275562812182666 1.1675402220989644 -0.3397531504938266 
-0.6275560390529182 1.167538580458431 -0.3397463912287616 
-0.6275537310504735 1.1675297717574384 -0.3397623334034018 
-0.6275532939912741 1.1675277449840593 -0.33976113633049276 
-0.6275536995361419 1.167528934085646 -0.33975411909858766 
-0.6275532648652442 1.1675269183875316 -0.33975292856706063 
-0.62755501071374 1.1675350144057828 -0.33975771031731583 
-0.6275541681096728 1.1675317985308171 -0.3397635304763117 
-0.627554152352507 1.1675313796949212 -0.3397594233239042 
-0.6275550422280716 1.167535852077575 -0.33976592462212973 
-0.62755501071374 1.1675350144057828 -0.33975771031731583 
-0.627554152352507 1.1675313796949212 -0.3397594233239042 
-0.6275554070998679 1.167536168552207 -0.33975075634800855 
-0.62755501071374 1.1675350144057828 -0.33975771031731583 
-0.6275554320157736 1.1675366223432655 -0.3397548002378179 
-0.6275541365953413 1.167530960859025 -0.3397553161714971 
-0.6275558690749728 1.1675386491166446 -0.3397559973107268 
-0.6275545894117064 1.1675334064683 -0.33976062039681365 
-0.62755501071374 1.1675350144057828 -0.33975771031731583 
-0.6275550083254384 1.1675350033305183 -0.33975770377593373 
-0.6275541681096728 1.1675317985308171 -0.33976353047631147 
-0.6275554477729393 1.1675370411791617 -0.33975890739022485 
-0.6275558848321386 1.1675390679525404 -0.3397601044631342 
-0.6275558848321386 1.1675390679525404 -0.3397601044631342 
-0.6275537152933077 1.1675293529215423 -0.33975822625099494 
-0.6275550264709058 1.167535433241679 -0.33976181746972245 
-0.6275554070998679 1.167536168552207 -0.33975075634800855 
-0.6275550422280716 1.167535852077575 -0.33976592462212973 
-0.6275562812182666 1.1675402220989644 -0.3397531504938266 
-0.6275550264709058 1.167535433241679 -0.33976181746972245 
-0.6275554320157736 1.1675366223432655 -0.3397548002378179 
-0.627554152352507 1.1675313796949212 -0.3397594233239042 
-0.6275545578973749 1.1675325687965077 -0.3397524060919992 
-0.6275558441590673 1.1675381953255857 -0.3397519534209178 
-0.6275545894117064 1.1675334064683 -0.33976062039681343 
-0.6275554477729393 1.1675370411791617 -0.33975890739022485 
-0.6275549949565742 1.1675345955698866 -0.33975360316490866 
-0.6275549949565742 1.1675345955698866 -0.33975360316490866 
-0.6275554320157736 1.1675366223432655 -0.3397548002378179 
-0.6275537152933077 1.1675293529215423 -0.33975822625099517 
-0.6275554070998679 1.167536168552207 -0.33975075634800855 
-0.6275537152933077 1.1675293529215423 -0.33975822625099517 
-0.6275541365953413 1.167530960859025 -0.3397553161714971 
-0.6275541365953413 1.167530960859025 -0.3397553161714971 
-0.6275554477729393 1.1675370411791617 -0.33975890739022485 
-0.62755501071374 1.1675350144057828 -0.33975771031731583 
-0.6275554320157736 1.1675366223432655 -0.3397548002378179 
-0.6275562812182666 1.1675402220989644 -0.3397531504938266 
-0.6275545578973749 1.1675325687965077 -0.3397524060919992 
-0.6275560390529182 1.167538580458431 -0.3397463912287616 
-0.6275545894117064 1.1675334064683 -0.33976062039681343 
-0.6275541365953413 1.167530960859025 -0.3397553161714971 
-0.6275539732158218 1.1675314133979722 -0.33976909266846733 
-0.6275545578973749 1.1675325687965077 -0.3397524060919992 
-0.6275545736545406 1.1675329876324039 -0.33975651324440637 
-0.627554152352507 1.1675313796949212 -0.3397594233239042 
-0.6275535361566225 1.167529386624593 -0.3397678955955584 
-0.627554152352507 1.1675313796949212 -0.3397594233239044 
-0.6275550422280716 1.167535852077575 -0.33976592462212973 
-0.6275545578973749 1.1675325687965077 -0.3397524060919992 
-0.6275545894117064 1.1675334064683 -0.33976062039681365 
-0.6275569131713169 1.1675426340051887 -0.3397487853745801 
-0.6275563061341722 1.1675406758900233 -0.3397571943836364 
-0.627554152352507 1.1675313796949212 -0.3397594233239042 
-0.6275545578973749 1.1675325687965077 -0.3397524060919992 
-0.6275537152933077 1.1675293529215423 -0.33975822625099494 
-0.6275537152933077 1.1675293529215423 -0.33975822625099494 
-0.6275549949565742 1.1675345955698866 -0.33975360316490866 
-0.6275545736545406 1.1675329876324039 -0.3397565132444066 
-0.6275550264709058 1.167535433241679 -0.33976181746972245 
-0.6275545736545406 1.1675329876324039 -0.33975651324440637 
-0.62755501071374 1.1675350144057828 -0.33975771031731583 
-0.6275545736545406 1.1675329876324039 -0.33975651324440637 
-0.6275563061341722 1.1675406758900233 -0.3397571943836364 
-0.6275558441590673 1.1675381953255857 -0.339751953420918 
-0.6275558690749728 1.1675386491166446 -0.3397559973107268 
-0.6275545894117064 1.1675334064683 -0.33976062039681343 
-0.6275558848321386 1.1675390679525404 -0.3397601044631342 
-0.6275541365953413 1.167530960859025 -0.3397553161714971 
-0.6275556966227197 1.1675388867000112 -0.3397677169608033 
-0.6275558690749728 1.1675386491166446 -0.3397559973107268 
-0.6275554477729393 1.1675370411791617 -0.33975890739022485 
-0.6275554477729393 1.1675370411791617 -0.33975890739022485 
-0.6275558690749728 1.1675386491166446 -0.3397559973107268 
-0.6275562812182666 1.1675402220989644 -0.3397531504938266 
-0.6275562812182666 1.1675402220989644 -0.3397531504938266 
-0.6275537152933077 1.1675293529215423 -0.33975822625099494 
-0.6275513823749573 1.1675200904294911 -0.33977012453582534 
-0.6275545736545406 1.1675329876324039 -0.3397565132444066 
-0.6275541681096728 1.1675317985308171 -0.33976353047631147 
-0.6275554477729393 1.1675370411791617 -0.33975890739022485 
-0.6275530990974232 1.1675273598512144 -0.3397666985226486 
-0.6275558848321386 1.1675390679525404 -0.3397601044631342 
-0.6275545894117064 1.1675334064683 -0.33976062039681343 
-0.6275541681096728 1.1675317985308171 -0.33976353047631147 
-0.6275545736545406 1.1675329876324039 -0.33975651324440637 
-0.627553114854589 1.1675277786871103 -0.3397708056750559 
-0.6275537310504735 1.1675297717574384 -0.3397623334034018 
-0.6275554635301052 1.1675374600150576 -0.339763014542632 
-0.6275535519137883 1.1675298054604895 -0.33977200274796504 
-0.6275554477729393 1.1675370411791617 -0.33975890739022485 
-0.6275546051688722 1.1675338253041962 -0.3397647275492205 
-0.6275554635301052 1.1675374600150576 -0.339763014542632 
-0.6275541365953413 1.167530960859025 -0.3397553161714971 
-0.6275554320157736 1.1675366223432655 -0.3397548002378179 
-0.6275562812182666 1.1675402220989644 -0.3397531504938266 
-0.6275561179247533 1.167540494637494 -0.3397648068813055 
-0.6275549949565742 1.1675345955698866 -0.33975360316490866 
-0.62755501071374 1.1675350144057828 -0.33975771031731583 
-0.6275541681096728 1.1675317985308171 -0.33976353047631147 
-0.6275554477729393 1.1675370411791617 -0.3397589073902251 
-0.6275545736545406 1.1675329876324039 -0.33975651324440637 
-0.6275573502305163 1.1675446607785676 -0.3397499824474898 
-0.6275537152933077 1.1675293529215423 -0.33975822625099494 
-0.6275541681096728 1.1675317985308171 -0.33976353047631147 
-0.6275532782341083 1.167527326148164 -0.3397570291780856 
-0.6275526620382239 1.1675253330778355 -0.33976550144973927 
-0.6275558690749728 1.1675386491166446 -0.3397559973107268 
-0.627554152352507 1.1675313796949212 -0.3397594233239042 
-0.6275550422280716 1.167535852077575 -0.33976592462212973 
-0.6275545578973749 1.1675325687965077 -0.3397524060919992 
-0.6275545894117064 1.1675334064683 -0.33976062039681365 
-0.6275549949565742 1.1675345955698866 -0.33975360316490866 
-0.6275545578973749 1.1675325687965077 -0.3397524060919992 
-0.6275532939912741 1.1675277449840593 -0.33976113633049276 
-0.6275545736545406 1.1675329876324039 -0.33975651324440637 
-0.6275545736545406 1.1675329876324039 -0.33975651324440637 
-0.6275541681096728 1.1675317985308171 -0.33976353047631147 
-0.6275554070998679 1.167536168552207 -0.33975075634800855 
-0.6275545894117064 1.1675334064683 -0.33976062039681343 
-0.6275541365953413 1.167530960859025 -0.3397553161714971 
-0.6275554635301052 1.1675374600150576 -0.339763014542632 
-0.6275539732158218 1.1675314133979722 -0.33976909266846733 
-0.6275545736545406 1.1675329876324039 -0.33975651324440637 
-0.6275522249790245 1.1675233063044566 -0.3397643043768299 
-0.6275573726721142 1.1675452834947797 -0.3397561399054093 
-0.6275539732158218 1.1675314133979722 -0.33976909266846733 
-0.6275556966227197 1.1675388867000112 -0.3397677169608031 
-0.6275541365953413 1.167530960859025 -0.3397553161714971 
-0.6275545894117064 1.1675334064683 -0.33976062039681343 
-0.6275545578973749 1.1675325687965077 -0.3397524060919992 
-0.6275537310504735 1.1675297717574384 -0.3397623334034018 
-0.6275545578973749 1.1675325687965077 -0.3397524060919992 
-0.6275549949565742 1.1675345955698866 -0.33975360316490866 
-0.6275526620382239 1.1675253330778355 -0.33976550144973927 
-0.6275530990974232 1.1675273598512144 -0.3397666985226486 
-0.6275561179247533 1.167540494637494 -0.3397648068813053 
-0.62755501071374 1.1675350144057828 -0.33975771031731605 
-0.6275550264709058 1.167535433241679 -0.33976181746972245 
-0.6275558848321386 1.1675390679525404 -0.3397601044631344 
-0.6275554477729393 1.1675370411791617 -0.33975890739022485 
-0.6275555041171704 1.1675385126424302 -0.33977328569434095 
-0.6275537152933077 1.1675293529215423 -0.33975822625099494 
-0.6275554477729393 1.1675370411791617 -0.33975890739022485 
-0.6275550264709058 1.167535433241679 -0.33976181746972245 
-0.6275541681096728 1.1675317985308171 -0.33976353047631147 
-0.6275541681096728 1.1675317985308171 -0.33976353047631147 
-0.627554152352507 1.1675313796949212 -0.3397594233239042 
-0.6275541681096728 1.1675317985308171 -0.33976353047631147 
-0.6275545894117064 1.1675334064683 -0.33976062039681365 
-0.6275541365953413 1.167530960859025 -0.3397553161714971 
-0.6275556966227197 1.1675388867000112 -0.3397677169608031 
-0.62755501071374 1.1675350144057828 -0.33975771031731583 
-0.6275549949565742 1.1675345955698866 -0.3397536031649089 
-0.627552256493356 1.167524143976249 -0.33977251868164426 
-0.6275545894117064 1.1675334064683 -0.33976062039681365 
-0.6275541365953413 1.167530960859025 -0.3397553161714971 
-0.6275546051688722 1.1675338253041962 -0.3397647275492205 
-0.6275554320157736 1.1675366223432655 -0.3397548002378179 
-0.6275558690749728 1.1675386491166446 -0.3397559973107268 
-0.627553114854589 1.1675277786871103 -0.3397708056750557 
-0.6273342140446772 1.1675526991630742 -0.339748557041618 
-0.6275569605288204 1.1675437105124595 -0.33975898672230953 
-0.6275541681096728 1.1675317985308171 -0.3397635304763117 
-0.627554152352507 1.1675313796949212 -0.3397594233239042 
-0.6275565392267868 1.1675421025749766 -0.3397618968018076 
-0.6275536861672779 1.1675285263250146 -0.3397500184875626 
-0.6275550264709058 1.167535433241679 -0.33976181746972245 
-0.6275546051688722 1.1675338253041962 -0.3397647275492205 
-0.6273350709290394 1.1675563342332544 -0.3397468440580804 
