-0.6825563061341722 1.2375406758900231 -0.3397571943836364 
-0.6825546051688723 1.2375338253041963 -0.3397647275492204 
-0.6825537310504736 1.2375297717574383 -0.3397623334034018 
-0.6825541523525072 1.2375313796949212 -0.3397594233239041 
-0.6825558848321386 1.2375390679525402 -0.3397601044631344 
-0.6825541681096731 1.2375317985308174 -0.33976353047631114 
-0.682555869074973 1.2375386491166445 -0.3397559973107269 
-0.682553699536142 1.2375289340856463 -0.3397541190985879 
-0.6825541523525072 1.2375313796949212 -0.3397594233239041 
-0.6825567182774659 1.2375422488723433 -0.3397543475667365 
-0.6825554477729394 1.2375370411791615 -0.33975890739022496 
-0.6825550264709058 1.237535433241679 -0.33976181746972267 
-0.6825546051688723 1.2375338253041963 -0.3397647275492204 
-0.6825541523525072 1.2375313796949212 -0.3397594233239041 
-0.6825545736545408 1.2375329876324037 -0.33975651324440637 
-0.6825537152933078 1.2375293529215423 -0.3397582262509945 
-0.6825545894117065 1.2375334064683001 -0.33976062039681343 
-0.682554557897375 1.237532568796508 -0.3397524060919991 
-0.6825549949565743 1.2375345955698867 -0.33975360316490855 
-0.6825554635301051 1.2375374600150577 -0.3397630145426319 
-0.6825562812182667 1.2375402220989646 -0.3397531504938267 
-0.6825560390529184 1.237538580458431 -0.3397463912287617 
-0.6825537310504736 1.2375297717574383 -0.3397623334034018 
-0.6825532939912743 1.2375277449840596 -0.3397611363304923 
-0.682553699536142 1.2375289340856463 -0.3397541190985879 
-0.6825532648652443 1.2375269183875317 -0.3397529285670604 
-0.6825550107137401 1.2375350144057828 -0.33975771031731583 
-0.6825541681096731 1.2375317985308174 -0.33976353047631136 
-0.6825541523525072 1.2375313796949212 -0.3397594233239041 
-0.6825550422280715 1.237535852077575 -0.33976592462212984 
-0.6825550107137401 1.2375350144057828 -0.33975771031731583 
-0.6825541523525072 1.2375313796949212 -0.3397594233239041 
-0.682555407099868 1.2375361685522066 -0.33975075634800833 
-0.6825550107137401 1.2375350144057828 -0.33975771031731583 
-0.6825554320157736 1.2375366223432653 -0.3397548002378179 
-0.6825541365953414 1.2375309608590248 -0.339755316171497 
-0.682555869074973 1.2375386491166445 -0.3397559973107269 
-0.6825545894117065 1.2375334064683001 -0.33976062039681365 
-0.6825550107137401 1.2375350144057828 -0.33975771031731583 
-0.6825550083254385 1.2375350033305186 -0.3397577037759336 
-0.6825541681096731 1.2375317985308174 -0.33976353047631114 
-0.6825554477729394 1.2375370411791615 -0.33975890739022496 
-0.6825558848321386 1.2375390679525402 -0.3397601044631344 
-0.6825558848321386 1.2375390679525402 -0.3397601044631344 
-0.6825537152933078 1.2375293529215423 -0.3397582262509945 
-0.6825550264709058 1.237535433241679 -0.33976181746972267 
-0.682555407099868 1.2375361685522066 -0.33975075634800833 
-0.6825550422280715 1.237535852077575 -0.33976592462212984 
-0.6825562812182667 1.2375402220989646 -0.3397531504938267 
-0.6825550264709058 1.237535433241679 -0.33976181746972267 
-0.6825554320157736 1.2375366223432653 -0.3397548002378179 
-0.6825541523525072 1.2375313796949212 -0.3397594233239041 
-0.682554557897375 1.237532568796508 -0.3397524060919991 
-0.6825558441590674 1.2375381953255857 -0.3397519534209179 
-0.6825545894117065 1.2375334064683001 -0.33976062039681343 
-0.6825554477729394 1.2375370411791615 -0.33975890739022496 
-0.6825549949565743 1.2375345955698867 -0.33975360316490855 
-0.6825549949565743 1.2375345955698867 -0.33975360316490855 
-0.6825554320157736 1.2375366223432653 -0.3397548002378179 
-0.6825537152933078 1.2375293529215423 -0.3397582262509947 
-0.682555407099868 1.2375361685522066 -0.33975075634800833 
-0.6825537152933078 1.2375293529215423 -0.3397582262509947 
-0.6825541365953414 1.2375309608590248 -0.339755316171497 
-0.6825541365953414 1.2375309608590248 -0.339755316171497 
-0.6825554477729394 1.2375370411791615 -0.33975890739022496 
-0.6825550107137401 1.2375350144057828 -0.33975771031731583 
-0.6825554320157736 1.2375366223432653 -0.3397548002378179 
-0.6825562812182667 1.2375402220989646 -0.3397531504938267 
-0.682554557897375 1.237532568796508 -0.3397524060919991 
-0.6825560390529184 1.237538580458431 -0.3397463912287617 
-0.6825545894117065 1.2375334064683001 -0.33976062039681343 
-0.6825541365953414 1.2375309608590248 -0.339755316171497 
-0.682553973215822 1.2375314133979722 -0.339769092668467 
-0.682554557897375 1.237532568796508 -0.3397524060919991 
-0.6825545736545408 1.2375329876324037 -0.33975651324440637 
-0.6825541523525072 1.2375313796949212 -0.3397594233239041 
-0.6825535361566226 1.237529386624593 -0.3397678955955583 
-0.6825541523525072 1.2375313796949212 -0.3397594233239043 
-0.6825550422280715 1.237535852077575 -0.33976592462212984 
-0.682554557897375 1.237532568796508 -0.3397524060919991 
-0.6825545894117065 1.2375334064683001 -0.33976062039681365 
-0.682556913171317 1.2375426340051887 -0.33974878537458 
-0.6825563061341722 1.2375406758900231 -0.3397571943836364 
-0.6825541523525072 1.2375313796949212 -0.3397594233239041 
-0.682554557897375 1.237532568796508 -0.3397524060919991 
-0.6825537152933078 1.2375293529215423 -0.3397582262509945 
-0.6825537152933078 1.2375293529215423 -0.3397582262509945 
-0.6825549949565743 1.2375345955698867 -0.33975360316490855 
-0.6825545736545408 1.2375329876324037 -0.3397565132444066 
-0.6825550264709058 1.237535433241679 -0.33976181746972267 
-0.6825545736545408 1.2375329876324037 -0.33975651324440637 
-0.6825550107137401 1.2375350144057828 -0.33975771031731583 
-0.6825545736545408 1.2375329876324037 -0.33975651324440637 
-0.6825563061341722 1.2375406758900231 -0.3397571943836364 
-0.6825558441590674 1.2375381953255857 -0.33975195342091813 
-0.682555869074973 1.2375386491166445 -0.3397559973107269 
-0.6825545894117065 1.2375334064683001 -0.33976062039681343 
-0.6825558848321386 1.2375390679525402 -0.3397601044631344 
-0.6825541365953414 1.2375309608590248 -0.339755316171497 
-0.6825556966227198 1.237538886700011 -0.3397677169608033 
-0.682555869074973 1.2375386491166445 -0.3397559973107269 
-0.6825554477729394 1.2375370411791615 -0.33975890739022496 
-0.6825554477729394 1.2375370411791615 -0.33975890739022496 
-0.682555869074973 1.2375386491166445 -0.3397559973107269 
-0.6825562812182667 1.2375402220989646 -0.3397531504938267 
-0.6825562812182667 1.2375402220989646 -0.3397531504938267 
-0.6825537152933078 1.2375293529215423 -0.3397582262509945 
-0.6825513823749574 1.2375200904294914 -0.3397701245358258 
-0.6825545736545408 1.2375329876324037 -0.3397565132444066 
-0.6825541681096731 1.2375317985308174 -0.33976353047631114 
-0.6825554477729394 1.2375370411791615 -0.33975890739022496 
-0.6825530990974232 1.2375273598512142 -0.3397666985226485 
-0.6825558848321386 1.2375390679525402 -0.3397601044631344 
-0.6825545894117065 1.2375334064683001 -0.33976062039681343 
-0.6825541681096731 1.2375317985308174 -0.33976353047631114 
-0.6825545736545408 1.2375329876324037 -0.33975651324440637 
-0.6825531148545891 1.2375277786871106 -0.33977080567505635 
-0.6825537310504736 1.2375297717574383 -0.3397623334034018 
-0.6825554635301051 1.2375374600150577 -0.3397630145426319 
-0.6825535519137884 1.2375298054604893 -0.33977200274796493 
-0.6825554477729394 1.2375370411791615 -0.33975890739022496 
-0.6825546051688723 1.2375338253041963 -0.3397647275492204 
-0.6825554635301051 1.2375374600150577 -0.3397630145426319 
-0.6825541365953414 1.2375309608590248 -0.339755316171497 
-0.6825554320157736 1.2375366223432653 -0.3397548002378179 
-0.6825562812182667 1.2375402220989646 -0.3397531504938267 
-0.6825561179247533 1.237540494637494 -0.3397648068813055 
-0.6825549949565743 1.2375345955698867 -0.33975360316490855 
-0.6825550107137401 1.2375350144057828 -0.33975771031731583 
-0.6825541681096731 1.2375317985308174 -0.33976353047631114 
-0.6825554477729394 1.2375370411791615 -0.3397589073902252 
-0.6825545736545408 1.2375329876324037 -0.33975651324440637 
-0.6825573502305162 1.2375446607785674 -0.3397499824474898 
-0.6825537152933078 1.2375293529215423 -0.3397582262509945 
-0.6825541681096731 1.2375317985308174 -0.33976353047631114 
-0.6825532782341083 1.237527326148164 -0.3397570291780855 
-0.6825526620382238 1.2375253330778355 -0.33976550144973905 
-0.682555869074973 1.2375386491166445 -0.3397559973107269 
-0.6825541523525072 1.2375313796949212 -0.3397594233239041 
-0.6825550422280715 1.237535852077575 -0.33976592462212984 
-0.682554557897375 1.237532568796508 -0.3397524060919991 
-0.6825545894117065 1.2375334064683001 -0.33976062039681365 
-0.6825549949565743 1.2375345955698867 -0.33975360316490855 
-0.682554557897375 1.237532568796508 -0.3397524060919991 
-0.6825532939912743 1.2375277449840596 -0.3397611363304923 
-0.6825545736545408 1.2375329876324037 -0.33975651324440637 
-0.6825545736545408 1.2375329876324037 -0.33975651324440637 
-0.6825541681096731 1.2375317985308174 -0.33976353047631114 
-0.682555407099868 1.2375361685522066 -0.33975075634800833 
-0.6825545894117065 1.2375334064683001 -0.33976062039681343 
-0.6825541365953414 1.2375309608590248 -0.339755316171497 
-0.6825554635301051 1.2375374600150577 -0.3397630145426319 
-0.682553973215822 1.2375314133979722 -0.339769092668467 
-0.6825545736545408 1.2375329876324037 -0.33975651324440637 
-0.6825522249790246 1.2375233063044566 -0.33976430437683003 
-0.6825573726721142 1.2375452834947795 -0.3397561399054094 
-0.682553973215822 1.2375314133979722 -0.339769092668467 
-0.6825556966227198 1.237538886700011 -0.3397677169608031 
-0.6825541365953414 1.2375309608590248 -0.339755316171497 
-0.6825545894117065 1.2375334064683001 -0.33976062039681343 
-0.682554557897375 1.237532568796508 -0.3397524060919991 
-0.6825537310504736 1.2375297717574383 -0.3397623334034018 
-0.682554557897375 1.237532568796508 -0.3397524060919991 
-0.6825549949565743 1.2375345955698867 -0.33975360316490855 
-0.6825526620382238 1.2375253330778355 -0.33976550144973905 
-0.6825530990974232 1.2375273598512142 -0.3397666985226485 
-0.6825561179247533 1.237540494637494 -0.3397648068813053 
-0.6825550107137401 1.2375350144057828 -0.33975771031731605 
-0.6825550264709058 1.237535433241679 -0.33976181746972267 
-0.6825558848321386 1.2375390679525402 -0.33976010446313465 
-0.6825554477729394 1.2375370411791615 -0.33975890739022496 
-0.6825555041171704 1.2375385126424303 -0.33977328569434084 
-0.6825537152933078 1.2375293529215423 -0.3397582262509945 
-0.6825554477729394 1.2375370411791615 -0.33975890739022496 
-0.6825550264709058 1.237535433241679 -0.33976181746972267 
-0.6825541681096731 1.2375317985308174 -0.33976353047631114 
-0.6825541681096731 1.2375317985308174 -0.33976353047631114 
-0.6825541523525072 1.2375313796949212 -0.3397594233239041 
-0.6825541681096731 1.2375317985308174 -0.33976353047631114 
-0.6825545894117065 1.2375334064683001 -0.33976062039681365 
-0.6825541365953414 1.2375309608590248 -0.339755316171497 
-0.6825556966227198 1.237538886700011 -0.3397677169608031 
-0.6825550107137401 1.2375350144057828 -0.33975771031731583 
-0.6825549949565743 1.2375345955698867 -0.33975360316490877 
-0.6825522564933562 1.237524143976249 -0.33977251868164426 
-0.6825545894117065 1.2375334064683001 -0.33976062039681365 
-0.6825541365953414 1.2375309608590248 -0.339755316171497 
-0.6825546051688723 1.2375338253041963 -0.3397647275492204 
-0.6825554320157736 1.2375366223432653 -0.3397548002378179 
-0.682555869074973 1.2375386491166445 -0.3397559973107269 
-0.6825531148545891 1.2375277786871106 -0.33977080567505613 
-0.6823342140446773 1.2375526991630743 -0.339748557041618 
-0.6825569605288205 1.2375437105124594 -0.33975898672230964 
-0.6825541681096731 1.2375317985308174 -0.33976353047631136 
-0.6825541523525072 1.2375313796949212 -0.3397594233239041 
-0.6825565392267869 1.2375421025749767 -0.33976189680180735 
-0.6825536861672779 1.2375285263250146 -0.3397500184875625 
-0.6825550264709058 1.237535433241679 -0.33976181746972267 
-0.6825546051688723 1.2375338253041963 -0.3397647275492204 
-0.6823350709290394 1.2375563342332543 -0.3397468440580804 
