-0.6825563061341724 1.1675406758900233 -0.3397571943836367 
-0.6825546051688722 1.1675338253041962 -0.3397647275492206 
-0.6825537310504736 1.1675297717574387 -0.33976233340340223 
-0.682554152352507 1.1675313796949214 -0.3397594233239043 
-0.6825558848321388 1.1675390679525406 -0.33976010446313454 
-0.6825541681096728 1.1675317985308173 -0.33976353047631147 
-0.682555869074973 1.1675386491166444 -0.3397559973107269 
-0.6825536995361421 1.1675289340856463 -0.33975411909858777 
-0.682554152352507 1.1675313796949214 -0.3397594233239043 
-0.6825567182774661 1.1675422488723435 -0.3397543475667365 
-0.6825554477729394 1.167537041179162 -0.33975890739022496 
-0.6825550264709058 1.167535433241679 -0.33976181746972256 
-0.6825546051688722 1.1675338253041962 -0.3397647275492206 
-0.682554152352507 1.1675313796949214 -0.3397594233239043 
-0.6825545736545406 1.167532987632404 -0.33975651324440637 
-0.6825537152933078 1.1675293529215423 -0.33975822625099483 
-0.6825545894117064 1.1675334064683003 -0.33976062039681376 
-0.682554557897375 1.1675325687965077 -0.3397524060919991 
-0.6825549949565742 1.1675345955698868 -0.3397536031649089 
-0.6825554635301053 1.1675374600150579 -0.339763014542632 
-0.6825562812182667 1.1675402220989648 -0.3397531504938269 
-0.6825560390529183 1.167538580458431 -0.33974639122876193 
-0.6825537310504736 1.1675297717574387 -0.33976233340340223 
-0.6825532939912743 1.1675277449840595 -0.33976113633049276 
-0.6825536995361421 1.1675289340856463 -0.33975411909858777 
-0.6825532648652444 1.1675269183875316 -0.3397529285670604 
-0.6825550107137399 1.1675350144057828 -0.3397577103173156 
-0.6825541681096728 1.1675317985308173 -0.3397635304763117 
-0.682554152352507 1.1675313796949214 -0.3397594233239043 
-0.6825550422280717 1.1675358520775752 -0.33976592462213007 
-0.6825550107137399 1.1675350144057828 -0.3397577103173156 
-0.682554152352507 1.1675313796949214 -0.3397594233239043 
-0.682555407099868 1.167536168552207 -0.33975075634800866 
-0.6825550107137399 1.1675350144057828 -0.3397577103173156 
-0.6825554320157735 1.1675366223432657 -0.3397548002378181 
-0.6825541365953414 1.167530960859025 -0.33975531617149723 
-0.682555869074973 1.1675386491166444 -0.3397559973107269 
-0.6825545894117064 1.1675334064683003 -0.339760620396814 
-0.6825550107137399 1.1675350144057828 -0.3397577103173156 
-0.6825550083254384 1.1675350033305183 -0.33975770377593384 
-0.6825541681096728 1.1675317985308173 -0.33976353047631147 
-0.6825554477729394 1.167537041179162 -0.33975890739022496 
-0.6825558848321388 1.1675390679525406 -0.33976010446313454 
-0.6825558848321388 1.1675390679525406 -0.33976010446313454 
-0.6825537152933078 1.1675293529215423 -0.33975822625099483 
-0.6825550264709058 1.167535433241679 -0.33976181746972256 
-0.682555407099868 1.167536168552207 -0.33975075634800866 
-0.6825550422280717 1.1675358520775752 -0.33976592462213007 
-0.6825562812182667 1.1675402220989648 -0.3397531504938269 
-0.6825550264709058 1.167535433241679 -0.33976181746972256 
-0.6825554320157735 1.1675366223432657 -0.3397548002378181 
-0.682554152352507 1.1675313796949214 -0.3397594233239043 
-0.682554557897375 1.1675325687965077 -0.3397524060919991 
-0.6825558441590672 1.1675381953255857 -0.3397519534209179 
-0.6825545894117064 1.1675334064683003 -0.33976062039681376 
-0.6825554477729394 1.167537041179162 -0.33975890739022496 
-0.6825549949565742 1.1675345955698868 -0.3397536031649089 
-0.6825549949565742 1.1675345955698868 -0.3397536031649089 
-0.6825554320157735 1.1675366223432657 -0.3397548002378181 
-0.6825537152933078 1.1675293529215423 -0.33975822625099505 
-0.682555407099868 1.167536168552207 -0.33975075634800866 
-0.6825537152933078 1.1675293529215423 -0.33975822625099505 
-0.6825541365953414 1.167530960859025 -0.33975531617149723 
-0.6825541365953414 1.167530960859025 -0.33975531617149723 
-0.6825554477729394 1.167537041179162 -0.33975890739022496 
-0.6825550107137399 1.1675350144057828 -0.3397577103173156 
-0.6825554320157735 1.1675366223432657 -0.3397548002378181 
-0.6825562812182667 1.1675402220989648 -0.3397531504938269 
-0.682554557897375 1.1675325687965077 -0.3397524060919991 
-0.6825560390529183 1.167538580458431 -0.33974639122876193 
-0.6825545894117064 1.1675334064683003 -0.33976062039681376 
-0.6825541365953414 1.167530960859025 -0.33975531617149723 
-0.6825539732158219 1.1675314133979724 -0.3397690926684672 
-0.682554557897375 1.1675325687965077 -0.3397524060919991 
-0.6825545736545406 1.167532987632404 -0.33975651324440637 
-0.682554152352507 1.1675313796949214 -0.3397594233239043 
-0.6825535361566225 1.1675293866245933 -0.3397678955955584 
-0.682554152352507 1.1675313796949214 -0.3397594233239045 
-0.6825550422280717 1.1675358520775752 -0.33976592462213007 
-0.682554557897375 1.1675325687965077 -0.3397524060919991 
-0.6825545894117064 1.1675334064683003 -0.339760620396814 
-0.6825569131713171 1.1675426340051889 -0.3397487853745801 
-0.6825563061341724 1.1675406758900233 -0.3397571943836367 
-0.682554152352507 1.1675313796949214 -0.3397594233239043 
-0.682554557897375 1.1675325687965077 -0.3397524060919991 
-0.6825537152933078 1.1675293529215423 -0.33975822625099483 
-0.6825537152933078 1.1675293529215423 -0.33975822625099483 
-0.6825549949565742 1.1675345955698868 -0.3397536031649089 
-0.6825545736545406 1.167532987632404 -0.3397565132444066 
-0.6825550264709058 1.167535433241679 -0.33976181746972256 
-0.6825545736545406 1.167532987632404 -0.33975651324440637 
-0.6825550107137399 1.1675350144057828 -0.3397577103173156 
-0.6825545736545406 1.167532987632404 -0.33975651324440637 
-0.6825563061341724 1.1675406758900233 -0.3397571943836367 
-0.6825558441590672 1.1675381953255857 -0.33975195342091813 
-0.682555869074973 1.1675386491166444 -0.3397559973107269 
-0.6825545894117064 1.1675334064683003 -0.33976062039681376 
-0.6825558848321388 1.1675390679525406 -0.33976010446313454 
-0.6825541365953414 1.167530960859025 -0.33975531617149723 
-0.6825556966227198 1.1675388867000112 -0.33976771696080343 
-0.682555869074973 1.1675386491166444 -0.3397559973107269 
-0.6825554477729394 1.167537041179162 -0.33975890739022496 
-0.6825554477729394 1.167537041179162 -0.33975890739022496 
-0.682555869074973 1.1675386491166444 -0.3397559973107269 
-0.6825562812182667 1.1675402220989648 -0.3397531504938269 
-0.6825562812182667 1.1675402220989648 -0.3397531504938269 
-0.6825537152933078 1.1675293529215423 -0.33975822625099483 
-0.6825513823749575 1.1675200904294913 -0.3397701245358258 
-0.6825545736545406 1.167532987632404 -0.3397565132444066 
-0.6825541681096728 1.1675317985308173 -0.33976353047631147 
-0.6825554477729394 1.167537041179162 -0.33975890739022496 
-0.6825530990974232 1.1675273598512146 -0.33976669852264885 
-0.6825558848321388 1.1675390679525406 -0.33976010446313454 
-0.6825545894117064 1.1675334064683003 -0.33976062039681376 
-0.6825541681096728 1.1675317985308173 -0.33976353047631147 
-0.6825545736545406 1.167532987632404 -0.33975651324440637 
-0.6825531148545889 1.1675277786871103 -0.33977080567505635 
-0.6825537310504736 1.1675297717574387 -0.33976233340340223 
-0.6825554635301053 1.1675374600150579 -0.339763014542632 
-0.6825535519137884 1.1675298054604895 -0.3397720027479654 
-0.6825554477729394 1.167537041179162 -0.33975890739022496 
-0.6825546051688722 1.1675338253041962 -0.3397647275492206 
-0.6825554635301053 1.1675374600150579 -0.339763014542632 
-0.6825541365953414 1.167530960859025 -0.33975531617149723 
-0.6825554320157735 1.1675366223432657 -0.3397548002378181 
-0.6825562812182667 1.1675402220989648 -0.3397531504938269 
-0.6825561179247533 1.1675404946374939 -0.3397648068813055 
-0.6825549949565742 1.1675345955698868 -0.3397536031649089 
-0.6825550107137399 1.1675350144057828 -0.3397577103173156 
-0.6825541681096728 1.1675317985308173 -0.33976353047631147 
-0.6825554477729394 1.167537041179162 -0.3397589073902252 
-0.6825545736545406 1.167532987632404 -0.33975651324440637 
-0.6825573502305164 1.1675446607785676 -0.3397499824474898 
-0.6825537152933078 1.1675293529215423 -0.33975822625099483 
-0.6825541681096728 1.1675317985308173 -0.33976353047631147 
-0.6825532782341084 1.167527326148164 -0.3397570291780857 
-0.682552662038224 1.1675253330778355 -0.3397655014497394 
-0.682555869074973 1.1675386491166444 -0.3397559973107269 
-0.682554152352507 1.1675313796949214 -0.3397594233239043 
-0.6825550422280717 1.1675358520775752 -0.33976592462213007 
-0.682554557897375 1.1675325687965077 -0.3397524060919991 
-0.6825545894117064 1.1675334064683003 -0.339760620396814 
-0.6825549949565742 1.1675345955698868 -0.3397536031649089 
-0.682554557897375 1.1675325687965077 -0.3397524060919991 
-0.6825532939912743 1.1675277449840595 -0.33976113633049276 
-0.6825545736545406 1.167532987632404 -0.33975651324440637 
-0.6825545736545406 1.167532987632404 -0.33975651324440637 
-0.6825541681096728 1.1675317985308173 -0.33976353047631147 
-0.682555407099868 1.167536168552207 -0.33975075634800866 
-0.6825545894117064 1.1675334064683003 -0.33976062039681376 
-0.6825541365953414 1.167530960859025 -0.33975531617149723 
-0.6825554635301053 1.1675374600150579 -0.339763014542632 
-0.6825539732158219 1.1675314133979724 -0.3397690926684672 
-0.6825545736545406 1.167532987632404 -0.33975651324440637 
-0.6825522249790246 1.1675233063044568 -0.33976430437683025 
-0.6825573726721141 1.1675452834947795 -0.3397561399054094 
-0.6825539732158219 1.1675314133979724 -0.3397690926684672 
-0.6825556966227198 1.1675388867000112 -0.3397677169608032 
-0.6825541365953414 1.167530960859025 -0.33975531617149723 
-0.6825545894117064 1.1675334064683003 -0.33976062039681376 
-0.682554557897375 1.1675325687965077 -0.3397524060919991 
-0.6825537310504736 1.1675297717574387 -0.33976233340340223 
-0.682554557897375 1.1675325687965077 -0.3397524060919991 
-0.6825549949565742 1.1675345955698868 -0.3397536031649089 
-0.682552662038224 1.1675253330778355 -0.3397655014497394 
-0.6825530990974232 1.1675273598512146 -0.33976669852264885 
-0.6825561179247533 1.1675404946374939 -0.3397648068813053 
-0.6825550107137399 1.1675350144057828 -0.33975771031731583 
-0.6825550264709058 1.167535433241679 -0.33976181746972256 
-0.6825558848321388 1.1675390679525406 -0.33976010446313476 
-0.6825554477729394 1.167537041179162 -0.33975890739022496 
-0.6825555041171705 1.1675385126424302 -0.33977328569434095 
-0.6825537152933078 1.1675293529215423 -0.33975822625099483 
-0.6825554477729394 1.167537041179162 -0.33975890739022496 
-0.6825550264709058 1.167535433241679 -0.33976181746972256 
-0.6825541681096728 1.1675317985308173 -0.33976353047631147 
-0.6825541681096728 1.1675317985308173 -0.33976353047631147 
-0.682554152352507 1.1675313796949214 -0.3397594233239043 
-0.6825541681096728 1.1675317985308173 -0.33976353047631147 
-0.6825545894117064 1.1675334064683003 -0.339760620396814 
-0.6825541365953414 1.167530960859025 -0.33975531617149723 
-0.6825556966227198 1.1675388867000112 -0.3397677169608032 
-0.6825550107137399 1.1675350144057828 -0.3397577103173156 
-0.6825549949565742 1.1675345955698868 -0.3397536031649091 
-0.682552256493356 1.167524143976249 -0.3397725186816445 
-0.6825545894117064 1.1675334064683003 -0.339760620396814 
-0.6825541365953414 1.167530960859025 -0.33975531617149723 
-0.6825546051688722 1.1675338253041962 -0.3397647275492206 
-0.6825554320157735 1.1675366223432657 -0.3397548002378181 
-0.682555869074973 1.1675386491166444 -0.3397559973107269 
-0.6825531148545889 1.1675277786871103 -0.33977080567505613 
-0.6823342140446773 1.1675526991630742 -0.33974855704161777 
-0.6825569605288204 1.1675437105124593 -0.33975898672230964 
-0.6825541681096728 1.1675317985308173 -0.3397635304763117 
-0.682554152352507 1.1675313796949214 -0.3397594233239043 
-0.6825565392267868 1.1675421025749766 -0.3397618968018077 
-0.6825536861672779 1.1675285263250144 -0.3397500184875625 
-0.6825550264709058 1.167535433241679 -0.33976181746972256 
-0.6825546051688722 1.1675338253041962 -0.3397647275492206 
-0.6823350709290394 1.1675563342332547 -0.33974684405808064 
