-0.7047477625063533 1.2122225383954637 -0.4895436521177816 
-0.7047487795054155 1.2122256841875751 -0.48952822587680356 
-0.7047487795054155 1.2122256841875751 -0.48952822587680356 
-0.704744897120918 1.2122093406897514 -0.4895358547904822 
-0.704744897120918 1.2122093406897514 -0.4895358547904822 
-0.704744897120918 1.2122093406897514 -0.4895358547904822 
-0.704744897120918 1.2122093406897514 -0.4895358547904822 
-0.7047460168317442 1.212214841505584 -0.4895429644372087 
-0.7047460168317442 1.212214841505584 -0.4895429644372087 
-0.7047440592110269 1.2122061609431054 -0.4895416116868967 
-0.7047440592110269 1.2122061609431054 -0.4895416116868967 
-0.7047488586605132 1.2122275871822124 -0.4895466349879567 
-0.7047435937541278 1.2122036810296128 -0.48953637072419043 
-0.7047488586605132 1.2122275871822124 -0.4895466349879567 
-0.7047488586605132 1.2122275871822124 -0.4895466349879567 
-0.7047488586605132 1.2122275871822124 -0.4895466349879567 
-0.7047494847909812 1.212229963256629 -0.4895423331312956 
-0.7047494847909812 1.212229963256629 -0.4895423331312956 
-0.7047503458499526 1.2122335856870268 -0.48954061358330647 
-0.7047503458499526 1.2122335856870268 -0.48954061358330647 
-0.7047503458499526 1.2122335856870268 -0.48954061358330647 
-0.7047506370253742 1.2122361216988553 -0.48955553697334087 
-0.7047506370253742 1.2122361216988553 -0.48955553697334087 
-0.7047435937541278 1.2122036810296128 -0.48953637072419043 
-0.704741175484205 1.212192542697443 -0.48952979009393593 
-0.704741175484205 1.212192542697443 -0.48952979009393593 
-0.704741175484205 1.212192542697443 -0.48952979009393593 
-0.7047431794030827 1.2122021086274253 -0.4895392175410982 
-0.7047431794030827 1.2122021086274253 -0.4895392175410982 
-0.704744643443442 1.2122076644484878 -0.48952915878802283 
-0.704744643443442 1.2122076644484878 -0.48952915878802283 
-0.7047468314258701 1.2122173985681082 -0.48953105008287734 
-0.7047468314258701 1.2122173985681082 -0.48953105008287734 
-0.7047468314258699 1.2122173985681082 -0.489531050082877 
-0.7047468314258699 1.2122173985681082 -0.489531050082877 
-0.7047483886368214 1.21222491446988 -0.4895393502611205 
-0.7047483886368214 1.21222491446988 -0.4895393502611205 
-0.7029955698415692 1.2131640055619382 -0.48953665658191126 
-0.703295502865801 1.2129942907740767 -0.4895315458677285 
-0.703295502865801 1.2129942907740767 -0.4895315458677285 
-0.7047422112322401 1.212196118374837 -0.4895184775467454 
-0.7047422112322401 1.212196118374837 -0.4895184775467454 
-0.7047520915245618 1.2122412825769062 -0.48954130126387985 
-0.7047520915245618 1.2122412825769062 -0.48954130126387985 
-0.704744897120918 1.2122093406897514 -0.4895358547904822 
-0.704744897120918 1.2122093406897514 -0.4895358547904822 
-0.704744897120918 1.2122093406897514 -0.4895358547904822 
-0.704744897120918 1.2122093406897514 -0.4895358547904822 
-0.7047430910401843 1.2122001706905172 -0.4895208716925439 
-0.7047430910401843 1.2122001706905172 -0.4895208716925439 
-0.7047464591395632 1.2122168787353251 -0.48954416805149004 
-0.7047464591395632 1.2122168787353251 -0.48954416805149004 
-0.7047464591395632 1.2122168787353251 -0.48954416805149004 
-0.7047464591395632 1.2122168787353251 -0.48954416805149004 
-0.704741175484205 1.212192542697443 -0.48952979009393593 
-0.7047435937541278 1.2122036810296128 -0.48953637072419043 
-0.7047470665210586 1.2122188249244594 -0.4895357525010413 
-0.704745197670826 1.2122120916442212 -0.48955283502740987 
-0.704745197670826 1.2122120916442212 -0.48955283502740987 
-0.7047470665210586 1.2122188249244594 -0.4895357525010413 
-0.7047470665210586 1.2122188249244594 -0.4895357525010413 
-0.7047470665210586 1.2122188249244594 -0.4895357525010413 
-0.7047470665210583 1.2122188249244594 -0.489535752501041 
-0.7047407379840798 1.2121905276115037 -0.4895285995624188 
-0.7047506182764014 1.212235691813573 -0.4895514232795535 
-0.7047506182764014 1.212235691813573 -0.4895514232795535 
-0.7047435424815885 1.2122025935179372 -0.489526162835084 
-0.7047435424815885 1.2122025935179372 -0.489526162835084 
-0.7047499222911064 1.2122319783425684 -0.4895435236628125 
-0.7047499222911064 1.2122319783425684 -0.4895435236628125 
-0.7047499222911064 1.2122319783425684 -0.4895435236628125 
-0.7047499222911064 1.2122319783425684 -0.4895435236628125 
-0.7047444735620719 1.212207733345293 -0.48953876486998826 
-0.7047503645989255 1.2122340155723095 -0.48954472727709386 
-0.7047503645989255 1.2122340155723095 -0.48954472727709386 
-0.7047479323877236 1.2122224694986583 -0.4895340460358162 
-0.7047479323877236 1.2122224694986583 -0.4895340460358162 
-0.7047488261369467 1.2122269295558195 -0.4895405407926381 
-0.7047488261369467 1.2122269295558195 -0.4895405407926381 
-0.7047420552921491 1.2121965950131233 -0.489532184239734 
-0.7047420552921491 1.2121965950131233 -0.489532184239734 
-0.7047420552921491 1.2121965950131233 -0.489532184239734 
-0.7047499222911064 1.2122319783425684 -0.4895435236628125 
-0.7047499222911064 1.2122319783425684 -0.4895435236628125 
-0.7047479136387507 1.212222039613376 -0.4895299323420288 
-0.7047479136387507 1.212222039613376 -0.4895299323420288 
-0.7047479136387507 1.212222039613376 -0.4895299323420288 
-0.7047479136387507 1.212222039613376 -0.4895299323420288 
-0.7047444596207928 1.2122073256038122 -0.4895346642589653 
-0.7047444596207928 1.2122073256038122 -0.4895346642589653 
-0.7047444596207926 1.2122073256038122 -0.48953466425896497 
-0.7047426674813381 1.2121985633460588 -0.48952378177205014 
-0.7047426674813378 1.2121985633460588 -0.4895237817720498 
-0.7047399000741886 1.2121873478648584 -0.4895343564588326 
-0.7047399000741886 1.2121873478648584 -0.4895343564588326 
-0.7047407379840798 1.2121905276115037 -0.4895285995624188 
-0.7047407379840798 1.2121905276115037 -0.4895285995624188 
-0.7047407379840798 1.2121905276115037 -0.4895285995624188 
-0.704741787673394 1.212194511030379 -0.4895213876262514 
-0.704741787673394 1.212194511030379 -0.4895213876262514 
-0.704741640941104 1.212195022610936 -0.4895350310566424 
-0.7029941197424889 1.2131588574823569 -0.4895508159460098 
-0.70354296767484 1.2128960690070905 -0.4895456213703402 
-0.7047427419029575 1.212200093541486 -0.48953802700958127 
-0.7047427419029575 1.212200093541486 -0.48953802700958127 
-0.7047427419029575 1.212200093541486 -0.48953802700958127 
-0.7047427419029575 1.212200093541486 -0.48953802700958127 
-0.7047460447885182 1.212215306333138 -0.4895470148683978 
-0.7047460447885182 1.212215306333138 -0.4895470148683978 
-0.7047460447885182 1.212215306333138 -0.4895470148683978 
-0.7047460447885182 1.212215306333138 -0.4895470148683978 
-0.7047412034409788 1.2121930075249965 -0.4895338405251253 
-0.7047455232513862 1.212211716764168 -0.48953155293382156 
-0.7047455232513862 1.212211716764168 -0.48953155293382156 
-0.7047455232513862 1.212211716764168 -0.48953155293382156 
-0.7035786298538985 1.2128613754686863 -0.48955471766232894 
-0.7035786298538985 1.2128613754686863 -0.48955471766232894 
-0.70446500457832 1.2123578795263987 -0.4895216723611546 
-0.70446500457832 1.2123578795263987 -0.4895216723611546 
-0.70446500457832 1.2123578795263987 -0.4895216723611546 
-0.7029964961143585 1.2131691232454924 -0.48954924553405155 
-0.7029964961143585 1.2131691232454924 -0.48954924553405155 
-0.7029964961143585 1.2131691232454924 -0.48954924553405155 
-0.7046166420857871 1.212278381540921 -0.4895303152725847 
-0.7046166420857871 1.212278381540921 -0.4895303152725847 
-0.7047488121956675 1.2122265218143387 -0.48953644018161424 
-0.7047488121956675 1.2122265218143387 -0.48953644018161424 
-0.7047527689275692 1.2122447461629984 -0.4895472072963247 
-0.7047527689275692 1.2122447461629984 -0.4895472072963247 
-0.7047455232513862 1.212211716764168 -0.48953155293382156 
-0.7047455232513862 1.212211716764168 -0.48953155293382156 
-0.7047411615429259 1.2121921349559623 -0.4895256894829123 
-0.7047411615429259 1.2121921349559623 -0.4895256894829123 
-0.7047411615429259 1.2121921349559623 -0.4895256894829123 
-0.7047411615429259 1.2121921349559623 -0.4895256894829123 
-0.7047446295021629 1.2122072567070068 -0.48952505817699987 
-0.7047446295021629 1.2122072567070068 -0.48952505817699987 
-0.7047446295021629 1.2122072567070068 -0.48952505817699987 
-0.7047446295021629 1.2122072567070068 -0.48952505817699987 
-0.7047483559465697 1.2122240768431167 -0.4895311359563097 
-0.7047483559465697 1.2122240768431167 -0.4895311359563097 
-0.7047506370253742 1.2122361216988553 -0.48955553697334087 
-0.7047456024806992 1.2122132691033969 -0.48954581125411667 
-0.7047492496957928 1.2122285369002779 -0.48953763071313183 
-0.7047431049814633 1.212200578431998 -0.48952497230356684 
-0.7047431049814633 1.212200578431998 -0.48952497230356684 
-0.7047464822886433 1.212217321419077 -0.48954820539991495 
-0.7047464822886433 1.212217321419077 -0.48954820539991495 
-0.7047464822886433 1.212217321419077 -0.48954820539991495 
-0.7037448613835419 1.2127515818538623 -0.48953399018929356 
-0.7037448613835419 1.2127515818538623 -0.48953399018929356 
-0.7047431049814633 1.212200578431998 -0.48952497230356684 
-0.7047431049814633 1.212200578431998 -0.48952497230356684 
-0.7047436217109017 1.2122041458571664 -0.4895404211553793 
-0.7047436217109017 1.2122041458571664 -0.4895404211553793 
-0.7047436217109017 1.2122041458571664 -0.4895404211553793 
-0.704745965559205 1.2122137539939088 -0.4895327565481027 
-0.704745965559205 1.2122137539939088 -0.4895327565481027 
-0.704745965559205 1.2122137539939088 -0.4895327565481027 
-0.7047464822886433 1.212217321419077 -0.48954820539991495 
-0.7047473201985345 1.2122205011657228 -0.4895424485035005 
-0.7047473201985345 1.2122205011657228 -0.4895424485035005 
-0.704746407867024 1.2122157912236498 -0.4895339601623834 
-0.704746407867024 1.2122157912236498 -0.4895339601623834 
-0.704746407867024 1.2122157912236498 -0.4895339601623834 
-0.7047435798128486 1.212203273288132 -0.4895322701131666 
-0.7047435798128486 1.212203273288132 -0.4895322701131666 
-0.7047440173129739 1.2122052883740715 -0.48953346064468417 
-0.7047440173129739 1.2122052883740715 -0.48953346064468417 
-0.7047503645989255 1.2122340155723095 -0.48954472727709386 
-0.7047503645989255 1.2122340155723095 -0.48954472727709386 
-0.7030380390819536 1.2131739362358314 -0.4895577922445923 
-0.7030380390819536 1.2131739362358314 -0.4895577922445923 
-0.7030380390819536 1.2131739362358314 -0.4895577922445923 
-0.7030019635923661 1.2131937981280498 -0.48955811802066296 
-0.704292051907061 1.2124451508781813 -0.4895266452482303 
-0.704292051907061 1.2124451508781813 -0.4895266452482303 
-0.7047422251735193 1.2121965261163181 -0.4895225781577688 
-0.7047420552921491 1.2121965950131233 -0.489532184239734 
-0.7047420552921491 1.2121965950131233 -0.489532184239734 
-0.7047420552921491 1.2121965950131233 -0.489532184239734 
-0.7047464403905904 1.2122164488500429 -0.4895400543577024 
-0.7047464403905904 1.2122164488500429 -0.4895400543577024 
-0.7047442059433168 1.2122056493625484 -0.48952796825650613 
-0.7029960586142335 1.213167108159553 -0.48954805500253396 
-0.7029960586142335 1.213167108159553 -0.48954805500253396 
-0.7043266171322364 1.212451040740449 -0.4895395510681746 
-0.7047470665210586 1.2122188249244594 -0.4895357525010413 
-0.7047470665210586 1.2122188249244594 -0.4895357525010413 
-0.7047464591395632 1.2122168787353251 -0.48954416805149004 
-0.7047440360619467 1.2122057182593535 -0.4895375743384711 
-0.7047456024806992 1.2122132691033969 -0.48954581125411667 
-0.7047456024806992 1.2122132691033969 -0.48954581125411667 
-0.7047456024806992 1.2122132691033969 -0.48954581125411667 
-0.7047456024806992 1.2122132691033969 -0.48954581125411667 
-0.7047454905611342 1.2122108791374047 -0.48952333862901054 
-0.7047454905611342 1.2122108791374047 -0.48952333862901054 
-0.7047454905611342 1.2122108791374047 -0.48952333862901054 
-0.7047436217109017 1.2122041458571664 -0.4895404211553793 
-0.7047494847909812 1.212229963256629 -0.4895423331312956 
-0.7047413453655752 1.212192473800638 -0.4895201840119705 
-0.704745509310107 1.2122113090226871 -0.4895274523227977 
-0.7047489144998452 1.2122288674927277 -0.4895588866411924 
-0.7047475088288775 1.2122208621542 -0.48953695611532244 
-0.7047464822886433 1.212217321419077 -0.48954820539991495 
-0.7047516679657156 1.212239675232448 -0.4895442113433861 
-0.7047440360619467 1.2122057182593535 -0.4895375743384711 
-0.7047464403905904 1.2122164488500429 -0.4895400543577024 
-0.7047424788509953 1.2121982023575817 -0.48952927416022773 
-0.7047516867146885 1.2122401051177305 -0.4895483250371737 
-0.7047464591395632 1.2122168787353251 -0.48954416805149004 
-0.7047470665210586 1.2122188249244594 -0.4895357525010413 
-0.7047450670022881 1.2122092717929465 -0.48952624870851635 
-0.704741175484205 1.212192542697443 -0.48952979009393593 
-0.7047503645989255 1.2122340155723095 -0.48954472727709386 
-0.7047508020990506 1.2122360306582485 -0.48954591780861123 
-0.7047420552921491 1.2121965950131233 -0.489532184239734 
-0.7047488261369464 1.2122269295558195 -0.48954054079263776 
-0.7047488261369464 1.2122269295558195 -0.48954054079263776 
-0.7047464591395632 1.2122168787353251 -0.48954416805149004 
-0.7047499083498273 1.2122315706010873 -0.4895394230517893 
-0.7047436217109017 1.2122041458571664 -0.4895404211553793 
-0.7047521102735345 1.2122417124621887 -0.48954541495766724 
-0.7047453394287368 1.2122113779194923 -0.48953705840476336 
-0.7047468314258699 1.2122173985681082 -0.489531050082877 
-0.7047473389475072 1.212220931051005 -0.48954656219728787 
-0.7047440173129739 1.2122052883740715 -0.48953346064468417 
-0.7047435937541278 1.2122036810296128 -0.48953637072419043 
-0.7047449158698907 1.2122097705750339 -0.48953996848426984 
-0.7047444596207928 1.2122073256038122 -0.4895346642589653 
-0.7047444596207926 1.2122073256038122 -0.48953466425896497 
-0.7047492496957926 1.2122285369002779 -0.4895376307131315 
-0.7047444596207928 1.2122073256038122 -0.4895346642589653 
-0.7047449158698907 1.2122097705750339 -0.48953996848426984 
-0.704746389118051 1.212215361338367 -0.489529846468596 
-0.7030019635923661 1.2131937981280498 -0.48955811802066296 
-0.7046625522626666 1.2122575580057515 -0.48953230257681013 
-0.7047488121956675 1.2122265218143387 -0.48953644018161424 
-0.7047483886368214 1.21222491446988 -0.4895393502611205 
-0.7047507881577716 1.212235622916768 -0.4895418171975878 
-0.7047501759685825 1.212233654583832 -0.4895502196652719 
-0.7047483698878487 1.2122244845845978 -0.48953523656733355 
-0.7047484582507472 1.212226422521506 -0.4895535824158881 
-0.7047501759685825 1.212233654583832 -0.4895502196652719 
-0.7047475088288775 1.2122208621542 -0.48953695611532244 
-0.7047427419029575 1.212200093541486 -0.48953802700958127 
-0.7047413453655752 1.212192473800638 -0.4895201840119705 
-0.70474076113316 1.2121909702952556 -0.4895326369108439 
-0.70474204135087 1.2121961872716425 -0.48952808362871125 
-0.7047488261369467 1.2122269295558195 -0.4895405407926381 
-0.7029969384221777 1.213171160475233 -0.4895504491483327 
-0.7047411615429259 1.2121921349559623 -0.4895256894829123 
-0.7047440360619467 1.2122057182593535 -0.4895375743384711 
-0.704746501037616 1.2122177513043595 -0.48955231909370167 
-0.7047436217109017 1.2122041458571664 -0.4895404211553793 
-0.7047468966396884 1.2122188938212644 -0.48954535858300674 
-0.7047499222911064 1.2122319783425684 -0.4895435236628125 
-0.7047483698878487 1.2122244845845978 -0.48953523656733355 
-0.7043921413342966 1.212397803447484 -0.4895395459684826 
-0.7047442059433168 1.2122056493625484 -0.48952796825650613 
-0.7047474900799047 1.2122204322689176 -0.4895328424215353 
-0.7047444735620719 1.2122077333452927 -0.48953876486998826 
-0.7047449158698905 1.2122097705750339 -0.4895399684842695 
-0.7047435937541278 1.2122036810296128 -0.48953637072419043 
-0.7047411615429259 1.2121921349559623 -0.4895256894829123 
-0.7047477625063533 1.2122225383954637 -0.4895436521177816 
-0.70474204135087 1.2121961872716425 -0.48952808362871125 
-0.7047499083498273 1.2122315706010873 -0.4895394230517893 
-0.7047450857512609 1.2122097016782287 -0.48953036240230396 
-0.7047417689244213 1.2121940811450964 -0.489517273932464 
-0.7029966847447017 1.2131694842339693 -0.4895437531458735 
-0.7047493149096112 1.2122300321534343 -0.48955193921326123 
-0.704745509310107 1.2122113090226871 -0.4895274523227977 
-0.7047424927922742 1.212198610099062 -0.48953337477125136 
-0.7047442059433168 1.2122056493625484 -0.48952796825650613 
-0.7047460447885182 1.212215306333138 -0.4895470148683978 
-0.7047426487323654 1.2121981334607765 -0.48951966807826275 
-0.7047477764476325 1.2122229461369445 -0.489547752728805 
-0.704752768927569 1.2122447461629984 -0.4895472072963244 
-0.7047465149788951 1.2122181590458405 -0.48955641970472497 
-0.7047399000741886 1.2121873478648584 -0.4895343564588326 
-0.7047450857512609 1.2122097016782287 -0.48953036240230396 
-0.7047460168317442 1.212214841505584 -0.4895429644372087 
-0.7047475088288775 1.2122208621542 -0.48953695611532244 
-0.704741640941104 1.212195022610936 -0.4895350310566424 
-0.7047416409411038 1.212195022610936 -0.4895350310566421 
-0.7050587143882412 1.2121669479510393 -0.4895446587307444 
-0.7047440360619467 1.2122057182593535 -0.4895375743384711 
-0.7047407192351068 1.2121900977262214 -0.48952448586863084 
-0.703206993666465 1.2130328060588391 -0.48953654175947037 
-0.7047532112353879 1.2122467833927393 -0.4895484109106063 
-0.704748900558566 1.212228459751247 -0.4895547860301689 
-0.7047431562540025 1.2122016659436734 -0.48953518019267284 
-0.7047406679625676 1.2121890102145458 -0.4895142779795252 
-0.704741175484205 1.212192542697443 -0.48952979009393593 
-0.7047420784412292 1.2121970376968747 -0.4895362215881591 
-0.7047504577695177 1.2122359756530192 -0.4895630862084126 
-0.7047450857512609 1.2122097016782287 -0.48953036240230396 
-0.704745509310107 1.2122113090226871 -0.4895274523227977 
-0.704745509310107 1.2122113090226871 -0.4895274523227977 
-0.7047407379840798 1.2121905276115037 -0.4895285995624188 
-0.7047394904566218 1.2121861482618805 -0.48954136714936247 
-0.7047449158698907 1.2122097705750339 -0.48953996848426984 
-0.7043274596263991 1.212427835802162 -0.4895371244083646 
-0.7047453394287368 1.2122113779194923 -0.48953705840476336 
-0.7047431562540025 1.2122016659436734 -0.48953518019267284 
-0.7047453581777098 1.2122118078047748 -0.4895411720985512 
-0.704745509310107 1.2122113090226871 -0.4895274523227977 
-0.7047475088288775 1.2122208621542 -0.48953695611532244 
-0.7047468126768971 1.2122169686828255 -0.4895269363890902 
-0.7047459328689532 1.2122129163671453 -0.48952454224329167 
-0.7047479463290026 1.2122228772401393 -0.48953814664683937 
-0.7047468826984093 1.2122184860797836 -0.48954125797198333 
-0.7047454905611342 1.2122108791374047 -0.48952333862901054 
-0.704741175484205 1.212192542697443 -0.48952979009393593 
-0.704741175484205 1.212192542697443 -0.48952979009393593 
-0.7047464591395632 1.2122168787353251 -0.48954416805149004 
-0.7047421924832673 1.2121956884895548 -0.489514363852958 
-0.7047450857512609 1.2122097016782287 -0.48953036240230396 
-0.7047450857512609 1.2122097016782287 -0.48953036240230396 
-0.704745965559205 1.2122137539939088 -0.4895327565481027 
-0.704745965559205 1.2122137539939088 -0.4895327565481027 
-0.7047468826984091 1.2122184860797836 -0.489541257971983 
-0.7047497384684573 1.212231639497893 -0.489549029133755 
-0.7047474900799047 1.2122204322689176 -0.4895328424215353 
-0.7047453394287368 1.2122113779194923 -0.48953705840476336 
-0.7047474900799047 1.2122204322689176 -0.4895328424215353 
-0.7047449438266646 1.2122102354025874 -0.48954401891545873 
-0.7047450670022881 1.2122092717929465 -0.48952624870851635 
-0.7047483886368214 1.21222491446988 -0.4895393502611205 
-0.7047468966396884 1.2122188938212644 -0.48954535858300674 
-0.7047453581777098 1.2122118078047748 -0.4895411720985512 
-0.7047473389475072 1.212220931051005 -0.48954656219728787 
-0.704745509310107 1.2122113090226871 -0.4895274523227977 
-0.7047449438266646 1.2122102354025874 -0.48954401891545873 
-0.7047479323877236 1.2122224694986583 -0.4895340460358162 
-0.7047488726017922 1.2122279949236934 -0.4895507355989799 
-0.7047482000064786 1.2122245534814031 -0.48954484264929854 
-0.7047440173129736 1.2122052883740715 -0.48953346064468384 
-0.7047470665210586 1.2122188249244594 -0.4895357525010413 
-0.7047453394287368 1.2122113779194923 -0.48953705840476336 
-0.7047469385377414 1.212219766390299 -0.48955350962521904 
-0.7047455232513862 1.212211716764168 -0.48953155293382156 
-0.7047444735620717 1.212207733345293 -0.48953876486998793 
-0.7047482000064786 1.2122245534814031 -0.48954484264929854 
-0.7047488586605132 1.2122275871822124 -0.4895466349879567 
-0.7047487795054157 1.2122256841875751 -0.4895282258768039 
-0.7047477625063533 1.2122225383954637 -0.4895436521177816 
-0.7047455232513862 1.212211716764168 -0.48953155293382156 
-0.7047464591395632 1.2122168787353251 -0.48954416805149004 
-0.7047459468102323 1.2122133241086264 -0.4895286428543153 
-0.7047488586605132 1.2122275871822124 -0.4895466349879567 
-0.7047483886368214 1.21222491446988 -0.4895393502611205 
-0.7047492961606384 1.212229602268152 -0.4895478255194736 
-0.7047494847909812 1.212229963256629 -0.4895423331312956 
-0.7047494847909812 1.212229963256629 -0.4895423331312956 
-0.7047455232513862 1.212211716764168 -0.48953155293382156 
-0.704744897120918 1.2122093406897514 -0.4895358547904822 
-0.7047449158698907 1.2122097705750339 -0.48953996848426984 
-0.7047422251735193 1.2121965261163181 -0.4895225781577688 
-0.7047473389475072 1.212220931051005 -0.48954656219728787 
-0.7047442059433168 1.2122056493625484 -0.48952796825650613 
-0.7047451789218532 1.2122116617589387 -0.4895487213336229 
-0.7047424927922742 1.212198610099062 -0.48953337477125136 
-0.7047435424815885 1.2122025935179372 -0.489526162835084 
-0.704741175484205 1.212192542697443 -0.48952979009393593 
-0.7047426487323654 1.2121981334607765 -0.48951966807826275 
-0.7047508020990506 1.2122360306582485 -0.48954591780861123 
-0.7047516679657156 1.212239675232448 -0.4895442113433861 
-0.704748020750622 1.2122244074355668 -0.48955239188437094 
-0.7047426674813381 1.2121985633460588 -0.48952378177205014 
-0.7047459468102323 1.2122133241086264 -0.4895286428543153 
-0.7047453394287368 1.2122113779194923 -0.48953705840476336 
-0.704744897120918 1.2122093406897514 -0.4895358547904822 
-0.7047464591395632 1.2122168787353251 -0.48954416805149004 
-0.704746407867024 1.2122157912236498 -0.4895339601623834 
-0.7047468966396884 1.2122188938212644 -0.48954535858300674 
-0.7047470665210586 1.2122188249244594 -0.4895357525010413 
-0.704746016831744 1.212214841505584 -0.48954296443720835 
-0.7047440360619467 1.2122057182593535 -0.4895375743384711 
-0.7035011777424688 1.2129029484299494 -0.48954520884395536 
-0.7047464403905904 1.2122164488500429 -0.4895400543577024 
-0.7047429163511204 1.212200217443521 -0.4895304646917451 
-0.7047422251735193 1.2121965261163181 -0.4895225781577688 
-0.7047459328689532 1.2122129163671453 -0.48952454224329167 
-0.7036422200290919 1.212820203700851 -0.48954702355478896 
-0.7047470665210586 1.2122188249244594 -0.4895357525010413 
-0.7047422251735193 1.2121965261163181 -0.4895225781577688 
-0.7047432120933347 1.2122029462541888 -0.489547431845909 
-0.7047468826984093 1.2122184860797833 -0.48954125797198333 
-0.704742225173519 1.2121965261163181 -0.48952257815776845 
-0.7047483698878485 1.2122244845845978 -0.4895352365673332 
-0.7047468314258701 1.2122173985681082 -0.48953105008287734 
-0.7047473620965874 1.2122213737347571 -0.4895505995457132 
-0.7047468126768971 1.2122169686828255 -0.4895269363890902 
-0.7047463891180508 1.212215361338367 -0.48952984646859565 
-0.7047503458499526 1.2122335856870268 -0.48954061358330647 
