-0.5947477625063533 1.212222538395464 -0.48954365211778184 
-0.5947487795054154 1.2122256841875754 -0.4895282258768038 
-0.5947487795054154 1.2122256841875754 -0.4895282258768038 
-0.5947448971209178 1.2122093406897514 -0.4895358547904822 
-0.5947448971209178 1.2122093406897514 -0.4895358547904822 
-0.5947448971209178 1.2122093406897514 -0.4895358547904822 
-0.5947448971209178 1.2122093406897514 -0.4895358547904822 
-0.594746016831744 1.212214841505584 -0.4895429644372089 
-0.594746016831744 1.212214841505584 -0.4895429644372089 
-0.5947440592110267 1.2122061609431056 -0.48954161168689625 
-0.5947440592110267 1.2122061609431056 -0.48954161168689625 
-0.594748858660513 1.2122275871822128 -0.4895466349879567 
-0.5947435937541277 1.212203681029613 -0.4895363707241902 
-0.594748858660513 1.2122275871822128 -0.4895466349879567 
-0.594748858660513 1.2122275871822128 -0.4895466349879567 
-0.594748858660513 1.2122275871822128 -0.4895466349879567 
-0.5947494847909811 1.2122299632566294 -0.48954233313129536 
-0.5947494847909811 1.2122299632566294 -0.48954233313129536 
-0.5947503458499525 1.212233585687027 -0.4895406135833067 
-0.5947503458499525 1.212233585687027 -0.4895406135833067 
-0.5947503458499525 1.212233585687027 -0.4895406135833067 
-0.5947506370253739 1.2122361216988553 -0.48955553697334064 
-0.5947506370253739 1.2122361216988553 -0.48955553697334064 
-0.5947435937541277 1.212203681029613 -0.4895363707241902 
-0.5947411754842048 1.212192542697443 -0.48952979009393593 
-0.5947411754842048 1.212192542697443 -0.48952979009393593 
-0.5947411754842048 1.212192542697443 -0.48952979009393593 
-0.5947431794030826 1.2122021086274255 -0.4895392175410984 
-0.5947431794030826 1.2122021086274255 -0.4895392175410984 
-0.5947446434434418 1.212207664448488 -0.48952915878802306 
-0.5947446434434418 1.212207664448488 -0.48952915878802306 
-0.5947468314258697 1.2122173985681082 -0.48953105008287756 
-0.5947468314258697 1.2122173985681082 -0.48953105008287756 
-0.5947468314258695 1.2122173985681082 -0.48953105008287723 
-0.5947468314258695 1.2122173985681082 -0.48953105008287723 
-0.5947483886368213 1.2122249144698802 -0.4895393502611205 
-0.5947483886368213 1.2122249144698802 -0.4895393502611205 
-0.5929955698415689 1.213164005561938 -0.4895366565819108 
-0.5932955028658008 1.212994290774077 -0.4895315458677283 
-0.5932955028658008 1.212994290774077 -0.4895315458677283 
-0.5947422112322399 1.2121961183748373 -0.48951847754674516 
-0.5947422112322399 1.2121961183748373 -0.48951847754674516 
-0.5947520915245614 1.2122412825769064 -0.4895413012638794 
-0.5947520915245614 1.2122412825769064 -0.4895413012638794 
-0.5947448971209178 1.2122093406897514 -0.4895358547904822 
-0.5947448971209178 1.2122093406897514 -0.4895358547904822 
-0.5947448971209178 1.2122093406897514 -0.4895358547904822 
-0.5947448971209178 1.2122093406897514 -0.4895358547904822 
-0.594743091040184 1.212200170690517 -0.48952087169254344 
-0.594743091040184 1.212200170690517 -0.48952087169254344 
-0.594746459139563 1.2122168787353254 -0.48954416805149004 
-0.594746459139563 1.2122168787353254 -0.48954416805149004 
-0.594746459139563 1.2122168787353254 -0.48954416805149004 
-0.594746459139563 1.2122168787353254 -0.48954416805149004 
-0.5947411754842048 1.212192542697443 -0.48952979009393593 
-0.5947435937541277 1.212203681029613 -0.4895363707241902 
-0.5947470665210584 1.2122188249244592 -0.48953575250104087 
-0.5947451976708258 1.2122120916442214 -0.4895528350274101 
-0.5947451976708258 1.2122120916442214 -0.4895528350274101 
-0.5947470665210584 1.2122188249244592 -0.48953575250104087 
-0.5947470665210584 1.2122188249244592 -0.48953575250104087 
-0.5947470665210584 1.2122188249244592 -0.48953575250104087 
-0.5947470665210581 1.2122188249244592 -0.48953575250104053 
-0.5947407379840796 1.2121905276115037 -0.48952859956241945 
-0.5947506182764012 1.2122356918135728 -0.48955142327955303 
-0.5947506182764012 1.2122356918135728 -0.48955142327955303 
-0.5947435424815883 1.2122025935179375 -0.48952616283508377 
-0.5947435424815883 1.2122025935179375 -0.48952616283508377 
-0.5947499222911063 1.2122319783425686 -0.48954352366281273 
-0.5947499222911063 1.2122319783425686 -0.48954352366281273 
-0.5947499222911063 1.2122319783425686 -0.48954352366281273 
-0.5947499222911063 1.2122319783425686 -0.48954352366281273 
-0.5947444735620717 1.2122077333452932 -0.4895387648699885 
-0.5947503645989252 1.2122340155723093 -0.48954472727709364 
-0.5947503645989252 1.2122340155723093 -0.48954472727709364 
-0.5947479323877234 1.2122224694986588 -0.4895340460358162 
-0.5947479323877234 1.2122224694986588 -0.4895340460358162 
-0.5947488261369465 1.2122269295558197 -0.48954054079263765 
-0.5947488261369465 1.2122269295558197 -0.48954054079263765 
-0.5947420552921489 1.2121965950131233 -0.48953218423973466 
-0.5947420552921489 1.2121965950131233 -0.48953218423973466 
-0.5947420552921489 1.2121965950131233 -0.48953218423973466 
-0.5947499222911063 1.2122319783425686 -0.48954352366281273 
-0.5947499222911063 1.2122319783425686 -0.48954352366281273 
-0.5947479136387506 1.2122220396133758 -0.489529932342029 
-0.5947479136387506 1.2122220396133758 -0.489529932342029 
-0.5947479136387506 1.2122220396133758 -0.489529932342029 
-0.5947479136387506 1.2122220396133758 -0.489529932342029 
-0.5947444596207926 1.2122073256038122 -0.48953466425896464 
-0.5947444596207926 1.2122073256038122 -0.48953466425896464 
-0.5947444596207924 1.2122073256038122 -0.4895346642589643 
-0.5947426674813379 1.2121985633460588 -0.4895237817720497 
-0.5947426674813376 1.2121985633460588 -0.48952378177204936 
-0.5947399000741884 1.2121873478648582 -0.4895343564588328 
-0.5947399000741884 1.2121873478648582 -0.4895343564588328 
-0.5947407379840796 1.2121905276115037 -0.48952859956241945 
-0.5947407379840796 1.2121905276115037 -0.48952859956241945 
-0.5947407379840796 1.2121905276115037 -0.48952859956241945 
-0.5947417876733938 1.2121945110303787 -0.4895213876262514 
-0.5947417876733938 1.2121945110303787 -0.4895213876262514 
-0.5947416409411037 1.2121950226109357 -0.4895350310566424 
-0.5929941197424886 1.2131588574823566 -0.4895508159460098 
-0.5935429676748398 1.2128960690070905 -0.4895456213703402 
-0.5947427419029574 1.2122000935414865 -0.4895380270095806 
-0.5947427419029574 1.2122000935414865 -0.4895380270095806 
-0.5947427419029574 1.2122000935414865 -0.4895380270095806 
-0.5947427419029574 1.2122000935414865 -0.4895380270095806 
-0.594746044788518 1.2122153063331378 -0.4895470148683978 
-0.594746044788518 1.2122153063331378 -0.4895470148683978 
-0.594746044788518 1.2122153063331378 -0.4895470148683978 
-0.594746044788518 1.2122153063331378 -0.4895470148683978 
-0.5947412034409786 1.2121930075249965 -0.48953384052512483 
-0.594745523251386 1.2122117167641682 -0.4895315529338211 
-0.594745523251386 1.2122117167641682 -0.4895315529338211 
-0.594745523251386 1.2122117167641682 -0.4895315529338211 
-0.5935786298538983 1.2128613754686866 -0.48955471766232894 
-0.5935786298538983 1.2128613754686866 -0.48955471766232894 
-0.5944650045783197 1.2123578795263987 -0.4895216723611542 
-0.5944650045783197 1.2123578795263987 -0.4895216723611542 
-0.5944650045783197 1.2123578795263987 -0.4895216723611542 
-0.5929964961143586 1.2131691232454924 -0.48954924553405155 
-0.5929964961143586 1.2131691232454924 -0.48954924553405155 
-0.5929964961143586 1.2131691232454924 -0.48954924553405155 
-0.594616642085787 1.2122783815409213 -0.48953031527258495 
-0.594616642085787 1.2122783815409213 -0.48953031527258495 
-0.5947488121956674 1.2122265218143384 -0.4895364401816147 
-0.5947488121956674 1.2122265218143384 -0.4895364401816147 
-0.594752768927569 1.2122447461629984 -0.4895472072963247 
-0.594752768927569 1.2122447461629984 -0.4895472072963247 
-0.594745523251386 1.2122117167641682 -0.4895315529338211 
-0.594745523251386 1.2122117167641682 -0.4895315529338211 
-0.5947411615429257 1.2121921349559623 -0.48952568948291253 
-0.5947411615429257 1.2121921349559623 -0.48952568948291253 
-0.5947411615429257 1.2121921349559623 -0.48952568948291253 
-0.5947411615429257 1.2121921349559623 -0.48952568948291253 
-0.5947446295021628 1.212207256707007 -0.489525058176999 
-0.5947446295021628 1.212207256707007 -0.489525058176999 
-0.5947446295021628 1.212207256707007 -0.489525058176999 
-0.5947446295021628 1.212207256707007 -0.489525058176999 
-0.5947483559465695 1.212224076843117 -0.48953113595631015 
-0.5947483559465695 1.212224076843117 -0.48953113595631015 
-0.5947506370253739 1.2122361216988553 -0.48955553697334064 
-0.594745602480699 1.2122132691033967 -0.48954581125411667 
-0.5947492496957926 1.212228536900278 -0.4895376307131316 
-0.5947431049814631 1.2122005784319982 -0.4895249723035666 
-0.5947431049814631 1.2122005784319982 -0.4895249723035666 
-0.5947464822886431 1.212217321419077 -0.48954820539991495 
-0.5947464822886431 1.212217321419077 -0.48954820539991495 
-0.5947464822886431 1.212217321419077 -0.48954820539991495 
-0.5937448613835417 1.2127515818538626 -0.48953399018929333 
-0.5937448613835417 1.2127515818538626 -0.48953399018929333 
-0.5947431049814631 1.2122005784319982 -0.4895249723035666 
-0.5947431049814631 1.2122005784319982 -0.4895249723035666 
-0.5947436217109013 1.2122041458571664 -0.48954042115538 
-0.5947436217109013 1.2122041458571664 -0.48954042115538 
-0.5947436217109013 1.2122041458571664 -0.48954042115538 
-0.5947459655592049 1.212213753993909 -0.489532756548102 
-0.5947459655592049 1.212213753993909 -0.489532756548102 
-0.5947459655592049 1.212213753993909 -0.489532756548102 
-0.5947464822886431 1.212217321419077 -0.48954820539991495 
-0.5947473201985344 1.212220501165723 -0.4895424485035005 
-0.5947473201985344 1.212220501165723 -0.4895424485035005 
-0.5947464078670237 1.2122157912236498 -0.4895339601623836 
-0.5947464078670237 1.2122157912236498 -0.4895339601623836 
-0.5947464078670237 1.2122157912236498 -0.4895339601623836 
-0.5947435798128486 1.2122032732881323 -0.48953227011316636 
-0.5947435798128486 1.2122032732881323 -0.48953227011316636 
-0.5947440173129739 1.2122052883740715 -0.48953346064468417 
-0.5947440173129739 1.2122052883740715 -0.48953346064468417 
-0.5947503645989252 1.2122340155723093 -0.48954472727709364 
-0.5947503645989252 1.2122340155723093 -0.48954472727709364 
-0.5930380390819534 1.2131739362358318 -0.48955779224459206 
-0.5930380390819534 1.2131739362358318 -0.48955779224459206 
-0.5930380390819534 1.2131739362358318 -0.48955779224459206 
-0.593001963592366 1.2131937981280503 -0.48955811802066274 
-0.5942920519070608 1.212445150878181 -0.48952664524823053 
-0.5942920519070608 1.212445150878181 -0.48952664524823053 
-0.594742225173519 1.212196526116318 -0.489522578157769 
-0.5947420552921489 1.2121965950131233 -0.48953218423973466 
-0.5947420552921489 1.2121965950131233 -0.48953218423973466 
-0.5947420552921489 1.2121965950131233 -0.48953218423973466 
-0.5947464403905902 1.2122164488500426 -0.489540054357702 
-0.5947464403905902 1.2122164488500426 -0.489540054357702 
-0.5947442059433168 1.2122056493625488 -0.48952796825650546 
-0.5929960586142335 1.2131671081595532 -0.48954805500253373 
-0.5929960586142335 1.2131671081595532 -0.48954805500253373 
-0.5943266171322362 1.2124510407404487 -0.48953955106817415 
-0.5947470665210584 1.2122188249244592 -0.48953575250104087 
-0.5947470665210584 1.2122188249244592 -0.48953575250104087 
-0.594746459139563 1.2122168787353254 -0.48954416805149004 
-0.5947440360619465 1.212205718259354 -0.48953757433847134 
-0.594745602480699 1.2122132691033967 -0.48954581125411667 
-0.594745602480699 1.2122132691033967 -0.48954581125411667 
-0.594745602480699 1.2122132691033967 -0.48954581125411667 
-0.594745602480699 1.2122132691033967 -0.48954581125411667 
-0.5947454905611341 1.2122108791374047 -0.48952333862901076 
-0.5947454905611341 1.2122108791374047 -0.48952333862901076 
-0.5947454905611341 1.2122108791374047 -0.48952333862901076 
-0.5947436217109013 1.2122041458571664 -0.48954042115538 
-0.5947494847909811 1.2122299632566294 -0.48954233313129536 
-0.594741345365575 1.2121924738006382 -0.4895201840119703 
-0.5947455093101068 1.2122113090226871 -0.4895274523227977 
-0.594748914499845 1.212228867492728 -0.4895588866411924 
-0.5947475088288772 1.2122208621542 -0.4895369561153222 
-0.5947464822886431 1.212217321419077 -0.48954820539991495 
-0.5947516679657154 1.212239675232448 -0.48954421134338544 
-0.5947440360619465 1.212205718259354 -0.48953757433847134 
-0.5947464403905902 1.2122164488500426 -0.489540054357702 
-0.594742478850995 1.2121982023575817 -0.48952927416022773 
-0.5947516867146883 1.2122401051177303 -0.48954832503717305 
-0.594746459139563 1.2122168787353254 -0.48954416805149004 
-0.5947470665210584 1.2122188249244592 -0.48953575250104087 
-0.594745067002288 1.2122092717929462 -0.489526248708517 
-0.5947411754842048 1.212192542697443 -0.48952979009393593 
-0.5947503645989252 1.2122340155723093 -0.48954472727709364 
-0.5947508020990504 1.2122360306582487 -0.489545917808611 
-0.5947420552921489 1.2121965950131233 -0.48953218423973466 
-0.5947488261369462 1.2122269295558197 -0.4895405407926373 
-0.5947488261369462 1.2122269295558197 -0.4895405407926373 
-0.594746459139563 1.2122168787353254 -0.48954416805149004 
-0.5947499083498271 1.2122315706010873 -0.4895394230517891 
-0.5947436217109013 1.2122041458571664 -0.48954042115538 
-0.5947521102735343 1.2122417124621887 -0.489545414957667 
-0.5947453394287366 1.2122113779194923 -0.48953705840476336 
-0.5947468314258695 1.2122173985681082 -0.48953105008287723 
-0.5947473389475071 1.2122209310510055 -0.48954656219728787 
-0.5947440173129739 1.2122052883740715 -0.48953346064468417 
-0.5947435937541277 1.212203681029613 -0.4895363707241902 
-0.5947449158698906 1.2122097705750339 -0.4895399684842696 
-0.5947444596207926 1.2122073256038122 -0.48953466425896464 
-0.5947444596207924 1.2122073256038122 -0.4895346642589643 
-0.5947492496957923 1.212228536900278 -0.4895376307131313 
-0.5947444596207926 1.2122073256038122 -0.48953466425896464 
-0.5947449158698906 1.2122097705750339 -0.4895399684842696 
-0.5947463891180509 1.212215361338367 -0.4895298464685962 
-0.593001963592366 1.2131937981280503 -0.48955811802066274 
-0.5946625522626664 1.2122575580057517 -0.4895323025768097 
-0.5947488121956674 1.2122265218143384 -0.4895364401816147 
-0.5947483886368213 1.2122249144698802 -0.4895393502611205 
-0.5947507881577712 1.2122356229167675 -0.4895418171975874 
-0.5947501759685823 1.2122336545838321 -0.4895502196652721 
-0.5947483698878485 1.2122244845845978 -0.48953523656733333 
-0.5947484582507471 1.212226422521506 -0.4895535824158881 
-0.5947501759685823 1.2122336545838321 -0.4895502196652721 
-0.5947475088288772 1.2122208621542 -0.4895369561153222 
-0.5947427419029574 1.2122000935414865 -0.4895380270095806 
-0.594741345365575 1.2121924738006382 -0.4895201840119703 
-0.5947407611331598 1.2121909702952556 -0.4895326369108439 
-0.5947420413508698 1.2121961872716425 -0.4895280836287106 
-0.5947488261369465 1.2122269295558197 -0.48954054079263765 
-0.5929969384221775 1.213171160475233 -0.489550449148332 
-0.5947411615429257 1.2121921349559623 -0.48952568948291253 
-0.5947440360619465 1.212205718259354 -0.48953757433847134 
-0.594746501037616 1.2122177513043595 -0.48955231909370145 
-0.5947436217109013 1.2122041458571664 -0.48954042115538 
-0.5947468966396883 1.2122188938212644 -0.48954535858300674 
-0.5947499222911063 1.2122319783425686 -0.48954352366281273 
-0.5947483698878485 1.2122244845845978 -0.48953523656733333 
-0.5943921413342965 1.2123978034474843 -0.48953954596848237 
-0.5947442059433168 1.2122056493625488 -0.48952796825650546 
-0.5947474900799044 1.2122204322689174 -0.48953284242153505 
-0.5947444735620717 1.212207733345293 -0.4895387648699885 
-0.5947449158698904 1.2122097705750339 -0.4895399684842693 
-0.5947435937541277 1.212203681029613 -0.4895363707241902 
-0.5947411615429257 1.2121921349559623 -0.48952568948291253 
-0.5947477625063533 1.212222538395464 -0.48954365211778184 
-0.5947420413508698 1.2121961872716425 -0.4895280836287106 
-0.5947499083498271 1.2122315706010873 -0.4895394230517891 
-0.5947450857512606 1.212209701678229 -0.4895303624023042 
-0.5947417689244212 1.2121940811450966 -0.489517273932464 
-0.5929966847447017 1.2131694842339698 -0.48954375314587284 
-0.594749314909611 1.2122300321534343 -0.489551939213261 
-0.5947455093101068 1.2122113090226871 -0.4895274523227977 
-0.5947424927922742 1.2121986100990625 -0.4895333747712516 
-0.5947442059433168 1.2122056493625488 -0.48952796825650546 
-0.594746044788518 1.2122153063331378 -0.4895470148683978 
-0.5947426487323652 1.2121981334607765 -0.48951966807826275 
-0.5947477764476323 1.2122229461369447 -0.489547752728805 
-0.5947527689275688 1.2122447461629984 -0.4895472072963244 
-0.5947465149788949 1.2122181590458405 -0.48955641970472497 
-0.5947399000741884 1.2121873478648582 -0.4895343564588328 
-0.5947450857512606 1.212209701678229 -0.4895303624023042 
-0.594746016831744 1.212214841505584 -0.4895429644372089 
-0.5947475088288772 1.2122208621542 -0.4895369561153222 
-0.5947416409411037 1.2121950226109357 -0.4895350310566424 
-0.5947416409411035 1.2121950226109357 -0.4895350310566421 
-0.5950587143882411 1.2121669479510393 -0.48954465873074415 
-0.5947440360619465 1.212205718259354 -0.48953757433847134 
-0.5947407192351067 1.2121900977262217 -0.48952448586863084 
-0.5932069936664648 1.2130328060588393 -0.4895365417594697 
-0.5947532112353878 1.212246783392739 -0.4895484109106061 
-0.5947489005585657 1.212228459751247 -0.4895547860301689 
-0.5947431562540025 1.2122016659436738 -0.48953518019267306 
-0.5947406679625676 1.2121890102145458 -0.4895142779795252 
-0.5947411754842048 1.212192542697443 -0.48952979009393593 
-0.5947420784412291 1.212197037696875 -0.48953622158815957 
-0.5947504577695176 1.2122359756530194 -0.48956308620841216 
-0.5947450857512606 1.212209701678229 -0.4895303624023042 
-0.5947455093101068 1.2122113090226871 -0.4895274523227977 
-0.5947455093101068 1.2122113090226871 -0.4895274523227977 
-0.5947407379840796 1.2121905276115037 -0.48952859956241945 
-0.5947394904566214 1.2121861482618805 -0.48954136714936203 
-0.5947449158698906 1.2122097705750339 -0.4895399684842696 
-0.594327459626399 1.2124278358021625 -0.48953712440836483 
-0.5947453394287366 1.2122113779194923 -0.48953705840476336 
-0.5947431562540025 1.2122016659436738 -0.48953518019267306 
-0.5947453581777093 1.2122118078047748 -0.48954117209855075 
-0.5947455093101068 1.2122113090226871 -0.4895274523227977 
-0.5947475088288772 1.2122208621542 -0.4895369561153222 
-0.594746812676897 1.2122169686828257 -0.4895269363890904 
-0.5947459328689528 1.2122129163671456 -0.4895245422432919 
-0.5947479463290025 1.2122228772401396 -0.4895381466468396 
-0.5947468826984093 1.2122184860797838 -0.4895412579719831 
-0.5947454905611341 1.2122108791374047 -0.48952333862901076 
-0.5947411754842048 1.212192542697443 -0.48952979009393593 
-0.5947411754842048 1.212192542697443 -0.48952979009393593 
-0.594746459139563 1.2122168787353254 -0.48954416805149004 
-0.5947421924832672 1.2121956884895548 -0.489514363852958 
-0.5947450857512606 1.212209701678229 -0.4895303624023042 
-0.5947450857512606 1.212209701678229 -0.4895303624023042 
-0.5947459655592049 1.212213753993909 -0.489532756548102 
-0.5947459655592049 1.212213753993909 -0.489532756548102 
-0.594746882698409 1.2122184860797838 -0.4895412579719828 
-0.5947497384684571 1.212231639497893 -0.48954902913375453 
-0.5947474900799044 1.2122204322689174 -0.48953284242153505 
-0.5947453394287366 1.2122113779194923 -0.48953705840476336 
-0.5947474900799044 1.2122204322689174 -0.48953284242153505 
-0.5947449438266643 1.2122102354025872 -0.4895440189154585 
-0.594745067002288 1.2122092717929462 -0.489526248708517 
-0.5947483886368213 1.2122249144698802 -0.4895393502611205 
-0.5947468966396883 1.2122188938212644 -0.48954535858300674 
-0.5947453581777093 1.2122118078047748 -0.48954117209855075 
-0.5947473389475071 1.2122209310510055 -0.48954656219728787 
-0.5947455093101068 1.2122113090226871 -0.4895274523227977 
-0.5947449438266643 1.2122102354025872 -0.4895440189154585 
-0.5947479323877234 1.2122224694986588 -0.4895340460358162 
-0.5947488726017921 1.2122279949236934 -0.48955073559897966 
-0.5947482000064784 1.2122245534814031 -0.489544842649299 
-0.5947440173129737 1.2122052883740715 -0.48953346064468384 
-0.5947470665210584 1.2122188249244592 -0.48953575250104087 
-0.5947453394287366 1.2122113779194923 -0.48953705840476336 
-0.5947469385377411 1.2122197663902987 -0.48955350962521926 
-0.594745523251386 1.2122117167641682 -0.4895315529338211 
-0.5947444735620715 1.2122077333452932 -0.48953876486998815 
-0.5947482000064784 1.2122245534814031 -0.489544842649299 
-0.594748858660513 1.2122275871822128 -0.4895466349879567 
-0.5947487795054156 1.2122256841875754 -0.4895282258768041 
-0.5947477625063533 1.212222538395464 -0.48954365211778184 
-0.594745523251386 1.2122117167641682 -0.4895315529338211 
-0.594746459139563 1.2122168787353254 -0.48954416805149004 
-0.5947459468102321 1.2122133241086264 -0.48952864285431485 
-0.594748858660513 1.2122275871822128 -0.4895466349879567 
-0.5947483886368213 1.2122249144698802 -0.4895393502611205 
-0.5947492961606382 1.212229602268152 -0.4895478255194736 
-0.5947494847909811 1.2122299632566294 -0.48954233313129536 
-0.5947494847909811 1.2122299632566294 -0.48954233313129536 
-0.594745523251386 1.2122117167641682 -0.4895315529338211 
-0.5947448971209178 1.2122093406897514 -0.4895358547904822 
-0.5947449158698906 1.2122097705750339 -0.4895399684842696 
-0.594742225173519 1.212196526116318 -0.489522578157769 
-0.5947473389475071 1.2122209310510055 -0.48954656219728787 
-0.5947442059433168 1.2122056493625488 -0.48952796825650546 
-0.594745178921853 1.2122116617589385 -0.4895487213336225 
-0.5947424927922742 1.2121986100990625 -0.4895333747712516 
-0.5947435424815883 1.2122025935179375 -0.48952616283508377 
-0.5947411754842048 1.212192542697443 -0.48952979009393593 
-0.5947426487323652 1.2121981334607765 -0.48951966807826275 
-0.5947508020990504 1.2122360306582487 -0.489545917808611 
-0.5947516679657154 1.212239675232448 -0.48954421134338544 
-0.5947480207506217 1.2122244074355666 -0.48955239188437094 
-0.5947426674813379 1.2121985633460588 -0.4895237817720497 
-0.5947459468102321 1.2122133241086264 -0.48952864285431485 
-0.5947453394287366 1.2122113779194923 -0.48953705840476336 
-0.5947448971209178 1.2122093406897514 -0.4895358547904822 
-0.594746459139563 1.2122168787353254 -0.48954416805149004 
-0.5947464078670237 1.2122157912236498 -0.4895339601623836 
-0.5947468966396883 1.2122188938212644 -0.48954535858300674 
-0.5947470665210584 1.2122188249244592 -0.48953575250104087 
-0.5947460168317438 1.212214841505584 -0.48954296443720857 
-0.5947440360619465 1.212205718259354 -0.48953757433847134 
-0.5935011777424684 1.2129029484299496 -0.4895452088439556 
-0.5947464403905902 1.2122164488500426 -0.489540054357702 
-0.5947429163511203 1.212200217443521 -0.4895304646917451 
-0.594742225173519 1.212196526116318 -0.489522578157769 
-0.5947459328689528 1.2122129163671456 -0.4895245422432919 
-0.5936422200290917 1.212820203700851 -0.48954702355478896 
-0.5947470665210584 1.2122188249244592 -0.48953575250104087 
-0.594742225173519 1.212196526116318 -0.489522578157769 
-0.5947432120933345 1.2122029462541888 -0.48954743184590854 
-0.5947468826984093 1.2122184860797836 -0.4895412579719831 
-0.5947422251735188 1.212196526116318 -0.4895225781577687 
-0.5947483698878483 1.2122244845845978 -0.489535236567333 
-0.5947468314258697 1.2122173985681082 -0.48953105008287756 
-0.5947473620965872 1.2122213737347571 -0.4895505995457132 
-0.594746812676897 1.2122169686828257 -0.4895269363890904 
-0.5947463891180507 1.212215361338367 -0.4895298464685959 
-0.5947503458499525 1.212233585687027 -0.4895406135833067 
