-0.6497480207506219 1.2122244074355664 -0.48955239188437094 
-0.6497480207506219 1.2122244074355664 -0.48955239188437094 
-0.6497444735620718 1.212207733345293 -0.48953876486998826 
-0.6497444735620718 1.212207733345293 -0.48953876486998826 
-0.6497444735620718 1.212207733345293 -0.48953876486998826 
-0.6497444735620718 1.212207733345293 -0.48953876486998826 
-0.649753211235388 1.212246783392739 -0.48954841091060564 
-0.649753211235388 1.212246783392739 -0.48954841091060564 
-0.649753211235388 1.212246783392739 -0.48954841091060564 
-0.649753211235388 1.212246783392739 -0.48954841091060564 
-0.649753211235388 1.212246783392739 -0.48954841091060564 
-0.649745523251386 1.212211716764168 -0.4895315529338209 
-0.649745523251386 1.212211716764168 -0.4895315529338209 
-0.6497442059433168 1.2122056493625488 -0.4895279682565057 
-0.6497442059433168 1.2122056493625488 -0.4895279682565057 
-0.6497435798128487 1.212203273288132 -0.4895322701131668 
-0.6497435798128487 1.212203273288132 -0.4895322701131668 
-0.6497435798128487 1.212203273288132 -0.4895322701131668 
-0.6497435798128487 1.212203273288132 -0.4895322701131668 
-0.6497450857512608 1.2122097016782285 -0.48953036240230396 
-0.6497450857512608 1.2122097016782285 -0.48953036240230396 
-0.6497450857512608 1.2122097016782285 -0.48953036240230396 
-0.6497450857512608 1.2122097016782285 -0.48953036240230396 
-0.6497450857512608 1.2122097016782285 -0.48953036240230396 
-0.6497450857512608 1.2122097016782285 -0.48953036240230396 
-0.64974683142587 1.212217398568108 -0.4895310500828769 
-0.64974683142587 1.212217398568108 -0.4895310500828769 
-0.64974683142587 1.212217398568108 -0.4895310500828769 
-0.6497403236330346 1.2121889552093161 -0.48953144637932655 
-0.6497403236330346 1.2121889552093161 -0.48953144637932655 
-0.6497446295021629 1.212207256707007 -0.48952505817699987 
-0.6497446295021629 1.212207256707007 -0.48952505817699987 
-0.6497446295021629 1.212207256707007 -0.48952505817699987 
-0.6497446295021629 1.212207256707007 -0.48952505817699987 
-0.6497444735620718 1.212207733345293 -0.48953876486998826 
-0.6497444735620718 1.212207733345293 -0.48953876486998826 
-0.6497444735620718 1.212207733345293 -0.48953876486998826 
-0.6497429163511205 1.2122002174435207 -0.4895304646917451 
-0.6497429163511205 1.2122002174435207 -0.4895304646917451 
-0.6497429163511205 1.2122002174435207 -0.4895304646917451 
-0.6497429163511205 1.2122002174435207 -0.4895304646917451 
-0.6497429163511205 1.2122002174435207 -0.4895304646917451 
-0.6497435798128487 1.212203273288132 -0.4895322701131668 
-0.6497435798128487 1.212203273288132 -0.4895322701131668 
-0.6497484582507471 1.212226422521506 -0.4895535824158881 
-0.6497484582507471 1.212226422521506 -0.4895535824158881 
-0.6497484582507471 1.212226422521506 -0.4895535824158881 
-0.6497484582507471 1.212226422521506 -0.4895535824158881 
-0.6497484582507471 1.212226422521506 -0.4895535824158881 
-0.6497503645989253 1.2122340155723093 -0.48954472727709364 
-0.6480019635923662 1.2131937981280498 -0.48955811802066274 
-0.6495161069128625 1.2123720829684788 -0.48954754719904137 
-0.6497463703690782 1.2122149314530846 -0.4895257327748086 
-0.6497463703690782 1.2122149314530846 -0.4895257327748086 
-0.6497431049814633 1.2122005784319978 -0.48952497230356706 
-0.6497431049814633 1.2122005784319978 -0.48952497230356706 
-0.6497431049814633 1.2122005784319978 -0.48952497230356706 
-0.6497431049814633 1.2122005784319978 -0.48952497230356706 
-0.6497431049814633 1.2122005784319978 -0.48952497230356706 
-0.649752698906057 1.21224322876604 -0.48953288571343156 
-0.649752698906057 1.21224322876604 -0.48953288571343156 
-0.649745523251386 1.212211716764168 -0.4895315529338209 
-0.649745523251386 1.212211716764168 -0.4895315529338209 
-0.649745523251386 1.212211716764168 -0.4895315529338209 
-0.649745523251386 1.212211716764168 -0.4895315529338209 
-0.6497464403905904 1.2122164488500426 -0.4895400543577022 
-0.6497464403905902 1.2122164488500426 -0.48954005435770187 
-0.6497464403905904 1.2122164488500426 -0.4895400543577022 
-0.6497464403905904 1.2122164488500426 -0.4895400543577022 
-0.6497464403905904 1.2122164488500426 -0.4895400543577022 
-0.6497464403905904 1.2122164488500426 -0.4895400543577022 
-0.6497406679625675 1.2121890102145456 -0.48951427797952485 
-0.6497422251735192 1.212196526116318 -0.48952257815776834 
-0.6497422251735192 1.212196526116318 -0.48952257815776834 
-0.6497435937541277 1.2122036810296126 -0.4895363707241902 
-0.6497435937541277 1.2122036810296126 -0.4895363707241902 
-0.6497435937541277 1.2122036810296126 -0.4895363707241902 
-0.6497435937541277 1.2122036810296124 -0.4895363707241902 
-0.6497435937541277 1.2122036810296124 -0.4895363707241902 
-0.6497501947175552 1.2122340844691144 -0.4895543333590593 
-0.6497501947175552 1.2122340844691144 -0.4895543333590593 
-0.6497448971209179 1.2122093406897514 -0.489535854790482 
-0.6497448971209179 1.2122093406897514 -0.489535854790482 
-0.6497448971209179 1.2122093406897514 -0.489535854790482 
-0.6497448971209179 1.2122093406897514 -0.489535854790482 
-0.6497448971209179 1.2122093406897514 -0.489535854790482 
-0.649742667481338 1.212198563346059 -0.48952378177204925 
-0.6497488586605131 1.2122275871822124 -0.4895466349879565 
-0.6497430910401841 1.2122001706905172 -0.48952087169254344 
-0.6497430910401841 1.2122001706905172 -0.48952087169254344 
-0.6497430910401841 1.2122001706905172 -0.48952087169254344 
-0.6497430910401841 1.2122001706905172 -0.48952087169254344 
-0.6497435424815885 1.212202593517937 -0.48952616283508377 
-0.6497398069035963 1.2121853877841482 -0.4895159975275143 
-0.6497398069035963 1.2121853877841482 -0.4895159975275143 
-0.6497398069035963 1.2121853877841482 -0.4895159975275143 
-0.6497398069035963 1.2121853877841482 -0.4895159975275143 
-0.6497473201985345 1.2122205011657228 -0.4895424485035007 
-0.6497473201985345 1.2122205011657228 -0.4895424485035007 
-0.64974683142587 1.212217398568108 -0.4895310500828769 
-0.64974683142587 1.212217398568108 -0.4895310500828769 
-0.64974683142587 1.212217398568108 -0.4895310500828769 
-0.64974683142587 1.212217398568108 -0.4895310500828769 
-0.6497477764476323 1.2122229461369443 -0.4895477527288048 
-0.6497477764476323 1.2122229461369443 -0.4895477527288048 
-0.6497459655592048 1.2122137539939088 -0.4895327565481018 
-0.6497459655592048 1.2122137539939088 -0.4895327565481018 
-0.6497488261369465 1.2122269295558195 -0.48954054079263765 
-0.6497488261369465 1.2122269295558195 -0.48954054079263765 
-0.6497488261369465 1.2122269295558195 -0.48954054079263765 
-0.6497488261369465 1.2122269295558195 -0.48954054079263765 
-0.6497449158698907 1.2122097705750339 -0.4895399684842694 
-0.6497449158698907 1.2122097705750339 -0.4895399684842694 
-0.6497516679657156 1.2122396752324478 -0.4895442113433861 
-0.6497516679657156 1.2122396752324478 -0.4895442113433861 
-0.6497516679657156 1.2122396752324478 -0.4895442113433861 
-0.6497507881577714 1.2122356229167677 -0.4895418171975876 
-0.6497507881577714 1.2122356229167677 -0.4895418171975876 
-0.6497439660404346 1.2122042008623957 -0.4895232527555775 
-0.6497439660404346 1.2122042008623957 -0.4895232527555775 
-0.6497439660404346 1.2122042008623957 -0.4895232527555775 
-0.6497439660404346 1.2122042008623957 -0.4895232527555775 
-0.649746812676897 1.2122169686828252 -0.48952693638908973 
-0.649746812676897 1.2122169686828252 -0.48952693638908973 
-0.649746812676897 1.2122169686828252 -0.48952693638908973 
-0.6497444596207926 1.2122073256038122 -0.48953466425896486 
-0.6497444596207926 1.2122073256038122 -0.48953466425896486 
-0.6497470665210585 1.2122188249244594 -0.4895357525010411 
-0.6497470665210583 1.2122188249244594 -0.48953575250104076 
-0.6497470665210583 1.2122188249244594 -0.48953575250104076 
-0.649745523251386 1.212211716764168 -0.4895315529338209 
-0.649745523251386 1.212211716764168 -0.4895315529338209 
-0.649745523251386 1.212211716764168 -0.4895315529338209 
-0.649745523251386 1.212211716764168 -0.4895315529338209 
-0.6497455232513858 1.212211716764168 -0.48953155293382056 
-0.649742055292149 1.212196595013123 -0.489532184239734 
-0.649742055292149 1.2121965950131228 -0.489532184239734 
-0.649742055292149 1.2121965950131228 -0.489532184239734 
-0.6497499083498274 1.2122315706010873 -0.4895394230517893 
-0.6497494847909813 1.212229963256629 -0.48954233313129536 
-0.6497494847909813 1.212229963256629 -0.48954233313129536 
-0.6497453394287367 1.212211377919492 -0.48953705840476314 
-0.6497453394287367 1.212211377919492 -0.48953705840476314 
-0.64974221123224 1.2121961183748369 -0.48951847754674516 
-0.64974221123224 1.2121961183748369 -0.48951847754674516 
-0.6497480207506219 1.2122244074355664 -0.48955239188437094 
-0.6497480207506219 1.2122244074355664 -0.48955239188437094 
-0.6497499083498274 1.2122315706010873 -0.4895394230517893 
-0.6497499083498274 1.2122315706010873 -0.4895394230517893 
-0.6497440173129739 1.2122052883740713 -0.48953346064468395 
-0.6497440173129739 1.2122052883740713 -0.48953346064468395 
-0.6497440173129739 1.2122052883740713 -0.48953346064468395 
-0.6497400605810723 1.2121870640254115 -0.48952269352997346 
-0.6497400605810723 1.2121870640254115 -0.48952269352997346 
-0.6497400605810723 1.2121870640254115 -0.48952269352997346 
-0.6497400605810723 1.2121870640254115 -0.48952269352997346 
-0.6497420413508699 1.2121961872716422 -0.4895280836287108 
-0.6497420413508699 1.2121961872716422 -0.4895280836287108 
-0.6497420413508699 1.2121961872716422 -0.4895280836287108 
-0.6497504577695176 1.2122359756530192 -0.4895630862084124 
-0.6497504577695176 1.2122359756530192 -0.4895630862084124 
-0.6497473620965872 1.2122213737347567 -0.489550599545713 
-0.6497473620965872 1.2122213737347567 -0.489550599545713 
-0.6497473620965872 1.2122213737347567 -0.489550599545713 
-0.6497473620965872 1.2122213737347567 -0.489550599545713 
-0.6497464078670239 1.2122157912236495 -0.4895339601623834 
-0.6497464078670239 1.2122157912236495 -0.4895339601623834 
-0.649745523251386 1.212211716764168 -0.4895315529338209 
-0.649745523251386 1.212211716764168 -0.4895315529338209 
-0.649745523251386 1.212211716764168 -0.4895315529338209 
-0.649745523251386 1.212211716764168 -0.4895315529338209 
-0.6497415990430511 1.2121941500419013 -0.48952688001442946 
-0.6497415990430511 1.2121941500419013 -0.48952688001442946 
-0.6497415990430511 1.2121941500419013 -0.48952688001442946 
-0.6497415990430511 1.2121941500419013 -0.48952688001442946 
-0.6497488261369465 1.2122269295558195 -0.48954054079263765 
-0.6497488261369465 1.2122269295558195 -0.48954054079263765 
-0.6497488261369465 1.2122269295558195 -0.48954054079263765 
-0.6497488261369465 1.2122269295558195 -0.48954054079263765 
-0.6497493149096112 1.2122300321534345 -0.48955193921326123 
-0.6497493149096112 1.2122300321534345 -0.48955193921326123 
-0.6497420413508699 1.2121961872716422 -0.4895280836287108 
-0.6497420413508699 1.2121961872716422 -0.4895280836287108 
-0.6497420413508699 1.2121961872716422 -0.4895280836287108 
-0.6497431562540026 1.2122016659436736 -0.48953518019267306 
-0.6497431562540026 1.2122016659436736 -0.48953518019267306 
-0.6497470665210585 1.2122188249244594 -0.4895357525010411 
-0.6497470665210585 1.2122188249244594 -0.4895357525010411 
-0.6497470665210585 1.2122188249244594 -0.4895357525010411 
-0.6497449158698907 1.2122097705750339 -0.4895399684842694 
-0.6497449158698907 1.2122097705750339 -0.4895399684842694 
-0.6497470665210585 1.2122188249244594 -0.4895357525010411 
-0.6497470665210585 1.2122188249244594 -0.4895357525010411 
-0.6497450670022881 1.212209271792946 -0.4895262487085168 
-0.6497450670022881 1.212209271792946 -0.4895262487085168 
-0.648805155419963 1.2127474242856318 -0.48954496501373623 
-0.648805155419963 1.2127474242856318 -0.48954496501373623 
-0.6480012909970524 1.2131903566857596 -0.4895522250709816 
-0.6490193047579085 1.2126122425691468 -0.4895436174919121 
-0.6497453394287365 1.212211377919492 -0.4895370584047628 
-0.6497494847909813 1.212229963256629 -0.48954233313129536 
-0.6497494847909813 1.212229963256629 -0.48954233313129536 
-0.6497494847909813 1.212229963256629 -0.48954233313129536 
-0.6497494847909813 1.212229963256629 -0.48954233313129536 
-0.6497446434434417 1.2122076644484878 -0.4895291587880227 
-0.6497446434434417 1.2122076644484878 -0.4895291587880227 
-0.6497446434434417 1.2122076644484878 -0.4895291587880227 
-0.6497446434434417 1.2122076644484878 -0.4895291587880227 
-0.6497453581777096 1.2122118078047743 -0.48954117209855075 
-0.6497453581777096 1.2122118078047743 -0.48954117209855075 
-0.6497402956762609 1.2121884903817628 -0.48952739594813766 
-0.6497402956762609 1.2121884903817628 -0.48952739594813766 
-0.6497416548823831 1.2121954303524165 -0.48953913166766494 
-0.6479973759223028 1.2131731755611723 -0.4895516396798494 
-0.6479973759223028 1.2131731755611723 -0.4895516396798494 
-0.6479973759223028 1.2131731755611723 -0.4895516396798494 
-0.6479973759223028 1.2131731755611723 -0.4895516396798494 
-0.6497473389475071 1.212220931051005 -0.48954656219728787 
-0.6497473389475071 1.212220931051005 -0.48954656219728787 
-0.6497464403905904 1.2122164488500426 -0.4895400543577022 
-0.6497453581777096 1.2122118078047743 -0.48954117209855075 
-0.6497464591395631 1.2122168787353251 -0.4895441680514896 
-0.6490194865917339 1.2126167047947072 -0.4895364133951985 
-0.6497440173129739 1.2122052883740713 -0.48953346064468395 
-0.6497440360619465 1.2122057182593535 -0.4895375743384711 
-0.6497422251735192 1.212196526116318 -0.48952257815776834 
-0.6497415990430511 1.2121941500419013 -0.48952688001442946 
-0.6497422251735192 1.212196526116318 -0.48952257815776834 
-0.6497398069035963 1.2121853877841482 -0.4895159975275143 
-0.6497422251735192 1.212196526116318 -0.48952257815776834 
-0.6497464078670239 1.2122157912236495 -0.4895339601623834 
-0.6497448971209179 1.2122093406897514 -0.489535854790482 
-0.6497451789218531 1.2122116617589387 -0.48954872133362226 
-0.649745932868953 1.2122129163671453 -0.4895245422432919 
-0.6497460447885179 1.2122153063331378 -0.48954701486839736 
-0.6497468826984092 1.2122184860797836 -0.48954125797198333 
-0.6497470665210585 1.2122188249244594 -0.4895357525010411 
-0.649742667481338 1.212198563346059 -0.48952378177204925 
-0.6497406867115404 1.2121894400998279 -0.4895183916733128 
-0.6497412034409787 1.2121930075249965 -0.48953384052512483 
-0.6497420413508699 1.2121961872716422 -0.4895280836287108 
-0.6497431049814633 1.2122005784319978 -0.48952497230356706 
-0.6497492961606384 1.2122296022681518 -0.4895478255194734 
-0.6497420413508699 1.2121961872716422 -0.4895280836287108 
-0.6497439660404346 1.2122042008623957 -0.4895232527555775 
-0.6497403236330346 1.2121889552093161 -0.48953144637932655 
-0.6497403236330346 1.2121889552093161 -0.48953144637932655 
-0.6497420413508697 1.2121961872716422 -0.4895280836287105 
-0.648184322298118 1.2130457330006845 -0.4895312426915386 
-0.6492214012759254 1.2125136580954756 -0.4895429036633592 
-0.6497472549847161 1.2122190059125661 -0.48952814000337086 
-0.6497455093101069 1.2122113090226871 -0.48952745232279793 
-0.6480566948596652 1.213145688277345 -0.4895692814377046 
-0.6497449158698907 1.2122097705750339 -0.4895399684842694 
-0.6497475088288773 1.2122208621542 -0.4895369561153222 
-0.64974221123224 1.2121961183748369 -0.48951847754674516 
-0.6497440173129739 1.2122052883740713 -0.48953346064468395 
-0.6497488261369465 1.2122269295558195 -0.48954054079263765 
-0.6497417876733939 1.2121945110303787 -0.48952138762625164 
-0.6497403236330346 1.2121889552093161 -0.48953144637932655 
-0.649742667481338 1.212198563346059 -0.48952378177204925 
-0.6497450857512608 1.2122097016782285 -0.48953036240230396 
-0.6497416177920238 1.2121945799271838 -0.48953099370821707 
-0.6479971222448269 1.2131714993199088 -0.48954494367739043 
-0.649337943169729 1.212436827817448 -0.4895352352398308 
-0.6497423183441114 1.212198486197028 -0.4895409370890871 
-0.6497450857512608 1.2122097016782285 -0.48953036240230396 
-0.6496322338437177 1.212276588446883 -0.4895337841095213 
-0.6497439660404346 1.2122042008623954 -0.4895232527555775 
-0.6497483698878488 1.212224484584598 -0.48953523656733355 
-0.6497448971209179 1.2122093406897514 -0.489535854790482 
-0.649745523251386 1.212211716764168 -0.4895315529338209 
-0.6497475088288773 1.2122208621542 -0.4895369561153222 
-0.6497479323877233 1.2122224694986585 -0.4895340460358162 
-0.6497453581777096 1.2122118078047743 -0.48954117209855075 
-0.6497474900799046 1.2122204322689176 -0.48953284242153505 
-0.6497417876733939 1.2121945110303787 -0.48952138762625164 
-0.6497413453655752 1.2121924738006378 -0.4895201840119703 
-0.6497435285403093 1.2122021857764562 -0.4895220622240608 
-0.6497424788509951 1.2121982023575815 -0.4895292741602275 
-0.6497440360619465 1.2122057182593535 -0.4895375743384711 
-0.6497445202678185 1.2122086280581288 -0.48954692899496455 
-0.6497464403905904 1.2122164488500426 -0.4895400543577022 
-0.6497424927922743 1.212198610099062 -0.4895333747712516 
-0.6497487934466948 1.2122260919290562 -0.4895323264878273 
-0.6497416177920238 1.2121945799271838 -0.48953099370821707 
-0.6497501947175552 1.2122340844691144 -0.4895543333590593 
-0.6497488121956675 1.2122265218143387 -0.48953644018161424 
-0.6497440360619465 1.2122057182593535 -0.4895375743384711 
-0.6497455093101069 1.2122113090226871 -0.48952745232279793 
-0.649746501037616 1.2122177513043595 -0.48955231909370167 
-0.6497488726017919 1.2122279949236934 -0.48955073559897955 
-0.6497436217109015 1.2122041458571662 -0.4895404211553793 
-0.6497450670022881 1.212209271792946 -0.4895262487085168 
-0.6497471736329298 1.2122211927466497 -0.489558212043383 
-0.6497488261369465 1.2122269295558195 -0.48954054079263765 
-0.6497488261369465 1.2122269295558195 -0.48954054079263765 
-0.6497463891180507 1.212215361338367 -0.48952984646859565 
-0.6497453581777096 1.2122118078047743 -0.48954117209855075 
-0.6497457817365555 1.212213415149233 -0.48953826201904393 
-0.6497448971209179 1.2122093406897514 -0.489535854790482 
-0.6497449158698907 1.2122097705750339 -0.4895399684842694 
-0.6497444735620718 1.212207733345293 -0.48953876486998826 
-0.6497468314258698 1.212217398568108 -0.48953105008287656 
-0.6497449158698907 1.2122097705750339 -0.4895399684842694 
-0.6497456024806992 1.2122132691033967 -0.48954581125411667 
-0.649746812676897 1.2122169686828252 -0.48952693638908973 
-0.6497431049814633 1.2122005784319978 -0.48952497230356706 
-0.6497477764476323 1.2122229461369443 -0.4895477527288048 
-0.6497459655592048 1.2122137539939088 -0.4895327565481018 
-0.6497473620965872 1.2122213737347567 -0.489550599545713 
-0.6497473620965872 1.2122213737347567 -0.489550599545713 
-0.6497440592110267 1.2122061609431056 -0.48954161168689647 
-0.6497440592110267 1.2122061609431056 -0.48954161168689647 
-0.6497459655592048 1.2122137539939088 -0.4895327565481018 
-0.6480008674382063 1.2131887493413012 -0.48955513515048765 
-0.6497473389475071 1.212220931051005 -0.48954656219728787 
-0.64974683142587 1.212217398568108 -0.4895310500828769 
-0.6497468826984092 1.2122184860797836 -0.48954125797198333 
-0.649742055292149 1.212196595013123 -0.489532184239734 
-0.6497448971209179 1.2122093406897514 -0.489535854790482 
-0.6497446295021629 1.212207256707007 -0.48952505817699987 
-0.6497445015188456 1.212208198172846 -0.4895428153011778 
-0.6497477764476323 1.2122229461369443 -0.4895477527288048 
-0.6497440173129739 1.2122052883740713 -0.48953346064468395 
-0.6481495670257971 1.2131023341787233 -0.489551390219927 
-0.6497477625063532 1.2122225383954637 -0.4895436521177816 
-0.6497499083498274 1.2122315706010873 -0.4895394230517893 
-0.6497391807731282 1.2121830117097316 -0.4895202993841752 
-0.6497468826984092 1.2122184860797836 -0.48954125797198333 
-0.649746882698409 1.2122184860797836 -0.489541257971983 
-0.6497483886368212 1.2122249144698802 -0.48953935026111994 
-0.6497435424815885 1.212202593517937 -0.48952616283508377 
-0.6497440592110267 1.2122061609431056 -0.48954161168689647 
-0.6497480207506219 1.2122244074355664 -0.48955239188437094 
-0.6497488121956673 1.2122265218143387 -0.4895364401816139 
-0.6497440360619465 1.2122057182593535 -0.4895375743384711 
-0.6497469245964622 1.212219358648818 -0.48954940901419586 
-0.6497513236361826 1.2122396202272183 -0.4895613797431875 
-0.6497468826984092 1.2122184860797836 -0.48954125797198333 
-0.6480036717690296 1.2132006352473645 -0.48955057831366133 
-0.6480019635923662 1.2131937981280498 -0.48955811802066274 
-0.6490819602898747 1.2125656400284766 -0.48953094522512497 
-0.6497500968134848 1.2122317515891945 -0.4895318105541191 
-0.649745523251386 1.212211716764168 -0.4895315529338209 
-0.6497516492167428 1.2122392453471653 -0.4895400976495985 
-0.649741175484205 1.212192542697443 -0.48952979009393593 
-0.6497429163511205 1.2122002174435207 -0.4895304646917451 
-0.649742667481338 1.212198563346059 -0.48952378177204925 
-0.6497501759685825 1.2122336545838321 -0.4895502196652719 
-0.6497492357545136 1.2122281291587969 -0.4895335301021084 
-0.6497444596207926 1.2122073256038122 -0.48953466425896486 
-0.6497488121956675 1.2122265218143387 -0.48953644018161424 
-0.6497471736329298 1.2122211927466497 -0.489558212043383 
-0.6497488586605131 1.2122275871822124 -0.4895466349879565 
-0.6497450857512608 1.2122097016782285 -0.48953036240230396 
-0.6497440173129739 1.2122052883740713 -0.48953346064468395 
-0.649742667481338 1.212198563346059 -0.48952378177204925 
-0.6497459468102321 1.2122133241086264 -0.48952864285431485 
-0.64974683142587 1.212217398568108 -0.4895310500828769 
-0.6497445015188456 1.212208198172846 -0.4895428153011778 
-0.6497492496957926 1.2122285369002777 -0.4895376307131316 
-0.6497483698878488 1.212224484584598 -0.48953523656733355 
-0.6497431794030827 1.2122021086274253 -0.4895392175410982 
-0.6497457817365557 1.212213415149233 -0.48953826201904427 
-0.6497422251735192 1.212196526116318 -0.48952257815776834 
-0.6497475088288771 1.2122208621542 -0.4895369561153219 
-0.648914733085633 1.2126658076740013 -0.4895462607308676 
-0.648857072510332 1.2127062954843117 -0.4895378804669406 
-0.6497459468102321 1.2122133241086264 -0.48952864285431485 
-0.6497474900799046 1.2122204322689176 -0.48953284242153505 
-0.6497468966396884 1.2122188938212646 -0.4895453585830072 
-0.6497427419029576 1.2122000935414863 -0.48953802700958104 
-0.6497459655592048 1.2122137539939088 -0.4895327565481018 
-0.6497460168317443 1.2122148415055842 -0.489542964437208 
-0.6497424927922743 1.212198610099062 -0.4895333747712516 
-0.6497453581777096 1.2122118078047743 -0.48954117209855075 
-0.6497492496957926 1.2122285369002777 -0.4895376307131316 
-0.6497411615429258 1.2121921349559621 -0.4895256894829121 
-0.649741175484205 1.212192542697443 -0.48952979009393593 
-0.6497435145990302 1.2122017780349756 -0.4895179616130372 
-0.6497501759685825 1.2122336545838321 -0.4895502196652719 
-0.6497450670022881 1.212209271792946 -0.4895262487085168 
-0.6497417876733939 1.2121945110303787 -0.48952138762625164 
-0.649748034691901 1.2122248151770478 -0.4895564924953937 
-0.6497479463290026 1.2122228772401393 -0.4895381466468398 
-0.649744643443442 1.2122076644484878 -0.48952915878802306 
-0.6497476785435621 1.2122206132570246 -0.4895252299238648 
-0.6482844719767008 1.2130027943178978 -0.48955410599907423 
-0.6497440360619465 1.2122057182593535 -0.4895375743384711 
-0.6497482000064785 1.212224553481403 -0.48954484264929854 
-0.6497479463290026 1.2122228772401393 -0.4895381466468398 
-0.6497439660404346 1.2122042008623957 -0.4895232527555775 
-0.6497517379872276 1.2122411926294057 -0.4895585329262795 
-0.6497480534408739 1.2122252450623303 -0.48956060618918085 
-0.649747762506353 1.2122225383954637 -0.4895436521177813 
-0.6497473201985345 1.2122205011657228 -0.4895424485035007 
-0.6497499083498274 1.2122315706010873 -0.4895394230517893 
-0.6497444596207924 1.2122073256038122 -0.4895346642589645 
-0.6497483886368214 1.2122249144698802 -0.4895393502611203 
-0.6497457817365555 1.212213415149233 -0.48953826201904393 
-0.6497497384684572 1.2122316394978927 -0.48954902913375475 
-0.6497497524097364 1.2122320472393735 -0.48955312974477794 
-0.6497503319086735 1.2122331779455455 -0.4895365129722835 
-0.649747776447632 1.2122229461369443 -0.48954775272880446 
-0.6497453581777096 1.2122118078047743 -0.48954117209855075 
-0.6497512956794085 1.2122391553996648 -0.489557329311998 
-0.6497444596207926 1.2122073256038122 -0.48953466425896486 
-0.6497444596207926 1.2122073256038122 -0.48953466425896486 
-0.6497464822886433 1.212217321419077 -0.4895482053999147 
-0.6497475088288773 1.2122208621542 -0.4895369561153222 
-0.6479923788755735 1.2131511827362789 -0.4895501413482004 
-0.6497422251735192 1.212196526116318 -0.48952257815776834 
-0.6497488586605129 1.2122275871822124 -0.48954663498795614 
-0.6497399000741886 1.212187347864858 -0.48953435645883303 
-0.6497497384684572 1.2122316394978927 -0.48954902913375475 
-0.6489396721386264 1.2126645481781007 -0.48955265105974854 
-0.649697148315674 1.212248221935244 -0.4895429018087716 
-0.6497470665210585 1.2122188249244594 -0.4895357525010411 
