-0.5947480207506218 1.2822244074355666 -0.48955239188437094 
-0.5947480207506218 1.2822244074355666 -0.48955239188437094 
-0.5947444735620715 1.2822077333452928 -0.4895387648699885 
-0.5947444735620715 1.2822077333452928 -0.4895387648699885 
-0.5947444735620715 1.2822077333452928 -0.4895387648699885 
-0.5947444735620715 1.2822077333452928 -0.4895387648699885 
-0.5947532112353877 1.2822467833927393 -0.48954841091060586 
-0.5947532112353877 1.2822467833927393 -0.48954841091060586 
-0.5947532112353877 1.2822467833927393 -0.48954841091060586 
-0.5947532112353877 1.2822467833927393 -0.48954841091060586 
-0.5947532112353877 1.2822467833927393 -0.48954841091060586 
-0.5947455232513859 1.282211716764168 -0.48953155293382133 
-0.5947455232513859 1.282211716764168 -0.48953155293382133 
-0.5947442059433166 1.2822056493625489 -0.4895279682565057 
-0.5947442059433166 1.2822056493625489 -0.4895279682565057 
-0.5947435798128485 1.282203273288132 -0.4895322701131666 
-0.5947435798128485 1.282203273288132 -0.4895322701131666 
-0.5947435798128485 1.282203273288132 -0.4895322701131666 
-0.5947435798128485 1.282203273288132 -0.4895322701131666 
-0.5947450857512607 1.2822097016782288 -0.4895303624023044 
-0.5947450857512607 1.2822097016782288 -0.4895303624023044 
-0.5947450857512607 1.2822097016782288 -0.4895303624023044 
-0.5947450857512607 1.2822097016782288 -0.4895303624023044 
-0.5947450857512607 1.2822097016782288 -0.4895303624023044 
-0.5947450857512607 1.2822097016782288 -0.4895303624023044 
-0.5947468314258698 1.2822173985681085 -0.48953105008287734 
-0.5947468314258698 1.2822173985681085 -0.48953105008287734 
-0.5947468314258698 1.2822173985681085 -0.48953105008287734 
-0.5947403236330346 1.2821889552093164 -0.489531446379327 
-0.5947403236330346 1.2821889552093164 -0.489531446379327 
-0.5947446295021627 1.282207256707007 -0.48952505817699943 
-0.5947446295021627 1.282207256707007 -0.48952505817699943 
-0.5947446295021627 1.282207256707007 -0.48952505817699943 
-0.5947446295021627 1.282207256707007 -0.48952505817699943 
-0.5947444735620715 1.2822077333452928 -0.4895387648699885 
-0.5947444735620715 1.2822077333452928 -0.4895387648699885 
-0.5947444735620715 1.2822077333452928 -0.4895387648699885 
-0.5947429163511202 1.282200217443521 -0.4895304646917451 
-0.5947429163511202 1.282200217443521 -0.4895304646917451 
-0.5947429163511202 1.282200217443521 -0.4895304646917451 
-0.5947429163511202 1.282200217443521 -0.4895304646917451 
-0.5947429163511202 1.282200217443521 -0.4895304646917451 
-0.5947435798128485 1.282203273288132 -0.4895322701131666 
-0.5947435798128485 1.282203273288132 -0.4895322701131666 
-0.5947484582507468 1.2822264225215063 -0.4895535824158881 
-0.5947484582507468 1.2822264225215063 -0.4895535824158881 
-0.5947484582507468 1.2822264225215063 -0.4895535824158881 
-0.5947484582507468 1.2822264225215063 -0.4895535824158881 
-0.5947484582507468 1.2822264225215063 -0.4895535824158881 
-0.5947503645989253 1.2822340155723095 -0.48954472727709386 
-0.593001963592366 1.2831937981280501 -0.4895581180206625 
-0.5945161069128624 1.282372082968479 -0.48954754719904114 
-0.5947463703690781 1.2822149314530848 -0.4895257327748088 
-0.5947463703690781 1.2822149314530848 -0.4895257327748088 
-0.594743104981463 1.282200578431998 -0.48952497230356706 
-0.594743104981463 1.282200578431998 -0.48952497230356706 
-0.594743104981463 1.282200578431998 -0.48952497230356706 
-0.594743104981463 1.282200578431998 -0.48952497230356706 
-0.594743104981463 1.282200578431998 -0.48952497230356706 
-0.5947526989060568 1.2822432287660404 -0.48953288571343134 
-0.5947526989060568 1.2822432287660404 -0.48953288571343134 
-0.5947455232513859 1.282211716764168 -0.48953155293382133 
-0.5947455232513859 1.282211716764168 -0.48953155293382133 
-0.5947455232513859 1.282211716764168 -0.48953155293382133 
-0.5947455232513859 1.282211716764168 -0.48953155293382133 
-0.5947464403905903 1.2822164488500432 -0.4895400543577024 
-0.5947464403905901 1.2822164488500432 -0.4895400543577021 
-0.5947464403905903 1.2822164488500432 -0.4895400543577024 
-0.5947464403905903 1.2822164488500432 -0.4895400543577024 
-0.5947464403905903 1.2822164488500432 -0.4895400543577024 
-0.5947464403905903 1.2822164488500432 -0.4895400543577024 
-0.5947406679625673 1.2821890102145461 -0.4895142779795253 
-0.594742225173519 1.282196526116318 -0.48952257815776856 
-0.594742225173519 1.282196526116318 -0.48952257815776856 
-0.5947435937541276 1.2822036810296131 -0.48953637072419043 
-0.5947435937541276 1.2822036810296131 -0.48953637072419043 
-0.5947435937541276 1.2822036810296131 -0.48953637072419043 
-0.5947435937541276 1.2822036810296127 -0.48953637072419043 
-0.5947435937541276 1.2822036810296127 -0.48953637072419043 
-0.5947501947175551 1.2822340844691147 -0.48955433335905973 
-0.5947501947175551 1.2822340844691147 -0.48955433335905973 
-0.5947448971209177 1.2822093406897517 -0.489535854790482 
-0.5947448971209177 1.2822093406897517 -0.489535854790482 
-0.5947448971209177 1.2822093406897517 -0.489535854790482 
-0.5947448971209177 1.2822093406897517 -0.489535854790482 
-0.5947448971209177 1.2822093406897517 -0.489535854790482 
-0.5947426674813379 1.2821985633460589 -0.4895237817720497 
-0.594748858660513 1.2822275871822126 -0.4895466349879567 
-0.594743091040184 1.2822001706905173 -0.4895208716925439 
-0.594743091040184 1.2822001706905173 -0.4895208716925439 
-0.594743091040184 1.2822001706905173 -0.4895208716925439 
-0.594743091040184 1.2822001706905173 -0.4895208716925439 
-0.5947435424815882 1.2822025935179375 -0.48952616283508377 
-0.5947398069035962 1.282185387784148 -0.4895159975275143 
-0.5947398069035962 1.282185387784148 -0.4895159975275143 
-0.5947398069035962 1.282185387784148 -0.4895159975275143 
-0.5947398069035962 1.282185387784148 -0.4895159975275143 
-0.5947473201985344 1.282220501165723 -0.4895424485035005 
-0.5947473201985344 1.282220501165723 -0.4895424485035005 
-0.5947468314258698 1.2822173985681085 -0.48953105008287734 
-0.5947468314258698 1.2822173985681085 -0.48953105008287734 
-0.5947468314258698 1.2822173985681085 -0.48953105008287734 
-0.5947468314258698 1.2822173985681085 -0.48953105008287734 
-0.5947477764476322 1.2822229461369445 -0.489547752728805 
-0.5947477764476322 1.2822229461369445 -0.489547752728805 
-0.5947459655592049 1.2822137539939091 -0.48953275654810247 
-0.5947459655592049 1.2822137539939091 -0.48953275654810247 
-0.5947488261369464 1.2822269295558193 -0.4895405407926381 
-0.5947488261369464 1.2822269295558193 -0.4895405407926381 
-0.5947488261369464 1.2822269295558193 -0.4895405407926381 
-0.5947488261369464 1.2822269295558193 -0.4895405407926381 
-0.5947449158698905 1.282209770575034 -0.4895399684842696 
-0.5947449158698905 1.282209770575034 -0.4895399684842696 
-0.5947516679657153 1.282239675232448 -0.4895442113433859 
-0.5947516679657153 1.282239675232448 -0.4895442113433859 
-0.5947516679657153 1.282239675232448 -0.4895442113433859 
-0.5947507881577714 1.2822356229167677 -0.4895418171975878 
-0.5947507881577714 1.2822356229167677 -0.4895418171975878 
-0.5947439660404343 1.2822042008623957 -0.48952325275557773 
-0.5947439660404343 1.2822042008623957 -0.48952325275557773 
-0.5947439660404343 1.2822042008623957 -0.48952325275557773 
-0.5947439660404343 1.2822042008623957 -0.48952325275557773 
-0.5947468126768969 1.2822169686828255 -0.48952693638908995 
-0.5947468126768969 1.2822169686828255 -0.48952693638908995 
-0.5947468126768969 1.2822169686828255 -0.48952693638908995 
-0.5947444596207926 1.282207325603812 -0.4895346642589653 
-0.5947444596207926 1.282207325603812 -0.4895346642589653 
-0.5947470665210584 1.2822188249244597 -0.4895357525010411 
-0.5947470665210581 1.2822188249244597 -0.48953575250104076 
-0.5947470665210581 1.2822188249244597 -0.48953575250104076 
-0.5947455232513859 1.282211716764168 -0.48953155293382133 
-0.5947455232513859 1.282211716764168 -0.48953155293382133 
-0.5947455232513859 1.282211716764168 -0.48953155293382133 
-0.5947455232513859 1.282211716764168 -0.48953155293382133 
-0.5947455232513856 1.282211716764168 -0.489531552933821 
-0.5947420552921487 1.282196595013123 -0.48953218423973377 
-0.5947420552921487 1.282196595013123 -0.48953218423973377 
-0.5947420552921487 1.282196595013123 -0.48953218423973377 
-0.5947499083498272 1.2822315706010876 -0.4895394230517889 
-0.5947494847909811 1.2822299632566292 -0.48954233313129514 
-0.5947494847909811 1.2822299632566292 -0.48954233313129514 
-0.5947453394287366 1.2822113779194924 -0.48953705840476314 
-0.5947453394287366 1.2822113779194924 -0.48953705840476314 
-0.59474221123224 1.282196118374837 -0.4895184775467454 
-0.59474221123224 1.282196118374837 -0.4895184775467454 
-0.5947480207506218 1.2822244074355666 -0.48955239188437094 
-0.5947480207506218 1.2822244074355666 -0.48955239188437094 
-0.5947499083498272 1.2822315706010876 -0.4895394230517889 
-0.5947499083498272 1.2822315706010876 -0.4895394230517889 
-0.5947440173129737 1.2822052883740716 -0.48953346064468417 
-0.5947440173129737 1.2822052883740716 -0.48953346064468417 
-0.5947440173129737 1.2822052883740716 -0.48953346064468417 
-0.5947400605810722 1.2821870640254116 -0.4895226935299737 
-0.5947400605810722 1.2821870640254116 -0.4895226935299737 
-0.5947400605810722 1.2821870640254116 -0.4895226935299737 
-0.5947400605810722 1.2821870640254116 -0.4895226935299737 
-0.5947420413508697 1.2821961872716423 -0.4895280836287108 
-0.5947420413508697 1.2821961872716423 -0.4895280836287108 
-0.5947420413508697 1.2821961872716423 -0.4895280836287108 
-0.5947504577695175 1.2822359756530193 -0.48956308620841216 
-0.5947504577695175 1.2822359756530193 -0.48956308620841216 
-0.5947473620965871 1.2822213737347572 -0.4895505995457132 
-0.5947473620965871 1.2822213737347572 -0.4895505995457132 
-0.5947473620965871 1.2822213737347572 -0.4895505995457132 
-0.5947473620965871 1.2822213737347572 -0.4895505995457132 
-0.5947464078670237 1.28221579122365 -0.4895339601623836 
-0.5947464078670237 1.28221579122365 -0.4895339601623836 
-0.5947455232513859 1.282211716764168 -0.48953155293382133 
-0.5947455232513859 1.282211716764168 -0.48953155293382133 
-0.5947455232513859 1.282211716764168 -0.48953155293382133 
-0.5947455232513859 1.282211716764168 -0.48953155293382133 
-0.5947415990430509 1.2821941500419016 -0.4895268800144297 
-0.5947415990430509 1.2821941500419016 -0.4895268800144297 
-0.5947415990430509 1.2821941500419016 -0.4895268800144297 
-0.5947415990430509 1.2821941500419016 -0.4895268800144297 
-0.5947488261369464 1.2822269295558193 -0.4895405407926381 
-0.5947488261369464 1.2822269295558193 -0.4895405407926381 
-0.5947488261369464 1.2822269295558193 -0.4895405407926381 
-0.5947488261369464 1.2822269295558193 -0.4895405407926381 
-0.594749314909611 1.2822300321534343 -0.48955193921326123 
-0.594749314909611 1.2822300321534343 -0.48955193921326123 
-0.5947420413508697 1.2821961872716423 -0.4895280836287108 
-0.5947420413508697 1.2821961872716423 -0.4895280836287108 
-0.5947420413508697 1.2821961872716423 -0.4895280836287108 
-0.5947431562540024 1.2822016659436737 -0.4895351801926726 
-0.5947431562540024 1.2822016659436737 -0.4895351801926726 
-0.5947470665210584 1.2822188249244597 -0.4895357525010411 
-0.5947470665210584 1.2822188249244597 -0.4895357525010411 
-0.5947470665210584 1.2822188249244597 -0.4895357525010411 
-0.5947449158698905 1.282209770575034 -0.4895399684842696 
-0.5947449158698905 1.282209770575034 -0.4895399684842696 
-0.5947470665210584 1.2822188249244597 -0.4895357525010411 
-0.5947470665210584 1.2822188249244597 -0.4895357525010411 
-0.5947450670022879 1.2822092717929463 -0.489526248708517 
-0.5947450670022879 1.2822092717929463 -0.489526248708517 
-0.5938051554199629 1.2827474242856323 -0.48954496501373646 
-0.5938051554199629 1.2827474242856323 -0.48954496501373646 
-0.5930012909970523 1.28319035668576 -0.48955222507098184 
-0.5940193047579084 1.282612242569147 -0.4895436174919121 
-0.5947453394287364 1.2822113779194924 -0.4895370584047628 
-0.5947494847909811 1.2822299632566292 -0.48954233313129514 
-0.5947494847909811 1.2822299632566292 -0.48954233313129514 
-0.5947494847909811 1.2822299632566292 -0.48954233313129514 
-0.5947494847909811 1.2822299632566292 -0.48954233313129514 
-0.5947446434434416 1.282207664448488 -0.4895291587880227 
-0.5947446434434416 1.282207664448488 -0.4895291587880227 
-0.5947446434434416 1.282207664448488 -0.4895291587880227 
-0.5947446434434416 1.282207664448488 -0.4895291587880227 
-0.5947453581777095 1.2822118078047748 -0.4895411720985512 
-0.5947453581777095 1.2822118078047748 -0.4895411720985512 
-0.5947402956762607 1.2821884903817633 -0.48952739594813766 
-0.5947402956762607 1.2821884903817633 -0.48952739594813766 
-0.594741654882383 1.2821954303524168 -0.4895391316676654 
-0.5929973759223026 1.2831731755611726 -0.4895516396798494 
-0.5929973759223026 1.2831731755611726 -0.4895516396798494 
-0.5929973759223026 1.2831731755611726 -0.4895516396798494 
-0.5929973759223026 1.2831731755611726 -0.4895516396798494 
-0.594747338947507 1.2822209310510055 -0.4895465621972881 
-0.594747338947507 1.2822209310510055 -0.4895465621972881 
-0.5947464403905903 1.2822164488500432 -0.4895400543577024 
-0.5947453581777095 1.2822118078047748 -0.4895411720985512 
-0.5947464591395629 1.2822168787353254 -0.4895441680514896 
-0.5940194865917339 1.2826167047947072 -0.4895364133951985 
-0.5947440173129737 1.2822052883740716 -0.48953346064468417 
-0.5947440360619465 1.2822057182593536 -0.4895375743384711 
-0.594742225173519 1.282196526116318 -0.48952257815776856 
-0.5947415990430509 1.2821941500419016 -0.4895268800144297 
-0.594742225173519 1.282196526116318 -0.48952257815776856 
-0.5947398069035962 1.282185387784148 -0.4895159975275143 
-0.594742225173519 1.282196526116318 -0.48952257815776856 
-0.5947464078670237 1.28221579122365 -0.4895339601623836 
-0.5947448971209177 1.2822093406897517 -0.489535854790482 
-0.594745178921853 1.282211661758939 -0.48954872133362226 
-0.5947459328689529 1.2822129163671456 -0.4895245422432919 
-0.5947460447885179 1.2822153063331378 -0.489547014868398 
-0.594746882698409 1.2822184860797838 -0.48954125797198333 
-0.5947470665210584 1.2822188249244597 -0.4895357525010411 
-0.5947426674813379 1.2821985633460589 -0.4895237817720497 
-0.5947406867115403 1.2821894400998284 -0.4895183916733128 
-0.5947412034409786 1.2821930075249963 -0.48953384052512505 
-0.5947420413508697 1.2821961872716423 -0.4895280836287108 
-0.594743104981463 1.282200578431998 -0.48952497230356706 
-0.5947492961606381 1.282229602268152 -0.48954782551947384 
-0.5947420413508697 1.2821961872716423 -0.4895280836287108 
-0.5947439660404343 1.2822042008623957 -0.48952325275557773 
-0.5947403236330346 1.2821889552093164 -0.489531446379327 
-0.5947403236330346 1.2821889552093164 -0.489531446379327 
-0.5947420413508695 1.2821961872716423 -0.4895280836287105 
-0.5931843222981178 1.2830457330006848 -0.48953124269153925 
-0.5942214012759253 1.282513658095476 -0.48954290366335895 
-0.5947472549847159 1.2822190059125667 -0.4895281400033713 
-0.5947455093101068 1.282211309022687 -0.4895274523227984 
-0.5930566948596652 1.2831456882773453 -0.4895692814377044 
-0.5947449158698905 1.282209770575034 -0.4895399684842696 
-0.5947475088288772 1.2822208621542006 -0.4895369561153222 
-0.59474221123224 1.282196118374837 -0.4895184775467454 
-0.5947440173129737 1.2822052883740716 -0.48953346064468417 
-0.5947488261369464 1.2822269295558193 -0.4895405407926381 
-0.5947417876733939 1.282194511030379 -0.48952138762625164 
-0.5947403236330346 1.2821889552093164 -0.489531446379327 
-0.5947426674813379 1.2821985633460589 -0.4895237817720497 
-0.5947450857512607 1.2822097016782288 -0.4895303624023044 
-0.5947416177920236 1.2821945799271839 -0.48953099370821707 
-0.5929971222448267 1.283171499319909 -0.48954494367739043 
-0.5943379431697289 1.282436827817448 -0.4895352352398312 
-0.5947423183441113 1.2821984861970281 -0.48954093708908686 
-0.5947450857512607 1.2822097016782288 -0.4895303624023044 
-0.5946322338437178 1.2822765884468832 -0.489533784109522 
-0.5947439660404343 1.2822042008623955 -0.48952325275557773 
-0.5947483698878485 1.282224484584598 -0.48953523656733355 
-0.5947448971209177 1.2822093406897517 -0.489535854790482 
-0.5947455232513859 1.282211716764168 -0.48953155293382133 
-0.5947475088288772 1.2822208621542006 -0.4895369561153222 
-0.5947479323877233 1.2822224694986588 -0.4895340460358162 
-0.5947453581777095 1.2822118078047748 -0.4895411720985512 
-0.5947474900799045 1.282220432268918 -0.48953284242153483 
-0.5947417876733939 1.282194511030379 -0.48952138762625164 
-0.594741345365575 1.282192473800638 -0.4895201840119707 
-0.5947435285403091 1.2822021857764565 -0.489522062224061 
-0.594742478850995 1.282198202357582 -0.48952927416022773 
-0.5947440360619465 1.2822057182593536 -0.4895375743384711 
-0.5947445202678183 1.2822086280581293 -0.489546928994965 
-0.5947464403905903 1.2822164488500432 -0.4895400543577024 
-0.594742492792274 1.2821986100990623 -0.4895333747712516 
-0.5947487934466946 1.2822260919290565 -0.4895323264878275 
-0.5947416177920236 1.2821945799271839 -0.48953099370821707 
-0.5947501947175551 1.2822340844691147 -0.48955433335905973 
-0.5947488121956674 1.2822265218143392 -0.48953644018161446 
-0.5947440360619465 1.2822057182593536 -0.4895375743384711 
-0.5947455093101068 1.282211309022687 -0.4895274523227984 
-0.594746501037616 1.2822177513043602 -0.4895523190937019 
-0.5947488726017918 1.2822279949236937 -0.4895507355989802 
-0.5947436217109013 1.2822041458571662 -0.48954042115537955 
-0.5947450670022879 1.2822092717929463 -0.489526248708517 
-0.5947471736329297 1.2822211927466503 -0.489558212043383 
-0.5947488261369464 1.2822269295558193 -0.4895405407926381 
-0.5947488261369464 1.2822269295558193 -0.4895405407926381 
-0.5947463891180507 1.282215361338367 -0.48952984646859565 
-0.5947453581777095 1.2822118078047748 -0.4895411720985512 
-0.5947457817365553 1.2822134151492333 -0.48953826201904416 
-0.5947448971209177 1.2822093406897517 -0.489535854790482 
-0.5947449158698905 1.282209770575034 -0.4895399684842696 
-0.5947444735620715 1.2822077333452928 -0.4895387648699885 
-0.5947468314258696 1.2822173985681085 -0.489531050082877 
-0.5947449158698905 1.282209770575034 -0.4895399684842696 
-0.5947456024806992 1.282213269103397 -0.48954581125411645 
-0.5947468126768969 1.2822169686828255 -0.48952693638908995 
-0.594743104981463 1.282200578431998 -0.48952497230356706 
-0.5947477764476322 1.2822229461369445 -0.489547752728805 
-0.5947459655592049 1.2822137539939091 -0.48953275654810247 
-0.5947473620965871 1.2822213737347572 -0.4895505995457132 
-0.5947473620965871 1.2822213737347572 -0.4895505995457132 
-0.5947440592110265 1.2822061609431057 -0.4895416116868967 
-0.5947440592110265 1.2822061609431057 -0.4895416116868967 
-0.5947459655592049 1.2822137539939091 -0.48953275654810247 
-0.5930008674382062 1.2831887493413014 -0.4895551351504879 
-0.594747338947507 1.2822209310510055 -0.4895465621972881 
-0.5947468314258698 1.2822173985681085 -0.48953105008287734 
-0.594746882698409 1.2822184860797838 -0.48954125797198333 
-0.5947420552921487 1.282196595013123 -0.48953218423973377 
-0.5947448971209177 1.2822093406897517 -0.489535854790482 
-0.5947446295021627 1.282207256707007 -0.48952505817699943 
-0.5947445015188455 1.2822081981728466 -0.4895428153011776 
-0.5947477764476322 1.2822229461369445 -0.489547752728805 
-0.5947440173129737 1.2822052883740716 -0.48953346064468417 
-0.5931495670257969 1.2831023341787238 -0.489551390219927 
-0.5947477625063532 1.282222538395464 -0.48954365211778206 
-0.5947499083498272 1.2822315706010876 -0.4895394230517889 
-0.5947391807731282 1.2821830117097317 -0.4895202993841754 
-0.594746882698409 1.2822184860797838 -0.48954125797198333 
-0.5947468826984088 1.2822184860797838 -0.489541257971983 
-0.5947483886368211 1.2822249144698805 -0.48953935026112017 
-0.5947435424815882 1.2822025935179375 -0.48952616283508377 
-0.5947440592110265 1.2822061609431057 -0.4895416116868967 
-0.5947480207506218 1.2822244074355666 -0.48955239188437094 
-0.5947488121956672 1.2822265218143392 -0.48953644018161413 
-0.5947440360619465 1.2822057182593536 -0.4895375743384711 
-0.594746924596462 1.2822193586488182 -0.48954940901419586 
-0.5947513236361823 1.2822396202272184 -0.4895613797431875 
-0.594746882698409 1.2822184860797838 -0.48954125797198333 
-0.5930036717690294 1.2832006352473646 -0.48955057831366156 
-0.593001963592366 1.2831937981280501 -0.4895581180206625 
-0.5940819602898745 1.2825656400284768 -0.48953094522512497 
-0.5947500968134847 1.2822317515891946 -0.4895318105541193 
-0.5947455232513859 1.282211716764168 -0.48953155293382133 
-0.5947516492167425 1.2822392453471654 -0.4895400976495985 
-0.5947411754842048 1.282192542697443 -0.48952979009393593 
-0.5947429163511202 1.282200217443521 -0.4895304646917451 
-0.5947426674813379 1.2821985633460589 -0.4895237817720497 
-0.5947501759685823 1.2822336545838322 -0.4895502196652719 
-0.5947492357545134 1.2822281291587974 -0.4895335301021082 
-0.5947444596207926 1.282207325603812 -0.4895346642589653 
-0.5947488121956674 1.2822265218143392 -0.48953644018161446 
-0.5947471736329297 1.2822211927466503 -0.489558212043383 
-0.594748858660513 1.2822275871822126 -0.4895466349879567 
-0.5947450857512607 1.2822097016782288 -0.4895303624023044 
-0.5947440173129737 1.2822052883740716 -0.48953346064468417 
-0.5947426674813379 1.2821985633460589 -0.4895237817720497 
-0.5947459468102319 1.2822133241086264 -0.4895286428543151 
-0.5947468314258698 1.2822173985681085 -0.48953105008287734 
-0.5947445015188455 1.2822081981728466 -0.4895428153011776 
-0.5947492496957925 1.282228536900278 -0.4895376307131316 
-0.5947483698878485 1.282224484584598 -0.48953523656733355 
-0.5947431794030825 1.2822021086274256 -0.48953921754109864 
-0.5947457817365556 1.2822134151492333 -0.4895382620190445 
-0.594742225173519 1.282196526116318 -0.48952257815776856 
-0.594747508828877 1.2822208621542006 -0.4895369561153219 
-0.5939147330856327 1.2826658076740012 -0.4895462607308678 
-0.5938570725103318 1.2827062954843118 -0.4895378804669406 
-0.5947459468102319 1.2822133241086264 -0.4895286428543151 
-0.5947474900799045 1.282220432268918 -0.48953284242153483 
-0.5947468966396883 1.2822188938212649 -0.4895453585830063 
-0.5947427419029573 1.2822000935414861 -0.4895380270095808 
-0.5947459655592049 1.2822137539939091 -0.48953275654810247 
-0.5947460168317442 1.2822148415055845 -0.4895429644372087 
-0.594742492792274 1.2821986100990623 -0.4895333747712516 
-0.5947453581777095 1.2822118078047748 -0.4895411720985512 
-0.5947492496957925 1.282228536900278 -0.4895376307131316 
-0.5947411615429258 1.2821921349559622 -0.48952568948291253 
-0.5947411754842048 1.282192542697443 -0.48952979009393593 
-0.5947435145990301 1.2822017780349755 -0.4895179616130376 
-0.5947501759685823 1.2822336545838322 -0.4895502196652719 
-0.5947450670022879 1.2822092717929463 -0.489526248708517 
-0.5947417876733939 1.282194511030379 -0.48952138762625164 
-0.5947480346919009 1.282224815177048 -0.4895564924953939 
-0.5947479463290024 1.2822228772401396 -0.4895381466468396 
-0.5947446434434418 1.282207664448488 -0.48952915878802306 
-0.5947476785435619 1.2822206132570249 -0.48952522992386505 
-0.5932844719767006 1.2830027943178979 -0.489554105999074 
-0.5947440360619465 1.2822057182593536 -0.4895375743384711 
-0.5947482000064783 1.282224553481403 -0.4895448426492983 
-0.5947479463290024 1.2822228772401396 -0.4895381466468396 
-0.5947439660404343 1.2822042008623957 -0.48952325275557773 
-0.5947517379872274 1.282241192629406 -0.48955853292627993 
-0.5947480534408738 1.2822252450623304 -0.4895606061891813 
-0.594747762506353 1.282222538395464 -0.4895436521177817 
-0.5947473201985344 1.282220501165723 -0.4895424485035005 
-0.5947499083498272 1.2822315706010876 -0.4895394230517889 
-0.5947444596207924 1.282207325603812 -0.48953466425896497 
-0.5947483886368213 1.2822249144698805 -0.4895393502611205 
-0.5947457817365553 1.2822134151492333 -0.48953826201904416 
-0.5947497384684571 1.2822316394978928 -0.489549029133755 
-0.594749752409736 1.2822320472393738 -0.48955312974477816 
-0.5947503319086733 1.282233177945546 -0.4895365129722833 
-0.594747776447632 1.2822229461369445 -0.4895477527288047 
-0.5947453581777095 1.2822118078047748 -0.4895411720985512 
-0.5947512956794084 1.282239155399665 -0.4895573293119978 
-0.5947444596207926 1.282207325603812 -0.4895346642589653 
-0.5947444596207926 1.282207325603812 -0.4895346642589653 
-0.594746482288643 1.2822173214190773 -0.4895482053999147 
-0.5947475088288772 1.2822208621542006 -0.4895369561153222 
-0.5929923788755734 1.2831511827362792 -0.4895501413482004 
-0.594742225173519 1.282196526116318 -0.48952257815776856 
-0.5947488586605127 1.2822275871822126 -0.48954663498795636 
-0.5947399000741885 1.2821873478648582 -0.48953435645883303 
-0.5947497384684571 1.2822316394978928 -0.489549029133755 
-0.5939396721386262 1.2826645481781007 -0.48955265105974766 
-0.5946971483156739 1.2822482219352442 -0.48954290180877136 
-0.5947470665210584 1.2822188249244597 -0.4895357525010411 
