-0.5947480207506217 1.2122244074355666 -0.48955239188437094 
-0.5947480207506217 1.2122244074355666 -0.48955239188437094 
-0.5947444735620717 1.2122077333452932 -0.4895387648699885 
-0.5947444735620717 1.2122077333452932 -0.4895387648699885 
-0.5947444735620717 1.2122077333452932 -0.4895387648699885 
-0.5947444735620717 1.2122077333452932 -0.4895387648699885 
-0.5947532112353878 1.212246783392739 -0.4895484109106061 
-0.5947532112353878 1.212246783392739 -0.4895484109106061 
-0.5947532112353878 1.212246783392739 -0.4895484109106061 
-0.5947532112353878 1.212246783392739 -0.4895484109106061 
-0.5947532112353878 1.212246783392739 -0.4895484109106061 
-0.594745523251386 1.2122117167641682 -0.4895315529338211 
-0.594745523251386 1.2122117167641682 -0.4895315529338211 
-0.5947442059433168 1.2122056493625488 -0.48952796825650546 
-0.5947442059433168 1.2122056493625488 -0.48952796825650546 
-0.5947435798128486 1.2122032732881323 -0.48953227011316636 
-0.5947435798128486 1.2122032732881323 -0.48953227011316636 
-0.5947435798128486 1.2122032732881323 -0.48953227011316636 
-0.5947435798128486 1.2122032732881323 -0.48953227011316636 
-0.5947450857512606 1.212209701678229 -0.4895303624023042 
-0.5947450857512606 1.212209701678229 -0.4895303624023042 
-0.5947450857512606 1.212209701678229 -0.4895303624023042 
-0.5947450857512606 1.212209701678229 -0.4895303624023042 
-0.5947450857512606 1.212209701678229 -0.4895303624023042 
-0.5947450857512606 1.212209701678229 -0.4895303624023042 
-0.5947468314258697 1.2122173985681082 -0.48953105008287756 
-0.5947468314258697 1.2122173985681082 -0.48953105008287756 
-0.5947468314258697 1.2122173985681082 -0.48953105008287756 
-0.5947403236330344 1.2121889552093164 -0.489531446379327 
-0.5947403236330344 1.2121889552093164 -0.489531446379327 
-0.5947446295021628 1.212207256707007 -0.489525058176999 
-0.5947446295021628 1.212207256707007 -0.489525058176999 
-0.5947446295021628 1.212207256707007 -0.489525058176999 
-0.5947446295021628 1.212207256707007 -0.489525058176999 
-0.5947444735620717 1.2122077333452932 -0.4895387648699885 
-0.5947444735620717 1.2122077333452932 -0.4895387648699885 
-0.5947444735620717 1.2122077333452932 -0.4895387648699885 
-0.5947429163511203 1.212200217443521 -0.4895304646917451 
-0.5947429163511203 1.212200217443521 -0.4895304646917451 
-0.5947429163511203 1.212200217443521 -0.4895304646917451 
-0.5947429163511203 1.212200217443521 -0.4895304646917451 
-0.5947429163511203 1.212200217443521 -0.4895304646917451 
-0.5947435798128486 1.2122032732881323 -0.48953227011316636 
-0.5947435798128486 1.2122032732881323 -0.48953227011316636 
-0.5947484582507471 1.212226422521506 -0.4895535824158881 
-0.5947484582507471 1.212226422521506 -0.4895535824158881 
-0.5947484582507471 1.212226422521506 -0.4895535824158881 
-0.5947484582507471 1.212226422521506 -0.4895535824158881 
-0.5947484582507471 1.212226422521506 -0.4895535824158881 
-0.5947503645989252 1.2122340155723093 -0.48954472727709364 
-0.593001963592366 1.2131937981280503 -0.48955811802066274 
-0.5945161069128624 1.212372082968479 -0.48954754719904137 
-0.5947463703690781 1.2122149314530848 -0.4895257327748088 
-0.5947463703690781 1.2122149314530848 -0.4895257327748088 
-0.5947431049814631 1.2122005784319982 -0.4895249723035666 
-0.5947431049814631 1.2122005784319982 -0.4895249723035666 
-0.5947431049814631 1.2122005784319982 -0.4895249723035666 
-0.5947431049814631 1.2122005784319982 -0.4895249723035666 
-0.5947431049814631 1.2122005784319982 -0.4895249723035666 
-0.5947526989060568 1.2122432287660403 -0.48953288571343134 
-0.5947526989060568 1.2122432287660403 -0.48953288571343134 
-0.594745523251386 1.2122117167641682 -0.4895315529338211 
-0.594745523251386 1.2122117167641682 -0.4895315529338211 
-0.594745523251386 1.2122117167641682 -0.4895315529338211 
-0.594745523251386 1.2122117167641682 -0.4895315529338211 
-0.5947464403905902 1.2122164488500426 -0.489540054357702 
-0.59474644039059 1.2122164488500426 -0.48954005435770165 
-0.5947464403905902 1.2122164488500426 -0.489540054357702 
-0.5947464403905902 1.2122164488500426 -0.489540054357702 
-0.5947464403905902 1.2122164488500426 -0.489540054357702 
-0.5947464403905902 1.2122164488500426 -0.489540054357702 
-0.5947406679625674 1.2121890102145458 -0.48951427797952485 
-0.594742225173519 1.212196526116318 -0.489522578157769 
-0.594742225173519 1.212196526116318 -0.489522578157769 
-0.5947435937541277 1.212203681029613 -0.4895363707241902 
-0.5947435937541277 1.212203681029613 -0.4895363707241902 
-0.5947435937541277 1.212203681029613 -0.4895363707241902 
-0.5947435937541277 1.2122036810296128 -0.4895363707241902 
-0.5947435937541277 1.2122036810296128 -0.4895363707241902 
-0.594750194717555 1.2122340844691144 -0.48955433335905973 
-0.594750194717555 1.2122340844691144 -0.48955433335905973 
-0.5947448971209178 1.2122093406897514 -0.4895358547904822 
-0.5947448971209178 1.2122093406897514 -0.4895358547904822 
-0.5947448971209178 1.2122093406897514 -0.4895358547904822 
-0.5947448971209178 1.2122093406897514 -0.4895358547904822 
-0.5947448971209178 1.2122093406897514 -0.4895358547904822 
-0.5947426674813379 1.2121985633460588 -0.4895237817720497 
-0.594748858660513 1.2122275871822128 -0.4895466349879567 
-0.594743091040184 1.212200170690517 -0.48952087169254344 
-0.594743091040184 1.212200170690517 -0.48952087169254344 
-0.594743091040184 1.212200170690517 -0.48952087169254344 
-0.594743091040184 1.212200170690517 -0.48952087169254344 
-0.5947435424815883 1.2122025935179375 -0.48952616283508377 
-0.5947398069035963 1.212185387784148 -0.4895159975275143 
-0.5947398069035963 1.212185387784148 -0.4895159975275143 
-0.5947398069035963 1.212185387784148 -0.4895159975275143 
-0.5947398069035963 1.212185387784148 -0.4895159975275143 
-0.5947473201985344 1.212220501165723 -0.4895424485035005 
-0.5947473201985344 1.212220501165723 -0.4895424485035005 
-0.5947468314258697 1.2122173985681082 -0.48953105008287756 
-0.5947468314258697 1.2122173985681082 -0.48953105008287756 
-0.5947468314258697 1.2122173985681082 -0.48953105008287756 
-0.5947468314258697 1.2122173985681082 -0.48953105008287756 
-0.5947477764476323 1.2122229461369447 -0.489547752728805 
-0.5947477764476323 1.2122229461369447 -0.489547752728805 
-0.5947459655592049 1.212213753993909 -0.489532756548102 
-0.5947459655592049 1.212213753993909 -0.489532756548102 
-0.5947488261369465 1.2122269295558197 -0.48954054079263765 
-0.5947488261369465 1.2122269295558197 -0.48954054079263765 
-0.5947488261369465 1.2122269295558197 -0.48954054079263765 
-0.5947488261369465 1.2122269295558197 -0.48954054079263765 
-0.5947449158698906 1.2122097705750339 -0.4895399684842696 
-0.5947449158698906 1.2122097705750339 -0.4895399684842696 
-0.5947516679657154 1.212239675232448 -0.48954421134338544 
-0.5947516679657154 1.212239675232448 -0.48954421134338544 
-0.5947516679657154 1.212239675232448 -0.48954421134338544 
-0.5947507881577712 1.2122356229167675 -0.4895418171975874 
-0.5947507881577712 1.2122356229167675 -0.4895418171975874 
-0.5947439660404343 1.2122042008623957 -0.4895232527555782 
-0.5947439660404343 1.2122042008623957 -0.4895232527555782 
-0.5947439660404343 1.2122042008623957 -0.4895232527555782 
-0.5947439660404343 1.2122042008623957 -0.4895232527555782 
-0.594746812676897 1.2122169686828257 -0.4895269363890904 
-0.594746812676897 1.2122169686828257 -0.4895269363890904 
-0.594746812676897 1.2122169686828257 -0.4895269363890904 
-0.5947444596207926 1.2122073256038122 -0.48953466425896464 
-0.5947444596207926 1.2122073256038122 -0.48953466425896464 
-0.5947470665210584 1.2122188249244592 -0.48953575250104087 
-0.5947470665210581 1.2122188249244592 -0.48953575250104053 
-0.5947470665210581 1.2122188249244592 -0.48953575250104053 
-0.594745523251386 1.2122117167641682 -0.4895315529338211 
-0.594745523251386 1.2122117167641682 -0.4895315529338211 
-0.594745523251386 1.2122117167641682 -0.4895315529338211 
-0.594745523251386 1.2122117167641682 -0.4895315529338211 
-0.5947455232513857 1.2122117167641682 -0.4895315529338208 
-0.5947420552921489 1.2121965950131233 -0.48953218423973466 
-0.5947420552921489 1.212196595013123 -0.48953218423973466 
-0.5947420552921489 1.212196595013123 -0.48953218423973466 
-0.5947499083498271 1.2122315706010873 -0.4895394230517891 
-0.5947494847909811 1.2122299632566294 -0.48954233313129536 
-0.5947494847909811 1.2122299632566294 -0.48954233313129536 
-0.5947453394287366 1.2122113779194923 -0.48953705840476336 
-0.5947453394287366 1.2122113779194923 -0.48953705840476336 
-0.5947422112322399 1.2121961183748373 -0.48951847754674516 
-0.5947422112322399 1.2121961183748373 -0.48951847754674516 
-0.5947480207506217 1.2122244074355666 -0.48955239188437094 
-0.5947480207506217 1.2122244074355666 -0.48955239188437094 
-0.5947499083498271 1.2122315706010873 -0.4895394230517891 
-0.5947499083498271 1.2122315706010873 -0.4895394230517891 
-0.5947440173129739 1.2122052883740715 -0.48953346064468417 
-0.5947440173129739 1.2122052883740715 -0.48953346064468417 
-0.5947440173129739 1.2122052883740715 -0.48953346064468417 
-0.5947400605810722 1.212187064025412 -0.48952269352997346 
-0.5947400605810722 1.212187064025412 -0.48952269352997346 
-0.5947400605810722 1.212187064025412 -0.48952269352997346 
-0.5947400605810722 1.212187064025412 -0.48952269352997346 
-0.5947420413508698 1.2121961872716425 -0.4895280836287106 
-0.5947420413508698 1.2121961872716425 -0.4895280836287106 
-0.5947420413508698 1.2121961872716425 -0.4895280836287106 
-0.5947504577695176 1.2122359756530194 -0.48956308620841216 
-0.5947504577695176 1.2122359756530194 -0.48956308620841216 
-0.5947473620965872 1.2122213737347571 -0.4895505995457132 
-0.5947473620965872 1.2122213737347571 -0.4895505995457132 
-0.5947473620965872 1.2122213737347571 -0.4895505995457132 
-0.5947473620965872 1.2122213737347571 -0.4895505995457132 
-0.5947464078670237 1.2122157912236498 -0.4895339601623836 
-0.5947464078670237 1.2122157912236498 -0.4895339601623836 
-0.594745523251386 1.2122117167641682 -0.4895315529338211 
-0.594745523251386 1.2122117167641682 -0.4895315529338211 
-0.594745523251386 1.2122117167641682 -0.4895315529338211 
-0.594745523251386 1.2122117167641682 -0.4895315529338211 
-0.5947415990430509 1.2121941500419016 -0.48952688001442946 
-0.5947415990430509 1.2121941500419016 -0.48952688001442946 
-0.5947415990430509 1.2121941500419016 -0.48952688001442946 
-0.5947415990430509 1.2121941500419016 -0.48952688001442946 
-0.5947488261369465 1.2122269295558197 -0.48954054079263765 
-0.5947488261369465 1.2122269295558197 -0.48954054079263765 
-0.5947488261369465 1.2122269295558197 -0.48954054079263765 
-0.5947488261369465 1.2122269295558197 -0.48954054079263765 
-0.594749314909611 1.2122300321534343 -0.489551939213261 
-0.594749314909611 1.2122300321534343 -0.489551939213261 
-0.5947420413508698 1.2121961872716425 -0.4895280836287106 
-0.5947420413508698 1.2121961872716425 -0.4895280836287106 
-0.5947420413508698 1.2121961872716425 -0.4895280836287106 
-0.5947431562540025 1.2122016659436738 -0.48953518019267306 
-0.5947431562540025 1.2122016659436738 -0.48953518019267306 
-0.5947470665210584 1.2122188249244592 -0.48953575250104087 
-0.5947470665210584 1.2122188249244592 -0.48953575250104087 
-0.5947470665210584 1.2122188249244592 -0.48953575250104087 
-0.5947449158698906 1.2122097705750339 -0.4895399684842696 
-0.5947449158698906 1.2122097705750339 -0.4895399684842696 
-0.5947470665210584 1.2122188249244592 -0.48953575250104087 
-0.5947470665210584 1.2122188249244592 -0.48953575250104087 
-0.594745067002288 1.2122092717929462 -0.489526248708517 
-0.594745067002288 1.2122092717929462 -0.489526248708517 
-0.5938051554199629 1.2127474242856315 -0.4895449650137367 
-0.5938051554199629 1.2127474242856315 -0.4895449650137367 
-0.5930012909970523 1.2131903566857594 -0.48955222507098206 
-0.5940193047579084 1.212612242569147 -0.48954361749191233 
-0.5947453394287364 1.2122113779194923 -0.489537058404763 
-0.5947494847909811 1.2122299632566294 -0.48954233313129536 
-0.5947494847909811 1.2122299632566294 -0.48954233313129536 
-0.5947494847909811 1.2122299632566294 -0.48954233313129536 
-0.5947494847909811 1.2122299632566294 -0.48954233313129536 
-0.5947446434434416 1.212207664448488 -0.4895291587880227 
-0.5947446434434416 1.212207664448488 -0.4895291587880227 
-0.5947446434434416 1.212207664448488 -0.4895291587880227 
-0.5947446434434416 1.212207664448488 -0.4895291587880227 
-0.5947453581777093 1.2122118078047748 -0.48954117209855075 
-0.5947453581777093 1.2122118078047748 -0.48954117209855075 
-0.5947402956762607 1.2121884903817632 -0.48952739594813743 
-0.5947402956762607 1.2121884903817632 -0.48952739594813743 
-0.594741654882383 1.2121954303524167 -0.4895391316676656 
-0.5929973759223027 1.2131731755611723 -0.4895516396798496 
-0.5929973759223027 1.2131731755611723 -0.4895516396798496 
-0.5929973759223027 1.2131731755611723 -0.4895516396798496 
-0.5929973759223027 1.2131731755611723 -0.4895516396798496 
-0.5947473389475071 1.2122209310510055 -0.48954656219728787 
-0.5947473389475071 1.2122209310510055 -0.48954656219728787 
-0.5947464403905902 1.2122164488500426 -0.489540054357702 
-0.5947453581777093 1.2122118078047748 -0.48954117209855075 
-0.594746459139563 1.2122168787353254 -0.48954416805149004 
-0.5940194865917339 1.2126167047947072 -0.4895364133951987 
-0.5947440173129739 1.2122052883740715 -0.48953346064468417 
-0.5947440360619465 1.212205718259354 -0.48953757433847134 
-0.594742225173519 1.212196526116318 -0.489522578157769 
-0.5947415990430509 1.2121941500419016 -0.48952688001442946 
-0.594742225173519 1.212196526116318 -0.489522578157769 
-0.5947398069035963 1.212185387784148 -0.4895159975275143 
-0.594742225173519 1.212196526116318 -0.489522578157769 
-0.5947464078670237 1.2122157912236498 -0.4895339601623836 
-0.5947448971209178 1.2122093406897514 -0.4895358547904822 
-0.594745178921853 1.2122116617589385 -0.4895487213336225 
-0.5947459328689528 1.2122129163671456 -0.4895245422432919 
-0.594746044788518 1.2122153063331378 -0.4895470148683978 
-0.5947468826984093 1.2122184860797838 -0.4895412579719831 
-0.5947470665210584 1.2122188249244592 -0.48953575250104087 
-0.5947426674813379 1.2121985633460588 -0.4895237817720497 
-0.5947406867115403 1.2121894400998283 -0.48951839167331257 
-0.5947412034409786 1.2121930075249963 -0.48953384052512483 
-0.5947420413508698 1.2121961872716425 -0.4895280836287106 
-0.5947431049814631 1.2122005784319982 -0.4895249723035666 
-0.5947492961606382 1.212229602268152 -0.4895478255194736 
-0.5947420413508698 1.2121961872716425 -0.4895280836287106 
-0.5947439660404343 1.2122042008623957 -0.4895232527555782 
-0.5947403236330344 1.2121889552093164 -0.489531446379327 
-0.5947403236330344 1.2121889552093164 -0.489531446379327 
-0.5947420413508696 1.2121961872716425 -0.48952808362871025 
-0.5931843222981179 1.2130457330006845 -0.48953124269153836 
-0.5942214012759254 1.2125136580954758 -0.48954290366335895 
-0.5947472549847158 1.2122190059125661 -0.48952814000337086 
-0.5947455093101068 1.2122113090226871 -0.4895274523227977 
-0.5930566948596652 1.213145688277345 -0.4895692814377046 
-0.5947449158698906 1.2122097705750339 -0.4895399684842696 
-0.5947475088288772 1.2122208621542 -0.4895369561153222 
-0.5947422112322399 1.2121961183748373 -0.48951847754674516 
-0.5947440173129739 1.2122052883740715 -0.48953346064468417 
-0.5947488261369465 1.2122269295558197 -0.48954054079263765 
-0.5947417876733938 1.2121945110303787 -0.4895213876262514 
-0.5947403236330344 1.2121889552093164 -0.489531446379327 
-0.5947426674813379 1.2121985633460588 -0.4895237817720497 
-0.5947450857512606 1.212209701678229 -0.4895303624023042 
-0.5947416177920237 1.212194579927184 -0.48953099370821707 
-0.5929971222448267 1.213171499319909 -0.48954494367739043 
-0.594337943169729 1.2124368278174482 -0.489535235239831 
-0.5947423183441113 1.2121984861970283 -0.48954093708908686 
-0.5947450857512606 1.212209701678229 -0.4895303624023042 
-0.5946322338437178 1.2122765884468831 -0.48953378410952153 
-0.5947439660404343 1.2122042008623954 -0.4895232527555782 
-0.5947483698878485 1.2122244845845978 -0.48953523656733333 
-0.5947448971209178 1.2122093406897514 -0.4895358547904822 
-0.594745523251386 1.2122117167641682 -0.4895315529338211 
-0.5947475088288772 1.2122208621542 -0.4895369561153222 
-0.5947479323877234 1.2122224694986588 -0.4895340460358162 
-0.5947453581777093 1.2122118078047748 -0.48954117209855075 
-0.5947474900799044 1.2122204322689174 -0.48953284242153505 
-0.5947417876733938 1.2121945110303787 -0.4895213876262514 
-0.594741345365575 1.2121924738006382 -0.4895201840119703 
-0.5947435285403091 1.2122021857764564 -0.489522062224061 
-0.594742478850995 1.2121982023575817 -0.48952927416022773 
-0.5947440360619465 1.212205718259354 -0.48953757433847134 
-0.5947445202678182 1.212208628058129 -0.48954692899496477 
-0.5947464403905902 1.2122164488500426 -0.489540054357702 
-0.5947424927922742 1.2121986100990625 -0.4895333747712516 
-0.5947487934466946 1.2122260919290562 -0.48953232648782685 
-0.5947416177920237 1.212194579927184 -0.48953099370821707 
-0.594750194717555 1.2122340844691144 -0.48955433335905973 
-0.5947488121956674 1.2122265218143384 -0.4895364401816147 
-0.5947440360619465 1.212205718259354 -0.48953757433847134 
-0.5947455093101068 1.2122113090226871 -0.4895274523227977 
-0.594746501037616 1.2122177513043595 -0.48955231909370145 
-0.5947488726017919 1.2122279949236934 -0.4895507355989793 
-0.5947436217109013 1.2122041458571664 -0.48954042115538 
-0.594745067002288 1.2122092717929462 -0.489526248708517 
-0.5947471736329295 1.2122211927466502 -0.4895582120433828 
-0.5947488261369465 1.2122269295558197 -0.48954054079263765 
-0.5947488261369465 1.2122269295558197 -0.48954054079263765 
-0.5947463891180507 1.212215361338367 -0.4895298464685959 
-0.5947453581777093 1.2122118078047748 -0.48954117209855075 
-0.5947457817365553 1.2122134151492332 -0.48953826201904393 
-0.5947448971209178 1.2122093406897514 -0.4895358547904822 
-0.5947449158698906 1.2122097705750339 -0.4895399684842696 
-0.5947444735620717 1.2122077333452932 -0.4895387648699885 
-0.5947468314258695 1.2122173985681082 -0.48953105008287723 
-0.5947449158698906 1.2122097705750339 -0.4895399684842696 
-0.594745602480699 1.2122132691033964 -0.48954581125411667 
-0.594746812676897 1.2122169686828257 -0.4895269363890904 
-0.5947431049814631 1.2122005784319982 -0.4895249723035666 
-0.5947477764476323 1.2122229461369447 -0.489547752728805 
-0.5947459655592049 1.212213753993909 -0.489532756548102 
-0.5947473620965872 1.2122213737347571 -0.4895505995457132 
-0.5947473620965872 1.2122213737347571 -0.4895505995457132 
-0.5947440592110267 1.2122061609431056 -0.48954161168689625 
-0.5947440592110267 1.2122061609431056 -0.48954161168689625 
-0.5947459655592049 1.212213753993909 -0.489532756548102 
-0.5930008674382062 1.2131887493413012 -0.4895551351504879 
-0.5947473389475071 1.2122209310510055 -0.48954656219728787 
-0.5947468314258697 1.2122173985681082 -0.48953105008287756 
-0.5947468826984093 1.2122184860797838 -0.4895412579719831 
-0.5947420552921489 1.2121965950131233 -0.48953218423973466 
-0.5947448971209178 1.2122093406897514 -0.4895358547904822 
-0.5947446295021628 1.212207256707007 -0.489525058176999 
-0.5947445015188455 1.2122081981728465 -0.4895428153011776 
-0.5947477764476323 1.2122229461369447 -0.489547752728805 
-0.5947440173129739 1.2122052883740715 -0.48953346064468417 
-0.5931495670257969 1.2131023341787233 -0.489551390219927 
-0.5947477625063533 1.212222538395464 -0.48954365211778184 
-0.5947499083498271 1.2122315706010873 -0.4895394230517891 
-0.5947391807731282 1.2121830117097316 -0.4895202993841754 
-0.5947468826984093 1.2122184860797838 -0.4895412579719831 
-0.594746882698409 1.2122184860797838 -0.4895412579719828 
-0.5947483886368211 1.2122249144698802 -0.48953935026112017 
-0.5947435424815883 1.2122025935179375 -0.48952616283508377 
-0.5947440592110267 1.2122061609431056 -0.48954161168689625 
-0.5947480207506217 1.2122244074355666 -0.48955239188437094 
-0.5947488121956672 1.2122265218143384 -0.48953644018161435 
-0.5947440360619465 1.212205718259354 -0.48953757433847134 
-0.5947469245964621 1.212219358648818 -0.48954940901419586 
-0.5947513236361824 1.2122396202272183 -0.48956137974318725 
-0.5947468826984093 1.2122184860797838 -0.4895412579719831 
-0.5930036717690295 1.2132006352473643 -0.48955057831366156 
-0.593001963592366 1.2131937981280503 -0.48955811802066274 
-0.5940819602898746 1.212565640028477 -0.4895309452251245 
-0.5947500968134848 1.2122317515891947 -0.48953181055411954 
-0.594745523251386 1.2122117167641682 -0.4895315529338211 
-0.5947516492167426 1.2122392453471653 -0.4895400976495985 
-0.5947411754842048 1.212192542697443 -0.48952979009393593 
-0.5947429163511203 1.212200217443521 -0.4895304646917451 
-0.5947426674813379 1.2121985633460588 -0.4895237817720497 
-0.5947501759685823 1.2122336545838321 -0.4895502196652721 
-0.5947492357545135 1.212228129158797 -0.4895335301021084 
-0.5947444596207926 1.2122073256038122 -0.48953466425896464 
-0.5947488121956674 1.2122265218143384 -0.4895364401816147 
-0.5947471736329295 1.2122211927466502 -0.4895582120433828 
-0.594748858660513 1.2122275871822128 -0.4895466349879567 
-0.5947450857512606 1.212209701678229 -0.4895303624023042 
-0.5947440173129739 1.2122052883740715 -0.48953346064468417 
-0.5947426674813379 1.2121985633460588 -0.4895237817720497 
-0.5947459468102321 1.2122133241086264 -0.48952864285431485 
-0.5947468314258697 1.2122173985681082 -0.48953105008287756 
-0.5947445015188455 1.2122081981728465 -0.4895428153011776 
-0.5947492496957926 1.212228536900278 -0.4895376307131316 
-0.5947483698878485 1.2122244845845978 -0.48953523656733333 
-0.5947431794030826 1.2122021086274255 -0.4895392175410984 
-0.5947457817365556 1.2122134151492332 -0.48953826201904427 
-0.594742225173519 1.212196526116318 -0.489522578157769 
-0.594747508828877 1.2122208621542 -0.4895369561153219 
-0.5939147330856329 1.2126658076740016 -0.4895462607308678 
-0.5938570725103318 1.2127062954843117 -0.4895378804669408 
-0.5947459468102321 1.2122133241086264 -0.48952864285431485 
-0.5947474900799044 1.2122204322689174 -0.48953284242153505 
-0.5947468966396883 1.2122188938212644 -0.48954535858300674 
-0.5947427419029574 1.2122000935414865 -0.4895380270095806 
-0.5947459655592049 1.212213753993909 -0.489532756548102 
-0.594746016831744 1.212214841505584 -0.4895429644372089 
-0.5947424927922742 1.2121986100990625 -0.4895333747712516 
-0.5947453581777093 1.2122118078047748 -0.48954117209855075 
-0.5947492496957926 1.212228536900278 -0.4895376307131316 
-0.5947411615429257 1.2121921349559623 -0.48952568948291253 
-0.5947411754842048 1.212192542697443 -0.48952979009393593 
-0.5947435145990301 1.2122017780349754 -0.4895179616130374 
-0.5947501759685823 1.2122336545838321 -0.4895502196652721 
-0.594745067002288 1.2122092717929462 -0.489526248708517 
-0.5947417876733938 1.2121945110303787 -0.4895213876262514 
-0.594748034691901 1.2122248151770478 -0.48955649249539435 
-0.5947479463290025 1.2122228772401396 -0.4895381466468396 
-0.5947446434434418 1.212207664448488 -0.48952915878802306 
-0.5947476785435619 1.2122206132570246 -0.48952522992386505 
-0.5932844719767006 1.213002794317898 -0.489554105999074 
-0.5947440360619465 1.212205718259354 -0.48953757433847134 
-0.5947482000064784 1.2122245534814031 -0.489544842649299 
-0.5947479463290025 1.2122228772401396 -0.4895381466468396 
-0.5947439660404343 1.2122042008623957 -0.4895232527555782 
-0.5947517379872276 1.2122411926294059 -0.48955853292627927 
-0.5947480534408738 1.2122252450623303 -0.48956060618918107 
-0.5947477625063531 1.212222538395464 -0.4895436521177815 
-0.5947473201985344 1.212220501165723 -0.4895424485035005 
-0.5947499083498271 1.2122315706010873 -0.4895394230517891 
-0.5947444596207924 1.2122073256038122 -0.4895346642589643 
-0.5947483886368213 1.2122249144698802 -0.4895393502611205 
-0.5947457817365553 1.2122134151492332 -0.48953826201904393 
-0.5947497384684571 1.212231639497893 -0.48954902913375453 
-0.5947497524097362 1.2122320472393735 -0.4895531297447784 
-0.5947503319086732 1.212233177945546 -0.48953651297228307 
-0.5947477764476321 1.2122229461369447 -0.4895477527288047 
-0.5947453581777093 1.2122118078047748 -0.48954117209855075 
-0.5947512956794085 1.2122391553996652 -0.489557329311998 
-0.5947444596207926 1.2122073256038122 -0.48953466425896464 
-0.5947444596207926 1.2122073256038122 -0.48953466425896464 
-0.5947464822886431 1.212217321419077 -0.48954820539991495 
-0.5947475088288772 1.2122208621542 -0.4895369561153222 
-0.5929923788755733 1.213151182736279 -0.4895501413482002 
-0.594742225173519 1.212196526116318 -0.489522578157769 
-0.5947488586605127 1.2122275871822128 -0.48954663498795636 
-0.5947399000741884 1.2121873478648582 -0.4895343564588328 
-0.5947497384684571 1.212231639497893 -0.48954902913375453 
-0.5939396721386261 1.2126645481781004 -0.4895526510597481 
-0.5946971483156739 1.2122482219352442 -0.48954290180877136 
-0.5947470665210584 1.2122188249244592 -0.48953575250104087 
