-0.6466229262704603 1.2447116698185838 -0.502583764498985 
-0.6466229262704603 1.2447116698185838 -0.502583764498985 
-0.6466229262704603 1.2447116698185838 -0.502583764498985 
-0.6466249206991546 1.2447207900886175 -0.5025891545976731 
-0.6466264217098869 1.2447268084963459 -0.5025831462757544 
-0.6466264217098869 1.2447268084963459 -0.5025831462757544 
-0.6466264217098869 1.2447268084963459 -0.5025831462757544 
-0.6466264217098869 1.2447268084963459 -0.5025831462757544 
-0.6466264217098869 1.2447268084963459 -0.5025831462757544 
-0.6466249061473297 1.2447203823684498 -0.5025850539866514 
-0.6466249061473297 1.2447203823684498 -0.5025850539866514 
-0.6466249061473297 1.2447203823684498 -0.5025850539866514 
-0.6466249061473297 1.2447203823684498 -0.5025850539866514 
-0.6466249061473297 1.2447203823684498 -0.5025850539866514 
-0.646628411297735 1.244735906629802 -0.5025885232916785 
-0.646628411297735 1.244735906629802 -0.5025885232916785 
-0.6466236520636895 1.2447160048918384 -0.5025978215736198 
-0.6466236520636895 1.2447160048918384 -0.5025978215736198 
-0.6466266730562457 1.2447284622193289 -0.5025898291954412 
-0.6466266730562457 1.2447284622193289 -0.5025898291954412 
-0.6466255358350057 1.2447227575026176 -0.5025807521299777 
-0.6466238121453415 1.2447157208123125 -0.5025861586447615 
-0.6466242381105342 1.2447173275207202 -0.5025832485652464 
-0.6466242381105342 1.2447173275207202 -0.5025832485652464 
-0.6466242381105342 1.2447173275207202 -0.5025832485652464 
-0.6466242381105342 1.2447173275207202 -0.5025832485652464 
-0.6466271135732632 1.2447304766479044 -0.5025910197269472 
-0.6466271135732632 1.2447304766479044 -0.5025910197269472 
-0.6466248677982102 1.244719702654888 -0.5025789467085724 
-0.6466248677982102 1.244719702654888 -0.5025789467085724 
-0.6466248677982102 1.244719702654888 -0.5025789467085724 
-0.6466248677982102 1.244719702654888 -0.5025789467085724 
-0.6466248677982102 1.244719702654888 -0.5025789467085724 
-0.6466237975935167 1.2447153130921447 -0.5025820580337401 
-0.6466229262704603 1.2447116698185838 -0.502583764498985 
-0.6466229262704603 1.2447116698185838 -0.502583764498985 
-0.6466229262704603 1.2447116698185838 -0.502583764498985 
-0.646624959062917 1.2447216404573966 -0.5025972925571176 
-0.646624959062917 1.2447216404573966 -0.5025972925571176 
-0.646624959062917 1.2447216404573966 -0.5025972925571176 
-0.646624959062917 1.2447216404573966 -0.5025972925571176 
-0.6466200697788226 1.2446989412034333 -0.5025800176029438 
-0.6466200697788226 1.2446989412034333 -0.5025800176029438 
-0.6466200697788226 1.2446989412034333 -0.5025800176029438 
-0.6466200697788226 1.2446989412034333 -0.5025800176029438 
-0.646627781610059 1.2447335314956343 -0.5025928251483529 
-0.646627781610059 1.2447335314956343 -0.5025928251483529 
-0.646627781610059 1.2447335314956343 -0.5025928251483529 
-0.646627781610059 1.2447335314956343 -0.5025928251483529 
-0.646626247091053 1.2447268555109214 -0.5025927392749563 
-0.6466222436818398 1.2447082072506863 -0.5025778584665583 
-0.6466245039940748 1.2447192183086535 -0.5025920014145899 
-0.6466245039940748 1.2447192183086535 -0.5025920014145899 
-0.6466245039940748 1.2447192183086535 -0.5025920014145899 
-0.6466245039940748 1.2447192183086535 -0.5025920014145899 
-0.6466239819233289 1.2447156516611593 -0.5025765525627959 
-0.6466257920222109 1.2447244333621785 -0.502587448132428 
-0.6466257920222109 1.2447244333621785 -0.502587448132428 
-0.6466257920222109 1.2447244333621785 -0.502587448132428 
-0.6466258017331893 1.2447248189457683 -0.5025915356606858 
-0.6466258017331893 1.2447248189457683 -0.5025915356606858 
-0.6466258017331893 1.2447248189457683 -0.5025915356606858 
-0.6466258017331893 1.2447248189457683 -0.5025915356606858 
-0.6466258017331893 1.2447248189457683 -0.5025915356606858 
-0.6466258017331892 1.2447248189457683 -0.5025915356606858 
-0.6466258017331892 1.2447248189457683 -0.5025915356606858 
-0.6466228539768447 1.2447101525281088 -0.502569442916099 
-0.6466228539768447 1.2447101525281088 -0.502569442916099 
-0.6466242381105342 1.2447173275207202 -0.5025832485652464 
-0.6466242381105342 1.2447173275207202 -0.5025832485652464 
-0.6466242381105342 1.2447173275207202 -0.5025832485652464 
-0.646626227698382 1.244726425654176 -0.5025886255811711 
-0.646626227698382 1.244726425654176 -0.5025886255811711 
-0.6466225095653805 1.2447100980386199 -0.5025866113159019 
-0.6466225095653805 1.2447100980386199 -0.5025866113159019 
-0.6466225095653805 1.2447100980386199 -0.5025866113159019 
-0.6466277432609393 1.244732851782072 -0.5025867178702734 
-0.6466277432609393 1.244732851782072 -0.5025867178702734 
-0.6466259763520232 1.244724771931193 -0.5025819426614841 
-0.6466259763520232 1.244724771931193 -0.5025819426614841 
-0.6466233954402618 1.2447141490323486 -0.5025890054616784 
-0.6466233954402618 1.2447141490323486 -0.5025890054616784 
-0.6466213723587835 1.2447045639771257 -0.5025795649318028 
-0.6466213723587835 1.2447045639771257 -0.5025795649318028 
-0.6466213723587835 1.2447045639771257 -0.5025795649318028 
-0.6466213723587835 1.2447045639771257 -0.5025795649318028 
-0.646626227698382 1.244726425654176 -0.5025886255811711 
-0.646624959062917 1.2447216404573966 -0.5025972925571176 
-0.646624959062917 1.2447216404573966 -0.5025972925571176 
-0.646624959062917 1.2447216404573966 -0.5025972925571176 
-0.646624959062917 1.2447216404573966 -0.5025972925571176 
-0.646624959062917 1.2447216404573966 -0.5025972925571176 
-0.6466214010115674 1.2447050287623147 -0.5025836153629899 
-0.6466214010115674 1.2447050287623147 -0.5025836153629899 
-0.6466214010115674 1.2447050287623147 -0.5025836153629899 
-0.6466214010115674 1.2447050287623147 -0.5025836153629899 
-0.6466281352816359 1.2447336209135667 -0.5025755934859519 
-0.6466281352816359 1.2447336209135667 -0.5025755934859519 
-0.6466242381105342 1.2447173275207202 -0.5025832485652464 
-0.6466242381105342 1.2447173275207202 -0.5025832485652464 
-0.6466242381105342 1.2447173275207202 -0.5025832485652464 
-0.6466242381105342 1.2447173275207202 -0.5025832485652464 
-0.646626227698382 1.244726425654176 -0.5025886255811711 
-0.646626227698382 1.244726425654176 -0.5025886255811711 
-0.6466262276983819 1.244726425654176 -0.5025886255811711 
-0.6466264023172159 1.2447263786396003 -0.5025790325819692 
-0.6466264023172159 1.2447263786396003 -0.5025790325819692 
-0.6466264023172159 1.2447263786396003 -0.5025790325819692 
-0.6466264023172159 1.2447263786396003 -0.5025790325819692 
-0.6466225435098765 1.2447109356155335 -0.5025948256207082 
-0.6466225435098765 1.2447109356155335 -0.5025948256207082 
-0.6466253466643472 1.2447223967970253 -0.5025862445181577 
-0.6466233954402618 1.2447141490323486 -0.5025890054616784 
-0.6466233954402618 1.2447141490323486 -0.5025890054616784 
-0.6466233954402618 1.2447141490323486 -0.5025890054616784 
-0.6466245039940748 1.2447192183086535 -0.5025920014145899 
-0.6466245039940748 1.2447192183086535 -0.5025920014145899 
-0.6466245039940748 1.2447192183086535 -0.5025920014145899 
-0.6466245039940748 1.2447192183086535 -0.5025920014145899 
-0.6466257920222109 1.2447244333621785 -0.502587448132428 
-0.6466257920222109 1.2447244333621785 -0.502587448132428 
-0.6466257920222109 1.2447244333621785 -0.502587448132428 
-0.6466257920222109 1.2447244333621785 -0.502587448132428 
-0.6466252937634028 1.2447213093632956 -0.502576036629057 
-0.6466252937634028 1.2447213093632956 -0.502576036629057 
-0.6466253466643472 1.2447223967970253 -0.5025862445181577 
-0.6466262709029909 1.2447272981595328 -0.5025967766233792 
-0.6466262709029909 1.2447272981595328 -0.5025967766233792 
-0.6466262709029909 1.2447272981595328 -0.5025967766233792 
-0.6466262709029909 1.2447272981595328 -0.5025967766233792 
-0.6466249206991546 1.2447207900886175 -0.5025891545976731 
-0.6466249206991546 1.2447207900886175 -0.5025891545976731 
-0.6466249206991546 1.2447207900886175 -0.5025891545976731 
-0.6466249206991546 1.2447207900886175 -0.5025891545976731 
-0.6466240780288822 1.244717611600246 -0.5025949114941048 
-0.6466240780288822 1.244717611600246 -0.5025949114941048 
-0.6466233522356529 1.2447132765269917 -0.5025808544194699 
-0.6466233522356529 1.2447132765269917 -0.5025808544194699 
-0.6466233522356529 1.2447132765269917 -0.5025808544194699 
-0.6466233522356529 1.2447132765269917 -0.5025808544194699 
-0.6466268573860581 1.2447288007883437 -0.5025843237244967 
-0.6466268573860581 1.2447288007883437 -0.5025843237244967 
-0.6466259763520232 1.244724771931193 -0.5025819426614841 
-0.6466253660570183 1.2447228266537707 -0.5025903582119435 
-0.6466248677982102 1.244719702654888 -0.5025789467085724 
-0.6466248677982102 1.244719702654888 -0.5025789467085724 
-0.6466248677982102 1.244719702654888 -0.5025789467085724 
-0.6466255358350057 1.2447227575026176 -0.5025807521299777 
-0.6466255358350057 1.2447227575026176 -0.5025807521299777 
-0.6466242381105342 1.2447173275207202 -0.5025832485652464 
-0.6466242381105342 1.2447173275207202 -0.5025832485652464 
-0.6466242381105342 1.2447173275207202 -0.5025832485652464 
-0.6466248677982102 1.244719702654888 -0.5025789467085724 
-0.6466248677982102 1.244719702654888 -0.5025789467085724 
-0.6466273794568039 1.244732367435838 -0.5025997725762914 
-0.6466273794568039 1.244732367435838 -0.5025997725762914 
-0.6466248532463854 1.24471929493472 -0.5025748460975512 
-0.6466248532463854 1.24471929493472 -0.5025748460975512 
-0.6466258303859733 1.2447252837309575 -0.5025955860918727 
-0.6466271135732632 1.2447304766479044 -0.5025910197269472 
-0.6466271135732632 1.2447304766479044 -0.5025910197269472 
-0.6466271135732632 1.2447304766479044 -0.5025910197269472 
-0.6466271135732632 1.2447304766479044 -0.5025910197269472 
-0.6466255358350057 1.2447227575026176 -0.5025807521299777 
-0.6466255358350057 1.2447227575026176 -0.5025807521299777 
-0.6466255358350057 1.2447227575026176 -0.5025807521299777 
-0.6466237975935167 1.2447153130921447 -0.5025820580337401 
-0.6466237975935167 1.2447153130921447 -0.5025820580337401 
-0.6466237975935167 1.2447153130921447 -0.5025820580337401 
-0.6466224280116522 1.244708545819701 -0.5025723529956139 
-0.6466224280116522 1.244708545819701 -0.5025723529956139 
-0.6466252937634028 1.2447213093632956 -0.502576036629057 
-0.6466253850281095 1.2447232471658043 -0.5025943824776029 
-0.6466253660570183 1.2447228266537707 -0.5025903582119435 
-0.6466253660570183 1.2447228266537707 -0.5025903582119435 
-0.6466237975935167 1.2447153130921447 -0.5025820580337401 
-0.6466237975935167 1.2447153130921447 -0.5025820580337401 
-0.6466237975935167 1.2447153130921447 -0.5025820580337401 
-0.6466233522356529 1.2447132765269917 -0.5025808544194699 
-0.6466233522356529 1.2447132765269917 -0.5025808544194699 
-0.6466249206991546 1.2447207900886175 -0.5025891545976731 
-0.6466249206991546 1.2447207900886175 -0.5025891545976731 
-0.6466288518147524 1.2447379210583773 -0.502589713823185 
-0.6466288518147524 1.2447379210583773 -0.502589713823185 
-0.6466252792115781 1.2447209016431275 -0.5025719360180363 
-0.6466254044207806 1.2447236770225498 -0.5025984961713876 
-0.6466254044207806 1.2447236770225498 -0.5025984961713876 
-0.6466249061473297 1.2447203823684498 -0.5025850539866514 
-0.6466249206991546 1.2447207900886175 -0.5025891545976731 
-0.6466249206991546 1.2447207900886175 -0.5025891545976731 
-0.6466249206991546 1.2447207900886175 -0.5025891545976731 
-0.646624480182137 1.2447187756600422 -0.502587964066167 
-0.646624480182137 1.2447187756600424 -0.502587964066167 
-0.6466243395077991 1.244719660251531 -0.5026057713701748 
-0.6466243395077991 1.244719660251531 -0.5026057713701748 
-0.6466243395077991 1.244719660251531 -0.5026057713701748 
-0.6466266730562457 1.2447284622193289 -0.5025898291954412 
-0.6466266730562457 1.2447284622193289 -0.5025898291954412 
-0.6466220642075168 1.244708061473467 -0.5025854077016314 
-0.6466271135732632 1.2447304766479044 -0.5025910197269472 
-0.6466271135732632 1.2447304766479044 -0.5025910197269472 
-0.6466266876080705 1.2447288699394967 -0.5025939298064623 
-0.6466266876080705 1.2447288699394967 -0.5025939298064623 
-0.6466244272811928 1.2447176882263125 -0.5025777561770663 
-0.6466244272811928 1.2447176882263125 -0.5025777561770663 
-0.6466249061473297 1.2447203823684498 -0.5025850539866514 
-0.6466249061473297 1.2447203823684498 -0.5025850539866514 
-0.6466232993347085 1.2447121890932618 -0.502570646530369 
-0.6466232993347085 1.2447121890932618 -0.502570646530369 
-0.646626247091053 1.2447268555109214 -0.5025927392749563 
-0.646626247091053 1.2447268555109214 -0.5025927392749563 
-0.6466236520636895 1.2447160048918384 -0.5025978215736198 
-0.6466259618001984 1.2447243642110253 -0.5025778420504625 
-0.6466259618001984 1.2447243642110253 -0.5025778420504625 
-0.6466259618001984 1.2447243642110253 -0.5025778420504625 
