-0.7016229262704602 1.3147116698185837 -0.502583764498985 
-0.7016229262704602 1.3147116698185837 -0.502583764498985 
-0.7016229262704602 1.3147116698185837 -0.502583764498985 
-0.7016249206991545 1.3147207900886175 -0.502589154597674 
-0.701626421709887 1.3147268084963462 -0.5025831462757544 
-0.701626421709887 1.3147268084963462 -0.5025831462757544 
-0.701626421709887 1.3147268084963462 -0.5025831462757544 
-0.701626421709887 1.3147268084963462 -0.5025831462757544 
-0.701626421709887 1.3147268084963462 -0.5025831462757544 
-0.7016249061473299 1.31472038236845 -0.5025850539866519 
-0.7016249061473299 1.31472038236845 -0.5025850539866519 
-0.7016249061473299 1.31472038236845 -0.5025850539866519 
-0.7016249061473299 1.31472038236845 -0.5025850539866519 
-0.7016249061473299 1.31472038236845 -0.5025850539866519 
-0.701628411297735 1.314735906629802 -0.5025885232916789 
-0.701628411297735 1.314735906629802 -0.5025885232916789 
-0.7016236520636895 1.3147160048918385 -0.5025978215736198 
-0.7016236520636895 1.3147160048918385 -0.5025978215736198 
-0.7016266730562459 1.3147284622193294 -0.5025898291954412 
-0.7016266730562459 1.3147284622193294 -0.5025898291954412 
-0.7016255358350059 1.314722757502618 -0.5025807521299774 
-0.7016238121453415 1.3147157208123126 -0.5025861586447615 
-0.7016242381105343 1.3147173275207205 -0.5025832485652462 
-0.7016242381105343 1.3147173275207205 -0.5025832485652462 
-0.7016242381105343 1.3147173275207205 -0.5025832485652462 
-0.7016242381105343 1.3147173275207205 -0.5025832485652462 
-0.7016271135732634 1.3147304766479049 -0.5025910197269476 
-0.7016271135732634 1.3147304766479049 -0.5025910197269476 
-0.7016248677982103 1.314719702654888 -0.5025789467085722 
-0.7016248677982103 1.314719702654888 -0.5025789467085722 
-0.7016248677982103 1.314719702654888 -0.5025789467085722 
-0.7016248677982103 1.314719702654888 -0.5025789467085722 
-0.7016248677982103 1.314719702654888 -0.5025789467085722 
-0.7016237975935168 1.314715313092145 -0.5025820580337403 
-0.7016229262704602 1.3147116698185837 -0.502583764498985 
-0.7016229262704602 1.3147116698185837 -0.502583764498985 
-0.7016229262704602 1.3147116698185837 -0.502583764498985 
-0.701624959062917 1.3147216404573971 -0.5025972925571178 
-0.701624959062917 1.3147216404573971 -0.5025972925571178 
-0.701624959062917 1.3147216404573971 -0.5025972925571178 
-0.701624959062917 1.3147216404573971 -0.5025972925571178 
-0.7016200697788225 1.3146989412034331 -0.5025800176029436 
-0.7016200697788225 1.3146989412034331 -0.5025800176029436 
-0.7016200697788225 1.3146989412034331 -0.5025800176029436 
-0.7016200697788225 1.3146989412034331 -0.5025800176029436 
-0.701627781610059 1.3147335314956343 -0.5025928251483531 
-0.701627781610059 1.3147335314956343 -0.5025928251483531 
-0.701627781610059 1.3147335314956343 -0.5025928251483531 
-0.701627781610059 1.3147335314956343 -0.5025928251483531 
-0.7016262470910533 1.3147268555109217 -0.5025927392749563 
-0.7016222436818399 1.3147082072506866 -0.5025778584665583 
-0.7016245039940747 1.3147192183086536 -0.5025920014145899 
-0.7016245039940747 1.3147192183086536 -0.5025920014145899 
-0.7016245039940747 1.3147192183086536 -0.5025920014145899 
-0.7016245039940747 1.3147192183086536 -0.5025920014145899 
-0.7016239819233289 1.3147156516611593 -0.5025765525627959 
-0.701625792022211 1.3147244333621786 -0.5025874481324286 
-0.701625792022211 1.3147244333621786 -0.5025874481324286 
-0.701625792022211 1.3147244333621786 -0.5025874481324286 
-0.7016258017331893 1.3147248189457685 -0.5025915356606858 
-0.7016258017331893 1.3147248189457685 -0.5025915356606858 
-0.7016258017331893 1.3147248189457685 -0.5025915356606858 
-0.7016258017331893 1.3147248189457685 -0.5025915356606858 
-0.7016258017331893 1.3147248189457685 -0.5025915356606858 
-0.7016258017331892 1.3147248189457685 -0.5025915356606858 
-0.7016258017331892 1.3147248189457685 -0.5025915356606858 
-0.7016228539768449 1.314710152528109 -0.5025694429160992 
-0.7016228539768449 1.314710152528109 -0.5025694429160992 
-0.7016242381105343 1.3147173275207205 -0.5025832485652462 
-0.7016242381105343 1.3147173275207205 -0.5025832485652462 
-0.7016242381105343 1.3147173275207205 -0.5025832485652462 
-0.701626227698382 1.3147264256541764 -0.5025886255811713 
-0.701626227698382 1.3147264256541764 -0.5025886255811713 
-0.7016225095653804 1.3147100980386197 -0.5025866113159017 
-0.7016225095653804 1.3147100980386197 -0.5025866113159017 
-0.7016225095653804 1.3147100980386197 -0.5025866113159017 
-0.7016277432609394 1.3147328517820727 -0.5025867178702732 
-0.7016277432609394 1.3147328517820727 -0.5025867178702732 
-0.7016259763520233 1.314724771931193 -0.5025819426614837 
-0.7016259763520233 1.314724771931193 -0.5025819426614837 
-0.7016233954402619 1.3147141490323486 -0.5025890054616782 
-0.7016233954402619 1.3147141490323486 -0.5025890054616782 
-0.7016213723587835 1.3147045639771258 -0.5025795649318032 
-0.7016213723587835 1.3147045639771258 -0.5025795649318032 
-0.7016213723587835 1.3147045639771258 -0.5025795649318032 
-0.7016213723587835 1.3147045639771258 -0.5025795649318032 
-0.701626227698382 1.3147264256541764 -0.5025886255811713 
-0.701624959062917 1.3147216404573971 -0.5025972925571178 
-0.701624959062917 1.3147216404573971 -0.5025972925571178 
-0.701624959062917 1.3147216404573971 -0.5025972925571178 
-0.701624959062917 1.3147216404573971 -0.5025972925571178 
-0.701624959062917 1.3147216404573971 -0.5025972925571178 
-0.7016214010115676 1.3147050287623152 -0.5025836153629901 
-0.7016214010115676 1.3147050287623152 -0.5025836153629901 
-0.7016214010115676 1.3147050287623152 -0.5025836153629901 
-0.7016214010115676 1.3147050287623152 -0.5025836153629901 
-0.701628135281636 1.3147336209135667 -0.5025755934859519 
-0.701628135281636 1.3147336209135667 -0.5025755934859519 
-0.7016242381105343 1.3147173275207205 -0.5025832485652462 
-0.7016242381105343 1.3147173275207205 -0.5025832485652462 
-0.7016242381105343 1.3147173275207205 -0.5025832485652462 
-0.7016242381105343 1.3147173275207205 -0.5025832485652462 
-0.701626227698382 1.3147264256541764 -0.5025886255811713 
-0.701626227698382 1.3147264256541764 -0.5025886255811713 
-0.701626227698382 1.3147264256541764 -0.5025886255811713 
-0.7016264023172158 1.3147263786396006 -0.502579032581969 
-0.7016264023172158 1.3147263786396006 -0.502579032581969 
-0.7016264023172158 1.3147263786396006 -0.502579032581969 
-0.7016264023172158 1.3147263786396006 -0.502579032581969 
-0.7016225435098766 1.3147109356155333 -0.5025948256207078 
-0.7016225435098766 1.3147109356155333 -0.5025948256207078 
-0.7016253466643472 1.3147223967970252 -0.5025862445181581 
-0.7016233954402619 1.3147141490323486 -0.5025890054616782 
-0.7016233954402619 1.3147141490323486 -0.5025890054616782 
-0.7016233954402619 1.3147141490323486 -0.5025890054616782 
-0.7016245039940747 1.3147192183086536 -0.5025920014145899 
-0.7016245039940747 1.3147192183086536 -0.5025920014145899 
-0.7016245039940747 1.3147192183086536 -0.5025920014145899 
-0.7016245039940747 1.3147192183086536 -0.5025920014145899 
-0.701625792022211 1.3147244333621786 -0.5025874481324286 
-0.701625792022211 1.3147244333621786 -0.5025874481324286 
-0.701625792022211 1.3147244333621786 -0.5025874481324286 
-0.701625792022211 1.3147244333621786 -0.5025874481324286 
-0.7016252937634029 1.3147213093632955 -0.5025760366290573 
-0.7016252937634029 1.3147213093632955 -0.5025760366290573 
-0.7016253466643472 1.3147223967970252 -0.5025862445181581 
-0.7016262709029909 1.314727298159533 -0.5025967766233792 
-0.7016262709029909 1.314727298159533 -0.5025967766233792 
-0.7016262709029909 1.314727298159533 -0.5025967766233792 
-0.7016262709029909 1.314727298159533 -0.5025967766233792 
-0.7016249206991545 1.3147207900886175 -0.502589154597674 
-0.7016249206991545 1.3147207900886175 -0.502589154597674 
-0.7016249206991545 1.3147207900886175 -0.502589154597674 
-0.7016249206991545 1.3147207900886175 -0.502589154597674 
-0.7016240780288822 1.3147176116002461 -0.5025949114941046 
-0.7016240780288822 1.3147176116002461 -0.5025949114941046 
-0.7016233522356529 1.3147132765269915 -0.5025808544194699 
-0.7016233522356529 1.3147132765269915 -0.5025808544194699 
-0.7016233522356529 1.3147132765269915 -0.5025808544194699 
-0.7016233522356529 1.3147132765269915 -0.5025808544194699 
-0.7016268573860581 1.314728800788344 -0.5025843237244971 
-0.7016268573860581 1.314728800788344 -0.5025843237244971 
-0.7016259763520233 1.314724771931193 -0.5025819426614837 
-0.7016253660570183 1.3147228266537707 -0.5025903582119438 
-0.7016248677982103 1.314719702654888 -0.5025789467085722 
-0.7016248677982103 1.314719702654888 -0.5025789467085722 
-0.7016248677982103 1.314719702654888 -0.5025789467085722 
-0.7016255358350059 1.314722757502618 -0.5025807521299774 
-0.7016255358350059 1.314722757502618 -0.5025807521299774 
-0.7016242381105343 1.3147173275207205 -0.5025832485652462 
-0.7016242381105343 1.3147173275207205 -0.5025832485652462 
-0.7016242381105343 1.3147173275207205 -0.5025832485652462 
-0.7016248677982103 1.314719702654888 -0.5025789467085722 
-0.7016248677982103 1.314719702654888 -0.5025789467085722 
-0.7016273794568039 1.314732367435838 -0.5025997725762912 
-0.7016273794568039 1.314732367435838 -0.5025997725762912 
-0.7016248532463855 1.3147192949347204 -0.502574846097551 
-0.7016248532463855 1.3147192949347204 -0.502574846097551 
-0.7016258303859736 1.3147252837309578 -0.5025955860918729 
-0.7016271135732634 1.3147304766479049 -0.5025910197269476 
-0.7016271135732634 1.3147304766479049 -0.5025910197269476 
-0.7016271135732634 1.3147304766479049 -0.5025910197269476 
-0.7016271135732634 1.3147304766479049 -0.5025910197269476 
-0.7016255358350059 1.314722757502618 -0.5025807521299774 
-0.7016255358350059 1.314722757502618 -0.5025807521299774 
-0.7016255358350059 1.314722757502618 -0.5025807521299774 
-0.7016237975935168 1.314715313092145 -0.5025820580337403 
-0.7016237975935168 1.314715313092145 -0.5025820580337403 
-0.7016237975935168 1.314715313092145 -0.5025820580337403 
-0.7016224280116522 1.3147085458197014 -0.5025723529956141 
-0.7016224280116522 1.3147085458197014 -0.5025723529956141 
-0.7016252937634029 1.3147213093632955 -0.5025760366290573 
-0.7016253850281097 1.3147232471658046 -0.5025943824776029 
-0.7016253660570183 1.3147228266537707 -0.5025903582119438 
-0.7016253660570183 1.3147228266537707 -0.5025903582119438 
-0.7016237975935168 1.314715313092145 -0.5025820580337403 
-0.7016237975935168 1.314715313092145 -0.5025820580337403 
-0.7016237975935168 1.314715313092145 -0.5025820580337403 
-0.7016233522356529 1.3147132765269915 -0.5025808544194699 
-0.7016233522356529 1.3147132765269915 -0.5025808544194699 
-0.7016249206991545 1.3147207900886175 -0.502589154597674 
-0.7016249206991545 1.3147207900886175 -0.502589154597674 
-0.7016288518147524 1.3147379210583776 -0.5025897138231852 
-0.7016288518147524 1.3147379210583776 -0.5025897138231852 
-0.7016252792115781 1.3147209016431278 -0.5025719360180363 
-0.7016254044207809 1.31472367702255 -0.5025984961713876 
-0.7016254044207809 1.31472367702255 -0.5025984961713876 
-0.7016249061473299 1.31472038236845 -0.5025850539866519 
-0.7016249206991545 1.3147207900886175 -0.502589154597674 
-0.7016249206991545 1.3147207900886175 -0.502589154597674 
-0.7016249206991545 1.3147207900886175 -0.502589154597674 
-0.7016244801821372 1.314718775660042 -0.5025879640661672 
-0.7016244801821372 1.3147187756600422 -0.5025879640661672 
-0.7016243395077993 1.314719660251531 -0.5026057713701753 
-0.7016243395077993 1.314719660251531 -0.5026057713701753 
-0.7016243395077993 1.314719660251531 -0.5026057713701753 
-0.7016266730562459 1.3147284622193294 -0.5025898291954412 
-0.7016266730562459 1.3147284622193294 -0.5025898291954412 
-0.7016220642075168 1.3147080614734667 -0.5025854077016312 
-0.7016271135732634 1.3147304766479049 -0.5025910197269476 
-0.7016271135732634 1.3147304766479049 -0.5025910197269476 
-0.7016266876080707 1.314728869939497 -0.502593929806463 
-0.7016266876080707 1.314728869939497 -0.502593929806463 
-0.7016244272811929 1.3147176882263127 -0.5025777561770659 
-0.7016244272811929 1.3147176882263127 -0.5025777561770659 
-0.7016249061473299 1.31472038236845 -0.5025850539866519 
-0.7016249061473299 1.31472038236845 -0.5025850539866519 
-0.7016232993347086 1.314712189093262 -0.5025706465303692 
-0.7016232993347086 1.314712189093262 -0.5025706465303692 
-0.7016262470910533 1.3147268555109217 -0.5025927392749563 
-0.7016262470910533 1.3147268555109217 -0.5025927392749563 
-0.7016236520636895 1.3147160048918385 -0.5025978215736198 
-0.7016259618001985 1.3147243642110253 -0.5025778420504627 
-0.7016259618001985 1.3147243642110253 -0.5025778420504627 
-0.7016259618001985 1.3147243642110253 -0.5025778420504627 
