-0.5877646588490046 1.2464548406161693 -0.3497203027180633 
-0.5865008031575761 1.2416685298234553 -0.35837255321230177 
-0.5874929427500596 1.2454253501251924 -0.3515747290870659 
-0.5862580647624357 1.2407498235371635 -0.3600409727936923 
-0.5874933672113972 1.2454269572315542 -0.3515718190075565 
-0.5865761374243624 1.241953227335331 -0.35784972357488887 
-0.5880922691822902 1.24769524723054 -0.3474742274375888 
-0.586162450232425 1.2403878053606734 -0.36069649983448393 
-0.5878437785004497 1.2467536934072168 -0.34916942184734867 
-0.5861514530218679 1.240345811413697 -0.3607676751737362 
-0.5879782496976942 1.24726283168998 -0.3482474960062505 
-0.5866764378771502 1.2423335224861958 -0.35716841292138946 
-0.5875961864821877 1.2458166102090518 -0.3508711175553033 
-0.5865918021028557 1.2420134283824924 -0.3577528911481255 
-0.58817059646932 1.2479921660878446 -0.34694141837912673 
-0.5864664530752908 1.2415395407464136 -0.35862071763497283 
-0.5881025280767327 1.2477324866228081 -0.3473848878712833 
-0.5862721677420986 1.2408023295578805 -0.35993372007920943 
-0.5871157258047939 1.2439971216890875 -0.3541609040945526 
-0.5858710979151425 1.2392837887316748 -0.3626834289026045 
-0.587370098102498 1.2449602325818985 -0.35241694405464596 
-0.5860587820389593 1.2399949381704534 -0.3614030214457564 
-0.5875385778221957 1.2455988468560664 -0.3512702996324084 
-0.5860533506921549 1.239975441948567 -0.36145292088619985 
-0.5872891721642375 1.2446525836036928 -0.3529570057010607 
-0.5860012065395693 1.2397780124257576 -0.3618104178276699 
-0.5873025441578725 1.2447044581107456 -0.3528800895348271 
-0.5863152913491128 1.240966852329172 -0.35965285183830775 
-0.5872299243594565 1.2444295031745385 -0.3533779661813268 
-0.5860133355320722 1.2398216223218177 -0.361699838402743 
-0.5869261503275606 1.243278990146124 -0.35545640049348826 
-0.5855480251851057 1.2380625196845279 -0.36492159767836196 
-0.5865603716344908 1.2418947815675023 -0.3579725972346177 
-0.585757611868873 1.2388557080596925 -0.3634804871530769 
-0.5870707440049655 1.243826454421901 -0.35446507558235063 
-0.5860410208614992 1.2399271553327236 -0.3615184481598731 
-0.5867334264254374 1.2425492939837839 -0.3567777031159529 
-0.5856108885318991 1.2382998243850578 -0.36448219204675925 
-0.5872704511897796 1.2445829468949732 -0.3531001168507768 
-0.5861565188756581 1.2403649918787512 -0.3607329440074175 
-0.5872449662484189 1.244487521295501 -0.3532874793753593 
-0.5858405166372148 1.2391685361296598 -0.36289943493956955 
-0.5877146111953858 1.2462649928839287 -0.35005920537218027 
-0.5862956646259576 1.2408925411284968 -0.3597874113843186 
-0.5872334711702012 1.2444420411587855 -0.3533430858789911 
-0.5856216145434638 1.2383397234293243 -0.36440021355264673 
-0.5869107571158217 1.243221064001925 -0.35556615618460385 
-0.5856418426557215 1.2384157766109547 -0.36425518815067226 
-0.5866063629722204 1.242068559118113 -0.35765306276843334 
-0.5860102697409253 1.2398119717229124 -0.36174406027880357 
-0.5870999081317174 1.2439375884385273 -0.3542735698651769 
-0.5853736072912846 1.2374010680618919 -0.3661047560775128 
-0.5868636622367255 1.2430423961400257 -0.3558848148073508 
-0.5854234003262121 1.2375892396955674 -0.36575915742093945 
-0.586681079269603 1.2423510958448887 -0.35713659183458013 
-0.5853366441197692 1.2372607611301012 -0.36635395236762225 
-0.5868024899179258 1.2428114959983967 -0.3563126499248961 
-0.5853772133381148 1.2374150773959207 -0.36608425407928347 
-0.586705585423601 1.2424442376986766 -0.35697280005181165 
-0.5850442825323474 1.2361538142179302 -0.36835836452362025 
-0.5865982924607025 1.242037111299986 -0.3576978300770175 
-0.5850485252711841 1.2361702342115013 -0.3683334974061264 
-0.5860950566352634 1.2401317469599697 -0.3611479823858068 
-0.5846573322653553 1.2346881982165863 -0.3710049277849369 
-0.5856868431781528 1.2385866937525833 -0.3639530102471691 
-0.5845549448087832 1.2343005362125004 -0.37170688957268316 
-0.5860143966854163 1.2398256400877212 -0.36169256320397003 
-0.5846195886346706 1.2345461833589486 -0.3712742592755742 
-0.5860611239291968 1.2400041611224915 -0.3613911864234568 
-0.5846913687378316 1.2348179590195276 -0.3707821395254949 
-0.5857965772681277 1.2390016367539354 -0.36319433764429865 
-0.5845851061777385 1.234414023849 -0.3714916865885004 
-0.5861903078145618 1.240493280449925 -0.36050551005103026 
-0.5851578609753048 1.2365842038479837 -0.36758389888206333 
-0.5861763578294821 1.240440106632607 -0.3605969294216518 
-0.5851249301864968 1.236459164426628 -0.3678054494168337 
-0.586315010654938 1.2409645424891145 -0.3596399918365537 
-0.5849446706547712 1.2357770172093396 -0.36904551794695994 
-0.5858304438979576 1.2391314665490805 -0.3629811554668221 
-0.5853566550585411 1.2373356379620506 -0.3662062181317819 
-0.5864828816326522 1.2416010309152765 -0.35849964285527747 
-0.5852581919108693 1.2369651455363369 -0.36690867588249987 
-0.5865637230626295 1.2419071148029652 -0.3579453992339323 
-0.5852665618619587 1.2369954138949688 -0.3668344317996637 
-0.5867458742155338 1.242596424124691 -0.3566923618712099 
-0.5860444241728433 1.2399405760509186 -0.3615014580482917 
-0.5867711774090023 1.2426916927084708 -0.356512542040318 
-0.5854874237726322 1.2378327149863662 -0.36533287928600755 
-0.5870775242844078 1.2438524821165469 -0.35442281125039843 
-0.5857071231736153 1.2386638344169452 -0.3638181927342986 
-0.5868227533330873 1.242888217858614 -0.3561737252596213 
-0.5853495587592262 1.2373103709227553 -0.3662738520855806 
-0.5862299522938454 1.2406424923490944 -0.3602231464651988 
-0.5856439910378932 1.2384244458842546 -0.36424680175242297 
-0.5865569943986304 1.2418819945907993 -0.3579957513454969 
-0.5852591965059531 1.2369678830232602 -0.36688914903049263 
-0.5869320982646284 1.2433022224321917 -0.35542406347295974 
-0.5855175476963821 1.237945702873982 -0.3651136891332345 
-0.5866864070949653 1.2423723362755585 -0.35711272708572017 
-0.5856443660260896 1.2384249765784339 -0.36423369032519104 
-0.5871329845622281 1.244061576196232 -0.35403201557154296 
-0.5854632996919491 1.237740307693555 -0.3654856099470559 
-0.586892554896723 1.243151255253689 -0.3556803858258256 
-0.5853210220970604 1.2372016126285768 -0.36646105594608747 
-0.5867986974481483 1.242797136852427 -0.35633865085268657 
-0.5852573122376553 1.236961104785873 -0.3669062882780916 
-0.5863042775582545 1.2409244395780503 -0.35971992002515485 
-0.5857113493321509 1.2386798356063713 -0.3637892184644005 
-0.5872371032925147 1.2444566842343059 -0.3533287478800592 
-0.5853567045316823 1.2373367143742326 -0.366216419479504 
-0.5868545656070054 1.243007419234329 -0.355940837941917 
-0.5856034642075701 1.23827100216382 -0.3645246510829725 
-0.5866832562600115 1.242360760585632 -0.35713852676786706 
-0.5852244053820291 1.236836868035712 -0.36713611638026844 
-0.5861972910972525 1.2405200767606566 -0.360461853941922 
-0.5856437385615035 1.2384226008559867 -0.36423799218185726 
-0.5859931381703531 1.2397463956779273 -0.36185307156814495 
-0.5854899355055161 1.2378418689462012 -0.3653114381817426 
-0.5864712735378103 1.2415570800499975 -0.3585792272035999 
-0.585261920469506 1.2369778405362761 -0.366866252886473 
-0.5866869187652058 1.242371960369244 -0.3570817952717138 
-0.5849364397957892 1.2357458533207633 -0.36910194818440334 
-0.5872776559305593 1.2446105816959805 -0.353054942439316 
-0.5853054424623741 1.237143336672437 -0.36657631056676443 
-0.5870779819063472 1.243854926831198 -0.3544281154756983 
-0.5865799391215603 1.2419676214183957 -0.35782365938450045 
-0.5872837313222508 1.2446328724444595 -0.353004848294611 
-0.5856142657677594 1.2383126113617606 -0.3644590379358805 
-0.5870416388465373 1.2437166117548046 -0.35466883949413897 
-0.5849767802031649 1.235898947229257 -0.3688295977834145 
-0.5870074586068981 1.2435875536855592 -0.3549073978348446 
-0.5854001749091076 1.2375013030279138 -0.36591838938018273 
-0.5870110222657057 1.243600690474203 -0.3548787447944044 
-0.5854976826670747 1.237869954378634 -0.3652435397197026 
-0.5864585877093229 1.241508692614669 -0.35866197959829094 
-0.5855502328261571 1.2380689211336153 -0.36488325922391884 
-0.5867754720310437 1.2427092001847737 -0.3564978828119292 
-0.5846575871518087 1.2346900543154036 -0.37101374389688446 
-0.58618015952668 1.2404545007156713 -0.36057086523126314 
-0.5846836827096925 1.2347872568329268 -0.3708158522537408 
-0.5858491458820508 1.2392006733831058 -0.36283393062331903 
-0.5849537577893089 1.2358117791776897 -0.3689874379655006 
-0.5860218778357673 1.2398559225881916 -0.36166447593048123 
-0.5844977440298277 1.234083961161732 -0.3720990544178745 
-0.585558303337675 1.2381003689517422 -0.36483849191533424 
-0.5846909442764943 1.234816351913166 -0.37078504960500414 
-0.5855517776769243 1.2380760173556622 -0.3648874522497425 
-0.584798110075325 1.2352208606757034 -0.3700355664531656 
-0.5862112079217298 1.2405724129696845 -0.3603622202664909 
-0.5846666150502609 1.2347233449339718 -0.3709412856113181 
-0.5863038530969169 1.2409228324716886 -0.35972283010466455 
-0.5849309660609623 1.2357254845534924 -0.3691436965826359 
-0.5864478285371562 1.2414679559621127 -0.35873574378759465 
-0.5850841984783856 1.236305301020062 -0.3680889242021409 
-0.5863372433822043 1.241049967677741 -0.35950235011759346 
-0.5854266335271475 1.237602549405714 -0.3657496532818324 
-0.5870882834565743 1.2438932187691027 -0.35434904706109505 
-0.5859142049418554 1.2394478926988206 -0.36239845350929834 
-0.5866918476691901 1.2423918674345396 -0.3570627643826787 
-0.5849908834505899 1.2359516332502265 -0.3687244651784227 
-0.5863783737439318 1.2412049844494282 -0.35921192136297 
-0.5850533270111008 1.236187523640643 -0.36829001339045875 
-0.5861012355256026 1.2401560326736596 -0.3611161839098185 
-0.5847061160301437 1.2348734395670893 -0.3706768122162416 
-0.5856564078096896 1.2384705694871694 -0.3641511326347613 
-0.5847754009807218 1.2351364800719784 -0.3702102407228318 
-0.5862629018052562 1.2407677816448923 -0.3600035895147238 
-0.5856621579540879 1.2384935859539037 -0.36412647137450105 
-0.5863792392469082 1.2412086174662957 -0.3592102083563561 
-0.5850212432704285 1.2360660473619656 -0.36850997744381064 
-0.5868828995336849 1.243115588912674 -0.3557571459680575 
-0.5850155265543941 1.2360440485037734 -0.3685449731183712 
-0.5865824935102286 1.2419778279238671 -0.3578124894319378 
-0.5852444473391014 1.2369127514056537 -0.3669987100173465 
-0.5860830191362667 1.2400858161918282 -0.36122631294001795 
-0.5854132851989324 1.2375512975696035 -0.36583272690598145 
-0.5865176985642978 1.2417324996440648 -0.358256719395308 
-0.5852333411515556 1.2368680296964607 -0.36704318559527815 
-0.5863207485036386 1.240986802292298 -0.35960699628767057 
-0.5858572329738697 1.2392325400053783 -0.3627932704671393 
-0.585497937553528 1.2378718104774515 -0.36525235583164994 
-0.5844781765427581 1.2340111213108387 -0.37224799226799177 
-0.5857818041680941 1.2389457024651338 -0.3632956210637457 
-0.5847375888865312 1.2349929589274642 -0.37046525717196 
-0.5859445834842966 1.2395625566850024 -0.36218595935898157 
-0.5852941669677059 1.237099043955952 -0.36663463244564454 
-0.586113709123421 1.2402036165558072 -0.36103488655488203 
-0.5848462971260656 1.2354045528414992 -0.3697199605045629 
-0.5857630856037002 1.238876076826964 -0.36343873875484456 
-0.5851282981949366 1.236471916466236 -0.3677823585685529 
-0.5867758799120804 1.2427103884869901 -0.3564908655800152 
-0.5851548655449976 1.2365719714320054 -0.367593871761731 
-0.586326613806963 1.2410081205578933 -0.3595562436146109 
-0.5853440352834961 1.2372887457430495 -0.36630327902659976 
-0.5867611141649275 1.242654838065239 -0.3565963194144649 
-0.5856262298604331 1.2383566630465248 -0.36436222846653943 
-0.5866323123528776 1.2421664532987824 -0.3574709346651712 
-0.5854527601033318 1.2377007584612292 -0.3655620895116073 
-0.5868636622367255 1.2430423961400257 -0.3558848148073508 
-0.5856026245123156 1.2382678228881918 -0.3645304079793933 
