-0.6977646588490048 1.2464548406161695 -0.3497203027180633 
-0.6965008031575763 1.2416685298234558 -0.35837255321230166 
-0.6974929427500599 1.2454253501251928 -0.351574729087066 
-0.696258064762436 1.240749823537164 -0.3600409727936923 
-0.6974933672113974 1.2454269572315542 -0.35157181900755674 
-0.6965761374243626 1.241953227335331 -0.35784972357488876 
-0.6980922691822903 1.24769524723054 -0.34747422743758893 
-0.6961624502324251 1.2403878053606734 -0.36069649983448415 
-0.6978437785004499 1.246753693407217 -0.34916942184734867 
-0.696151453021868 1.2403458114136967 -0.360767675173736 
-0.6979782496976944 1.24726283168998 -0.3482474960062507 
-0.6966764378771504 1.2423335224861958 -0.35716841292138946 
-0.6975961864821879 1.2458166102090518 -0.3508711175553032 
-0.6965918021028559 1.2420134283824924 -0.35775289114812536 
-0.6981705964693201 1.2479921660878446 -0.3469414183791266 
-0.696466453075291 1.2415395407464136 -0.35862071763497283 
-0.6981025280767329 1.247732486622808 -0.34738488787128363 
-0.6962721677420989 1.2408023295578807 -0.35993372007920976 
-0.6971157258047942 1.2439971216890877 -0.3541609040945527 
-0.6958710979151427 1.2392837887316746 -0.36268342890260463 
-0.6973700981024982 1.2449602325818987 -0.35241694405464563 
-0.6960587820389594 1.2399949381704531 -0.36140302144575587 
-0.6975385778221957 1.2455988468560664 -0.3512702996324083 
-0.696053350692155 1.239975441948567 -0.3614529208861996 
-0.6972891721642376 1.2446525836036928 -0.3529570057010606 
-0.6960012065395694 1.2397780124257578 -0.36181041782767 
-0.6973025441578727 1.2447044581107458 -0.3528800895348272 
-0.6963152913491129 1.240966852329172 -0.35965285183830753 
-0.6972299243594569 1.2444295031745387 -0.3533779661813271 
-0.6960133355320723 1.2398216223218175 -0.3616998384027432 
-0.6969261503275608 1.243278990146124 -0.35545640049348837 
-0.695548025185106 1.2380625196845283 -0.36492159767836196 
-0.696560371634491 1.2418947815675025 -0.35797259723461783 
-0.6957576118688731 1.2388557080596927 -0.3634804871530769 
-0.6970707440049657 1.2438264544219013 -0.3544650755823505 
-0.6960410208614995 1.2399271553327234 -0.3615184481598732 
-0.6967334264254373 1.2425492939837837 -0.35677770311595314 
-0.6956108885318995 1.238299824385058 -0.36448219204675913 
-0.6972704511897798 1.2445829468949734 -0.3531001168507769 
-0.6961565188756583 1.240364991878751 -0.3607329440074174 
-0.697244966248419 1.244487521295501 -0.3532874793753593 
-0.695840516637215 1.23916853612966 -0.36289943493956944 
-0.697714611195386 1.246264992883929 -0.35005920537218016 
-0.6962956646259577 1.2408925411284968 -0.35978741138431847 
-0.6972334711702014 1.2444420411587853 -0.3533430858789912 
-0.695621614543464 1.2383397234293243 -0.3644002135526465 
-0.696910757115822 1.2432210640019252 -0.35556615618460385 
-0.6956418426557218 1.2384157766109547 -0.36425518815067215 
-0.6966063629722206 1.2420685591181133 -0.35765306276843334 
-0.6960102697409255 1.2398119717229126 -0.36174406027880335 
-0.6970999081317177 1.2439375884385275 -0.3542735698651771 
-0.6953736072912848 1.237401068061892 -0.3661047560775128 
-0.6968636622367257 1.2430423961400257 -0.3558848148073507 
-0.6954234003262123 1.2375892396955677 -0.36575915742093934 
-0.6966810792696031 1.2423510958448885 -0.35713659183458013 
-0.6953366441197694 1.2372607611301012 -0.36635395236762236 
-0.696802489917926 1.242811495998397 -0.35631264992489575 
-0.695377213338115 1.237415077395921 -0.366084254079283 
-0.6967055854236013 1.2424442376986768 -0.35697280005181165 
-0.6950442825323477 1.2361538142179302 -0.3683583645236199 
-0.6965982924607027 1.242037111299986 -0.3576978300770176 
-0.6950485252711843 1.236170234211501 -0.36833349740612664 
-0.6960950566352636 1.2401317469599697 -0.3611479823858067 
-0.6946573322653555 1.2346881982165863 -0.3710049277849373 
-0.695686843178153 1.2385866937525833 -0.3639530102471691 
-0.6945549448087834 1.2343005362125004 -0.3717068895726835 
-0.6960143966854164 1.2398256400877212 -0.3616925632039699 
-0.6946195886346708 1.2345461833589488 -0.37127425927557445 
-0.6960611239291971 1.240004161122492 -0.36139118642345713 
-0.6946913687378318 1.2348179590195276 -0.3707821395254949 
-0.6957965772681279 1.2390016367539354 -0.36319433764429887 
-0.6945851061777386 1.2344140238489998 -0.3714916865885005 
-0.696190307814562 1.240493280449925 -0.36050551005102993 
-0.6951578609753051 1.2365842038479842 -0.36758389888206344 
-0.6961763578294823 1.240440106632607 -0.36059692942165167 
-0.695124930186497 1.2364591644266278 -0.36780544941683346 
-0.6963150106549382 1.2409645424891145 -0.35963999183655404 
-0.6949446706547713 1.2357770172093399 -0.36904551794696006 
-0.6958304438979578 1.2391314665490807 -0.3629811554668221 
-0.695356655058541 1.2373356379620504 -0.3662062181317818 
-0.6964828816326525 1.241601030915277 -0.35849964285527747 
-0.6952581919108692 1.2369651455363366 -0.36690867588249965 
-0.6965637230626298 1.2419071148029655 -0.3579453992339322 
-0.6952665618619589 1.236995413894969 -0.3668344317996639 
-0.696745874215534 1.2425964241246912 -0.3566923618712101 
-0.6960444241728434 1.2399405760509186 -0.3615014580482917 
-0.6967711774090026 1.2426916927084712 -0.35651254204031846 
-0.6954874237726323 1.2378327149863662 -0.36533287928600755 
-0.6970775242844081 1.243852482116547 -0.35442281125039854 
-0.6957071231736156 1.2386638344169454 -0.3638181927342986 
-0.6968227533330875 1.242888217858614 -0.3561737252596211 
-0.6953495587592264 1.2373103709227553 -0.36627385208558016 
-0.6962299522938458 1.2406424923490946 -0.36022314646519904 
-0.6956439910378933 1.2384244458842546 -0.3642468017524225 
-0.6965569943986306 1.2418819945907995 -0.3579957513454972 
-0.6952591965059534 1.2369678830232602 -0.3668891490304933 
-0.6969320982646285 1.2433022224321915 -0.3554240634729592 
-0.6955175476963822 1.2379457028739822 -0.3651136891332343 
-0.6966864070949655 1.2423723362755583 -0.35711272708571984 
-0.6956443660260896 1.2384249765784336 -0.36423369032519104 
-0.6971329845622283 1.2440615761962321 -0.3540320155715433 
-0.6954632996919493 1.237740307693555 -0.3654856099470559 
-0.6968925548967233 1.2431512552536892 -0.35568038582582573 
-0.6953210220970606 1.2372016126285768 -0.366461055946088 
-0.6967986974481485 1.242797136852427 -0.35633865085268646 
-0.6952573122376555 1.236961104785873 -0.36690628827809135 
-0.6963042775582547 1.2409244395780503 -0.35971992002515496 
-0.6957113493321512 1.2386798356063715 -0.3637892184644008 
-0.697237103292515 1.244456684234306 -0.3533287478800594 
-0.6953567045316824 1.2373367143742329 -0.3662164194795041 
-0.6968545656070056 1.243007419234329 -0.35594083794191733 
-0.6956034642075702 1.23827100216382 -0.3645246510829727 
-0.6966832562600115 1.242360760585632 -0.35713852676786684 
-0.6952244053820292 1.236836868035712 -0.36713611638026866 
-0.6961972910972527 1.2405200767606568 -0.36046185394192165 
-0.6956437385615036 1.2384226008559864 -0.36423799218185715 
-0.6959931381703535 1.2397463956779273 -0.36185307156814517 
-0.6954899355055163 1.2378418689462012 -0.3653114381817425 
-0.6964712735378104 1.2415570800499973 -0.3585792272035999 
-0.6952619204695061 1.2369778405362761 -0.366866252886473 
-0.6966869187652059 1.242371960369244 -0.3570817952717138 
-0.6949364397957895 1.2357458533207633 -0.36910194818440323 
-0.6972776559305595 1.2446105816959807 -0.353054942439316 
-0.6953054424623744 1.237143336672437 -0.3665763105667642 
-0.6970779819063474 1.243854926831198 -0.35442811547569786 
-0.6965799391215605 1.2419676214183955 -0.35782365938450034 
-0.697283731322251 1.2446328724444593 -0.35300484829461076 
-0.6956142657677596 1.2383126113617606 -0.3644590379358801 
-0.6970416388465375 1.2437166117548046 -0.3546688394941392 
-0.6949767802031651 1.235898947229257 -0.3688295977834145 
-0.6970074586068983 1.2435875536855592 -0.3549073978348445 
-0.6954001749091077 1.2375013030279138 -0.36591838938018273 
-0.6970110222657059 1.2436006904742032 -0.3548787447944042 
-0.6954976826670749 1.2378699543786342 -0.3652435397197026 
-0.6964585877093232 1.2415086926146695 -0.35866197959829116 
-0.6955502328261574 1.238068921133615 -0.3648832592239186 
-0.6967754720310441 1.242709200184774 -0.3564978828119293 
-0.6946575871518088 1.2346900543154038 -0.3710137438968849 
-0.6961801595266802 1.2404545007156715 -0.3605708652312629 
-0.6946836827096925 1.2347872568329263 -0.3708158522537409 
-0.695849145882051 1.239200673383106 -0.36283393062331915 
-0.694953757789309 1.2358117791776895 -0.36898743796550015 
-0.6960218778357676 1.2398559225881922 -0.36166447593048123 
-0.6944977440298279 1.234083961161732 -0.3720990544178745 
-0.6955583033376752 1.2381003689517425 -0.36483849191533446 
-0.6946909442764946 1.2348163519131665 -0.37078504960500425 
-0.6955517776769246 1.2380760173556624 -0.3648874522497425 
-0.694798110075325 1.2352208606757031 -0.37003556645316515 
-0.69621120792173 1.240572412969685 -0.360362220266491 
-0.6946666150502611 1.2347233449339716 -0.37094128561131867 
-0.6963038530969171 1.2409228324716886 -0.35972283010466444 
-0.6949309660609625 1.2357254845534922 -0.3691436965826358 
-0.6964478285371564 1.2414679559621131 -0.358735743787595 
-0.6950841984783858 1.2363053010200624 -0.3680889242021409 
-0.6963372433822046 1.2410499676777407 -0.35950235011759313 
-0.6954266335271477 1.237602549405714 -0.3657496532818325 
-0.6970882834565745 1.2438932187691027 -0.35434904706109516 
-0.6959142049418556 1.2394478926988208 -0.36239845350929845 
-0.6966918476691903 1.2423918674345396 -0.3570627643826785 
-0.6949908834505901 1.2359516332502263 -0.3687244651784226 
-0.696378373743932 1.2412049844494282 -0.3592119213629703 
-0.695053327011101 1.2361875236406432 -0.36829001339045875 
-0.6961012355256029 1.2401560326736598 -0.3611161839098186 
-0.6947061160301439 1.2348734395670895 -0.3706768122162416 
-0.6956564078096896 1.2384705694871694 -0.3641511326347614 
-0.6947754009807219 1.2351364800719782 -0.37021024072283193 
-0.6962629018052564 1.2407677816448923 -0.3600035895147239 
-0.6956621579540883 1.238493585953904 -0.36412647137450116 
-0.6963792392469084 1.2412086174662957 -0.3592102083563562 
-0.6950212432704287 1.2360660473619656 -0.3685099774438104 
-0.6968828995336851 1.2431155889126737 -0.35575714596805785 
-0.6950155265543942 1.2360440485037734 -0.36854497311837087 
-0.6965824935102289 1.2419778279238676 -0.3578124894319381 
-0.6952444473391016 1.236912751405654 -0.3669987100173465 
-0.6960830191362667 1.240085816191828 -0.36122631294001784 
-0.6954132851989326 1.2375512975696037 -0.36583272690598145 
-0.696517698564298 1.2417324996440648 -0.3582567193953078 
-0.6952333411515558 1.2368680296964611 -0.36704318559527804 
-0.6963207485036388 1.240986802292298 -0.35960699628767046 
-0.6958572329738699 1.2392325400053783 -0.36279327046713905 
-0.6954979375535282 1.2378718104774518 -0.36525235583164983 
-0.6944781765427583 1.2340111213108391 -0.37224799226799166 
-0.6957818041680943 1.2389457024651338 -0.3632956210637456 
-0.6947375888865314 1.2349929589274644 -0.3704652571719602 
-0.6959445834842968 1.239562556685002 -0.36218595935898157 
-0.695294166967706 1.237099043955952 -0.3666346324456442 
-0.6961137091234213 1.2402036165558072 -0.3610348865548819 
-0.6948462971260659 1.2354045528414992 -0.3697199605045628 
-0.6957630856037004 1.2388760768269642 -0.3634387387548442 
-0.6951282981949368 1.2364719164662359 -0.36778235856855246 
-0.6967758799120806 1.2427103884869901 -0.35649086558001564 
-0.6951548655449978 1.2365719714320054 -0.3675938717617312 
-0.696326613806963 1.241008120557893 -0.35955624361461047 
-0.6953440352834963 1.2372887457430495 -0.36630327902659987 
-0.6967611141649277 1.242654838065239 -0.3565963194144649 
-0.6956262298604334 1.238356663046525 -0.36436222846654 
-0.6966323123528778 1.2421664532987826 -0.357470934665171 
-0.695452760103332 1.2377007584612294 -0.36556208951160696 
-0.6968636622367257 1.2430423961400257 -0.3558848148073507 
-0.6956026245123158 1.238267822888192 -0.3645304079793933 
