-0.6427646588490047 1.176454840616169 -0.34972030271806354 
-0.6415008031575762 1.1716685298234553 -0.35837255321230177 
-0.6424929427500596 1.1754253501251923 -0.3515747290870661 
-0.6412580647624357 1.1707498235371636 -0.3600409727936922 
-0.6424933672113973 1.175426957231554 -0.35157181900755674 
-0.6415761374243626 1.171953227335331 -0.3578497235748891 
-0.6430922691822902 1.1776952472305398 -0.3474742274375886 
-0.6411624502324249 1.1703878053606733 -0.3606964998344844 
-0.6428437785004497 1.1767536934072167 -0.3491694218473488 
-0.6411514530218679 1.1703458114136966 -0.3607676751737363 
-0.6429782496976942 1.1772628316899798 -0.3482474960062505 
-0.6416764378771502 1.1723335224861957 -0.35716841292138957 
-0.6425961864821877 1.1758166102090515 -0.3508711175553031 
-0.6415918021028557 1.1720134283824923 -0.3577528911481255 
-0.6431705964693201 1.1779921660878445 -0.34694141837912673 
-0.6414664530752908 1.1715395407464133 -0.35862071763497283 
-0.643102528076733 1.177732486622808 -0.34738488787128363 
-0.6412721677420989 1.1708023295578807 -0.3599337200792092 
-0.642115725804794 1.1739971216890874 -0.3541609040945525 
-0.6408710979151427 1.169283788731675 -0.3626834289026044 
-0.642370098102498 1.1749602325818984 -0.3524169440546461 
-0.6410587820389594 1.169994938170453 -0.3614030214457562 
-0.6425385778221957 1.175598846856066 -0.3512702996324082 
-0.641053350692155 1.1699754419485664 -0.36145292088619985 
-0.6422891721642376 1.1746525836036925 -0.3529570057010605 
-0.6410012065395694 1.1697780124257575 -0.3618104178276699 
-0.6423025441578725 1.1747044581107458 -0.3528800895348271 
-0.6413152913491127 1.1709668523291716 -0.35965285183830753 
-0.6422299243594566 1.1744295031745384 -0.353377966181327 
-0.6410133355320724 1.1698216223218174 -0.361699838402743 
-0.6419261503275606 1.1732789901461238 -0.35545640049348814 
-0.6405480251851059 1.1680625196845278 -0.3649215976783622 
-0.6415603716344908 1.171894781567502 -0.3579725972346177 
-0.640757611868873 1.1688557080596924 -0.3634804871530769 
-0.6420707440049657 1.173826454421901 -0.3544650755823505 
-0.6410410208614995 1.1699271553327235 -0.36151844815987333 
-0.6417334264254373 1.1725492939837834 -0.3567777031159529 
-0.6406108885318993 1.1682998243850578 -0.3644821920467588 
-0.6422704511897797 1.1745829468949733 -0.353100116850777 
-0.6411565188756583 1.1703649918787509 -0.3607329440074174 
-0.6422449662484191 1.174487521295501 -0.3532874793753591 
-0.6408405166372149 1.1691685361296598 -0.36289943493956955 
-0.6427146111953859 1.1762649928839284 -0.3500592053721796 
-0.6412956646259577 1.1708925411284967 -0.35978741138431836 
-0.6422334711702014 1.1744420411587855 -0.3533430858789909 
-0.640621614543464 1.168339723429324 -0.36440021355264685 
-0.6419107571158218 1.1732210640019252 -0.35556615618460397 
-0.6406418426557218 1.1684157766109546 -0.3642551881506719 
-0.6416063629722204 1.1720685591181133 -0.35765306276843334 
-0.6410102697409253 1.1698119717229123 -0.36174406027880346 
-0.6420999081317176 1.173937588438527 -0.35427356986517666 
-0.6403736072912847 1.167401068061892 -0.3661047560775128 
-0.6418636622367256 1.1730423961400256 -0.3558848148073508 
-0.6404234003262123 1.1675892396955674 -0.36575915742093934 
-0.641681079269603 1.1723510958448884 -0.35713659183458013 
-0.6403366441197692 1.167260761130101 -0.36635395236762236 
-0.6418024899179259 1.1728114959983964 -0.35631264992489575 
-0.6403772133381148 1.1674150773959207 -0.366084254079283 
-0.6417055854236011 1.172444237698677 -0.35697280005181165 
-0.6400442825323476 1.1661538142179302 -0.3683583645236199 
-0.6415982924607028 1.1720371112999861 -0.35769783007701783 
-0.6400485252711842 1.1661702342115012 -0.36833349740612675 
-0.6410950566352636 1.1701317469599697 -0.3611479823858065 
-0.6396573322653556 1.1646881982165862 -0.3710049277849369 
-0.6406868431781529 1.168586693752583 -0.36395301024716864 
-0.6395549448087834 1.1643005362125003 -0.3717068895726836 
-0.6410143966854165 1.1698256400877212 -0.36169256320397014 
-0.6396195886346706 1.1645461833589486 -0.37127425927557445 
-0.6410611239291969 1.1700041611224918 -0.3613911864234567 
-0.6396913687378316 1.1648179590195276 -0.370782139525495 
-0.6407965772681279 1.1690016367539353 -0.363194337644299 
-0.6395851061777387 1.164414023849 -0.3714916865885006 
-0.6411903078145619 1.1704932804499248 -0.36050551005103015 
-0.6401578609753049 1.1665842038479837 -0.36758389888206355 
-0.6411763578294822 1.170440106632607 -0.360596929421652 
-0.6401249301864969 1.1664591644266278 -0.3678054494168338 
-0.6413150106549381 1.1709645424891144 -0.35963999183655393 
-0.6399446706547711 1.1657770172093396 -0.36904551794696006 
-0.6408304438979577 1.1691314665490804 -0.3629811554668223 
-0.6403566550585411 1.16733563796205 -0.36620621813178145 
-0.6414828816326523 1.1716010309152767 -0.3584996428552778 
-0.6402581919108693 1.1669651455363368 -0.36690867588249976 
-0.6415637230626297 1.1719071148029654 -0.3579453992339322 
-0.6402665618619588 1.1669954138949687 -0.3668344317996637 
-0.6417458742155339 1.1725964241246907 -0.3566923618712099 
-0.6410444241728434 1.1699405760509183 -0.3615014580482918 
-0.6417711774090026 1.172691692708471 -0.35651254204031835 
-0.6404874237726322 1.1678327149863659 -0.36533287928600766 
-0.6420775242844079 1.173852482116547 -0.3544228112503989 
-0.6407071231736154 1.1686638344169453 -0.36381819273429883 
-0.6418227533330874 1.172888217858614 -0.35617372525962065 
-0.6403495587592263 1.167310370922755 -0.3662738520855803 
-0.6412299522938457 1.1706424923490946 -0.3602231464651988 
-0.6406439910378932 1.1684244458842543 -0.36424680175242274 
-0.6415569943986306 1.171881994590799 -0.35799575134549677 
-0.6402591965059532 1.1669678830232604 -0.36688914903049297 
-0.6419320982646284 1.1733022224321912 -0.3554240634729595 
-0.6405175476963821 1.1679457028739817 -0.3651136891332344 
-0.6416864070949655 1.172372336275558 -0.35711272708572017 
-0.6406443660260895 1.1684249765784334 -0.36423369032519126 
-0.6421329845622282 1.174061576196232 -0.3540320155715433 
-0.6404632996919493 1.1677403076935549 -0.3654856099470558 
-0.6418925548967233 1.1731512552536891 -0.35568038582582584 
-0.6403210220970605 1.1672016126285767 -0.3664610559460876 
-0.6417986974481483 1.1727971368524268 -0.35633865085268657 
-0.6402573122376554 1.1669611047858728 -0.36690628827809124 
-0.6413042775582546 1.17092443957805 -0.35971992002515507 
-0.640711349332151 1.1686798356063715 -0.3637892184644005 
-0.6422371032925147 1.1744566842343058 -0.3533287478800594 
-0.6403567045316824 1.1673367143742326 -0.366216419479504 
-0.6418545656070056 1.173007419234329 -0.355940837941917 
-0.6406034642075702 1.1682710021638196 -0.3645246510829725 
-0.6416832562600115 1.1723607605856319 -0.35713852676786717 
-0.6402244053820292 1.166836868035712 -0.36713611638026855 
-0.6411972910972525 1.1705200767606565 -0.36046185394192154 
-0.6406437385615035 1.168422600855986 -0.36423799218185704 
-0.6409931381703533 1.169746395677927 -0.36185307156814517 
-0.6404899355055161 1.167841868946201 -0.3653114381817427 
-0.6414712735378103 1.1715570800499973 -0.3585792272035999 
-0.640261920469506 1.1669778405362758 -0.3668662528864729 
-0.641686918765206 1.1723719603692437 -0.357081795271714 
-0.6399364397957893 1.1657458533207632 -0.369101948184403 
-0.6422776559305593 1.1746105816959804 -0.35305494243931557 
-0.6403054424623742 1.1671433366724366 -0.3665763105667639 
-0.6420779819063474 1.1738549268311977 -0.3544281154756981 
-0.6415799391215605 1.1719676214183954 -0.3578236593845009 
-0.6422837313222509 1.1746328724444592 -0.3530048482946109 
-0.6406142657677595 1.1683126113617603 -0.36445903793587975 
-0.6420416388465373 1.1737166117548048 -0.3546688394941391 
-0.6399767802031651 1.165898947229257 -0.3688295977834144 
-0.6420074586068981 1.173587553685559 -0.3549073978348445 
-0.6404001749091076 1.1675013030279138 -0.36591838938018284 
-0.6420110222657057 1.173600690474203 -0.3548787447944044 
-0.640497682667075 1.1678699543786342 -0.3652435397197027 
-0.6414585877093231 1.1715086926146692 -0.35866197959829094 
-0.6405502328261573 1.168068921133615 -0.36488325922391884 
-0.6417754720310439 1.1727092001847734 -0.35649788281192885 
-0.6396575871518086 1.1646900543154037 -0.3710137438968846 
-0.6411801595266802 1.1704545007156713 -0.3605708652312629 
-0.6396836827096926 1.1647872568329265 -0.37081585225374103 
-0.640849145882051 1.1692006733831057 -0.36283393062331926 
-0.6399537577893089 1.1658117791776892 -0.3689874379655004 
-0.6410218778357675 1.1698559225881915 -0.361664475930481 
-0.639497744029828 1.164083961161732 -0.3720990544178744 
-0.6405583033376749 1.1681003689517422 -0.3648384919153346 
-0.6396909442764944 1.1648163519131662 -0.37078504960500425 
-0.6405517776769244 1.1680760173556621 -0.36488745224974206 
-0.6397981100753249 1.1652208606757029 -0.37003556645316504 
-0.6412112079217298 1.1705724129696848 -0.360362220266491 
-0.639666615050261 1.1647233449339716 -0.37094128561131856 
-0.641303853096917 1.1709228324716885 -0.35972283010466444 
-0.6399309660609624 1.1657254845534921 -0.3691436965826357 
-0.6414478285371562 1.1714679559621128 -0.35873574378759476 
-0.6400841984783856 1.1663053010200624 -0.3680889242021409 
-0.6413372433822044 1.1710499676777404 -0.35950235011759313 
-0.6404266335271477 1.1676025494057136 -0.3657496532818325 
-0.6420882834565744 1.173893218769103 -0.35434904706109493 
-0.6409142049418555 1.1694478926988205 -0.36239845350929867 
-0.6416918476691903 1.1723918674345395 -0.3570627643826788 
-0.6399908834505901 1.1659516332502262 -0.36872446517842294 
-0.6413783737439318 1.1712049844494279 -0.35921192136297 
-0.6400533270111011 1.1661875236406432 -0.3682900133904585 
-0.6411012355256027 1.1701560326736598 -0.3611161839098188 
-0.6397061160301437 1.1648734395670892 -0.3706768122162415 
-0.6406564078096897 1.1684705694871693 -0.3641511326347615 
-0.6397754009807218 1.1651364800719781 -0.3702102407228315 
-0.6412629018052562 1.170767781644892 -0.36000358951472367 
-0.6406621579540881 1.1684935859539038 -0.36412647137450116 
-0.6413792392469082 1.1712086174662957 -0.3592102083563561 
-0.6400212432704286 1.1660660473619655 -0.36850997744381053 
-0.6418828995336849 1.1731155889126736 -0.35575714596805774 
-0.6400155265543941 1.166044048503773 -0.36854497311837087 
-0.6415824935102288 1.1719778279238673 -0.357812489431938 
-0.6402444473391016 1.1669127514056539 -0.3669987100173465 
-0.6410830191362666 1.170085816191828 -0.36122631294001784 
-0.6404132851989325 1.1675512975696036 -0.36583272690598156 
-0.6415176985642979 1.1717324996440646 -0.3582567193953079 
-0.6402333411515557 1.1668680296964609 -0.36704318559527827 
-0.6413207485036386 1.1709868022922978 -0.35960699628767046 
-0.6408572329738698 1.169232540005378 -0.36279327046713894 
-0.640497937553528 1.1678718104774517 -0.36525235583164983 
-0.6394781765427582 1.1640111213108386 -0.37224799226799155 
-0.6407818041680944 1.1689457024651337 -0.3632956210637457 
-0.6397375888865311 1.1649929589274641 -0.37046525717195977 
-0.6409445834842967 1.1695625566850019 -0.3621859593589819 
-0.640294166967706 1.1670990439559517 -0.36663463244564454 
-0.6411137091234211 1.170203616555807 -0.3610348865548815 
-0.6398462971260657 1.1654045528414991 -0.369719960504563 
-0.6407630856037003 1.168876076826964 -0.36343873875484434 
-0.6401282981949368 1.1664719164662358 -0.36778235856855257 
-0.6417758799120804 1.17271038848699 -0.3564908655800152 
-0.6401548655449979 1.1665719714320055 -0.3675938717617313 
-0.641326613806963 1.1710081205578928 -0.3595562436146108 
-0.6403440352834961 1.1672887457430492 -0.36630327902659987 
-0.6417611141649275 1.1726548380652386 -0.35659631941446446 
-0.6406262298604334 1.168356663046525 -0.3643622284665399 
-0.6416323123528778 1.172166453298782 -0.357470934665171 
-0.6404527601033319 1.1677007584612293 -0.3655620895116072 
-0.6418636622367256 1.1730423961400256 -0.3558848148073508 
-0.6406026245123156 1.1682678228881918 -0.3645304079793934 
