-0.894912733015345 0.892814242824935 -0.2445480772401749 
-0.8940215170485161 0.897219246215319 -0.24692753144371848 
-0.8931724559599178 0.9010483058567568 -0.2489737089289975 
-0.8919159832691627 0.9063937828082037 -0.25183112584812417 
-0.8917288346361706 0.9071576340356535 -0.2522351916944735 
-0.8896560403830152 0.9149498500940525 -0.2563803945041182 
-0.8893836635289961 0.915890599667491 -0.25689506723830946 
-0.8878689574040443 0.9210073788941241 -0.2595743423103918 
-0.8878689574040443 0.9210073788941241 -0.2595743423103918 
-0.8868118999127743 0.9243978865196385 -0.26137078351428755 
-0.885078706305678 0.9296631206759203 -0.2641282534910634 
-0.885078706305678 0.9296631206759203 -0.2641282534910634 
-0.8839030136770357 0.9330355656246725 -0.26588639388306856 
-0.8839030136770357 0.9330355656246725 -0.26588639388306856 
-0.8839030136770357 0.9330355656246725 -0.26588639388306856 
-0.8822070591992555 0.9377065143717254 -0.2683073739146262 
-0.8822070591992555 0.9377065143717254 -0.2683073739146262 
-0.8796131725756247 0.9443948678642398 -0.27175810909121945 
-0.8788569874936237 0.9462368753784456 -0.2727217994202191 
-0.8777103481196122 0.9490106244114467 -0.274132218738087 
-0.8760401569363532 0.9528678054861568 -0.2761088904674095 
-0.8760401569363532 0.9528678054861568 -0.2761088904674095 
-0.8734893652587944 0.9585345075968539 -0.2790001704785484 
-0.8734893652587944 0.9585345075968539 -0.2790001704785484 
-0.871331032960937 0.9630819287888002 -0.2812869398905836 
-0.871331032960937 0.9630819287888002 -0.2812869398905836 
-0.871331032960937 0.9630819287888002 -0.2812869398905836 
-0.8684705281981536 0.9688575690597541 -0.28420357388716966 
-0.8667896904751664 0.972086867881164 -0.28581505252391737 
-0.8651626441726561 0.9751210865506559 -0.28732695378444684 
-0.8623151365226385 0.9802718967505561 -0.28987334811160104 
-0.8623151365226385 0.9802718967505561 -0.28987334811160104 
-0.8590559209023539 0.9859008827628495 -0.2926582816089581 
-0.8590559209023539 0.9859008827628495 -0.2926582816089581 
-0.8581149928290507 0.9874738013289319 -0.2934339383181134 
-0.8575890542694078 0.988350619660585 -0.2938543222958825 
-0.8552380337694168 0.9921781524957954 -0.2957209814358309 
-0.8552281340354144 0.9921751026937231 -0.2957180450576776 
-0.8552281340354144 0.9921751026937231 -0.2957180450576776 
-0.8525932014512739 0.9963144819957384 -0.29773930205498966 
-0.8506850344362739 0.999226988283047 -0.29915575291392504 
-0.8506850344362739 0.999226988283047 -0.29915575291392504 
-0.8475728153333688 1.003822628347524 -0.3013583779412172 
-0.8475728153333688 1.003822628347524 -0.3013583779412172 
-0.846054146566093 1.0060246720086994 -0.3024083230281418 
-0.846054146566093 1.0060246720086994 -0.3024083230281418 
-0.8408719521436817 1.013219002151089 -0.30584016264227054 
-0.8398879122159111 1.0145506681098846 -0.30646088349163847 
-0.8363599458641283 1.019156644345706 -0.30862601803365464 
-0.8363599458641283 1.019156644345706 -0.30862601803365464 
-0.8331445583439608 1.0232253252354226 -0.3105399726022279 
-0.8328779866615013 1.0235516138133876 -0.3106777655371179 
-0.8319602331781573 1.0246824366478444 -0.3112029956777197 
-0.8293139774543028 1.027899204825416 -0.312688839301683 
-0.8267658117145793 1.0309330858011134 -0.3140835557236169 
-0.8267658117145793 1.0309330858011134 -0.3140835557236169 
-0.8225078719799319 1.0358104187599046 -0.31633727062312966 
-0.8211104730130776 1.0373739948374905 -0.3170399897013845 
-0.815427531129859 1.043552592445327 -0.3198237747024597 
-0.8123716241737347 1.046747543296389 -0.3212450653199459 
-0.8104521023505489 1.048702574376645 -0.3221180371947907 
-0.8059749567222021 1.0531797395622755 -0.32409393267157427 
-0.803848967633503 1.0552418570800337 -0.32499615614447863 
-0.7973561135402074 1.0613374212687452 -0.3276316963620497 
-0.7942014942622905 1.0641853012673914 -0.32885667380510997 
-0.7935706028151173 1.064753062827553 -0.3291033578927901 
-0.7935706028151173 1.064753062827553 -0.3291033578927901 
-0.7892444033224575 1.0685457900493924 -0.33069813176156837 
-0.7892444033224575 1.0685457900493924 -0.33069813176156837 
-0.7825395033674967 1.0741733110562752 -0.33305906349207604 
-0.7808714795056253 1.0755198164731872 -0.3336080224302337 
-0.7788699242030053 1.0771285931547223 -0.33427558361572396 
-0.7782021603457019 1.077667629742845 -0.3344879934215823 
-0.7715909943975087 1.0827979950447986 -0.3365702994336677 
-0.770219504405369 1.0838344202897379 -0.3369865513429192 
-0.7613341626276275 1.0902899350279942 -0.33954680052404007 
-0.7600980891321749 1.0911599012415378 -0.33987997389584845 
-0.7542128439652938 1.0951848431944258 -0.3414336222995006 
-0.7502385953261079 1.0978084878514835 -0.34242950396157645 
-0.7502385953261079 1.0978084878514835 -0.34242950396157645 
-0.7502385953261079 1.0978084878514835 -0.34242950396157645 
-0.7454961986996658 1.1008534300580908 -0.3435648489187533 
-0.7454961986996658 1.1008534300580908 -0.3435648489187533 
-0.7436574460607932 1.1020103090614093 -0.34397812664938787 
-0.7436574460607932 1.1020103090614093 -0.34397812664938787 
-0.7392132443420679 1.104735020663915 -0.3449733078136933 
-0.7392132443420679 1.104735020663915 -0.3449733078136933 
-0.7392132443420679 1.104735020663915 -0.3449733078136933 
-0.7328403431797373 1.1084912135481446 -0.3463193223955927 
-0.7328403431797373 1.1084912135481446 -0.3463193223955927 
-0.7284876969704674 1.1109750545211683 -0.34718212537216186 
-0.7284876969704674 1.1109750545211683 -0.34718212537216186 
-0.7233272481194679 1.1138183078177375 -0.3481465439841115 
-0.7233272481194679 1.1138183078177375 -0.3481465439841115 
-0.7161747847268548 1.1175873867272943 -0.34940021879855887 
-0.7161747847268548 1.1175873867272943 -0.34940021879855887 
-0.7161747847268548 1.1175873867272943 -0.34940021879855887 
-0.7118753595734915 1.1197580133956153 -0.35009092684821175 
-0.7075511775344094 1.1218830223388314 -0.35075866295982683 
-0.7075511775344094 1.1218830223388314 -0.35075866295982683 
-0.6996054731858026 1.1256040060239387 -0.35188198163923856 
-0.6960046471077808 1.127227082585214 -0.3523650673855715 
-0.693186148488259 1.1284610882707151 -0.3527112017871048 
-0.6842523111596509 1.1323666827477323 -0.3536259120111338 
-0.6852860891249944 1.1317960863518757 -0.35361657316681405 
-0.6852860891249944 1.1317960863518757 -0.35361657316681405 
-0.6783223713013887 1.1345445143200168 -0.35432537607983183 
-0.6768846901878685 1.1351020258588418 -0.35445558681606215 
-0.6692342225283127 1.1379294569558265 -0.3551052724690734 
-0.6692342225283127 1.1379294569558265 -0.3551052724690734 
-0.6640334933084139 1.1397568261647195 -0.35550711874512586 
-0.6640334933084139 1.1397568261647195 -0.35550711874512586 
-0.6588008626811148 1.1415081874298032 -0.35584862699023223 
-0.6545935294398683 1.1428535182201482 -0.35608506276172514 
-0.6486815158603545 1.144666140235398 -0.35638736563096163 
-0.6486815158603545 1.144666140235398 -0.35638736563096163 
-0.646349290235212 1.1453508783600295 -0.35648722581781833 
-0.6356978423573778 1.1482931911623193 -0.3568389643384129 
-0.6316299443833778 1.1493372644489235 -0.3569322453662144 
-0.6281934892190985 1.1501793489913372 -0.3569813882191364 
-0.6228109066320979 1.1514385962539662 -0.35702492481896064 
-0.6167619351757896 1.1527582577941315 -0.35703230876365466 
-0.6104735619512018 1.154018577291356 -0.3569710104976347 
-0.6104735619512018 1.154018577291356 -0.3569710104976347 
-0.6059122091230006 1.1548809469992358 -0.35688764159224395 
-0.5998117493138023 1.1559317996775724 -0.3567351218189073 
-0.5943544039002224 1.156794340669684 -0.35655728524496977 
-0.587138808499651 1.1578282050629896 -0.3562446875184505 
-0.5851667332079119 1.1580807079927447 -0.3561410689000528 
-0.5770525098598273 1.1590257121473109 -0.3556853880051736 
-0.5755150119243665 1.159181828836603 -0.3555904379838587 
-0.5715643808718636 1.1595747770252136 -0.3553133854506174 
-0.5634329243982725 1.1602387201594182 -0.3546970303538235 
-0.5590353237306241 1.1605268965547577 -0.35432532232863356 
-0.5509011718535001 1.160940239484874 -0.3535537216850745 
-0.5469421256903685 1.161066877783227 -0.353152481476821 
-0.5427669223805233 1.1611681799831224 -0.35269299145475974 
-0.5388149347946461 1.1612368547503955 -0.35223670560952214 
-0.5306934952127348 1.1612138411636164 -0.3512359753789053 
-0.5267491447366395 1.1611490685972294 -0.35070534444413703 
-0.5208387891346337 1.1609813422559474 -0.34988485407957337 
-0.5195258597505975 1.160920545571065 -0.3496951145012185 
-0.5129748575551167 1.1606047079849842 -0.3487027167241299 
-0.5110120981108837 1.1605000841293 -0.34840264166323776 
-0.5077423175142561 1.1602695214901226 -0.34788840984735914 
-0.502525126411586 1.15986451830825 -0.34700178199737397 
-0.49753350947766284 1.159394544885269 -0.34614102488042897 
-0.49298925270943306 1.1589255732828596 -0.3453106271964256 
-0.48996492826522475 1.1585867127935905 -0.3447480357436863 
-0.4835049387519296 1.1577485759335273 -0.3434818376549279 
-0.4800701126192343 1.1572695764197758 -0.3427839698955054 
-0.47450434647962764 1.1564215893268595 -0.3416220373649389 
-0.47108923738102615 1.1558591782532335 -0.3408911418643443 
-0.4664103340594158 1.1550282928800615 -0.3398477754601149 
-0.4628066630172908 1.154354186898037 -0.33901910398219914 
-0.4581587770198403 1.1534157274898702 -0.3379285322072981 
-0.4547909611603179 1.1526982124476248 -0.3371140101370286 
-0.451014642131461 1.1518669614949397 -0.336173549054003 
-0.44954943040676143 1.1515283177876148 -0.33580642821610185 
-0.44496242584062795 1.1504234248707377 -0.33461590071353886 
-0.43956489623900263 1.1490570928323371 -0.3331860796031061 
-0.43749839134374435 1.1485156821501874 -0.3326171821881927 
-0.4333808002727351 1.1473779433514466 -0.3314696440144598 
-0.43030304398420716 1.1464955773352226 -0.33060354933211 
-0.4276450663372565 1.145712711113511 -0.329839337529397 
-0.42499925103574193 1.144905144535779 -0.32905494724065054 
-0.42114617906844454 1.1437006437614063 -0.32789256031994063 
-0.41932864515542934 1.1431023477457205 -0.3273414926853374 
-0.41389769202849047 1.1413007260411987 -0.3256445926873933 
-0.41090200635209156 1.140238111855072 -0.32469076094751836 
-0.41050516182897084 1.1400985450455432 -0.32455361590291953 
-0.4041585045890507 1.1377755710519322 -0.32245981182506356 
-0.4023851872520908 1.1370898655703776 -0.32186873224751056 
-0.39826434489384804 1.1354839411853779 -0.3204566726442921 
-0.3957300700144577 1.134455860728051 -0.3195693179903989 
-0.3916570755488953 1.1327707948501176 -0.3181107501656377 
-0.38953822327889476 1.131859165751285 -0.31733624087341483 
-0.3834146865349913 1.1291435593788037 -0.31505607697787374 
-0.3800029405793466 1.127565327660231 -0.31374672621698585 
-0.37774309633032666 1.1264924972859724 -0.31286009234360457 
-0.37361966945850583 1.1245018920404972 -0.3112210293953157 
-0.3695408115290868 1.1224336806943036 -0.3095572002420597 
-0.36603803119847045 1.1206285065429045 -0.30810477319780916 
-0.3658552389368369 1.120524770561396 -0.30803347438667006 
-0.3618428827289848 1.1183723877283136 -0.3063206559714946 
-0.3618428827289848 1.1183723877283136 -0.3063206559714946 
-0.3587675280196011 1.1166697014053142 -0.3049882119320265 
-0.3587675280196011 1.1166697014053142 -0.3049882119320265 
-0.3562535750488751 1.1152431631187523 -0.3038785671036285 
-0.3521518678008177 1.1128754708099322 -0.3020294417464008 
-0.3514463269802232 1.1124457815837077 -0.3017100592885227 
-0.34880563403170106 1.1108552668437277 -0.3004846057710052 
-0.34880563403170106 1.1108552668437277 -0.3004846057710052 
-0.3435711446555352 1.1076200586373184 -0.2980108283681826 
-0.34082014183353393 1.1058361332469178 -0.2966762575824079 
-0.3401313468727349 1.1053943037683531 -0.2963424108861029 
-0.33604555226506894 1.1026897891805032 -0.29430522487339894 
-0.33604555226506894 1.1026897891805032 -0.29430522487339894 
-0.33369251037481384 1.1010653159581245 -0.29311335109396397 
-0.33369251037481384 1.1010653159581245 -0.29311335109396397 
-0.32837001395065496 1.0973217843515757 -0.2903342619969155 
-0.3275497941231982 1.0967250064173324 -0.2898929931010129 
-0.32346591516381773 1.0937121121032258 -0.2877014172329869 
-0.32346591516381773 1.0937121121032258 -0.2877014172329869 
-0.31927563259850317 1.0905315871941041 -0.2853867311794277 
-0.3167373923503301 1.0885304351476819 -0.283946072129056 
-0.31360277073626924 1.0859844067487396 -0.2821383240132188 
-0.31096152401636235 1.0838093137472835 -0.28058301857407586 
-0.3085010742444639 1.0817390743254498 -0.2791090694715592 
-0.3051647464085071 1.078846382768733 -0.27706744175883125 
-0.30336809010054583 1.0772477053004479 -0.2759449109438218 
-0.3021792208140256 1.0761773080298165 -0.2751892450579859 
-0.30099030317867137 1.0751020909374458 -0.2744424607413646 
-0.30099030317867137 1.0751020909374458 -0.2744424607413646 
-0.2986389654097385 1.0729372027021469 -0.2729265824233297 
-0.29632829313551534 1.070729369926524 -0.271403078060407 
-0.2963241705317025 1.0707367692651872 -0.27140094278068627 
-0.2963241705317025 1.0707367692651872 -0.27140094278068627 
-0.2931737315342372 1.0676844775797045 -0.26929791112351475 
-0.2931737315342372 1.0676844775797045 -0.26929791112351475 
-0.28952240747970415 1.06402609052332 -0.2667798350512608 
-0.288546104276693 1.0630310177771154 -0.2661082440472352 
-0.28539550661171686 1.0597310997371807 -0.26385969369812834 
-0.28391802788940246 1.0581367153255024 -0.26276524298433446 
-0.2827022464796515 1.0568326345172954 -0.2618841138844209 
-0.2800482857816392 1.0539015748270992 -0.2599046448445953 
-0.27756932006947865 1.0510869696539815 -0.2580123641262414 
-0.2766767220819699 1.0500398902137928 -0.25730051957241773 
-0.2755248169540636 1.0486871354137826 -0.2564035610615366 
-0.2741308513055919 1.047021963833441 -0.2553065149138357 
-0.2728740727685594 1.045509955354697 -0.25429531280010786 
-0.27138076285044815 1.0436864363934812 -0.25307739160566123 
-0.27138076285044815 1.0436864363934812 -0.25307739160566123 
-0.27039165288741907 1.0424619980171395 -0.2522709646031096 
-0.27039165288741907 1.0424619980171395 -0.2522709646031096 
-0.2660570591710444 1.036892573155957 -0.24858701243586745 
-0.26605518887809776 1.0368850437294885 -0.24859994487733528 
-0.2648816198101557 1.0353262262573484 -0.24755901418432213 
-0.2648816198101557 1.0353262262573484 -0.24755901418432213 
-0.2619878509248305 1.0313827477851139 -0.2449828164934419 
-0.2614204395178782 1.0305804512444656 -0.24447406432441998 
-0.2590592481111714 1.0272311336014774 -0.24229072632308046 
-0.2590592481111714 1.0272311336014774 -0.24229072632308046 
-0.2578359324512182 1.0254691526212736 -0.24114648329496557 
-0.25556680884170735 1.0220665032142546 -0.2389443657938738 
-0.2546013777753749 1.0206010892976474 -0.2380068373693065 
-0.2546013777753749 1.0206010892976474 -0.2380068373693065 
-0.2519914142097394 1.0165040769711917 -0.23536727357767318 
-0.2495558929725143 1.012534400912297 -0.23282290350523238 
-0.24797222573197952 1.0098678719777798 -0.2311202440530855 
-0.2476777655319629 1.0093616253754674 -0.23080815864973536 
-0.24537462131398802 1.0053301800332404 -0.22823746199964035 
-0.24462054570246927 1.0039712663045566 -0.22739177504724595 
-0.2426765306069777 1.0004058513510916 -0.22514163151756916 
-0.2426765306069777 1.0004058513510916 -0.22514163151756916 
-0.24061985003195363 0.996467059110805 -0.22266701411105483 
-0.23914922929626392 0.9935363224948021 -0.22082725370148293 
-0.23880150834968022 0.9928448748257148 -0.22040027904358572 
-0.23729419446502403 0.9897206788387896 -0.21844687407517294 
-0.23622910343069625 0.9874501787031942 -0.21704099034832258 
-0.2356597228595162 0.9862328746645502 -0.21627466102879234 
-0.23345507338378152 0.9813061749447539 -0.2132419628485952 
-0.23232585768394576 0.9786542279747756 -0.21159947341909202 
-0.23195928956522605 0.9777630755114084 -0.21105558815811387 
-0.23079282977611681 0.9749171698306881 -0.20930684251354403 
-0.230012748181403 0.9729525612097705 -0.20810272404681085 
-0.22890199561003044 0.9700891441068786 -0.20634707225565563 
-0.22749608342252325 0.9663155179716473 -0.20403588245947635 
-0.2271124752676721 0.9652245264455339 -0.20338297051362197 
-0.22584307346654986 0.9616066010167481 -0.2011802518196688 
-0.22547059391342683 0.9605180112894965 -0.20052038950910667 
-0.2241588820784186 0.9565103828845363 -0.1980945619735942 
-0.2230293052676361 0.9528398458483843 -0.19589867946858341 
-0.22253469213755006 0.9511922753006192 -0.19489880203354937 
-0.2222625243413805 0.9502711454326827 -0.1943515333768624 
-0.2209213288475511 0.9454734438390809 -0.19148024183938528 
-0.22052366219695796 0.9439937443361279 -0.19059664557105915 
-0.22018319434753697 0.9426998161670684 -0.18981907183345814 
-0.21952008502336584 0.940102266938879 -0.1882722520552641 
-0.21897881771167893 0.9378621740858597 -0.18695559240571114 
-0.21845050988447778 0.9356298946761633 -0.18562365363711397 
-0.2179210041275259 0.9331919809211113 -0.18419103647002488 
-0.2174017195988226 0.9307607753883349 -0.18274798367883005 
-0.21693403769462694 0.9285099404359907 -0.18142462917731228 
-0.21667072218467864 0.9271959797683326 -0.1806510329003609 
-0.216424325303737 0.9258820061032942 -0.17986983497556264 
-0.2158729797043656 0.9228630817122059 -0.17810869876927804 
-0.2158111066577385 0.9224889682389896 -0.17788037547370839 
-0.21549065703190595 0.9206019191679675 -0.17677259144595847 
-0.21497877889454453 0.9173786479059336 -0.17490489094163864 
