-0.949912733015345 0.962814242824935 -0.24454807724017502 
-0.9490215170485161 0.9672192462153191 -0.24692753144371848 
-0.9481724559599178 0.9710483058567567 -0.24897370892899773 
-0.9469159832691626 0.9763937828082037 -0.25183112584812417 
-0.9467288346361707 0.9771576340356535 -0.2522351916944735 
-0.9446560403830154 0.9849498500940526 -0.2563803945041182 
-0.9443836635289965 0.9858905996674909 -0.25689506723830946 
-0.9428689574040444 0.9910073788941243 -0.2595743423103918 
-0.9428689574040444 0.9910073788941243 -0.2595743423103918 
-0.9418118999127745 0.9943978865196386 -0.2613707835142878 
-0.9400787063056781 0.9996631206759203 -0.26412825349106317 
-0.9400787063056781 0.9996631206759203 -0.26412825349106317 
-0.9389030136770361 1.0030355656246726 -0.2658863938830688 
-0.9389030136770361 1.0030355656246726 -0.2658863938830688 
-0.9389030136770361 1.0030355656246726 -0.2658863938830688 
-0.9372070591992555 1.0077065143717254 -0.26830737391462656 
-0.9372070591992555 1.0077065143717254 -0.26830737391462656 
-0.9346131725756248 1.0143948678642398 -0.2717581090912192 
-0.9338569874936241 1.0162368753784456 -0.2727217994202191 
-0.9327103481196126 1.0190106244114467 -0.27413221873808713 
-0.9310401569363536 1.0228678054861569 -0.2761088904674097 
-0.9310401569363536 1.0228678054861569 -0.2761088904674097 
-0.9284893652587947 1.028534507596854 -0.2790001704785484 
-0.9284893652587947 1.028534507596854 -0.2790001704785484 
-0.926331032960937 1.0330819287888002 -0.2812869398905832 
-0.926331032960937 1.0330819287888002 -0.2812869398905832 
-0.926331032960937 1.0330819287888002 -0.2812869398905832 
-0.9234705281981539 1.0388575690597543 -0.28420357388716955 
-0.9217896904751666 1.0420868678811641 -0.28581505252391726 
-0.9201626441726565 1.045121086550656 -0.2873269537844466 
-0.9173151365226386 1.0502718967505564 -0.2898733481116008 
-0.9173151365226386 1.0502718967505564 -0.2898733481116008 
-0.9140559209023541 1.0559008827628495 -0.2926582816089579 
-0.9140559209023541 1.0559008827628495 -0.2926582816089579 
-0.913114992829051 1.0574738013289322 -0.2934339383181134 
-0.9125890542694082 1.0583506196605852 -0.2938543222958826 
-0.9102380337694167 1.0621781524957954 -0.2957209814358308 
-0.9102281340354148 1.0621751026937232 -0.2957180450576776 
-0.9102281340354148 1.0621751026937232 -0.2957180450576776 
-0.9075932014512741 1.0663144819957386 -0.29773930205498944 
-0.9056850344362743 1.0692269882830472 -0.29915575291392504 
-0.9056850344362743 1.0692269882830472 -0.29915575291392504 
-0.902572815333369 1.073822628347524 -0.3013583779412171 
-0.902572815333369 1.073822628347524 -0.3013583779412171 
-0.9010541465660931 1.0760246720086992 -0.30240832302814213 
-0.9010541465660931 1.0760246720086992 -0.30240832302814213 
-0.8958719521436823 1.0832190021510895 -0.30584016264227043 
-0.8948879122159112 1.0845506681098844 -0.30646088349163847 
-0.8913599458641286 1.0891566443457061 -0.30862601803365464 
-0.8913599458641286 1.0891566443457061 -0.30862601803365464 
-0.8881445583439612 1.093225325235423 -0.3105399726022279 
-0.8878779866615014 1.0935516138133876 -0.3106777655371177 
-0.8869602331781574 1.0946824366478447 -0.31120299567771925 
-0.884313977454303 1.0978992048254164 -0.3126888393016827 
-0.8817658117145795 1.1009330858011135 -0.3140835557236168 
-0.8817658117145795 1.1009330858011135 -0.3140835557236168 
-0.8775078719799323 1.105810418759905 -0.3163372706231291 
-0.8761104730130778 1.1073739948374905 -0.31703998970138425 
-0.8704275311298592 1.1135525924453273 -0.31982377470245904 
-0.8673716241737348 1.1167475432963894 -0.32124506531994534 
-0.8654521023505491 1.118702574376645 -0.3221180371947904 
-0.8609749567222023 1.1231797395622753 -0.3240939326715745 
-0.8588489676335032 1.1252418570800335 -0.32499615614447874 
-0.8523561135402076 1.1313374212687457 -0.3276316963620496 
-0.8492014942622905 1.1341853012673915 -0.32885667380510986 
-0.8485706028151174 1.1347530628275533 -0.3291033578927899 
-0.8485706028151174 1.1347530628275533 -0.3291033578927899 
-0.8442444033224574 1.1385457900493923 -0.33069813176156826 
-0.8442444033224574 1.1385457900493923 -0.33069813176156826 
-0.8375395033674969 1.1441733110562753 -0.33305906349207626 
-0.8358714795056255 1.145519816473187 -0.3336080224302338 
-0.8338699242030054 1.1471285931547224 -0.33427558361572374 
-0.8332021603457022 1.147667629742845 -0.3344879934215822 
-0.8265909943975088 1.1527979950447984 -0.336570299433668 
-0.8252195044053692 1.1538344202897377 -0.3369865513429192 
-0.8163341626276277 1.1602899350279943 -0.3395468005240403 
-0.8150980891321752 1.1611599012415381 -0.33987997389584834 
-0.8092128439652936 1.1651848431944252 -0.3414336222995007 
-0.8052385953261081 1.1678084878514834 -0.34242950396157645 
-0.8052385953261081 1.1678084878514834 -0.34242950396157645 
-0.8052385953261081 1.1678084878514834 -0.34242950396157645 
-0.8004961986996659 1.1708534300580908 -0.34356484891875316 
-0.8004961986996659 1.1708534300580908 -0.34356484891875316 
-0.7986574460607935 1.1720103090614096 -0.3439781266493882 
-0.7986574460607935 1.1720103090614096 -0.3439781266493882 
-0.7942132443420681 1.174735020663915 -0.3449733078136933 
-0.7942132443420681 1.174735020663915 -0.3449733078136933 
-0.7942132443420681 1.174735020663915 -0.3449733078136933 
-0.7878403431797375 1.1784912135481447 -0.3463193223955924 
-0.7878403431797375 1.1784912135481447 -0.3463193223955924 
-0.7834876969704677 1.1809750545211686 -0.34718212537216175 
-0.7834876969704677 1.1809750545211686 -0.34718212537216175 
-0.7783272481194679 1.1838183078177373 -0.3481465439841115 
-0.7783272481194679 1.1838183078177373 -0.3481465439841115 
-0.7711747847268549 1.1875873867272944 -0.34940021879855876 
-0.7711747847268549 1.1875873867272944 -0.34940021879855876 
-0.7711747847268549 1.1875873867272944 -0.34940021879855876 
-0.7668753595734916 1.1897580133956154 -0.35009092684821197 
-0.7625511775344096 1.1918830223388313 -0.35075866295982705 
-0.7625511775344096 1.1918830223388313 -0.35075866295982705 
-0.7546054731858027 1.195604006023939 -0.3518819816392388 
-0.751004647107781 1.1972270825852143 -0.35236506738557183 
-0.748186148488259 1.1984610882707152 -0.35271120178710447 
-0.7392523111596511 1.2023666827477324 -0.35362591201113347 
-0.7402860891249946 1.2017960863518757 -0.3536165731668137 
-0.7402860891249946 1.2017960863518757 -0.3536165731668137 
-0.7333223713013887 1.2045445143200164 -0.3543253760798317 
-0.7318846901878685 1.2051020258588416 -0.35445558681606215 
-0.7242342225283127 1.2079294569558265 -0.3551052724690734 
-0.7242342225283127 1.2079294569558265 -0.3551052724690734 
-0.719033493308414 1.2097568261647196 -0.3555071187451263 
-0.719033493308414 1.2097568261647196 -0.3555071187451263 
-0.7138008626811151 1.2115081874298033 -0.3558486269902321 
-0.7095935294398685 1.2128535182201485 -0.35608506276172525 
-0.7036815158603547 1.2146661402353982 -0.35638736563096163 
-0.7036815158603547 1.2146661402353982 -0.35638736563096163 
-0.7013492902352121 1.2153508783600295 -0.35648722581781844 
-0.6906978423573779 1.2182931911623192 -0.35683896433841256 
-0.6866299443833779 1.2193372644489235 -0.3569322453662148 
-0.6831934892190985 1.220179348991337 -0.3569813882191365 
-0.677810906632098 1.2214385962539662 -0.35702492481896064 
-0.6717619351757897 1.2227582577941318 -0.35703230876365444 
-0.665473561951202 1.2240185772913565 -0.3569710104976346 
-0.665473561951202 1.2240185772913565 -0.3569710104976346 
-0.6609122091230006 1.224880946999236 -0.35688764159224406 
-0.6548117493138024 1.2259317996775723 -0.3567351218189073 
-0.6493544039002225 1.2267943406696837 -0.35655728524496955 
-0.6421388084996511 1.2278282050629896 -0.3562446875184505 
-0.640166733207912 1.2280807079927447 -0.3561410689000526 
-0.6320525098598275 1.2290257121473112 -0.35568538800517335 
-0.6305150119243667 1.229181828836603 -0.35559043798385825 
-0.6265643808718637 1.2295747770252137 -0.3553133854506172 
-0.6184329243982727 1.2302387201594183 -0.3546970303538234 
-0.6140353237306244 1.230526896554758 -0.3543253223286337 
-0.6059011718535001 1.2309402394848745 -0.35355372168507493 
-0.6019421256903688 1.2310668777832272 -0.353152481476821 
-0.5977669223805234 1.2311681799831227 -0.35269299145475985 
-0.5938149347946463 1.2312368547503958 -0.3522367056095218 
-0.5856934952127348 1.2312138411636164 -0.3512359753789053 
-0.5817491447366396 1.2311490685972295 -0.35070534444413715 
-0.5758387891346339 1.2309813422559475 -0.34988485407957315 
-0.5745258597505978 1.2309205455710652 -0.3496951145012186 
-0.5679748575551169 1.2306047079849844 -0.34870271672412967 
-0.5660120981108838 1.2305000841293 -0.34840264166323764 
-0.5627423175142564 1.2302695214901227 -0.347888409847359 
-0.5575251264115861 1.2298645183082502 -0.3470017819973743 
-0.552533509477663 1.229394544885269 -0.3461410248804291 
-0.5479892527094332 1.22892557328286 -0.34531062719642525 
-0.5449649282652248 1.2285867127935906 -0.3447480357436863 
-0.5385049387519298 1.2277485759335272 -0.3434818376549279 
-0.5350701126192343 1.2272695764197756 -0.3427839698955052 
-0.5295043464796279 1.2264215893268595 -0.3416220373649388 
-0.5260892373810263 1.2258591782532335 -0.3408911418643442 
-0.5214103340594158 1.2250282928800613 -0.3398477754601147 
-0.5178066630172908 1.2243541868980372 -0.3390191039821989 
-0.5131587770198405 1.2234157274898703 -0.33792853220729857 
-0.5097909611603181 1.2226982124476249 -0.33711401013702824 
-0.5060146421314611 1.2218669614949398 -0.3361735490540031 
-0.5045494304067616 1.2215283177876146 -0.33580642821610196 
-0.49996242584062817 1.2204234248707375 -0.33461590071353864 
-0.4945648962390029 1.2190570928323372 -0.33318607960310587 
-0.49249839134374457 1.2185156821501875 -0.3326171821881926 
-0.4883808002727351 1.217377943351447 -0.33146964401445966 
-0.48530304398420737 1.2164955773352226 -0.33060354933211 
-0.48264506633725673 1.2157127111135109 -0.32983933752939665 
-0.4799992510357421 1.2149051445357792 -0.3290549472406503 
-0.4761461790684446 1.2137006437614066 -0.32789256031994063 
-0.4743286451554295 1.2131023477457206 -0.3273414926853373 
-0.4688976920284905 1.2113007260411988 -0.3256445926873933 
-0.46590200635209156 1.210238111855072 -0.32469076094751825 
-0.4655051618289709 1.2100985450455433 -0.3245536159029194 
-0.45915850458905094 1.2077755710519325 -0.3224598118250639 
-0.45738518725209093 1.207089865570378 -0.3218687322475102 
-0.45326434489384804 1.2054839411853784 -0.32045667264429245 
-0.45073007001445775 1.2044558607280513 -0.3195693179903989 
-0.44665707554889533 1.2027707948501174 -0.31811075016563795 
-0.4445382232788947 1.2018591657512858 -0.31733624087341483 
-0.43841468653499144 1.199143559378804 -0.3150560769778735 
-0.4350029405793467 1.1975653276602312 -0.31374672621698574 
-0.43274309633032676 1.1964924972859723 -0.3128600923436048 
-0.42861966945850594 1.1945018920404975 -0.3112210293953158 
-0.4245408115290869 1.1924336806943034 -0.3095572002420598 
-0.4210380311984707 1.1906285065429048 -0.30810477319780893 
-0.42085523893683724 1.1905247705613962 -0.30803347438666984 
-0.41684288272898484 1.1883723877283137 -0.30632065597149505 
-0.41684288272898484 1.1883723877283137 -0.30632065597149505 
-0.41376752801960115 1.1866697014053142 -0.3049882119320265 
-0.41376752801960115 1.1866697014053142 -0.3049882119320265 
-0.4112535750488752 1.1852431631187528 -0.3038785671036287 
-0.4071518678008178 1.1828754708099325 -0.30202944174640056 
-0.4064463269802233 1.182445781583708 -0.3017100592885227 
-0.4038056340317012 1.180855266843728 -0.3004846057710049 
-0.4038056340317012 1.180855266843728 -0.3004846057710049 
-0.3985711446555354 1.1776200586373187 -0.2980108283681828 
-0.3958201418335342 1.1758361332469178 -0.2966762575824077 
-0.3951313468727351 1.1753943037683534 -0.296342410886103 
-0.39104555226506904 1.1726897891805033 -0.29430522487339894 
-0.39104555226506904 1.1726897891805033 -0.29430522487339894 
-0.388692510374814 1.1710653159581248 -0.2931133510939635 
-0.388692510374814 1.1710653159581248 -0.2931133510939635 
-0.3833700139506552 1.1673217843515757 -0.2903342619969155 
-0.38254979412319834 1.1667250064173325 -0.289892993101013 
-0.37846591516381817 1.1637121121032257 -0.2877014172329867 
-0.37846591516381817 1.1637121121032257 -0.2877014172329867 
-0.37427563259850355 1.1605315871941042 -0.2853867311794275 
-0.37173739235033054 1.1585304351476817 -0.2839460721290561 
-0.3686027707362696 1.15598440674874 -0.28213832401321837 
-0.3659615240163626 1.1538093137472838 -0.28058301857407575 
-0.3635010742444641 1.15173907432545 -0.2791090694715589 
-0.36016474640850743 1.148846382768733 -0.27706744175883113 
-0.3583680901005463 1.147247705300448 -0.27594491094382156 
-0.35717922081402603 1.1461773080298165 -0.2751892450579858 
-0.3559903031786716 1.1451020909374463 -0.27444246074136447 
-0.3559903031786716 1.1451020909374463 -0.27444246074136447 
-0.3536389654097388 1.1429372027021472 -0.2729265824233297 
-0.35132829313551556 1.140729369926524 -0.271403078060407 
-0.3513241705317027 1.1407367692651873 -0.2714009427806866 
-0.3513241705317027 1.1407367692651873 -0.2714009427806866 
-0.34817373153423753 1.1376844775797046 -0.26929791112351475 
-0.34817373153423753 1.1376844775797046 -0.26929791112351475 
-0.34452240747970453 1.13402609052332 -0.2667798350512608 
-0.3435461042766933 1.1330310177771155 -0.2661082440472353 
-0.34039550661171725 1.1297310997371808 -0.263859693698128 
-0.3389180278894025 1.1281367153255026 -0.2627652429843347 
-0.33770224647965164 1.1268326345172957 -0.2618841138844209 
-0.3350482857816396 1.123901574827099 -0.2599046448445952 
-0.33256932006947904 1.1210869696539814 -0.25801236412624107 
-0.3316767220819703 1.120039890213793 -0.25730051957241795 
-0.330524816954064 1.1186871354137822 -0.25640356106153683 
-0.3291308513055924 1.1170219638334409 -0.2553065149138355 
-0.32787407276855973 1.115509955354697 -0.25429531280010786 
-0.32638076285044826 1.1136864363934813 -0.25307739160566134 
-0.32638076285044826 1.1136864363934813 -0.25307739160566134 
-0.3253916528874195 1.1124619980171393 -0.2522709646031095 
-0.3253916528874195 1.1124619980171393 -0.2522709646031095 
-0.32105705917104443 1.1068925731559573 -0.24858701243586767 
-0.32105518887809803 1.1068850437294884 -0.2485999448773354 
-0.3198816198101559 1.1053262262573484 -0.2475590141843219 
-0.3198816198101559 1.1053262262573484 -0.2475590141843219 
-0.3169878509248307 1.101382747785114 -0.24498281649344178 
-0.31642043951787857 1.1005804512444657 -0.24447406432441976 
-0.3140592481111716 1.0972311336014777 -0.24229072632308024 
-0.3140592481111716 1.0972311336014777 -0.24229072632308024 
-0.31283593245121855 1.0954691526212736 -0.24114648329496557 
-0.31056680884170734 1.0920665032142547 -0.2389443657938738 
-0.3096013777753749 1.0906010892976477 -0.2380068373693066 
-0.3096013777753749 1.0906010892976477 -0.2380068373693066 
-0.3069914142097397 1.0865040769711916 -0.23536727357767329 
-0.3045558929725147 1.082534400912297 -0.23282290350523216 
-0.3029722257319797 1.07986787197778 -0.2311202440530855 
-0.3026777655319629 1.0793616253754676 -0.23080815864973536 
-0.30037462131398834 1.0753301800332407 -0.22823746199964023 
-0.29962054570246976 1.0739712663045566 -0.22739177504724573 
-0.29767653060697785 1.0704058513510921 -0.22514163151756894 
-0.29767653060697785 1.0704058513510921 -0.22514163151756894 
-0.2956198500319539 1.066467059110805 -0.2226670141110546 
-0.2941492292962641 1.0635363224948022 -0.22082725370148282 
-0.2938015083496804 1.0628448748257149 -0.2204002790435856 
-0.292294194465024 1.0597206788387898 -0.21844687407517294 
-0.29122910343069663 1.0574501787031942 -0.21704099034832236 
-0.2906597228595169 1.0562328746645504 -0.21627466102879211 
-0.2884550733837817 1.0513061749447543 -0.2132419628485951 
-0.2873258576839458 1.0486542279747757 -0.21159947341909247 
-0.28695928956522615 1.0477630755114085 -0.2110555881581141 
-0.285792829776117 1.0449171698306885 -0.20930684251354403 
-0.2850127481814031 1.0429525612097708 -0.20810272404681118 
-0.2839019956100306 1.040089144106879 -0.20634707225565574 
-0.2824960834225237 1.0363155179716474 -0.20403588245947613 
-0.2821124752676725 1.0352245264455342 -0.20338297051362175 
-0.28084307346655 1.0316066010167484 -0.2011802518196687 
-0.28047059391342716 1.0305180112894967 -0.20052038950910678 
-0.27915888207841877 1.0265103828845366 -0.19809456197359432 
-0.2780293052676363 1.0228398458483845 -0.19589867946858353 
-0.2775346921375501 1.0211922753006197 -0.19489880203354926 
-0.27726252434138043 1.020271145432683 -0.1943515333768625 
-0.2759213288475516 1.0154734438390811 -0.19148024183938528 
-0.275523662196958 1.0139937443361282 -0.19059664557105893 
-0.2751831943475369 1.0126998161670684 -0.18981907183345859 
-0.2745200850233661 1.010102266938879 -0.1882722520552642 
-0.2739788177116793 1.0078621740858598 -0.18695559240571136 
-0.2734505098844783 1.0056298946761635 -0.18562365363711386 
-0.27292100412752623 1.0031919809211114 -0.18419103647002488 
-0.27240171959882303 1.0007607753883354 -0.18274798367882983 
-0.2719340376946273 0.9985099404359907 -0.1814246291773124 
-0.27167072218467914 0.9971959797683329 -0.18065103290036055 
-0.2714243253037374 0.9958820061032946 -0.17986983497556253 
-0.27087297970436586 0.9928630817122063 -0.17810869876927782 
-0.2708111066577386 0.9924889682389899 -0.17788037547370839 
-0.27049065703190606 0.9906019191679678 -0.1767725914459588 
-0.26997877889454486 0.9873786479059339 -0.17490489094163852 
