-0.5916248677982101 1.2447197026548882 -0.5025789467085724 
-0.5916248677982101 1.2447197026548882 -0.5025789467085724 
-0.5916248677982101 1.2447197026548882 -0.5025789467085724 
-0.5916249061473297 1.2447203823684503 -0.5025850539866521 
-0.5916249061473297 1.2447203823684503 -0.5025850539866521 
-0.5916249061473297 1.2447203823684503 -0.5025850539866521 
-0.5916235365654652 1.2447136150960065 -0.5025753489485256 
-0.5916235365654652 1.2447136150960065 -0.5025753489485256 
-0.5916235365654652 1.2447136150960065 -0.5025753489485256 
-0.5916258017331892 1.2447248189457685 -0.5025915356606865 
-0.5916258017331892 1.2447248189457685 -0.5025915356606865 
-0.5916258017331892 1.2447248189457685 -0.5025915356606865 
-0.5916258017331892 1.2447248189457685 -0.5025915356606865 
-0.5916258017331892 1.2447248189457685 -0.5025915356606865 
-0.5916220836001878 1.2447084913302124 -0.5025895213954166 
-0.5916268573860579 1.2447288007883437 -0.5025843237244969 
-0.5916268573860579 1.2447288007883437 -0.5025843237244969 
-0.5916244078885213 1.244717258369567 -0.5025736424832805 
-0.5916244078885213 1.244717258369567 -0.5025736424832805 
-0.5916244078885213 1.244717258369567 -0.5025736424832805 
-0.5916244078885213 1.244717258369567 -0.5025736424832805 
-0.5916240780288821 1.244717611600246 -0.5025949114941046 
-0.5916240780288821 1.244717611600246 -0.5025949114941046 
-0.5916264023172157 1.2447263786396006 -0.5025790325819688 
-0.5916264023172157 1.2447263786396006 -0.5025790325819688 
-0.5916264023172157 1.2447263786396006 -0.5025790325819688 
-0.5916196632063009 1.2446977643517714 -0.5025870413762434 
-0.5916196632063009 1.2446977643517714 -0.5025870413762434 
-0.5916196632063009 1.2446977643517714 -0.5025870413762434 
-0.5916196632063009 1.2446977643517714 -0.5025870413762434 
-0.5916253466643471 1.2447223967970251 -0.5025862445181577 
-0.5916253466643471 1.2447223967970251 -0.5025862445181577 
-0.5916253466643469 1.2447223967970253 -0.5025862445181579 
-0.5916253850281095 1.2447232471658045 -0.5025943824776027 
-0.5916253850281095 1.2447232471658045 -0.5025943824776027 
-0.5916253850281095 1.2447232471658045 -0.5025943824776027 
-0.5916253850281095 1.2447232471658045 -0.5025943824776027 
-0.5916277287091144 1.2447324440619045 -0.502582617259252 
-0.5916277287091144 1.2447324440619045 -0.502582617259252 
-0.5916277287091144 1.2447324440619045 -0.502582617259252 
-0.5916277287091144 1.2447324440619045 -0.502582617259252 
-0.5916257920222109 1.2447244333621788 -0.502587448132428 
-0.5916257920222109 1.2447244333621788 -0.502587448132428 
-0.5916266876080705 1.2447288699394967 -0.5025939298064623 
-0.5916266876080705 1.2447288699394967 -0.5025939298064623 
-0.5916253466643471 1.2447223967970251 -0.5025862445181577 
-0.5916253466643471 1.2447223967970251 -0.5025862445181577 
-0.5916253466643471 1.2447223967970251 -0.5025862445181577 
-0.5916253466643471 1.2447223967970251 -0.5025862445181577 
-0.5916277432609391 1.2447328517820722 -0.5025867178702732 
-0.5916277432609391 1.2447328517820722 -0.5025867178702732 
-0.5916277432609391 1.2447328517820722 -0.5025867178702732 
-0.5916245330977242 1.2447200337489892 -0.5026002026366327 
-0.5916245330977242 1.2447200337489892 -0.5026002026366327 
-0.5916245330977242 1.2447200337489892 -0.5026002026366327 
-0.5916245330977242 1.2447200337489892 -0.5026002026366327 
-0.591623211546672 1.2447139904632631 -0.5025966310421133 
-0.591623211546672 1.2447139904632631 -0.5025966310421133 
-0.5916249206991544 1.2447207900886175 -0.5025891545976733 
-0.5916249206991544 1.2447207900886175 -0.5025891545976733 
-0.5916249206991544 1.2447207900886175 -0.5025891545976733 
-0.5916253660570182 1.2447228266537709 -0.5025903582119435 
-0.5916264023172157 1.2447263786396006 -0.5025790325819688 
-0.5916264023172156 1.2447263786396006 -0.5025790325819688 
-0.5916264023172156 1.2447263786396006 -0.5025790325819688 
-0.5916264023172156 1.2447263786396006 -0.5025790325819688 
-0.5916252937634027 1.2447213093632958 -0.5025760366290575 
-0.5916252937634027 1.2447213093632958 -0.5025760366290575 
-0.5916259618001983 1.2447243642110253 -0.5025778420504632 
-0.5916222436818397 1.2447082072506865 -0.5025778584665583 
-0.5916222436818397 1.2447082072506865 -0.5025778584665583 
-0.591621817716647 1.2447066005422787 -0.5025807685460739 
-0.591621817716647 1.2447066005422787 -0.5025807685460739 
-0.591621817716647 1.2447066005422787 -0.5025807685460739 
-0.591621817716647 1.2447066005422787 -0.5025807685460739 
-0.5916253850281095 1.2447232471658045 -0.5025943824776027 
-0.5916253850281095 1.2447232471658045 -0.5025943824776027 
-0.5916253850281095 1.2447232471658045 -0.5025943824776027 
-0.5916253850281095 1.2447232471658045 -0.5025943824776027 
-0.5916253850281095 1.2447232471658045 -0.5025943824776027 
-0.5916271135732631 1.2447304766479046 -0.5025910197269476 
-0.5916233954402617 1.2447141490323488 -0.5025890054616784 
-0.5916233954402615 1.2447141490323488 -0.5025890054616784 
-0.5916233954402615 1.2447141490323488 -0.5025890054616784 
-0.5916214010115672 1.244705028762315 -0.5025836153629899 
-0.5916214010115672 1.244705028762315 -0.5025836153629899 
-0.5916214010115672 1.244705028762315 -0.5025836153629899 
-0.5916214010115672 1.244705028762315 -0.5025836153629899 
-0.5916273556448661 1.2447319247872268 -0.5025957352278676 
-0.5916273556448661 1.2447319247872268 -0.5025957352278676 
-0.5916262470910529 1.2447268555109214 -0.5025927392749563 
-0.5916262470910529 1.2447268555109214 -0.5025927392749563 
-0.5916262470910529 1.2447268555109214 -0.5025927392749563 
-0.5916262470910529 1.2447268555109214 -0.5025927392749563 
-0.5916262470910529 1.2447268555109214 -0.5025927392749563 
-0.5916253466643471 1.2447223967970251 -0.5025862445181577 
-0.5916253466643471 1.2447223967970251 -0.5025862445181577 
-0.5916253466643471 1.2447223967970251 -0.5025862445181577 
-0.5916255358350058 1.2447227575026178 -0.5025807521299781 
-0.5916255358350058 1.2447227575026178 -0.5025807521299781 
-0.5916244801821371 1.2447187756600424 -0.5025879640661668 
-0.5916269389397865 1.2447303530072629 -0.5025985820447842 
-0.5916269389397865 1.2447303530072629 -0.5025985820447842 
-0.5916209556537035 1.2447029921971617 -0.5025824117487196 
-0.5916209556537035 1.2447029921971617 -0.5025824117487196 
-0.5916209556537035 1.2447029921971617 -0.5025824117487196 
-0.5916209556537035 1.2447029921971617 -0.5025824117487196 
-0.5916268282824084 1.2447279853480082 -0.5025761225024541 
-0.5916268282824084 1.2447279853480082 -0.5025761225024541 
-0.5916268282824084 1.2447279853480082 -0.5025761225024541 
-0.5916249061473297 1.2447203823684503 -0.5025850539866521 
-0.5916249061473297 1.2447203823684503 -0.5025850539866521 
-0.5916269389397862 1.244730353007263 -0.5025985820447845 
-0.5916266876080705 1.2447288699394967 -0.5025939298064623 
-0.5916266876080705 1.2447288699394967 -0.5025939298064623 
-0.5916249206991544 1.2447207900886175 -0.5025891545976733 
-0.5916249206991544 1.2447207900886175 -0.5025891545976733 
-0.5916239819233288 1.2447156516611595 -0.5025765525627959 
-0.5916239819233288 1.2447156516611595 -0.5025765525627959 
-0.5916258303859734 1.2447252837309577 -0.5025955860918729 
-0.5916258303859734 1.2447252837309577 -0.5025955860918729 
-0.5916258303859734 1.2447252837309577 -0.5025955860918729 
-0.5916273556448661 1.2447319247872268 -0.5025957352278676 
-0.5916273556448661 1.2447319247872268 -0.5025957352278676 
-0.5916273556448661 1.2447319247872268 -0.5025957352278676 
-0.5916232993347084 1.2447121890932618 -0.502570646530369 
-0.5916249493519385 1.2447212548738071 -0.5025932050288606 
-0.5916249493519385 1.2447212548738071 -0.5025932050288606 
-0.5916249493519385 1.2447212548738071 -0.5025932050288606 
-0.5916249493519385 1.2447212548738071 -0.5025932050288606 
-0.5916259763520232 1.244724771931193 -0.5025819426614841 
-0.5916259763520232 1.244724771931193 -0.5025819426614841 
-0.5916259763520231 1.244724771931193 -0.5025819426614841 
-0.5916225289580516 1.2447105278953656 -0.5025907250096868 
-0.5916225289580516 1.2447105278953656 -0.5025907250096868 
-0.591621638242324 1.2447064547650595 -0.5025883177811463 
-0.591621638242324 1.2447064547650595 -0.5025883177811463 
-0.591621638242324 1.2447064547650595 -0.5025883177811463 
-0.5916257920222109 1.2447244333621788 -0.502587448132428 
-0.5916257920222109 1.2447244333621788 -0.502587448132428 
-0.5916229549232442 1.2447121346037733 -0.5025878149301721 
-0.5916229549232442 1.2447121346037733 -0.5025878149301721 
-0.5916229549232442 1.2447121346037733 -0.5025878149301721 
-0.5916229549232442 1.2447121346037733 -0.5025878149301721 
-0.5916252792115779 1.244720901643128 -0.5025719360180363 
-0.5916252792115779 1.244720901643128 -0.5025719360180363 
-0.5916244801821371 1.2447187756600424 -0.5025879640661668 
-0.5916244801821371 1.2447187756600424 -0.5025879640661668 
-0.5916244801821371 1.2447187756600424 -0.5025879640661668 
-0.5916253466643471 1.2447223967970251 -0.5025862445181577 
-0.5916253466643471 1.2447223967970251 -0.5025862445181577 
-0.5916253466643471 1.2447223967970251 -0.5025862445181577 
-0.5916253466643471 1.2447223967970251 -0.5025862445181577 
-0.5916249206991544 1.2447207900886175 -0.5025891545976733 
-0.5916236520636895 1.2447160048918384 -0.5025978215736198 
-0.5916236520636895 1.2447160048918384 -0.5025978215736198 
-0.5916237975935166 1.244715313092145 -0.5025820580337403 
-0.5916237975935166 1.244715313092145 -0.5025820580337403 
-0.5916237975935166 1.244715313092145 -0.5025820580337403 
-0.5916258017331892 1.2447248189457685 -0.5025915356606865 
-0.5916233522356527 1.2447132765269917 -0.5025808544194696 
-0.5916233522356527 1.2447132765269917 -0.5025808544194696 
-0.5916233522356527 1.2447132765269917 -0.5025808544194696 
-0.5916255358350058 1.2447227575026178 -0.5025807521299781 
-0.5916255358350058 1.2447227575026178 -0.5025807521299781 
-0.5916266730562457 1.244728462219329 -0.5025898291954409 
-0.5916266730562457 1.244728462219329 -0.5025898291954409 
-0.5916266730562457 1.244728462219329 -0.5025898291954409 
-0.5916266730562457 1.244728462219329 -0.5025898291954409 
-0.5916253466643471 1.2447223967970251 -0.5025862445181577 
-0.5916253466643471 1.2447223967970251 -0.5025862445181577 
-0.5916253466643471 1.2447223967970251 -0.5025862445181577 
-0.5916253466643471 1.2447223967970251 -0.5025862445181577 
-0.5916266730562457 1.244728462219329 -0.5025898291954409 
-0.5916266730562457 1.244728462219329 -0.5025898291954409 
-0.5916249206991544 1.2447207900886175 -0.5025891545976733 
-0.5916249206991544 1.2447207900886175 -0.5025891545976733 
-0.5916245233867459 1.2447196481653995 -0.5025961151083749 
-0.5916245233867459 1.2447196481653995 -0.5025961151083749 
-0.5916237975935166 1.244715313092145 -0.5025820580337403 
-0.5916237975935166 1.244715313092145 -0.5025820580337403 
-0.5916248677982101 1.2447197026548882 -0.5025789467085724 
-0.5916248677982101 1.2447197026548882 -0.5025789467085724 
-0.5916237975935166 1.244715313092145 -0.5025820580337403 
-0.5916237975935166 1.244715313092145 -0.5025820580337403 
-0.5916237975935166 1.244715313092145 -0.5025820580337403 
-0.5916213723587833 1.2447045639771257 -0.502579564931803 
-0.5916213723587833 1.2447045639771257 -0.502579564931803 
-0.5916213723587833 1.2447045639771257 -0.502579564931803 
-0.5916233954402617 1.2447141490323488 -0.5025890054616784 
-0.5916233954402617 1.2447141490323488 -0.5025890054616784 
-0.5916233954402617 1.2447141490323488 -0.5025890054616784 
-0.5916233954402617 1.2447141490323488 -0.5025890054616784 
-0.5916242381105341 1.2447173275207204 -0.5025832485652466 
-0.5916242381105341 1.2447173275207204 -0.5025832485652466 
-0.5916242381105341 1.2447173275207204 -0.5025832485652466 
-0.5916242381105341 1.2447173275207204 -0.5025832485652466 
-0.5916272833512506 1.2447304074967516 -0.5025814136449818 
-0.5916248677982101 1.2447197026548882 -0.5025789467085724 
-0.5916257920222109 1.2447244333621788 -0.502587448132428 
-0.5916257920222109 1.2447244333621788 -0.502587448132428 
-0.5916257920222108 1.2447244333621788 -0.502587448132428 
-0.5916222436818397 1.2447082072506865 -0.5025778584665583 
-0.5916229262704601 1.2447116698185838 -0.5025837644989852 
-0.5916229262704601 1.2447116698185838 -0.5025837644989852 
-0.59162292627046 1.2447116698185838 -0.5025837644989852 
-0.59162292627046 1.2447116698185838 -0.5025837644989852 
-0.5916257920222109 1.2447244333621788 -0.502587448132428 
-0.5916257920222109 1.2447244333621788 -0.502587448132428 
-0.5916257920222109 1.2447244333621788 -0.502587448132428 
-0.5916253466643471 1.2447223967970251 -0.5025862445181577 
-0.5916244272811926 1.2447176882263127 -0.5025777561770657 
-0.5916244272811926 1.2447176882263127 -0.5025777561770657 
-0.5916244272811926 1.2447176882263127 -0.5025777561770657 
-0.5916220642075167 1.2447080614734671 -0.5025854077016314 
-0.5916277432609391 1.2447328517820722 -0.5025867178702732 
-0.5916277432609391 1.2447328517820722 -0.5025867178702732 
-0.5916249493519385 1.2447212548738071 -0.5025932050288606 
-0.5916249493519385 1.2447212548738071 -0.5025932050288606 
-0.5916249493519385 1.2447212548738071 -0.5025932050288606 
-0.5916249493519385 1.2447212548738071 -0.5025932050288606 
-0.591621817716647 1.2447066005422787 -0.5025807685460739 
-0.591621817716647 1.2447066005422787 -0.5025807685460739 
-0.591621817716647 1.2447066005422787 -0.5025807685460739 
-0.591621817716647 1.2447066005422787 -0.5025807685460739 
-0.5916264217098869 1.2447268084963463 -0.5025831462757544 
-0.5916264217098869 1.2447268084963463 -0.5025831462757544 
-0.5916229262704601 1.2447116698185838 -0.5025837644989852 
-0.5916229262704601 1.2447116698185838 -0.5025837644989852 
-0.5916258017331892 1.2447248189457685 -0.5025915356606865 
-0.5916258017331892 1.2447248189457685 -0.5025915356606865 
-0.5916258017331892 1.2447248189457685 -0.5025915356606865 
-0.5916258017331892 1.2447248189457685 -0.5025915356606865 
-0.5916259763520232 1.244724771931193 -0.5025819426614841 
-0.5916259763520232 1.244724771931193 -0.5025819426614841 
-0.591622969475069 1.2447125423239411 -0.5025919155411935 
