-0.70162486779821 1.2447197026548877 -0.5025789467085726 
-0.70162486779821 1.2447197026548877 -0.5025789467085726 
-0.70162486779821 1.2447197026548877 -0.5025789467085726 
-0.7016249061473298 1.2447203823684498 -0.5025850539866521 
-0.7016249061473298 1.2447203823684498 -0.5025850539866521 
-0.7016249061473298 1.2447203823684498 -0.5025850539866521 
-0.7016235365654652 1.244713615096006 -0.5025753489485256 
-0.7016235365654652 1.244713615096006 -0.5025753489485256 
-0.7016235365654652 1.244713615096006 -0.5025753489485256 
-0.7016258017331893 1.2447248189457685 -0.5025915356606865 
-0.7016258017331893 1.2447248189457685 -0.5025915356606865 
-0.7016258017331893 1.2447248189457685 -0.5025915356606865 
-0.7016258017331893 1.2447248189457685 -0.5025915356606865 
-0.7016258017331893 1.2447248189457685 -0.5025915356606865 
-0.7016220836001877 1.2447084913302122 -0.5025895213954166 
-0.7016268573860581 1.244728800788344 -0.5025843237244969 
-0.7016268573860581 1.244728800788344 -0.5025843237244969 
-0.7016244078885214 1.2447172583695667 -0.502573642483281 
-0.7016244078885214 1.2447172583695667 -0.502573642483281 
-0.7016244078885214 1.2447172583695667 -0.502573642483281 
-0.7016244078885214 1.2447172583695667 -0.502573642483281 
-0.7016240780288822 1.2447176116002463 -0.5025949114941053 
-0.7016240780288822 1.2447176116002463 -0.5025949114941053 
-0.7016264023172158 1.2447263786396006 -0.5025790325819695 
-0.7016264023172158 1.2447263786396006 -0.5025790325819695 
-0.7016264023172158 1.2447263786396006 -0.5025790325819695 
-0.7016196632063011 1.2446977643517714 -0.502587041376243 
-0.7016196632063011 1.2446977643517714 -0.502587041376243 
-0.7016196632063011 1.2446977643517714 -0.502587041376243 
-0.7016196632063011 1.2446977643517714 -0.502587041376243 
-0.7016253466643471 1.2447223967970253 -0.5025862445181584 
-0.7016253466643471 1.2447223967970253 -0.5025862445181584 
-0.7016253466643468 1.2447223967970253 -0.5025862445181586 
-0.7016253850281097 1.2447232471658045 -0.5025943824776027 
-0.7016253850281097 1.2447232471658045 -0.5025943824776027 
-0.7016253850281097 1.2447232471658045 -0.5025943824776027 
-0.7016253850281097 1.2447232471658045 -0.5025943824776027 
-0.7016277287091145 1.2447324440619048 -0.5025826172592522 
-0.7016277287091145 1.2447324440619048 -0.5025826172592522 
-0.7016277287091145 1.2447324440619048 -0.5025826172592522 
-0.7016277287091145 1.2447324440619048 -0.5025826172592522 
-0.701625792022211 1.2447244333621785 -0.5025874481324284 
-0.701625792022211 1.2447244333621785 -0.5025874481324284 
-0.7016266876080706 1.2447288699394967 -0.5025939298064626 
-0.7016266876080706 1.2447288699394967 -0.5025939298064626 
-0.7016253466643471 1.2447223967970253 -0.5025862445181584 
-0.7016253466643471 1.2447223967970253 -0.5025862445181584 
-0.7016253466643471 1.2447223967970253 -0.5025862445181584 
-0.7016253466643471 1.2447223967970253 -0.5025862445181584 
-0.7016277432609392 1.2447328517820724 -0.5025867178702736 
-0.7016277432609392 1.2447328517820724 -0.5025867178702736 
-0.7016277432609391 1.2447328517820724 -0.5025867178702736 
-0.7016245330977243 1.2447200337489892 -0.5026002026366325 
-0.7016245330977243 1.2447200337489892 -0.5026002026366325 
-0.7016245330977243 1.2447200337489892 -0.5026002026366325 
-0.7016245330977243 1.2447200337489892 -0.5026002026366325 
-0.7016232115466721 1.2447139904632631 -0.5025966310421139 
-0.7016232115466721 1.2447139904632631 -0.5025966310421139 
-0.7016249206991545 1.2447207900886175 -0.5025891545976737 
-0.7016249206991545 1.2447207900886175 -0.5025891545976737 
-0.7016249206991545 1.2447207900886175 -0.5025891545976737 
-0.7016253660570183 1.2447228266537709 -0.5025903582119438 
-0.7016264023172158 1.2447263786396006 -0.5025790325819695 
-0.7016264023172157 1.2447263786396006 -0.5025790325819695 
-0.7016264023172157 1.2447263786396006 -0.5025790325819695 
-0.7016264023172157 1.2447263786396006 -0.5025790325819695 
-0.7016252937634027 1.2447213093632956 -0.5025760366290575 
-0.7016252937634027 1.2447213093632956 -0.5025760366290575 
-0.7016259618001984 1.2447243642110253 -0.5025778420504627 
-0.7016222436818398 1.2447082072506865 -0.5025778584665583 
-0.7016222436818398 1.2447082072506865 -0.5025778584665583 
-0.7016218177166471 1.2447066005422789 -0.5025807685460735 
-0.7016218177166471 1.2447066005422789 -0.5025807685460735 
-0.7016218177166471 1.2447066005422789 -0.5025807685460735 
-0.7016218177166471 1.2447066005422789 -0.5025807685460735 
-0.7016253850281097 1.2447232471658045 -0.5025943824776027 
-0.7016253850281097 1.2447232471658045 -0.5025943824776027 
-0.7016253850281097 1.2447232471658045 -0.5025943824776027 
-0.7016253850281097 1.2447232471658045 -0.5025943824776027 
-0.7016253850281097 1.2447232471658045 -0.5025943824776027 
-0.7016271135732631 1.2447304766479044 -0.5025910197269476 
-0.7016233954402615 1.2447141490323483 -0.5025890054616782 
-0.7016233954402614 1.2447141490323483 -0.5025890054616782 
-0.7016233954402614 1.2447141490323483 -0.5025890054616782 
-0.7016214010115673 1.244705028762315 -0.5025836153629901 
-0.7016214010115673 1.244705028762315 -0.5025836153629901 
-0.7016214010115673 1.244705028762315 -0.5025836153629901 
-0.7016214010115673 1.244705028762315 -0.5025836153629901 
-0.7016273556448661 1.2447319247872264 -0.5025957352278678 
-0.7016273556448661 1.2447319247872264 -0.5025957352278678 
-0.7016262470910531 1.2447268555109214 -0.5025927392749567 
-0.7016262470910531 1.2447268555109214 -0.5025927392749567 
-0.7016262470910531 1.2447268555109214 -0.5025927392749567 
-0.7016262470910531 1.2447268555109214 -0.5025927392749567 
-0.7016262470910531 1.2447268555109214 -0.5025927392749567 
-0.7016253466643471 1.2447223967970253 -0.5025862445181584 
-0.7016253466643471 1.2447223967970253 -0.5025862445181584 
-0.7016253466643471 1.2447223967970253 -0.5025862445181584 
-0.7016255358350058 1.2447227575026174 -0.5025807521299779 
-0.7016255358350058 1.2447227575026174 -0.5025807521299779 
-0.7016244801821371 1.2447187756600422 -0.502587964066167 
-0.7016269389397864 1.2447303530072626 -0.5025985820447851 
-0.7016269389397864 1.2447303530072626 -0.5025985820447851 
-0.7016209556537039 1.244702992197162 -0.5025824117487199 
-0.7016209556537039 1.244702992197162 -0.5025824117487199 
-0.7016209556537039 1.244702992197162 -0.5025824117487199 
-0.7016209556537039 1.244702992197162 -0.5025824117487199 
-0.7016268282824084 1.2447279853480082 -0.5025761225024543 
-0.7016268282824084 1.2447279853480082 -0.5025761225024543 
-0.7016268282824084 1.2447279853480082 -0.5025761225024543 
-0.7016249061473298 1.2447203823684498 -0.5025850539866521 
-0.7016249061473298 1.2447203823684498 -0.5025850539866521 
-0.7016269389397862 1.2447303530072626 -0.5025985820447854 
-0.7016266876080706 1.2447288699394967 -0.5025939298064626 
-0.7016266876080706 1.2447288699394967 -0.5025939298064626 
-0.7016249206991545 1.2447207900886175 -0.5025891545976737 
-0.7016249206991545 1.2447207900886175 -0.5025891545976737 
-0.7016239819233289 1.244715651661159 -0.5025765525627961 
-0.7016239819233289 1.244715651661159 -0.5025765525627961 
-0.7016258303859734 1.2447252837309577 -0.5025955860918732 
-0.7016258303859734 1.2447252837309577 -0.5025955860918732 
-0.7016258303859734 1.2447252837309577 -0.5025955860918732 
-0.7016273556448661 1.2447319247872264 -0.5025957352278678 
-0.7016273556448661 1.2447319247872264 -0.5025957352278678 
-0.7016273556448661 1.2447319247872264 -0.5025957352278678 
-0.7016232993347085 1.2447121890932622 -0.5025706465303694 
-0.7016249493519385 1.244721254873807 -0.5025932050288606 
-0.7016249493519385 1.244721254873807 -0.5025932050288606 
-0.7016249493519385 1.244721254873807 -0.5025932050288606 
-0.7016249493519385 1.244721254873807 -0.5025932050288606 
-0.7016259763520232 1.244724771931193 -0.5025819426614846 
-0.7016259763520232 1.244724771931193 -0.5025819426614846 
-0.7016259763520231 1.244724771931193 -0.5025819426614846 
-0.7016225289580516 1.2447105278953656 -0.5025907250096868 
-0.7016225289580516 1.2447105278953656 -0.5025907250096868 
-0.701621638242324 1.244706454765059 -0.5025883177811465 
-0.701621638242324 1.244706454765059 -0.5025883177811465 
-0.701621638242324 1.244706454765059 -0.5025883177811465 
-0.701625792022211 1.2447244333621785 -0.5025874481324284 
-0.701625792022211 1.2447244333621785 -0.5025874481324284 
-0.7016229549232442 1.244712134603773 -0.5025878149301721 
-0.7016229549232442 1.244712134603773 -0.5025878149301721 
-0.7016229549232442 1.244712134603773 -0.5025878149301721 
-0.7016229549232442 1.244712134603773 -0.5025878149301721 
-0.7016252792115779 1.244720901643128 -0.5025719360180361 
-0.7016252792115779 1.244720901643128 -0.5025719360180361 
-0.7016244801821371 1.2447187756600422 -0.502587964066167 
-0.7016244801821371 1.2447187756600422 -0.502587964066167 
-0.7016244801821371 1.2447187756600422 -0.502587964066167 
-0.7016253466643471 1.2447223967970253 -0.5025862445181584 
-0.7016253466643471 1.2447223967970253 -0.5025862445181584 
-0.7016253466643471 1.2447223967970253 -0.5025862445181584 
-0.7016253466643471 1.2447223967970253 -0.5025862445181584 
-0.7016249206991545 1.2447207900886175 -0.5025891545976737 
-0.7016236520636895 1.2447160048918384 -0.50259782157362 
-0.7016236520636895 1.2447160048918384 -0.50259782157362 
-0.7016237975935166 1.2447153130921447 -0.5025820580337403 
-0.7016237975935166 1.2447153130921447 -0.5025820580337403 
-0.7016237975935166 1.2447153130921447 -0.5025820580337403 
-0.7016258017331893 1.2447248189457685 -0.5025915356606865 
-0.7016233522356529 1.2447132765269915 -0.5025808544194699 
-0.7016233522356529 1.2447132765269915 -0.5025808544194699 
-0.7016233522356529 1.2447132765269915 -0.5025808544194699 
-0.7016255358350058 1.2447227575026174 -0.5025807521299779 
-0.7016255358350058 1.2447227575026174 -0.5025807521299779 
-0.7016266730562457 1.244728462219329 -0.5025898291954412 
-0.7016266730562457 1.244728462219329 -0.5025898291954412 
-0.7016266730562457 1.244728462219329 -0.5025898291954412 
-0.7016266730562457 1.244728462219329 -0.5025898291954412 
-0.7016253466643471 1.2447223967970253 -0.5025862445181584 
-0.7016253466643471 1.2447223967970253 -0.5025862445181584 
-0.7016253466643471 1.2447223967970253 -0.5025862445181584 
-0.7016253466643471 1.2447223967970253 -0.5025862445181584 
-0.7016266730562457 1.244728462219329 -0.5025898291954412 
-0.7016266730562457 1.244728462219329 -0.5025898291954412 
-0.7016249206991545 1.2447207900886175 -0.5025891545976737 
-0.7016249206991545 1.2447207900886175 -0.5025891545976737 
-0.701624523386746 1.2447196481653993 -0.5025961151083747 
-0.701624523386746 1.2447196481653993 -0.5025961151083747 
-0.7016237975935166 1.2447153130921447 -0.5025820580337403 
-0.7016237975935166 1.2447153130921447 -0.5025820580337403 
-0.70162486779821 1.2447197026548877 -0.5025789467085726 
-0.70162486779821 1.2447197026548877 -0.5025789467085726 
-0.7016237975935166 1.2447153130921447 -0.5025820580337403 
-0.7016237975935166 1.2447153130921447 -0.5025820580337403 
-0.7016237975935166 1.2447153130921447 -0.5025820580337403 
-0.7016213723587835 1.2447045639771257 -0.5025795649318032 
-0.7016213723587835 1.2447045639771257 -0.5025795649318032 
-0.7016213723587835 1.2447045639771257 -0.5025795649318032 
-0.7016233954402615 1.2447141490323483 -0.5025890054616782 
-0.7016233954402615 1.2447141490323483 -0.5025890054616782 
-0.7016233954402615 1.2447141490323483 -0.5025890054616782 
-0.7016233954402615 1.2447141490323483 -0.5025890054616782 
-0.701624238110534 1.2447173275207202 -0.5025832485652466 
-0.701624238110534 1.2447173275207202 -0.5025832485652466 
-0.701624238110534 1.2447173275207202 -0.5025832485652466 
-0.701624238110534 1.2447173275207202 -0.5025832485652466 
-0.7016272833512508 1.2447304074967516 -0.5025814136449822 
-0.70162486779821 1.2447197026548877 -0.5025789467085726 
-0.701625792022211 1.2447244333621785 -0.5025874481324284 
-0.701625792022211 1.2447244333621785 -0.5025874481324284 
-0.7016257920222109 1.2447244333621785 -0.5025874481324284 
-0.7016222436818398 1.2447082072506865 -0.5025778584665583 
-0.7016229262704602 1.2447116698185838 -0.5025837644989852 
-0.7016229262704602 1.2447116698185838 -0.5025837644989852 
-0.7016229262704601 1.2447116698185838 -0.5025837644989852 
-0.7016229262704601 1.2447116698185838 -0.5025837644989852 
-0.701625792022211 1.2447244333621785 -0.5025874481324284 
-0.701625792022211 1.2447244333621785 -0.5025874481324284 
-0.701625792022211 1.2447244333621785 -0.5025874481324284 
-0.7016253466643471 1.2447223967970253 -0.5025862445181584 
-0.7016244272811927 1.2447176882263127 -0.5025777561770663 
-0.7016244272811927 1.2447176882263127 -0.5025777561770663 
-0.7016244272811927 1.2447176882263127 -0.5025777561770663 
-0.7016220642075167 1.2447080614734667 -0.5025854077016316 
-0.7016277432609392 1.2447328517820724 -0.5025867178702736 
-0.7016277432609392 1.2447328517820724 -0.5025867178702736 
-0.7016249493519385 1.244721254873807 -0.5025932050288606 
-0.7016249493519385 1.244721254873807 -0.5025932050288606 
-0.7016249493519385 1.244721254873807 -0.5025932050288606 
-0.7016249493519385 1.244721254873807 -0.5025932050288606 
-0.7016218177166471 1.2447066005422789 -0.5025807685460735 
-0.7016218177166471 1.2447066005422789 -0.5025807685460735 
-0.7016218177166471 1.2447066005422789 -0.5025807685460735 
-0.7016218177166471 1.2447066005422789 -0.5025807685460735 
-0.701626421709887 1.244726808496346 -0.5025831462757544 
-0.701626421709887 1.244726808496346 -0.5025831462757544 
-0.7016229262704602 1.2447116698185838 -0.5025837644989852 
-0.7016229262704602 1.2447116698185838 -0.5025837644989852 
-0.7016258017331893 1.2447248189457685 -0.5025915356606865 
-0.7016258017331893 1.2447248189457685 -0.5025915356606865 
-0.7016258017331893 1.2447248189457685 -0.5025915356606865 
-0.7016258017331893 1.2447248189457685 -0.5025915356606865 
-0.7016259763520232 1.244724771931193 -0.5025819426614846 
-0.7016259763520232 1.244724771931193 -0.5025819426614846 
-0.7016229694750689 1.244712542323941 -0.5025919155411933 
