-0.6060227138197425 1.0554372450294143 -0.27905563818887513 
-0.6060235591321844 1.0554404601935106 -0.2790498180298695 
-0.6060235591321844 1.0554404601935106 -0.2790498180298695 
-0.6060235591321844 1.0554404601935106 -0.2790498180298695 
-0.6053849228048119 1.0524909721787992 -0.2773074452113353 
-0.6053849228048119 1.0524909721787992 -0.2773074452113353 
-0.6052517333709845 1.0518755035919434 -0.2769400051733104 
-0.6052517333709845 1.0518755035919434 -0.2769400051733104 
-0.6052517333709845 1.0518755035919434 -0.2769400051733104 
-0.6054040264418228 1.0525795451351738 -0.2773636283057226 
-0.6054040264418227 1.0525795451351738 -0.27736362830572225 
-0.6054040264418227 1.0525795451351738 -0.27736362830572225 
-0.6054040264418227 1.0525795451351738 -0.27736362830572225 
-0.6054040264418227 1.0525795451351738 -0.27736362830572225 
-0.6057528987434783 1.0541914712762361 -0.2783235728056861 
-0.6057528987434783 1.0541914712762361 -0.2783235728056861 
-0.6057528987434783 1.0541914712762361 -0.2783235728056861 
-0.6057528987434783 1.0541914712762361 -0.2783235728056861 
-0.6057528987434783 1.0541914712762361 -0.2783235728056861 
-0.6057528987434783 1.0541914712762361 -0.2783235728056861 
-0.6057528987434783 1.0541914712762361 -0.2783235728056861 
-0.6066343849897466 1.058261507898967 -0.2807163163567856 
-0.6066343849897466 1.058261507898967 -0.2807163163567856 
-0.6066343849897466 1.058261507898967 -0.2807163163567856 
-0.6066343849897466 1.058261507898967 -0.2807163163567856 
-0.6066343849897466 1.058261507898967 -0.2807163163567856 
-0.607397680401583 1.0617870678014578 -0.2828028561106001 
-0.607397680401583 1.0617870678014578 -0.2828028561106001 
-0.607397680401583 1.0617870678014578 -0.2828028561106001 
-0.6078895511348481 1.0640583868780873 -0.28414074944997814 
-0.6078895511348481 1.0640583868780873 -0.28414074944997814 
-0.6080909567934992 1.0649885619258026 -0.28469023861946563 
-0.6080909567934992 1.0649885619258026 -0.28469023861946563 
-0.6084723001891182 1.066750453075689 -0.28573877305564976 
-0.6084723001891182 1.066750453075689 -0.28573877305564976 
-0.6084723001891182 1.066750453075689 -0.28573877305564976 
-0.6084723001891182 1.066750453075689 -0.28573877305564976 
-0.6084723001891182 1.066750453075689 -0.28573877305564976 
-0.6090861545102 1.0695851430644256 -0.28740947065092337 
-0.6090861545102 1.0695851430644256 -0.28740947065092337 
-0.6093645523164157 1.0708705554320086 -0.28816495204528403 
-0.6093645523164157 1.0708705554320086 -0.28816495204528403 
-0.6093645523164157 1.0708705554320086 -0.28816495204528403 
-0.6093645523164157 1.0708705554320086 -0.28816495204528403 
-0.6093645523164157 1.0708705554320086 -0.28816495204528403 
-0.6095205593891323 1.0715914053596105 -0.28859464478031305 
-0.6095205593891323 1.0715914053596105 -0.28859464478031305 
-0.6095205593891323 1.0715914053596105 -0.28859464478031305 
-0.6102162818142639 1.0748048851221816 -0.29049682713030356 
-0.6102162818142639 1.0748048851221816 -0.29049682713030356 
-0.6102162818142639 1.0748048851221816 -0.29049682713030356 
-0.6102162818142639 1.0748048851221816 -0.29049682713030356 
-0.6104505645137462 1.07588621116997 -0.29112788736875705 
-0.6104505645137462 1.07588621116997 -0.29112788736875705 
-0.6104505645137462 1.07588621116997 -0.29112788736875705 
-0.6104505645137462 1.07588621116997 -0.29112788736875705 
-0.6104505645137462 1.07588621116997 -0.29112788736875705 
-0.6110973454043112 1.0788733141628641 -0.2928924807609058 
-0.6110973454043112 1.0788733141628641 -0.2928924807609058 
-0.6110973454043112 1.0788733141628641 -0.2928924807609058 
-0.6117122972402169 1.0817130729312499 -0.2945661726737827 
-0.6117122972402169 1.0817130729312499 -0.2945661726737827 
-0.6117122972402169 1.0817130729312499 -0.2945661726737827 
-0.6117122972402169 1.0817130729312499 -0.2945661726737827 
-0.6122759742779603 1.084317401049138 -0.29611622585453423 
-0.6122759742779603 1.084317401049138 -0.29611622585453423 
-0.6122759742779603 1.084317401049138 -0.29611622585453423 
-0.6122759742779603 1.084317401049138 -0.29611622585453423 
-0.6122759742779603 1.084317401049138 -0.29611622585453423 
-0.6131085673194989 1.088162317369651 -0.2983837019050093 
-0.6131085673194989 1.088162317369651 -0.2983837019050093 
-0.6131085673194989 1.088162317369651 -0.2983837019050093 
-0.6131085673194989 1.088162317369651 -0.2983837019050093 
-0.613868977332546 1.0916738624610682 -0.30045424310944957 
-0.613868977332546 1.0916738624610682 -0.30045424310944957 
-0.613868977332546 1.0916738624610682 -0.30045424310944957 
-0.6140804609007142 1.0926502370638462 -0.301027164344687 
-0.6140804609007142 1.0926502370638462 -0.301027164344687 
-0.6140804609007142 1.0926502370638462 -0.301027164344687 
-0.6140804609007142 1.0926502370638462 -0.301027164344687 
-0.6147824953728124 1.0958920149202076 -0.30293649799801203 
-0.6147824953728124 1.0958920149202076 -0.30293649799801203 
-0.6155381618397748 1.0993831947469916 -0.3050122935944376 
-0.6155381618397748 1.0993831947469916 -0.3050122935944376 
-0.6155381618397748 1.0993831947469916 -0.3050122935944376 
-0.6155381618397748 1.0993831947469916 -0.3050122935944376 
-0.6160982643084021 1.101969636338655 -0.3065363415823389 
-0.6160982643084021 1.101969636338655 -0.3065363415823389 
-0.6162588462059774 1.102710925868899 -0.3069703892780392 
-0.6162588462059774 1.102710925868899 -0.3069703892780392 
-0.6162588462059774 1.102710925868899 -0.3069703892780392 
-0.6171507096951673 1.1068302665930803 -0.3094076975580249 
-0.6171507096951673 1.1068302665930803 -0.3094076975580249 
-0.6171507096951673 1.1068302665930803 -0.3094076975580249 
-0.6171507096951673 1.1068302665930803 -0.3094076975580249 
-0.6171507096951673 1.1068302665930803 -0.3094076975580249 
-0.6171507096951673 1.1068302665930803 -0.3094076975580249 
-0.6171507096951673 1.1068302665930803 -0.3094076975580249 
-0.6177123639553236 1.109424219423102 -0.3109400424534938 
-0.6177123639553236 1.109424219423102 -0.3109400424534938 
-0.6183448986577877 1.1123458720178527 -0.31266983158731165 
-0.6183448986577877 1.1123458720178527 -0.31266983158731165 
-0.6183448986577877 1.1123458720178527 -0.31266983158731165 
-0.6189477844241101 1.1151299046615322 -0.31431060399535027 
-0.6189477844241101 1.1151299046615322 -0.31431060399535027 
-0.6189477844241101 1.1151299046615322 -0.31431060399535027 
-0.6189477844241101 1.1151299046615322 -0.31431060399535027 
-0.6192204931812899 1.1163893870560249 -0.31505462732368406 
-0.6192204931812899 1.1163893870560249 -0.31505462732368406 
-0.6192204931812899 1.1163893870560249 -0.31505462732368406 
-0.6192204931812899 1.1163893870560249 -0.31505462732368406 
-0.6192204931812899 1.1163893870560249 -0.31505462732368406 
-0.6198639982367358 1.1193617053007698 -0.31681434655077345 
-0.6198639982367358 1.1193617053007698 -0.31681434655077345 
-0.6198639982367358 1.1193617053007698 -0.31681434655077345 
-0.6198639982367358 1.1193617053007698 -0.31681434655077345 
-0.6204860025511998 1.122234724186686 -0.3185154059349141 
-0.6204860025511998 1.122234724186686 -0.3185154059349141 
-0.6206726773233758 1.1230961770375123 -0.3190165788573318 
-0.6206726773233758 1.1230961770375123 -0.3190165788573318 
-0.6206726773233758 1.1230961770375123 -0.3190165788573318 
-0.6206726773233758 1.1230961770375123 -0.3190165788573318 
-0.6213708457817229 1.1263216424383105 -0.32093356104844817 
-0.6213708457817229 1.1263216424383105 -0.32093356104844817 
-0.6213708457817229 1.1263216424383105 -0.32093356104844817 
-0.6213708457817229 1.1263216424383105 -0.32093356104844817 
-0.6213708457817229 1.1263216424383105 -0.32093356104844817 
-0.6221029392670735 1.1297020656147465 -0.32292278389822515 
-0.6226134736723681 1.1320599257065913 -0.32431565998839573 
-0.6226134736723681 1.1320599257065913 -0.32431565998839573 
-0.622949571627131 1.1336118213437487 -0.32522856301091185 
-0.622949571627131 1.1336118213437487 -0.32522856301091185 
-0.6235639309523843 1.1364502213319034 -0.32691689119474854 
-0.6235639309523843 1.1364502213319034 -0.32691689119474854 
-0.6235639309523843 1.1364502213319034 -0.32691689119474854 
-0.6235639309523843 1.1364502213319034 -0.32691689119474854 
-0.6241114802554242 1.138977653926865 -0.32839450114769075 
-0.6241114802554242 1.138977653926865 -0.32839450114769075 
-0.6241114802554242 1.138977653926865 -0.32839450114769075 
-0.6246718504369717 1.1415663651882555 -0.32993146912926197 
-0.6246718504369717 1.1415663651882555 -0.32993146912926197 
-0.6246718504369717 1.1415663651882555 -0.32993146912926197 
-0.6251876500362666 1.1439485421345184 -0.3313387100942716 
-0.6251876500362666 1.1439485421345184 -0.3313387100942716 
-0.6255445929803907 1.1455967085969514 -0.3323084838917637 
-0.6255445929803907 1.1455967085969514 -0.3323084838917637 
-0.6261187992073196 1.14824966488705 -0.33388726355150156 
-0.6264962836771579 1.149991158250618 -0.3348948841229067 
-0.6264962836771579 1.149991158250618 -0.3348948841229067 
-0.6264962836771579 1.149991158250618 -0.3348948841229067 
-0.6264962836771579 1.149991158250618 -0.3348948841229067 
-0.6264962836771579 1.149991158250618 -0.3348948841229067 
-0.6273778820280298 1.1540639438620104 -0.3373142559960105 
-0.6273778820280298 1.1540639438620104 -0.3373142559960105 
-0.6279485321934178 1.15669944352162 -0.33887114415668695 
-0.6279485321934178 1.15669944352162 -0.33887114415668695 
-0.6285369720949456 1.1594174479972483 -0.3404806307344219 
-0.6285369720949456 1.1594174479972483 -0.3404806307344219 
-0.6285369720949456 1.1594174479972483 -0.3404806307344219 
-0.6285369720949456 1.1594174479972483 -0.3404806307344219 
-0.629038071828842 1.1617317348549703 -0.3418477664864821 
-0.629038071828842 1.1617317348549703 -0.3418477664864821 
-0.629038071828842 1.1617317348549703 -0.3418477664864821 
-0.629038071828842 1.1617317348549703 -0.3418477664864821 
-0.6298489596574465 1.165476751900249 -0.344060088039272 
-0.6298489596574465 1.165476751900249 -0.344060088039272 
-0.6298489596574465 1.165476751900249 -0.344060088039272 
-0.6298489596574465 1.165476751900249 -0.344060088039272 
-0.6298489596574465 1.165476751900249 -0.344060088039272 
-0.630527757964677 1.1686113802115696 -0.3459079704130229 
-0.630527757964677 1.1686113802115696 -0.3459079704130229 
-0.630527757964677 1.1686113802115696 -0.3459079704130229 
-0.630527757964677 1.1686113802115696 -0.3459079704130229 
-0.6312640185297965 1.1720110486944622 -0.34790856218468913 
-0.6312640185297964 1.1720110486944622 -0.3479085621846888 
-0.6314599891400158 1.1729171556895768 -0.3484554126707953 
-0.6314599891400158 1.1729171556895768 -0.3484554126707953 
-0.6314599891400158 1.1729171556895768 -0.3484554126707953 
-0.6314599891400158 1.1729171556895768 -0.3484554126707953 
-0.6314599891400158 1.1729171556895768 -0.3484554126707953 
-0.6321332807661438 1.176026007438604 -0.3502842081273947 
-0.6321332807661438 1.176026007438604 -0.3502842081273947 
-0.6323305676748632 1.1769381936473227 -0.3508346498322106 
-0.6323305676748632 1.1769381936473227 -0.3508346498322106 
-0.6323305676748632 1.1769381936473227 -0.3508346498322106 
-0.6323305676748632 1.1769381936473227 -0.3508346498322106 
-0.6327346469608284 1.178803366488898 -0.3519248979326778 
-0.6327346469608284 1.178803366488898 -0.3519248979326778 
-0.6327346469608284 1.178803366488898 -0.3519248979326778 
-0.6327346469608284 1.178803366488898 -0.3519248979326778 
-0.6327346469608284 1.178803366488898 -0.3519248979326778 
-0.6335876450267467 1.1827425216935277 -0.3542480444145343 
-0.6335876450267467 1.1827425216935277 -0.3542480444145343 
-0.6339497131327013 1.1844160803839197 -0.35525211704175275 
-0.6339497131327013 1.1844160803839197 -0.35525211704175275 
-0.6342155738832754 1.1856429025772877 -0.3559652675535594 
-0.6349434794492619 1.1890038194787156 -0.3579411213557685 
-0.6349434794492619 1.1890038194787156 -0.3579411213557685 
-0.6349434794492619 1.1890038194787156 -0.3579411213557685 
-0.6349434794492619 1.1890038194787156 -0.3579411213557685 
-0.6354147776357362 1.1911809795458619 -0.3592329568871119 
-0.6354147776357362 1.1911809795458619 -0.3592329568871119 
-0.6354147776357362 1.1911809795458619 -0.3592329568871119 
-0.6354147776357362 1.1911809795458619 -0.3592329568871119 
-0.6354147776357362 1.1911809795458619 -0.3592329568871119 
-0.6364479459346147 1.1959532690358554 -0.3620598461477954 
-0.6364479459346147 1.1959532690358554 -0.3620598461477954 
-0.6368537963951924 1.1978269663180567 -0.36315898969228166 
-0.6368537963951924 1.1978269663180567 -0.36315898969228166 
-0.6368537963951924 1.1978269663180567 -0.36315898969228166 
-0.6368537963951924 1.1978269663180567 -0.36315898969228166 
-0.6368537963951924 1.1978269663180567 -0.36315898969228166 
-0.6368537963951924 1.1978269663180567 -0.36315898969228166 
-0.6368537963951924 1.1978269663180567 -0.36315898969228166 
-0.6374029953482501 1.200364428622921 -0.3646695427379175 
-0.6374029953482501 1.200364428622921 -0.3646695427379175 
-0.6374029953482501 1.200364428622921 -0.3646695427379175 
-0.6374029953482501 1.200364428622921 -0.3646695427379175 
-0.6379562808313483 1.2029190421218083 -0.3661709289434135 
-0.6387369075067684 1.2065246450034237 -0.3683047530769049 
-0.6387369075067684 1.2065246450034237 -0.3683047530769049 
-0.6387369075067684 1.2065246450034237 -0.3683047530769049 
-0.6387369075067684 1.2065246450034237 -0.3683047530769049 
-0.638891989916129 1.2072401911911204 -0.36871973347959996 
-0.6396616474373823 1.2107951339593659 -0.3708236307905105 
-0.6400589729787863 1.2126301484614872 -0.37190764244750507 
-0.6400589729787863 1.2126301484614872 -0.37190764244750507 
-0.6400589729787863 1.2126301484614872 -0.37190764244750507 
-0.6400589729787863 1.2126301484614872 -0.37190764244750507 
-0.6400589729787863 1.2126301484614872 -0.37190764244750507 
-0.6406651679989337 1.2154298090349125 -0.3735615065961059 
-0.6410366361587659 1.217146092241205 -0.37458309871524076 
-0.6410366361587659 1.217146092241205 -0.37458309871524076 
-0.6410366361587659 1.217146092241205 -0.37458309871524076 
-0.6415462125476076 1.2194979854119794 -0.3759551650070667 
-0.6415462125476075 1.2194979854119794 -0.3759551650070664 
-0.6415462125476075 1.2194979854119794 -0.3759551650070664 
-0.6415462125476075 1.2194979854119794 -0.3759551650070664 
-0.6420195484227998 1.2216859340528539 -0.37726881270540746 
-0.6420195484227998 1.2216859340528539 -0.37726881270540746 
-0.6430116127341806 1.2262666661430364 -0.37996324315830154 
-0.6433331396375019 1.2277538422711136 -0.3808667780776247 
-0.6433331396375018 1.2277538422711136 -0.38086677807762437 
-0.6433331396375018 1.2277538422711136 -0.38086677807762437 
-0.6433331396375018 1.2277538422711136 -0.38086677807762437 
-0.6433331396375018 1.2277538422711136 -0.38086677807762437 
-0.6437847481648757 1.2298369825025868 -0.3820685027476255 
-0.6437847481648757 1.2298369825025868 -0.3820685027476255 
-0.6437847481648757 1.2298369825025868 -0.3820685027476255 
-0.6437847481648757 1.2298369825025868 -0.3820685027476255 
-0.644367495420924 1.2325290403952516 -0.3836665214472611 
-0.644367495420924 1.2325290403952516 -0.3836665214472611 
-0.644367495420924 1.2325290403952516 -0.3836665214472611 
-0.644367495420924 1.2325290403952516 -0.3836665214472611 
-0.6449203421378553 1.2350816274896046 -0.38516671057985363 
-0.6449203421378553 1.2350816274896046 -0.38516671057985363 
-0.6449203421378553 1.2350816274896046 -0.38516671057985363 
-0.6457529662004705 1.2389273759184665 -0.38744239766444977 
-0.6457529662004705 1.2389273759184665 -0.38744239766444977 
-0.6457529662004705 1.2389273759184665 -0.38744239766444977 
-0.6460450337940801 1.2402772987264472 -0.38825142674050717 
-0.6464655841200558 1.2422188860971883 -0.3893906754979416 
-0.6464655841200558 1.2422188860971883 -0.3893906754979416 
-0.6464655841200558 1.2422188860971883 -0.3893906754979416 
-0.6468132944671049 1.2438240681686556 -0.39033119707067854 
-0.6468132944671049 1.2438240681686556 -0.39033119707067854 
-0.6468132944671049 1.2438240681686556 -0.39033119707067854 
-0.6471799200891578 1.2455176421025786 -0.3913355142354712 
-0.6471799200891578 1.2455176421025786 -0.3913355142354712 
-0.6471799200891578 1.2455176421025786 -0.3913355142354712 
-0.6471799200891578 1.2455176421025786 -0.3913355142354712 
-0.6471799200891578 1.2455176421025786 -0.3913355142354712 
-0.6477606642740086 1.2481997601397372 -0.3929199416143031 
-0.6477606642740086 1.2481997601397372 -0.3929199416143031 
-0.6480733329722475 1.2496444829918691 -0.3937811128816421 
-0.6480733329722475 1.2496444829918691 -0.3937811128816421 
-0.6480733329722475 1.2496444829918691 -0.3937811128816421 
-0.6480733329722475 1.2496444829918691 -0.3937811128816421 
-0.6485983514563011 1.2520692365798602 -0.39521350546038325 
-0.6485983514563011 1.2520692365798602 -0.39521350546038325 
-0.6491060028604354 1.25441309293388 -0.3965903895425623 
-0.6491060028604354 1.25441309293388 -0.3965903895425623 
-0.6491060028604354 1.25441309293388 -0.3965903895425623 
-0.6497359395834204 1.2573234358196441 -0.39832121708515456 
-0.6497359395834204 1.2573234358196441 -0.39832121708515456 
-0.6497359395834204 1.2573234358196441 -0.39832121708515456 
-0.6497359395834201 1.2573234358196441 -0.39832121708515456 
-0.6497359395834201 1.2573234358196441 -0.39832121708515456 
-0.6502723426849737 1.2598004238833063 -0.39978060678282723 
-0.6502723426849737 1.2598004238833063 -0.39978060678282723 
-0.6506946343633 1.2617497091229488 -0.40092054322085124 
-0.6506946343633 1.2617497091229488 -0.40092054322085124 
-0.6506946343633 1.2617497091229488 -0.40092054322085124 
-0.6506946343633 1.2617497091229488 -0.40092054322085124 
-0.6513379361456082 1.2647214329879135 -0.4026837710638955 
-0.6513379361456082 1.2647214329879135 -0.4026837710638955 
-0.6516860828611943 1.2663286303906667 -0.4036254831681524 
-0.6516860828611943 1.2663286303906667 -0.4036254831681524 
-0.6516860828611943 1.2663286303906667 -0.4036254831681524 
-0.6522633306290281 1.2689949449407845 -0.40520443457478283 
-0.6522633306290281 1.2689949449407845 -0.40520443457478283 
-0.6522633306290281 1.2689949449407845 -0.40520443457478283 
-0.6522633306290281 1.2689949449407845 -0.40520443457478283 
-0.6532901428125634 1.2737378792481462 -0.4080139826318244 
-0.6532901428125634 1.2737378792481462 -0.4080139826318244 
-0.6532901428125634 1.2737378792481462 -0.4080139826318244 
-0.653642240821279 1.275363325364961 -0.4089664749335927 
-0.653642240821279 1.275363325364961 -0.4089664749335927 
-0.6541933461858599 1.2779082145904126 -0.4104659763855968 
-0.6541933461858599 1.2779082145904126 -0.4104659763855968 
-0.6547091433875253 1.280290380463426 -0.41187321080922457 
-0.6547091433875253 1.280290380463426 -0.41187321080922457 
-0.6551826354704418 1.282477852553678 -0.4131731518145759 
-0.6551826354704418 1.282477852553678 -0.4131731518145759 
-0.6551826354704418 1.282477852553678 -0.4131731518145759 
-0.6551826354704418 1.282477852553678 -0.4131731518145759 
-0.6551826354704418 1.282477852553678 -0.4131731518145759 
-0.655929229144497 1.2859255880487468 -0.415205998305329 
-0.6564290286898391 1.2882342145153514 -0.4165736499910858 
-0.6564290286898391 1.2882342145153514 -0.4165736499910858 
-0.656685925755073 1.289420327524105 -0.41727047154249763 
-0.656685925755073 1.289420327524105 -0.41727047154249763 
-0.6572408077630932 1.291983692118937 -0.41879246630070555 
-0.6575605655874452 1.293458242906384 -0.4196386180834565 
-0.6575605655874452 1.293458242906384 -0.4196386180834565 
-0.6575605655874452 1.293458242906384 -0.4196386180834565 
-0.6575605655874452 1.293458242906384 -0.4196386180834565 
-0.6575605655874452 1.293458242906384 -0.4196386180834565 
-0.6580911619173244 1.2959102922203691 -0.42110433627550103 
-0.6580911619173244 1.2959102922203691 -0.42110433627550103 
-0.6580911619173244 1.2959102922203691 -0.42110433627550103 
-0.6580911619173244 1.2959102922203691 -0.42110433627550103 
-0.6580911619173244 1.2959102922203691 -0.42110433627550103 
-0.6580911619173244 1.2959102922203691 -0.42110433627550103 
-0.6586335516030962 1.2984163064985732 -0.4225963117963004 
-0.6593171787357894 1.3015732363330257 -0.42445736851336824 
-0.6593171787357894 1.3015732363330257 -0.42445736851336824 
-0.6599005555176404 1.304267512797393 -0.4260489783296194 
-0.6599005555176404 1.304267512797393 -0.4260489783296194 
-0.6599005555176404 1.304267512797393 -0.4260489783296194 
-0.6599005555176404 1.304267512797393 -0.4260489783296194 
-0.6604832335386471 1.3069578732536142 -0.4276305553368672 
-0.6604832335386471 1.3069578732536142 -0.4276305553368672 
-0.6612537548799173 1.3105164610816915 -0.4297327461825603 
-0.6617809141353171 1.3129502480788307 -0.4311609096953276 
-0.6617809141353171 1.3129502480788307 -0.4311609096953276 
-0.6617809141353171 1.3129502480788307 -0.4311609096953276 
-0.6618570943235371 1.3133029334157673 -0.4313788195452172 
-0.6618570943235371 1.3133029334157673 -0.4313788195452172 
-0.6618570943235371 1.3133029334157673 -0.4313788195452172 
-0.6618570943235371 1.3133029334157673 -0.4313788195452172 
-0.6625869779337177 1.3166729857474753 -0.4333600699875634 
-0.6625869779337177 1.3166729857474753 -0.4333600699875634 
-0.6628028974277808 1.3176707008626287 -0.43395516329955963 
-0.6628028974277808 1.3176707008626287 -0.43395516329955963 
-0.6628028974277808 1.3176707008626287 -0.43395516329955963 
-0.663391130459727 1.3203880943486028 -0.43556814868117655 
-0.663840892154493 1.3224652808025055 -0.43679522036217844 
-0.663840892154493 1.3224652808025055 -0.43679522036217844 
-0.663840892154493 1.3224652808025055 -0.43679522036217844 
-0.6645150959304751 1.325579034078824 -0.43863463081077836 
-0.6647606035829505 1.3267128904654084 -0.43930444216049447 
-0.6647606035829505 1.3267128904654084 -0.43930444216049447 
-0.6654167833285782 1.3297427124375787 -0.4410865517738679 
-0.6654167833285782 1.3297427124375787 -0.4410865517738679 
-0.6657715783740767 1.3313819922715489 -0.44206265512268017 
-0.6657715783740767 1.3313819922715489 -0.44206265512268017 
-0.6657715783740767 1.3313819922715489 -0.44206265512268017 
-0.6657715783740767 1.3313819922715489 -0.44206265512268017 
-0.666246981663775 1.3335769134288857 -0.44335155761716327 
-0.666246981663775 1.3335769134288857 -0.44335155761716327 
-0.666246981663775 1.3335769134288857 -0.44335155761716327 
-0.666246981663775 1.3335769134288857 -0.44335155761716327 
-0.6669773797289831 1.3369508841306312 -0.4453524077021874 
-0.6669773797289831 1.3369508841306312 -0.4453524077021874 
-0.6669773797289831 1.3369508841306312 -0.4453524077021874 
-0.6669773797289831 1.3369508841306312 -0.4453524077021874 
-0.6673745217036391 1.3387857396853315 -0.44644404493961465 
-0.6673745217036391 1.3387857396853315 -0.44644404493961465 
-0.667991433076164 1.341634203988262 -0.4481190197988415 
-0.667991433076164 1.341634203988262 -0.4481190197988415 
-0.6686919491098302 1.3448691337874303 -0.4500261540106102 
-0.6686919491098302 1.3448691337874303 -0.4500261540106102 
-0.6688453384966777 1.3455782385736856 -0.4504527681899345 
-0.6688453384966777 1.3455782385736856 -0.4504527681899345 
-0.6688453384966777 1.3455782385736856 -0.4504527681899345 
-0.6692285775885406 1.3473471627364826 -0.45148615859818997 
-0.6692285775885405 1.3473471627364826 -0.45148615859818964 
-0.6700294036175732 1.351046399049185 -0.45367915523763547 
-0.6700294036175732 1.351046399049185 -0.45367915523763547 
-0.6700294036175732 1.351046399049185 -0.45367915523763547 
-0.6706364552648497 1.353849671462696 -0.4553312932968724 
-0.6706364552648497 1.353849671462696 -0.4553312932968724 
-0.6708240594956401 1.354716450199925 -0.4558471916343879 
-0.6708240594956401 1.354716450199925 -0.4558471916343879 
-0.671361340129527 1.3571974910726567 -0.45730897547786664 
-0.6717669909134109 1.3590706105849502 -0.45841163745038027 
-0.6717669909134109 1.3590706105849502 -0.45841163745038027 
-0.6717669909134109 1.3590706105849502 -0.45841163745038027 
-0.6717669909134109 1.3590706105849502 -0.45841163745038027 
-0.6723288657554651 1.3616655821538637 -0.4599445841529918 
-0.6727066972235288 1.363411253762535 -0.46098353709991413 
-0.6727066972235288 1.363411253762535 -0.46098353709991413 
-0.6727066972235288 1.363411253762535 -0.46098353709991413 
-0.6732253476040921 1.3658065968016493 -0.46239855576810307 
-0.6737426888790438 1.3681958938469054 -0.463810002841729 
-0.6737426888790438 1.3681958938469054 -0.463810002841729 
-0.6737426888790438 1.3681958938469054 -0.463810002841729 
-0.6737426888790438 1.3681958938469054 -0.463810002841729 
-0.6742293069318102 1.3704432982817305 -0.46513762864660146 
-0.6742293069318102 1.3704432982817305 -0.46513762864660146 
-0.6746474774625755 1.3723745836091277 -0.46627851107857154 
-0.6746474774625755 1.3723745836091277 -0.46627851107857154 
-0.6748206137245526 1.3731748876726972 -0.4667590000799223 
-0.6748206137245526 1.3731748876726972 -0.4667590000799223 
-0.6751033681713583 1.3744797319772795 -0.4675182411691944 
-0.6751033681713583 1.3744797319772795 -0.4675182411691944 
-0.6755035468916605 1.376327923645501 -0.46861003707075055 
-0.6755035468916605 1.376327923645501 -0.46861003707075055 
-0.6761000681509366 1.3790825623501772 -0.4702334453803104 
-0.6761000681509366 1.3790825623501772 -0.4702334453803104 
-0.6761000681509366 1.3790825623501772 -0.4702334453803104 
-0.6761000681509366 1.3790825623501772 -0.4702334453803104 
-0.6761000681509366 1.3790825623501772 -0.4702334453803104 
-0.6766639460641882 1.381687473774597 -0.4717799834037256 
-0.6766639460641882 1.381687473774597 -0.4717799834037256 
-0.6774678184293845 1.3854000904938162 -0.4739731648728277 
-0.6779386086802596 1.3875737067204157 -0.475249481748372 
-0.6779386086802596 1.3875737067204157 -0.475249481748372 
-0.6779386086802596 1.3875737067204157 -0.475249481748372 
-0.6779386086802596 1.3875737067204157 -0.475249481748372 
-0.6780073275116255 1.3878921121074443 -0.4754491549270171 
-0.6780073275116255 1.3878921121074443 -0.4754491549270171 
-0.6780073275116255 1.3878921121074443 -0.4754491549270171 
-0.6780684882608544 1.388173544609213 -0.475603828410489 
-0.6780684882608544 1.388173544609213 -0.475603828410489 
-0.6780684882608544 1.388173544609213 -0.475603828410489 
-0.6785718075260471 1.3904984266050908 -0.47698108284499974 
