-0.5510227138197423 1.055437245029414 -0.279055638188875 
-0.5510235591321844 1.0554404601935103 -0.2790498180298696 
-0.5510235591321844 1.0554404601935103 -0.2790498180298696 
-0.5510235591321844 1.0554404601935103 -0.2790498180298696 
-0.5503849228048118 1.0524909721787992 -0.2773074452113352 
-0.5503849228048118 1.0524909721787992 -0.2773074452113352 
-0.5502517333709844 1.0518755035919436 -0.2769400051733105 
-0.5502517333709844 1.0518755035919436 -0.2769400051733105 
-0.5502517333709844 1.0518755035919436 -0.2769400051733105 
-0.5504040264418226 1.0525795451351736 -0.2773636283057228 
-0.5504040264418225 1.0525795451351736 -0.2773636283057225 
-0.5504040264418225 1.0525795451351736 -0.2773636283057225 
-0.5504040264418225 1.0525795451351736 -0.2773636283057225 
-0.5504040264418225 1.0525795451351736 -0.2773636283057225 
-0.5507528987434781 1.0541914712762361 -0.2783235728056861 
-0.5507528987434781 1.0541914712762361 -0.2783235728056861 
-0.5507528987434781 1.0541914712762361 -0.2783235728056861 
-0.5507528987434781 1.0541914712762361 -0.2783235728056861 
-0.5507528987434781 1.0541914712762361 -0.2783235728056861 
-0.5507528987434781 1.0541914712762361 -0.2783235728056861 
-0.5507528987434781 1.0541914712762361 -0.2783235728056861 
-0.5516343849897465 1.058261507898967 -0.28071631635678596 
-0.5516343849897465 1.058261507898967 -0.28071631635678596 
-0.5516343849897465 1.058261507898967 -0.28071631635678596 
-0.5516343849897465 1.058261507898967 -0.28071631635678596 
-0.5516343849897465 1.058261507898967 -0.28071631635678596 
-0.552397680401583 1.061787067801458 -0.28280285611059996 
-0.552397680401583 1.061787067801458 -0.28280285611059996 
-0.552397680401583 1.061787067801458 -0.28280285611059996 
-0.552889551134848 1.0640583868780873 -0.284140749449978 
-0.552889551134848 1.0640583868780873 -0.284140749449978 
-0.5530909567934991 1.0649885619258026 -0.28469023861946574 
-0.5530909567934991 1.0649885619258026 -0.28469023861946574 
-0.5534723001891182 1.0667504530756888 -0.2857387730556499 
-0.5534723001891182 1.0667504530756888 -0.2857387730556499 
-0.5534723001891182 1.0667504530756888 -0.2857387730556499 
-0.5534723001891182 1.0667504530756888 -0.2857387730556499 
-0.5534723001891182 1.0667504530756888 -0.2857387730556499 
-0.5540861545101999 1.0695851430644254 -0.28740947065092337 
-0.5540861545101999 1.0695851430644254 -0.28740947065092337 
-0.5543645523164157 1.070870555432009 -0.28816495204528403 
-0.5543645523164157 1.070870555432009 -0.28816495204528403 
-0.5543645523164157 1.070870555432009 -0.28816495204528403 
-0.5543645523164157 1.070870555432009 -0.28816495204528403 
-0.5543645523164157 1.070870555432009 -0.28816495204528403 
-0.5545205593891323 1.0715914053596103 -0.28859464478031316 
-0.5545205593891323 1.0715914053596103 -0.28859464478031316 
-0.5545205593891323 1.0715914053596103 -0.28859464478031316 
-0.5552162818142636 1.0748048851221816 -0.29049682713030334 
-0.5552162818142636 1.0748048851221816 -0.29049682713030334 
-0.5552162818142636 1.0748048851221816 -0.29049682713030334 
-0.5552162818142636 1.0748048851221816 -0.29049682713030334 
-0.5554505645137461 1.07588621116997 -0.2911278873687574 
-0.5554505645137461 1.07588621116997 -0.2911278873687574 
-0.5554505645137461 1.07588621116997 -0.2911278873687574 
-0.5554505645137461 1.07588621116997 -0.2911278873687574 
-0.5554505645137461 1.07588621116997 -0.2911278873687574 
-0.556097345404311 1.0788733141628641 -0.2928924807609059 
-0.556097345404311 1.0788733141628641 -0.2928924807609059 
-0.556097345404311 1.0788733141628641 -0.2928924807609059 
-0.5567122972402168 1.0817130729312503 -0.29456617267378304 
-0.5567122972402168 1.0817130729312503 -0.29456617267378304 
-0.5567122972402168 1.0817130729312503 -0.29456617267378304 
-0.5567122972402168 1.0817130729312503 -0.29456617267378304 
-0.5572759742779602 1.0843174010491383 -0.29611622585453423 
-0.5572759742779602 1.0843174010491383 -0.29611622585453423 
-0.5572759742779602 1.0843174010491383 -0.29611622585453423 
-0.5572759742779602 1.0843174010491383 -0.29611622585453423 
-0.5572759742779602 1.0843174010491383 -0.29611622585453423 
-0.5581085673194989 1.0881623173696513 -0.2983837019050092 
-0.5581085673194989 1.0881623173696513 -0.2983837019050092 
-0.5581085673194989 1.0881623173696513 -0.2983837019050092 
-0.5581085673194989 1.0881623173696513 -0.2983837019050092 
-0.5588689773325458 1.0916738624610685 -0.3004542431094497 
-0.5588689773325458 1.0916738624610685 -0.3004542431094497 
-0.5588689773325458 1.0916738624610685 -0.3004542431094497 
-0.5590804609007141 1.092650237063846 -0.30102716434468735 
-0.5590804609007141 1.092650237063846 -0.30102716434468735 
-0.5590804609007141 1.092650237063846 -0.30102716434468735 
-0.5590804609007141 1.092650237063846 -0.30102716434468735 
-0.5597824953728122 1.0958920149202074 -0.3029364979980125 
-0.5597824953728122 1.0958920149202074 -0.3029364979980125 
-0.5605381618397747 1.0993831947469916 -0.3050122935944375 
-0.5605381618397747 1.0993831947469916 -0.3050122935944375 
-0.5605381618397747 1.0993831947469916 -0.3050122935944375 
-0.5605381618397747 1.0993831947469916 -0.3050122935944375 
-0.5610982643084019 1.1019696363386549 -0.30653634158233933 
-0.5610982643084019 1.1019696363386549 -0.30653634158233933 
-0.5612588462059772 1.102710925868899 -0.3069703892780393 
-0.5612588462059772 1.102710925868899 -0.3069703892780393 
-0.5612588462059772 1.102710925868899 -0.3069703892780393 
-0.5621507096951671 1.10683026659308 -0.3094076975580248 
-0.5621507096951671 1.10683026659308 -0.3094076975580248 
-0.5621507096951671 1.10683026659308 -0.3094076975580248 
-0.5621507096951671 1.10683026659308 -0.3094076975580248 
-0.5621507096951671 1.10683026659308 -0.3094076975580248 
-0.5621507096951671 1.10683026659308 -0.3094076975580248 
-0.5621507096951671 1.10683026659308 -0.3094076975580248 
-0.5627123639553234 1.1094242194231019 -0.3109400424534937 
-0.5627123639553234 1.1094242194231019 -0.3109400424534937 
-0.5633448986577876 1.1123458720178525 -0.3126698315873119 
-0.5633448986577876 1.1123458720178525 -0.3126698315873119 
-0.5633448986577876 1.1123458720178525 -0.3126698315873119 
-0.5639477844241099 1.115129904661532 -0.31431060399535027 
-0.5639477844241099 1.115129904661532 -0.31431060399535027 
-0.5639477844241099 1.115129904661532 -0.31431060399535027 
-0.5639477844241099 1.115129904661532 -0.31431060399535027 
-0.5642204931812898 1.1163893870560246 -0.3150546273236843 
-0.5642204931812898 1.1163893870560246 -0.3150546273236843 
-0.5642204931812898 1.1163893870560246 -0.3150546273236843 
-0.5642204931812898 1.1163893870560246 -0.3150546273236843 
-0.5642204931812898 1.1163893870560246 -0.3150546273236843 
-0.5648639982367358 1.1193617053007703 -0.3168143465507737 
-0.5648639982367358 1.1193617053007703 -0.3168143465507737 
-0.5648639982367358 1.1193617053007703 -0.3168143465507737 
-0.5648639982367358 1.1193617053007703 -0.3168143465507737 
-0.5654860025511995 1.122234724186686 -0.3185154059349139 
-0.5654860025511995 1.122234724186686 -0.3185154059349139 
-0.5656726773233758 1.1230961770375123 -0.31901657885733203 
-0.5656726773233758 1.1230961770375123 -0.31901657885733203 
-0.5656726773233758 1.1230961770375123 -0.31901657885733203 
-0.5656726773233758 1.1230961770375123 -0.31901657885733203 
-0.5663708457817227 1.1263216424383105 -0.32093356104844817 
-0.5663708457817227 1.1263216424383105 -0.32093356104844817 
-0.5663708457817227 1.1263216424383105 -0.32093356104844817 
-0.5663708457817227 1.1263216424383105 -0.32093356104844817 
-0.5663708457817227 1.1263216424383105 -0.32093356104844817 
-0.5671029392670733 1.1297020656147467 -0.32292278389822493 
-0.5676134736723679 1.1320599257065915 -0.32431565998839584 
-0.5676134736723679 1.1320599257065915 -0.32431565998839584 
-0.5679495716271309 1.1336118213437485 -0.32522856301091196 
-0.5679495716271309 1.1336118213437485 -0.32522856301091196 
-0.5685639309523841 1.136450221331903 -0.3269168911947492 
-0.5685639309523841 1.136450221331903 -0.3269168911947492 
-0.5685639309523841 1.136450221331903 -0.3269168911947492 
-0.5685639309523841 1.136450221331903 -0.3269168911947492 
-0.5691114802554241 1.1389776539268652 -0.328394501147691 
-0.5691114802554241 1.1389776539268652 -0.328394501147691 
-0.5691114802554241 1.1389776539268652 -0.328394501147691 
-0.5696718504369717 1.1415663651882555 -0.3299314691292622 
-0.5696718504369717 1.1415663651882555 -0.3299314691292622 
-0.5696718504369717 1.1415663651882555 -0.3299314691292622 
-0.5701876500362664 1.1439485421345177 -0.33133871009427207 
-0.5701876500362664 1.1439485421345177 -0.33133871009427207 
-0.5705445929803904 1.1455967085969512 -0.3323084838917635 
-0.5705445929803904 1.1455967085969512 -0.3323084838917635 
-0.5711187992073194 1.14824966488705 -0.3338872635515011 
-0.5714962836771579 1.149991158250618 -0.3348948841229066 
-0.5714962836771579 1.149991158250618 -0.3348948841229066 
-0.5714962836771579 1.149991158250618 -0.3348948841229066 
-0.5714962836771579 1.149991158250618 -0.3348948841229066 
-0.5714962836771579 1.149991158250618 -0.3348948841229066 
-0.5723778820280297 1.1540639438620104 -0.33731425599601106 
-0.5723778820280297 1.1540639438620104 -0.33731425599601106 
-0.5729485321934176 1.15669944352162 -0.33887114415668673 
-0.5729485321934176 1.15669944352162 -0.33887114415668673 
-0.5735369720949455 1.1594174479972483 -0.3404806307344219 
-0.5735369720949455 1.1594174479972483 -0.3404806307344219 
-0.5735369720949455 1.1594174479972483 -0.3404806307344219 
-0.5735369720949455 1.1594174479972483 -0.3404806307344219 
-0.5740380718288419 1.1617317348549705 -0.3418477664864823 
-0.5740380718288419 1.1617317348549705 -0.3418477664864823 
-0.5740380718288419 1.1617317348549705 -0.3418477664864823 
-0.5740380718288419 1.1617317348549705 -0.3418477664864823 
-0.5748489596574462 1.165476751900249 -0.344060088039272 
-0.5748489596574462 1.165476751900249 -0.344060088039272 
-0.5748489596574462 1.165476751900249 -0.344060088039272 
-0.5748489596574462 1.165476751900249 -0.344060088039272 
-0.5748489596574462 1.165476751900249 -0.344060088039272 
-0.5755277579646768 1.1686113802115699 -0.34590797041302257 
-0.5755277579646768 1.1686113802115699 -0.34590797041302257 
-0.5755277579646768 1.1686113802115699 -0.34590797041302257 
-0.5755277579646768 1.1686113802115699 -0.34590797041302257 
-0.5762640185297965 1.1720110486944624 -0.3479085621846889 
-0.5762640185297964 1.1720110486944624 -0.3479085621846886 
-0.5764599891400156 1.1729171556895768 -0.34845541267079516 
-0.5764599891400156 1.1729171556895768 -0.34845541267079516 
-0.5764599891400156 1.1729171556895768 -0.34845541267079516 
-0.5764599891400156 1.1729171556895768 -0.34845541267079516 
-0.5764599891400156 1.1729171556895768 -0.34845541267079516 
-0.5771332807661437 1.176026007438604 -0.3502842081273949 
-0.5771332807661437 1.176026007438604 -0.3502842081273949 
-0.577330567674863 1.1769381936473227 -0.3508346498322106 
-0.577330567674863 1.1769381936473227 -0.3508346498322106 
-0.577330567674863 1.1769381936473227 -0.3508346498322106 
-0.577330567674863 1.1769381936473227 -0.3508346498322106 
-0.5777346469608282 1.1788033664888977 -0.351924897932678 
-0.5777346469608282 1.1788033664888977 -0.351924897932678 
-0.5777346469608282 1.1788033664888977 -0.351924897932678 
-0.5777346469608282 1.1788033664888977 -0.351924897932678 
-0.5777346469608282 1.1788033664888977 -0.351924897932678 
-0.5785876450267466 1.1827425216935277 -0.3542480444145345 
-0.5785876450267466 1.1827425216935277 -0.3542480444145345 
-0.5789497131327013 1.1844160803839197 -0.3552521170417522 
-0.5789497131327013 1.1844160803839197 -0.3552521170417522 
-0.5792155738832754 1.1856429025772877 -0.3559652675535596 
-0.5799434794492617 1.1890038194787156 -0.3579411213557687 
-0.5799434794492617 1.1890038194787156 -0.3579411213557687 
-0.5799434794492617 1.1890038194787156 -0.3579411213557687 
-0.5799434794492617 1.1890038194787156 -0.3579411213557687 
-0.580414777635736 1.1911809795458619 -0.3592329568871123 
-0.580414777635736 1.1911809795458619 -0.3592329568871123 
-0.580414777635736 1.1911809795458619 -0.3592329568871123 
-0.580414777635736 1.1911809795458619 -0.3592329568871123 
-0.580414777635736 1.1911809795458619 -0.3592329568871123 
-0.5814479459346147 1.1959532690358559 -0.3620598461477956 
-0.5814479459346147 1.1959532690358559 -0.3620598461477956 
-0.5818537963951923 1.1978269663180567 -0.3631589896922818 
-0.5818537963951923 1.1978269663180567 -0.3631589896922818 
-0.5818537963951923 1.1978269663180567 -0.3631589896922818 
-0.5818537963951923 1.1978269663180567 -0.3631589896922818 
-0.5818537963951923 1.1978269663180567 -0.3631589896922818 
-0.5818537963951923 1.1978269663180567 -0.3631589896922818 
-0.5818537963951923 1.1978269663180567 -0.3631589896922818 
-0.5824029953482499 1.2003644286229207 -0.36466954273791763 
-0.5824029953482499 1.2003644286229207 -0.36466954273791763 
-0.5824029953482499 1.2003644286229207 -0.36466954273791763 
-0.5824029953482499 1.2003644286229207 -0.36466954273791763 
-0.5829562808313481 1.2029190421218083 -0.3661709289434132 
-0.5837369075067682 1.2065246450034235 -0.368304753076905 
-0.5837369075067682 1.2065246450034235 -0.368304753076905 
-0.5837369075067682 1.2065246450034235 -0.368304753076905 
-0.5837369075067682 1.2065246450034235 -0.368304753076905 
-0.5838919899161289 1.2072401911911204 -0.3687197334796001 
-0.584661647437382 1.2107951339593659 -0.37082363079051117 
-0.5850589729787862 1.212630148461487 -0.3719076424475053 
-0.5850589729787862 1.212630148461487 -0.3719076424475053 
-0.5850589729787862 1.212630148461487 -0.3719076424475053 
-0.5850589729787862 1.212630148461487 -0.3719076424475053 
-0.5850589729787862 1.212630148461487 -0.3719076424475053 
-0.5856651679989335 1.2154298090349125 -0.3735615065961061 
-0.5860366361587659 1.217146092241205 -0.3745830987152403 
-0.5860366361587659 1.217146092241205 -0.3745830987152403 
-0.5860366361587659 1.217146092241205 -0.3745830987152403 
-0.5865462125476075 1.2194979854119794 -0.3759551650070667 
-0.5865462125476073 1.2194979854119794 -0.3759551650070664 
-0.5865462125476073 1.2194979854119794 -0.3759551650070664 
-0.5865462125476073 1.2194979854119794 -0.3759551650070664 
-0.5870195484227996 1.2216859340528539 -0.3772688127054077 
-0.5870195484227996 1.2216859340528539 -0.3772688127054077 
-0.5880116127341803 1.226266666143036 -0.3799632431583013 
-0.5883331396375017 1.2277538422711138 -0.3808667780776245 
-0.5883331396375016 1.2277538422711138 -0.38086677807762415 
-0.5883331396375016 1.2277538422711138 -0.38086677807762415 
-0.5883331396375016 1.2277538422711138 -0.38086677807762415 
-0.5883331396375016 1.2277538422711138 -0.38086677807762415 
-0.5887847481648756 1.2298369825025868 -0.3820685027476255 
-0.5887847481648756 1.2298369825025868 -0.3820685027476255 
-0.5887847481648756 1.2298369825025868 -0.3820685027476255 
-0.5887847481648756 1.2298369825025868 -0.3820685027476255 
-0.5893674954209238 1.2325290403952518 -0.3836665214472611 
-0.5893674954209238 1.2325290403952518 -0.3836665214472611 
-0.5893674954209238 1.2325290403952518 -0.3836665214472611 
-0.5893674954209238 1.2325290403952518 -0.3836665214472611 
-0.5899203421378552 1.2350816274896044 -0.38516671057985363 
-0.5899203421378552 1.2350816274896044 -0.38516671057985363 
-0.5899203421378552 1.2350816274896044 -0.38516671057985363 
-0.5907529662004705 1.238927375918466 -0.3874423976644493 
-0.5907529662004705 1.238927375918466 -0.3874423976644493 
-0.5907529662004705 1.238927375918466 -0.3874423976644493 
-0.5910450337940798 1.2402772987264472 -0.38825142674050694 
-0.5910450337940798 1.2402772987264472 -0.38825142674050694 
-0.5914655841200556 1.2422188860971883 -0.38939067549794204 
-0.5914655841200556 1.2422188860971883 -0.38939067549794204 
-0.5918132944671046 1.2438240681686556 -0.3903311970706783 
-0.5918132944671046 1.2438240681686556 -0.3903311970706783 
-0.5918132944671046 1.2438240681686556 -0.3903311970706783 
-0.5921799200891577 1.2455176421025786 -0.3913355142354714 
-0.5921799200891577 1.2455176421025786 -0.3913355142354714 
-0.5921799200891577 1.2455176421025786 -0.3913355142354714 
-0.5921799200891577 1.2455176421025786 -0.3913355142354714 
-0.5921799200891577 1.2455176421025786 -0.3913355142354714 
-0.5927606642740084 1.2481997601397372 -0.3929199416143033 
-0.5927606642740084 1.2481997601397372 -0.3929199416143033 
-0.5930733329722473 1.2496444829918696 -0.39378111288164186 
-0.5930733329722473 1.2496444829918696 -0.39378111288164186 
-0.5930733329722473 1.2496444829918696 -0.39378111288164186 
-0.5930733329722473 1.2496444829918696 -0.39378111288164186 
-0.593598351456301 1.25206923657986 -0.39521350546038325 
-0.593598351456301 1.25206923657986 -0.39521350546038325 
-0.5941060028604352 1.2544130929338801 -0.3965903895425621 
-0.5941060028604352 1.2544130929338801 -0.3965903895425621 
-0.5941060028604352 1.2544130929338801 -0.3965903895425621 
-0.5947359395834202 1.2573234358196443 -0.3983212170851548 
-0.5947359395834202 1.2573234358196443 -0.3983212170851548 
-0.5947359395834202 1.2573234358196443 -0.3983212170851548 
-0.59473593958342 1.2573234358196443 -0.3983212170851548 
-0.59473593958342 1.2573234358196443 -0.3983212170851548 
-0.5952723426849735 1.2598004238833067 -0.39978060678282745 
-0.5952723426849735 1.2598004238833067 -0.39978060678282745 
-0.5956946343632998 1.261749709122949 -0.4009205432208508 
-0.5956946343632998 1.261749709122949 -0.4009205432208508 
-0.5956946343632998 1.261749709122949 -0.4009205432208508 
-0.5956946343632998 1.261749709122949 -0.4009205432208508 
-0.5963379361456079 1.2647214329879133 -0.4026837710638953 
-0.5963379361456079 1.2647214329879133 -0.4026837710638953 
-0.5966860828611943 1.2663286303906671 -0.4036254831681526 
-0.5966860828611943 1.2663286303906671 -0.4036254831681526 
-0.5966860828611943 1.2663286303906671 -0.4036254831681526 
-0.5972633306290278 1.2689949449407845 -0.40520443457478283 
-0.5972633306290278 1.2689949449407845 -0.40520443457478283 
-0.5972633306290278 1.2689949449407845 -0.40520443457478283 
-0.5972633306290278 1.2689949449407845 -0.40520443457478283 
-0.5982901428125631 1.273737879248146 -0.4080139826318244 
-0.5982901428125631 1.273737879248146 -0.4080139826318244 
-0.5982901428125631 1.273737879248146 -0.4080139826318244 
-0.5986422408212788 1.2753633253649617 -0.40896647493359295 
-0.5986422408212788 1.2753633253649617 -0.40896647493359295 
-0.5991933461858598 1.2779082145904126 -0.41046597638559634 
-0.5991933461858598 1.2779082145904126 -0.41046597638559634 
-0.5997091433875252 1.280290380463426 -0.4118732108092241 
-0.5997091433875252 1.280290380463426 -0.4118732108092241 
-0.6001826354704416 1.2824778525536782 -0.4131731518145759 
-0.6001826354704416 1.2824778525536782 -0.4131731518145759 
-0.6001826354704416 1.2824778525536782 -0.4131731518145759 
-0.6001826354704416 1.2824778525536782 -0.4131731518145759 
-0.6001826354704416 1.2824778525536782 -0.4131731518145759 
-0.600929229144497 1.2859255880487468 -0.41520599830532856 
-0.6014290286898389 1.2882342145153514 -0.4165736499910858 
-0.6014290286898389 1.2882342145153514 -0.4165736499910858 
-0.6016859257550728 1.2894203275241047 -0.41727047154249763 
-0.6016859257550728 1.2894203275241047 -0.41727047154249763 
-0.6022408077630932 1.291983692118937 -0.41879246630070577 
-0.602560565587445 1.2934582429063837 -0.4196386180834565 
-0.602560565587445 1.2934582429063837 -0.4196386180834565 
-0.602560565587445 1.2934582429063837 -0.4196386180834565 
-0.602560565587445 1.2934582429063837 -0.4196386180834565 
-0.602560565587445 1.2934582429063837 -0.4196386180834565 
-0.6030911619173244 1.2959102922203694 -0.42110433627550103 
-0.6030911619173244 1.2959102922203694 -0.42110433627550103 
-0.6030911619173244 1.2959102922203694 -0.42110433627550103 
-0.6030911619173244 1.2959102922203694 -0.42110433627550103 
-0.6030911619173244 1.2959102922203694 -0.42110433627550103 
-0.6030911619173244 1.2959102922203694 -0.42110433627550103 
-0.6036335516030961 1.2984163064985734 -0.4225963117963002 
-0.6043171787357893 1.3015732363330257 -0.42445736851336824 
-0.6043171787357893 1.3015732363330257 -0.42445736851336824 
-0.6049005555176401 1.3042675127973928 -0.4260489783296194 
-0.6049005555176401 1.3042675127973928 -0.4260489783296194 
-0.6049005555176401 1.3042675127973928 -0.4260489783296194 
-0.6049005555176401 1.3042675127973928 -0.4260489783296194 
-0.605483233538647 1.306957873253614 -0.4276305553368672 
-0.605483233538647 1.306957873253614 -0.4276305553368672 
-0.6062537548799172 1.3105164610816913 -0.42973274618256074 
-0.6067809141353169 1.3129502480788307 -0.4311609096953274 
-0.6067809141353169 1.3129502480788307 -0.4311609096953274 
-0.6067809141353169 1.3129502480788307 -0.4311609096953274 
-0.6068570943235371 1.3133029334157673 -0.4313788195452172 
-0.6068570943235371 1.3133029334157673 -0.4313788195452172 
-0.6068570943235371 1.3133029334157673 -0.4313788195452172 
-0.6068570943235371 1.3133029334157673 -0.4313788195452172 
-0.6075869779337173 1.316672985747475 -0.4333600699875634 
-0.6075869779337173 1.316672985747475 -0.4333600699875634 
-0.6078028974277808 1.3176707008626287 -0.43395516329955985 
-0.6078028974277808 1.3176707008626287 -0.43395516329955985 
-0.6078028974277808 1.3176707008626287 -0.43395516329955985 
-0.608391130459727 1.320388094348603 -0.43556814868117655 
-0.6088408921544929 1.3224652808025055 -0.43679522036217866 
-0.6088408921544929 1.3224652808025055 -0.43679522036217866 
-0.6088408921544929 1.3224652808025055 -0.43679522036217866 
-0.6095150959304749 1.325579034078824 -0.43863463081077836 
-0.6097606035829504 1.3267128904654082 -0.43930444216049425 
-0.6097606035829504 1.3267128904654082 -0.43930444216049425 
-0.6104167833285781 1.3297427124375782 -0.4410865517738679 
-0.6104167833285781 1.3297427124375782 -0.4410865517738679 
-0.6107715783740764 1.3313819922715486 -0.4420626551226804 
-0.6107715783740764 1.3313819922715486 -0.4420626551226804 
-0.6107715783740764 1.3313819922715486 -0.4420626551226804 
-0.6107715783740764 1.3313819922715486 -0.4420626551226804 
-0.611246981663775 1.3335769134288862 -0.4433515576171635 
-0.611246981663775 1.3335769134288862 -0.4433515576171635 
-0.611246981663775 1.3335769134288862 -0.4433515576171635 
-0.611246981663775 1.3335769134288862 -0.4433515576171635 
-0.611977379728983 1.3369508841306312 -0.4453524077021874 
-0.611977379728983 1.3369508841306312 -0.4453524077021874 
-0.611977379728983 1.3369508841306312 -0.4453524077021874 
-0.611977379728983 1.3369508841306312 -0.4453524077021874 
-0.612374521703639 1.3387857396853313 -0.44644404493961465 
-0.612374521703639 1.3387857396853313 -0.44644404493961465 
-0.6129914330761639 1.3416342039882618 -0.4481190197988413 
-0.6129914330761639 1.3416342039882618 -0.4481190197988413 
-0.6136919491098303 1.3448691337874306 -0.4500261540106102 
-0.6136919491098303 1.3448691337874306 -0.4500261540106102 
-0.6138453384966777 1.3455782385736856 -0.4504527681899343 
-0.6138453384966777 1.3455782385736856 -0.4504527681899343 
-0.6138453384966777 1.3455782385736856 -0.4504527681899343 
-0.6142285775885404 1.3473471627364826 -0.4514861585981902 
-0.6142285775885403 1.3473471627364826 -0.45148615859818986 
-0.6150294036175732 1.3510463990491852 -0.45367915523763525 
-0.6150294036175732 1.3510463990491852 -0.45367915523763525 
-0.6150294036175732 1.3510463990491852 -0.45367915523763525 
-0.6156364552648494 1.3538496714626957 -0.4553312932968724 
-0.6156364552648494 1.3538496714626957 -0.4553312932968724 
-0.6158240594956401 1.3547164501999247 -0.45584719163438747 
-0.6158240594956401 1.3547164501999247 -0.45584719163438747 
-0.6163613401295268 1.3571974910726565 -0.45730897547786686 
-0.6167669909134106 1.3590706105849502 -0.45841163745038005 
-0.6167669909134106 1.3590706105849502 -0.45841163745038005 
-0.6167669909134106 1.3590706105849502 -0.45841163745038005 
-0.6167669909134106 1.3590706105849502 -0.45841163745038005 
-0.6173288657554649 1.3616655821538637 -0.45994458415299155 
-0.6177066972235287 1.3634112537625351 -0.4609835370999137 
-0.6177066972235287 1.3634112537625351 -0.4609835370999137 
-0.6177066972235287 1.3634112537625351 -0.4609835370999137 
-0.618225347604092 1.365806596801649 -0.46239855576810307 
-0.6187426888790434 1.368195893846905 -0.4638100028417288 
-0.6187426888790434 1.368195893846905 -0.4638100028417288 
-0.6187426888790434 1.368195893846905 -0.4638100028417288 
-0.6187426888790434 1.368195893846905 -0.4638100028417288 
-0.6192293069318101 1.3704432982817305 -0.46513762864660124 
-0.6192293069318101 1.3704432982817305 -0.46513762864660124 
-0.6196474774625751 1.3723745836091272 -0.46627851107857154 
-0.6196474774625751 1.3723745836091272 -0.46627851107857154 
-0.6198206137245525 1.3731748876726975 -0.46675900007992277 
-0.6198206137245525 1.3731748876726975 -0.46675900007992277 
-0.6201033681713584 1.37447973197728 -0.4675182411691946 
-0.6201033681713584 1.37447973197728 -0.4675182411691946 
-0.6205035468916603 1.3763279236455013 -0.46861003707075055 
-0.6205035468916603 1.3763279236455013 -0.46861003707075055 
-0.6211000681509364 1.379082562350177 -0.47023344538031064 
-0.6211000681509364 1.379082562350177 -0.47023344538031064 
-0.6211000681509364 1.379082562350177 -0.47023344538031064 
-0.6211000681509364 1.379082562350177 -0.47023344538031064 
-0.6211000681509364 1.379082562350177 -0.47023344538031064 
-0.6216639460641882 1.3816874737745972 -0.47177998340372584 
-0.6216639460641882 1.3816874737745972 -0.47177998340372584 
-0.6224678184293845 1.3854000904938164 -0.4739731648728277 
-0.6229386086802594 1.3875737067204155 -0.475249481748372 
-0.6229386086802594 1.3875737067204155 -0.475249481748372 
-0.6229386086802594 1.3875737067204155 -0.475249481748372 
-0.6229386086802594 1.3875737067204155 -0.475249481748372 
-0.6230073275116255 1.3878921121074443 -0.4754491549270169 
-0.6230073275116255 1.3878921121074443 -0.4754491549270169 
-0.6230073275116255 1.3878921121074443 -0.4754491549270169 
-0.6230684882608543 1.388173544609213 -0.4756038284104892 
-0.6230684882608543 1.388173544609213 -0.4756038284104892 
-0.6230684882608543 1.388173544609213 -0.4756038284104892 
-0.6235718075260468 1.3904984266050908 -0.4769810828449995 
