-0.6610227138197426 1.0554372450294145 -0.27905563818887513 
-0.6610235591321845 1.0554404601935108 -0.2790498180298695 
-0.6610235591321845 1.0554404601935108 -0.2790498180298695 
-0.6610235591321845 1.0554404601935108 -0.2790498180298695 
-0.660384922804812 1.0524909721787987 -0.2773074452113352 
-0.660384922804812 1.0524909721787987 -0.2773074452113352 
-0.6602517333709848 1.0518755035919436 -0.2769400051733104 
-0.6602517333709848 1.0518755035919436 -0.2769400051733104 
-0.6602517333709848 1.0518755035919436 -0.2769400051733104 
-0.6604040264418228 1.0525795451351736 -0.2773636283057227 
-0.6604040264418227 1.0525795451351736 -0.27736362830572237 
-0.6604040264418227 1.0525795451351736 -0.27736362830572237 
-0.6604040264418227 1.0525795451351736 -0.27736362830572237 
-0.6604040264418227 1.0525795451351736 -0.27736362830572237 
-0.6607528987434784 1.0541914712762364 -0.2783235728056864 
-0.6607528987434784 1.0541914712762364 -0.2783235728056864 
-0.6607528987434784 1.0541914712762364 -0.2783235728056864 
-0.6607528987434784 1.0541914712762364 -0.2783235728056864 
-0.6607528987434784 1.0541914712762364 -0.2783235728056864 
-0.6607528987434784 1.0541914712762364 -0.2783235728056864 
-0.6607528987434784 1.0541914712762364 -0.2783235728056864 
-0.6616343849897467 1.058261507898967 -0.28071631635678584 
-0.6616343849897467 1.058261507898967 -0.28071631635678584 
-0.6616343849897467 1.058261507898967 -0.28071631635678584 
-0.6616343849897467 1.058261507898967 -0.28071631635678584 
-0.6616343849897467 1.058261507898967 -0.28071631635678584 
-0.6623976804015831 1.0617870678014578 -0.28280285611059985 
-0.6623976804015831 1.0617870678014578 -0.28280285611059985 
-0.6623976804015831 1.0617870678014578 -0.28280285611059985 
-0.662889551134848 1.064058386878087 -0.2841407494499779 
-0.662889551134848 1.064058386878087 -0.2841407494499779 
-0.6630909567934993 1.0649885619258026 -0.28469023861946563 
-0.6634723001891184 1.0667504530756888 -0.2857387730556499 
-0.6634723001891184 1.0667504530756888 -0.2857387730556499 
-0.6634723001891184 1.0667504530756888 -0.2857387730556499 
-0.6634723001891184 1.0667504530756888 -0.2857387730556499 
-0.6634723001891184 1.0667504530756888 -0.2857387730556499 
-0.6634723001891184 1.0667504530756888 -0.2857387730556499 
-0.6640861545102 1.0695851430644256 -0.2874094706509235 
-0.6640861545102 1.0695851430644256 -0.2874094706509235 
-0.6643645523164158 1.0708705554320086 -0.28816495204528403 
-0.6643645523164158 1.0708705554320086 -0.28816495204528403 
-0.6643645523164158 1.0708705554320086 -0.28816495204528403 
-0.6643645523164158 1.0708705554320086 -0.28816495204528403 
-0.6643645523164158 1.0708705554320086 -0.28816495204528403 
-0.6645205593891325 1.07159140535961 -0.2885946447803134 
-0.6645205593891325 1.07159140535961 -0.2885946447803134 
-0.6645205593891325 1.07159140535961 -0.2885946447803134 
-0.6652162818142638 1.0748048851221816 -0.29049682713030356 
-0.6652162818142638 1.0748048851221816 -0.29049682713030356 
-0.6652162818142638 1.0748048851221816 -0.29049682713030356 
-0.6652162818142638 1.0748048851221816 -0.29049682713030356 
-0.6654505645137463 1.07588621116997 -0.29112788736875717 
-0.6654505645137463 1.07588621116997 -0.29112788736875717 
-0.6654505645137463 1.07588621116997 -0.29112788736875717 
-0.6654505645137463 1.07588621116997 -0.29112788736875717 
-0.6654505645137463 1.07588621116997 -0.29112788736875717 
-0.6660973454043112 1.0788733141628641 -0.2928924807609059 
-0.6660973454043112 1.0788733141628641 -0.2928924807609059 
-0.6660973454043112 1.0788733141628641 -0.2928924807609059 
-0.6667122972402171 1.0817130729312503 -0.2945661726737826 
-0.6667122972402171 1.0817130729312503 -0.2945661726737826 
-0.6667122972402171 1.0817130729312503 -0.2945661726737826 
-0.6667122972402171 1.0817130729312503 -0.2945661726737826 
-0.6672759742779605 1.0843174010491379 -0.2961162258545339 
-0.6672759742779605 1.0843174010491379 -0.2961162258545339 
-0.6672759742779605 1.0843174010491379 -0.2961162258545339 
-0.6672759742779605 1.0843174010491379 -0.2961162258545339 
-0.6672759742779605 1.0843174010491379 -0.2961162258545339 
-0.668108567319499 1.088162317369651 -0.29838370190500907 
-0.668108567319499 1.088162317369651 -0.29838370190500907 
-0.668108567319499 1.088162317369651 -0.29838370190500907 
-0.668108567319499 1.088162317369651 -0.29838370190500907 
-0.668868977332546 1.0916738624610685 -0.3004542431094497 
-0.668868977332546 1.0916738624610685 -0.3004542431094497 
-0.668868977332546 1.0916738624610685 -0.3004542431094497 
-0.6690804609007144 1.0926502370638462 -0.30102716434468724 
-0.6690804609007144 1.0926502370638462 -0.30102716434468724 
-0.6690804609007144 1.0926502370638462 -0.30102716434468724 
-0.6690804609007144 1.0926502370638462 -0.30102716434468724 
-0.6697824953728123 1.0958920149202076 -0.30293649799801226 
-0.6697824953728123 1.0958920149202076 -0.30293649799801226 
-0.6705381618397749 1.0993831947469914 -0.3050122935944374 
-0.6705381618397749 1.0993831947469914 -0.3050122935944374 
-0.6705381618397749 1.0993831947469914 -0.3050122935944374 
-0.6705381618397749 1.0993831947469914 -0.3050122935944374 
-0.6710982643084022 1.101969636338655 -0.3065363415823392 
-0.6710982643084022 1.101969636338655 -0.3065363415823392 
-0.6712588462059774 1.1027109258688992 -0.3069703892780393 
-0.6712588462059774 1.1027109258688992 -0.3069703892780393 
-0.6712588462059774 1.1027109258688992 -0.3069703892780393 
-0.6721507096951673 1.10683026659308 -0.309407697558025 
-0.6721507096951673 1.10683026659308 -0.309407697558025 
-0.6721507096951673 1.10683026659308 -0.309407697558025 
-0.6721507096951673 1.10683026659308 -0.309407697558025 
-0.6721507096951673 1.10683026659308 -0.309407697558025 
-0.6721507096951673 1.10683026659308 -0.309407697558025 
-0.6721507096951673 1.10683026659308 -0.309407697558025 
-0.6727123639553235 1.1094242194231019 -0.31094004245349427 
-0.6727123639553235 1.1094242194231019 -0.31094004245349427 
-0.6733448986577878 1.112345872017853 -0.3126698315873119 
-0.6733448986577878 1.112345872017853 -0.3126698315873119 
-0.6733448986577878 1.112345872017853 -0.3126698315873119 
-0.67394778442411 1.115129904661532 -0.3143106039953505 
-0.67394778442411 1.115129904661532 -0.3143106039953505 
-0.67394778442411 1.115129904661532 -0.3143106039953505 
-0.67394778442411 1.115129904661532 -0.3143106039953505 
-0.6742204931812901 1.1163893870560246 -0.3150546273236843 
-0.6742204931812901 1.1163893870560246 -0.3150546273236843 
-0.6742204931812901 1.1163893870560246 -0.3150546273236843 
-0.6742204931812901 1.1163893870560246 -0.3150546273236843 
-0.6742204931812901 1.1163893870560246 -0.3150546273236843 
-0.6748639982367358 1.1193617053007698 -0.3168143465507737 
-0.6748639982367358 1.1193617053007698 -0.3168143465507737 
-0.6748639982367358 1.1193617053007698 -0.3168143465507737 
-0.6748639982367358 1.1193617053007698 -0.3168143465507737 
-0.6754860025511998 1.122234724186686 -0.318515405934914 
-0.6754860025511998 1.122234724186686 -0.318515405934914 
-0.6756726773233758 1.1230961770375123 -0.31901657885733214 
-0.6756726773233758 1.1230961770375123 -0.31901657885733214 
-0.6756726773233758 1.1230961770375123 -0.31901657885733214 
-0.6756726773233758 1.1230961770375123 -0.31901657885733214 
-0.6763708457817229 1.1263216424383102 -0.3209335610484483 
-0.6763708457817229 1.1263216424383102 -0.3209335610484483 
-0.6763708457817229 1.1263216424383102 -0.3209335610484483 
-0.6763708457817229 1.1263216424383102 -0.3209335610484483 
-0.6763708457817229 1.1263216424383102 -0.3209335610484483 
-0.6771029392670735 1.1297020656147465 -0.32292278389822504 
-0.677613473672368 1.1320599257065913 -0.3243156599883956 
-0.677613473672368 1.1320599257065913 -0.3243156599883956 
-0.6779495716271311 1.133611821343749 -0.3252285630109121 
-0.6779495716271311 1.133611821343749 -0.3252285630109121 
-0.6785639309523843 1.1364502213319034 -0.326916891194749 
-0.6785639309523843 1.1364502213319034 -0.326916891194749 
-0.6785639309523843 1.1364502213319034 -0.326916891194749 
-0.6785639309523843 1.1364502213319034 -0.326916891194749 
-0.6791114802554243 1.1389776539268655 -0.32839450114769086 
-0.6791114802554243 1.1389776539268655 -0.32839450114769086 
-0.6791114802554243 1.1389776539268655 -0.32839450114769086 
-0.6796718504369719 1.1415663651882553 -0.3299314691292624 
-0.6796718504369719 1.1415663651882553 -0.3299314691292624 
-0.6796718504369719 1.1415663651882553 -0.3299314691292624 
-0.6801876500362667 1.1439485421345181 -0.33133871009427174 
-0.6801876500362667 1.1439485421345181 -0.33133871009427174 
-0.6805445929803907 1.1455967085969516 -0.33230848389176404 
-0.6805445929803907 1.1455967085969516 -0.33230848389176404 
-0.6811187992073198 1.14824966488705 -0.3338872635515012 
-0.681496283677158 1.1499911582506182 -0.33489488412290636 
-0.681496283677158 1.1499911582506182 -0.33489488412290636 
-0.681496283677158 1.1499911582506182 -0.33489488412290636 
-0.681496283677158 1.1499911582506182 -0.33489488412290636 
-0.681496283677158 1.1499911582506182 -0.33489488412290636 
-0.68237788202803 1.1540639438620106 -0.33731425599601084 
-0.68237788202803 1.1540639438620106 -0.33731425599601084 
-0.6829485321934179 1.1566994435216198 -0.3388711441566866 
-0.6829485321934179 1.1566994435216198 -0.3388711441566866 
-0.6835369720949457 1.1594174479972483 -0.3404806307344217 
-0.6835369720949457 1.1594174479972483 -0.3404806307344217 
-0.6835369720949457 1.1594174479972483 -0.3404806307344217 
-0.6835369720949457 1.1594174479972483 -0.3404806307344217 
-0.684038071828842 1.1617317348549705 -0.3418477664864824 
-0.684038071828842 1.1617317348549705 -0.3418477664864824 
-0.684038071828842 1.1617317348549705 -0.3418477664864824 
-0.684038071828842 1.1617317348549705 -0.3418477664864824 
-0.6848489596574465 1.1654767519002491 -0.3440600880392719 
-0.6848489596574465 1.1654767519002491 -0.3440600880392719 
-0.6848489596574465 1.1654767519002491 -0.3440600880392719 
-0.6848489596574465 1.1654767519002491 -0.3440600880392719 
-0.6848489596574465 1.1654767519002491 -0.3440600880392719 
-0.685527757964677 1.1686113802115696 -0.34590797041302257 
-0.685527757964677 1.1686113802115696 -0.34590797041302257 
-0.685527757964677 1.1686113802115696 -0.34590797041302257 
-0.685527757964677 1.1686113802115696 -0.34590797041302257 
-0.6862640185297966 1.1720110486944624 -0.34790856218468913 
-0.6862640185297965 1.1720110486944624 -0.3479085621846888 
-0.6864599891400158 1.1729171556895768 -0.34845541267079516 
-0.6864599891400158 1.1729171556895768 -0.34845541267079516 
-0.6864599891400158 1.1729171556895768 -0.34845541267079516 
-0.6864599891400158 1.1729171556895768 -0.34845541267079516 
-0.6864599891400158 1.1729171556895768 -0.34845541267079516 
-0.6871332807661439 1.1760260074386037 -0.3502842081273946 
-0.6871332807661439 1.1760260074386037 -0.3502842081273946 
-0.6873305676748633 1.1769381936473227 -0.3508346498322109 
-0.6873305676748633 1.1769381936473227 -0.3508346498322109 
-0.6873305676748633 1.1769381936473227 -0.3508346498322109 
-0.6873305676748633 1.1769381936473227 -0.3508346498322109 
-0.6877346469608284 1.178803366488898 -0.351924897932678 
-0.6877346469608284 1.178803366488898 -0.351924897932678 
-0.6877346469608284 1.178803366488898 -0.351924897932678 
-0.6877346469608284 1.178803366488898 -0.351924897932678 
-0.6877346469608284 1.178803366488898 -0.351924897932678 
-0.6885876450267467 1.1827425216935281 -0.3542480444145347 
-0.6885876450267467 1.1827425216935281 -0.3542480444145347 
-0.6889497131327015 1.1844160803839194 -0.3552521170417524 
-0.6889497131327015 1.1844160803839194 -0.3552521170417524 
-0.6892155738832755 1.1856429025772879 -0.3559652675535597 
-0.6899434794492619 1.1890038194787158 -0.3579411213557685 
-0.6899434794492619 1.1890038194787158 -0.3579411213557685 
-0.6899434794492619 1.1890038194787158 -0.3579411213557685 
-0.6899434794492619 1.1890038194787158 -0.3579411213557685 
-0.6904147776357362 1.1911809795458619 -0.3592329568871123 
-0.6904147776357362 1.1911809795458619 -0.3592329568871123 
-0.6904147776357362 1.1911809795458619 -0.3592329568871123 
-0.6904147776357362 1.1911809795458619 -0.3592329568871123 
-0.6904147776357362 1.1911809795458619 -0.3592329568871123 
-0.6914479459346149 1.1959532690358559 -0.36205984614779574 
-0.6914479459346149 1.1959532690358559 -0.36205984614779574 
-0.6918537963951925 1.197826966318057 -0.36315898969228155 
-0.6918537963951925 1.197826966318057 -0.36315898969228155 
-0.6918537963951925 1.197826966318057 -0.36315898969228155 
-0.6918537963951925 1.197826966318057 -0.36315898969228155 
-0.6918537963951925 1.197826966318057 -0.36315898969228155 
-0.6918537963951925 1.197826966318057 -0.36315898969228155 
-0.6918537963951925 1.197826966318057 -0.36315898969228155 
-0.6924029953482502 1.2003644286229211 -0.36466954273791763 
-0.6924029953482502 1.2003644286229211 -0.36466954273791763 
-0.6924029953482502 1.2003644286229211 -0.36466954273791763 
-0.6924029953482502 1.2003644286229211 -0.36466954273791763 
-0.6929562808313483 1.2029190421218083 -0.3661709289434135 
-0.6937369075067683 1.2065246450034235 -0.3683047530769049 
-0.6937369075067683 1.2065246450034235 -0.3683047530769049 
-0.6937369075067683 1.2065246450034235 -0.3683047530769049 
-0.6937369075067683 1.2065246450034235 -0.3683047530769049 
-0.6938919899161291 1.2072401911911206 -0.36871973347959996 
-0.6946616474373823 1.2107951339593659 -0.37082363079051095 
-0.6950589729787865 1.212630148461487 -0.3719076424475053 
-0.6950589729787865 1.212630148461487 -0.3719076424475053 
-0.6950589729787865 1.212630148461487 -0.3719076424475053 
-0.6950589729787865 1.212630148461487 -0.3719076424475053 
-0.6950589729787865 1.212630148461487 -0.3719076424475053 
-0.6956651679989337 1.2154298090349125 -0.37356150659610565 
-0.6960366361587661 1.217146092241205 -0.3745830987152403 
-0.6960366361587661 1.217146092241205 -0.3745830987152403 
-0.6960366361587661 1.217146092241205 -0.3745830987152403 
-0.6965462125476076 1.2194979854119792 -0.3759551650070665 
-0.6965462125476075 1.2194979854119792 -0.37595516500706616 
-0.6965462125476075 1.2194979854119792 -0.37595516500706616 
-0.6965462125476075 1.2194979854119792 -0.37595516500706616 
-0.6970195484227998 1.221685934052854 -0.3772688127054077 
-0.6970195484227998 1.221685934052854 -0.3772688127054077 
-0.6980116127341807 1.2262666661430361 -0.3799632431583013 
-0.6983331396375021 1.227753842271114 -0.3808667780776247 
-0.698333139637502 1.227753842271114 -0.38086677807762437 
-0.698333139637502 1.227753842271114 -0.38086677807762437 
-0.698333139637502 1.227753842271114 -0.38086677807762437 
-0.698333139637502 1.227753842271114 -0.38086677807762437 
-0.6987847481648758 1.2298369825025866 -0.38206850274762527 
-0.6987847481648758 1.2298369825025866 -0.38206850274762527 
-0.6987847481648758 1.2298369825025866 -0.38206850274762527 
-0.6987847481648758 1.2298369825025866 -0.38206850274762527 
-0.6993674954209239 1.2325290403952516 -0.3836665214472609 
-0.6993674954209239 1.2325290403952516 -0.3836665214472609 
-0.6993674954209239 1.2325290403952516 -0.3836665214472609 
-0.6993674954209239 1.2325290403952516 -0.3836665214472609 
-0.6999203421378555 1.2350816274896044 -0.3851667105798534 
-0.6999203421378555 1.2350816274896044 -0.3851667105798534 
-0.6999203421378555 1.2350816274896044 -0.3851667105798534 
-0.7007529662004708 1.2389273759184662 -0.38744239766444954 
-0.7007529662004708 1.2389273759184662 -0.38744239766444954 
-0.7007529662004708 1.2389273759184662 -0.38744239766444954 
-0.7010450337940802 1.2402772987264474 -0.38825142674050694 
-0.701465584120056 1.242218886097188 -0.38939067549794204 
-0.701465584120056 1.242218886097188 -0.38939067549794204 
-0.701465584120056 1.242218886097188 -0.38939067549794204 
-0.7018132944671049 1.2438240681686556 -0.39033119707067854 
-0.7018132944671049 1.2438240681686556 -0.39033119707067854 
-0.7018132944671049 1.2438240681686556 -0.39033119707067854 
-0.702179920089158 1.2455176421025786 -0.39133551423547097 
-0.702179920089158 1.2455176421025786 -0.39133551423547097 
-0.702179920089158 1.2455176421025786 -0.39133551423547097 
-0.702179920089158 1.2455176421025786 -0.39133551423547097 
-0.702179920089158 1.2455176421025786 -0.39133551423547097 
-0.7027606642740087 1.2481997601397372 -0.39291994161430355 
-0.7027606642740087 1.2481997601397372 -0.39291994161430355 
-0.7030733329722476 1.2496444829918694 -0.39378111288164186 
-0.7030733329722476 1.2496444829918694 -0.39378111288164186 
-0.7030733329722476 1.2496444829918694 -0.39378111288164186 
-0.7030733329722476 1.2496444829918694 -0.39378111288164186 
-0.7035983514563012 1.2520692365798602 -0.39521350546038325 
-0.7035983514563012 1.2520692365798602 -0.39521350546038325 
-0.7041060028604356 1.25441309293388 -0.3965903895425623 
-0.7041060028604356 1.25441309293388 -0.3965903895425623 
-0.7041060028604356 1.25441309293388 -0.3965903895425623 
-0.7047359395834203 1.257323435819644 -0.39832121708515456 
-0.7047359395834203 1.257323435819644 -0.39832121708515456 
-0.7047359395834203 1.257323435819644 -0.39832121708515456 
-0.7047359395834201 1.257323435819644 -0.39832121708515456 
-0.7047359395834201 1.257323435819644 -0.39832121708515456 
-0.7052723426849739 1.2598004238833065 -0.39978060678282745 
-0.7052723426849739 1.2598004238833065 -0.39978060678282745 
-0.7056946343633002 1.2617497091229495 -0.40092054322085124 
-0.7056946343633002 1.2617497091229495 -0.40092054322085124 
-0.7056946343633002 1.2617497091229495 -0.40092054322085124 
-0.7056946343633002 1.2617497091229495 -0.40092054322085124 
-0.7063379361456082 1.2647214329879133 -0.4026837710638955 
-0.7063379361456082 1.2647214329879133 -0.4026837710638955 
-0.7066860828611944 1.2663286303906667 -0.4036254831681526 
-0.7066860828611944 1.2663286303906667 -0.4036254831681526 
-0.7066860828611944 1.2663286303906667 -0.4036254831681526 
-0.7072633306290281 1.2689949449407845 -0.4052044345747826 
-0.7072633306290281 1.2689949449407845 -0.4052044345747826 
-0.7072633306290281 1.2689949449407845 -0.4052044345747826 
-0.7072633306290281 1.2689949449407845 -0.4052044345747826 
-0.7082901428125632 1.2737378792481462 -0.408013982631824 
-0.7082901428125632 1.2737378792481462 -0.408013982631824 
-0.7082901428125632 1.2737378792481462 -0.408013982631824 
-0.708642240821279 1.2753633253649612 -0.40896647493359295 
-0.708642240821279 1.2753633253649612 -0.40896647493359295 
-0.7091933461858602 1.2779082145904128 -0.41046597638559656 
-0.7091933461858602 1.2779082145904128 -0.41046597638559656 
-0.7097091433875254 1.280290380463426 -0.4118732108092241 
-0.7097091433875254 1.280290380463426 -0.4118732108092241 
-0.7101826354704418 1.2824778525536777 -0.41317315181457615 
-0.7101826354704418 1.2824778525536777 -0.41317315181457615 
-0.7101826354704418 1.2824778525536777 -0.41317315181457615 
-0.7101826354704418 1.2824778525536777 -0.41317315181457615 
-0.7101826354704418 1.2824778525536777 -0.41317315181457615 
-0.7109292291444972 1.2859255880487468 -0.4152059983053288 
-0.711429028689839 1.2882342145153511 -0.41657364999108604 
-0.711429028689839 1.2882342145153511 -0.41657364999108604 
-0.7116859257550732 1.2894203275241047 -0.41727047154249786 
-0.7116859257550732 1.2894203275241047 -0.41727047154249786 
-0.7122408077630933 1.2919836921189367 -0.41879246630070555 
-0.7125605655874453 1.293458242906384 -0.4196386180834567 
-0.7125605655874453 1.293458242906384 -0.4196386180834567 
-0.7125605655874453 1.293458242906384 -0.4196386180834567 
-0.7125605655874453 1.293458242906384 -0.4196386180834567 
-0.7125605655874453 1.293458242906384 -0.4196386180834567 
-0.7130911619173246 1.2959102922203691 -0.42110433627550103 
-0.7130911619173246 1.2959102922203691 -0.42110433627550103 
-0.7130911619173246 1.2959102922203691 -0.42110433627550103 
-0.7130911619173246 1.2959102922203691 -0.42110433627550103 
-0.7130911619173246 1.2959102922203691 -0.42110433627550103 
-0.7130911619173246 1.2959102922203691 -0.42110433627550103 
-0.7136335516030963 1.2984163064985732 -0.4225963117963004 
-0.7143171787357896 1.301573236333026 -0.42445736851336824 
-0.7143171787357896 1.301573236333026 -0.42445736851336824 
-0.7149005555176402 1.3042675127973926 -0.4260489783296194 
-0.7149005555176402 1.3042675127973926 -0.4260489783296194 
-0.7149005555176402 1.3042675127973926 -0.4260489783296194 
-0.7149005555176402 1.3042675127973926 -0.4260489783296194 
-0.7154832335386471 1.306957873253614 -0.427630555336867 
-0.7154832335386471 1.306957873253614 -0.427630555336867 
-0.7162537548799174 1.3105164610816915 -0.4297327461825603 
-0.7167809141353172 1.3129502480788307 -0.4311609096953276 
-0.7167809141353172 1.3129502480788307 -0.4311609096953276 
-0.7167809141353172 1.3129502480788307 -0.4311609096953276 
-0.7168570943235372 1.313302933415767 -0.4313788195452172 
-0.7168570943235372 1.313302933415767 -0.4313788195452172 
-0.7168570943235372 1.313302933415767 -0.4313788195452172 
-0.7168570943235372 1.313302933415767 -0.4313788195452172 
-0.7175869779337177 1.316672985747475 -0.4333600699875636 
-0.7175869779337177 1.316672985747475 -0.4333600699875636 
-0.7178028974277809 1.3176707008626287 -0.43395516329955963 
-0.7178028974277809 1.3176707008626287 -0.43395516329955963 
-0.7178028974277809 1.3176707008626287 -0.43395516329955963 
-0.7183911304597272 1.3203880943486028 -0.43556814868117677 
-0.7188408921544931 1.3224652808025052 -0.43679522036217844 
-0.7188408921544931 1.3224652808025052 -0.43679522036217844 
-0.7188408921544931 1.3224652808025052 -0.43679522036217844 
-0.7195150959304752 1.325579034078824 -0.43863463081077836 
-0.7197606035829505 1.3267128904654082 -0.43930444216049447 
-0.7197606035829505 1.3267128904654082 -0.43930444216049447 
-0.7204167833285783 1.3297427124375787 -0.44108655177386813 
-0.7204167833285783 1.3297427124375787 -0.44108655177386813 
-0.7207715783740766 1.3313819922715486 -0.44206265512267995 
-0.7207715783740766 1.3313819922715486 -0.44206265512267995 
-0.7207715783740766 1.3313819922715486 -0.44206265512267995 
-0.7207715783740766 1.3313819922715486 -0.44206265512267995 
-0.7212469816637752 1.333576913428886 -0.44335155761716327 
-0.7212469816637752 1.333576913428886 -0.44335155761716327 
-0.7212469816637752 1.333576913428886 -0.44335155761716327 
-0.7212469816637752 1.333576913428886 -0.44335155761716327 
-0.7219773797289832 1.3369508841306317 -0.445352407702187 
-0.7219773797289832 1.3369508841306317 -0.445352407702187 
-0.7219773797289832 1.3369508841306317 -0.445352407702187 
-0.7219773797289832 1.3369508841306317 -0.445352407702187 
-0.7223745217036394 1.3387857396853315 -0.44644404493961487 
-0.7223745217036394 1.3387857396853315 -0.44644404493961487 
-0.7229914330761641 1.3416342039882618 -0.4481190197988413 
-0.7229914330761641 1.3416342039882618 -0.4481190197988413 
-0.7236919491098306 1.344869133787431 -0.4500261540106104 
-0.7236919491098306 1.344869133787431 -0.4500261540106104 
-0.7238453384966779 1.3455782385736859 -0.4504527681899345 
-0.7238453384966779 1.3455782385736859 -0.4504527681899345 
-0.7238453384966779 1.3455782385736859 -0.4504527681899345 
-0.7242285775885406 1.3473471627364826 -0.45148615859818997 
-0.7242285775885405 1.3473471627364826 -0.45148615859818964 
-0.7250294036175735 1.351046399049185 -0.45367915523763547 
-0.7250294036175735 1.351046399049185 -0.45367915523763547 
-0.7250294036175735 1.351046399049185 -0.45367915523763547 
-0.7256364552648498 1.3538496714626957 -0.45533129329687216 
-0.7256364552648498 1.3538496714626957 -0.45533129329687216 
-0.7258240594956402 1.354716450199925 -0.45584719163438747 
-0.7258240594956402 1.354716450199925 -0.45584719163438747 
-0.726361340129527 1.3571974910726567 -0.45730897547786686 
-0.7267669909134109 1.3590706105849502 -0.45841163745038005 
-0.7267669909134109 1.3590706105849502 -0.45841163745038005 
-0.7267669909134109 1.3590706105849502 -0.45841163745038005 
-0.7267669909134109 1.3590706105849502 -0.45841163745038005 
-0.7273288657554652 1.3616655821538637 -0.459944584152992 
-0.7277066972235289 1.363411253762535 -0.4609835370999137 
-0.7277066972235289 1.363411253762535 -0.4609835370999137 
-0.7277066972235289 1.363411253762535 -0.4609835370999137 
-0.7282253476040923 1.365806596801649 -0.4623985557681033 
-0.7287426888790437 1.3681958938469054 -0.463810002841729 
-0.7287426888790437 1.3681958938469054 -0.463810002841729 
-0.7287426888790437 1.3681958938469054 -0.463810002841729 
-0.7287426888790437 1.3681958938469054 -0.463810002841729 
-0.7292293069318103 1.3704432982817305 -0.4651376286466017 
-0.7292293069318103 1.3704432982817305 -0.4651376286466017 
-0.7296474774625754 1.3723745836091277 -0.466278511078572 
-0.7296474774625754 1.3723745836091277 -0.466278511078572 
-0.7298206137245526 1.3731748876726972 -0.46675900007992255 
-0.7298206137245526 1.3731748876726972 -0.46675900007992255 
-0.7301033681713583 1.3744797319772792 -0.46751824116919416 
-0.7301033681713583 1.3744797319772792 -0.46751824116919416 
-0.7305035468916605 1.376327923645501 -0.46861003707075055 
-0.7305035468916605 1.376327923645501 -0.46861003707075055 
-0.7311000681509365 1.3790825623501766 -0.4702334453803104 
-0.7311000681509365 1.3790825623501766 -0.4702334453803104 
-0.7311000681509365 1.3790825623501766 -0.4702334453803104 
-0.7311000681509365 1.3790825623501766 -0.4702334453803104 
-0.7311000681509365 1.3790825623501766 -0.4702334453803104 
-0.7316639460641885 1.3816874737745972 -0.4717799834037256 
-0.7316639460641885 1.3816874737745972 -0.4717799834037256 
-0.7324678184293847 1.3854000904938162 -0.4739731648728275 
-0.7329386086802596 1.3875737067204157 -0.4752494817483722 
-0.7329386086802596 1.3875737067204157 -0.4752494817483722 
-0.7329386086802596 1.3875737067204157 -0.4752494817483722 
-0.7329386086802596 1.3875737067204157 -0.4752494817483722 
-0.7330073275116255 1.3878921121074443 -0.47544915492701667 
-0.7330073275116255 1.3878921121074443 -0.47544915492701667 
-0.7330073275116255 1.3878921121074443 -0.47544915492701667 
-0.7330684882608545 1.388173544609213 -0.475603828410489 
-0.7330684882608545 1.388173544609213 -0.475603828410489 
-0.7330684882608545 1.388173544609213 -0.475603828410489 
-0.7335718075260472 1.390498426605091 -0.47698108284499974 
