-0.5510227138197423 0.9854372450294141 -0.279055638188875 
-0.5510235591321841 0.9854404601935104 -0.2790498180298696 
-0.5510235591321841 0.9854404601935104 -0.2790498180298696 
-0.5510235591321841 0.9854404601935104 -0.2790498180298696 
-0.5503849228048117 0.9824909721787988 -0.2773074452113349 
-0.5503849228048117 0.9824909721787988 -0.2773074452113349 
-0.5502517333709843 0.9818755035919434 -0.2769400051733104 
-0.5502517333709843 0.9818755035919434 -0.2769400051733104 
-0.5502517333709843 0.9818755035919434 -0.2769400051733104 
-0.5504040264418224 0.9825795451351733 -0.2773636283057225 
-0.5504040264418223 0.9825795451351733 -0.27736362830572214 
-0.5504040264418223 0.9825795451351733 -0.27736362830572214 
-0.5504040264418223 0.9825795451351733 -0.27736362830572214 
-0.5504040264418223 0.9825795451351733 -0.27736362830572214 
-0.550752898743478 0.9841914712762361 -0.2783235728056863 
-0.550752898743478 0.9841914712762361 -0.2783235728056863 
-0.550752898743478 0.9841914712762361 -0.2783235728056863 
-0.550752898743478 0.9841914712762361 -0.2783235728056863 
-0.550752898743478 0.9841914712762361 -0.2783235728056863 
-0.550752898743478 0.9841914712762361 -0.2783235728056863 
-0.550752898743478 0.9841914712762361 -0.2783235728056863 
-0.5516343849897465 0.988261507898967 -0.2807163163567856 
-0.5516343849897465 0.988261507898967 -0.2807163163567856 
-0.5516343849897465 0.988261507898967 -0.2807163163567856 
-0.5516343849897465 0.988261507898967 -0.2807163163567856 
-0.5516343849897465 0.988261507898967 -0.2807163163567856 
-0.5523976804015829 0.9917870678014578 -0.2828028561106002 
-0.5523976804015829 0.9917870678014578 -0.2828028561106002 
-0.5523976804015829 0.9917870678014578 -0.2828028561106002 
-0.5528895511348478 0.994058386878087 -0.2841407494499779 
-0.5528895511348478 0.994058386878087 -0.2841407494499779 
-0.553090956793499 0.9949885619258023 -0.2846902386194655 
-0.553090956793499 0.9949885619258023 -0.2846902386194655 
-0.5534723001891181 0.9967504530756888 -0.28573877305564976 
-0.5534723001891181 0.9967504530756888 -0.28573877305564976 
-0.5534723001891181 0.9967504530756888 -0.28573877305564976 
-0.5534723001891181 0.9967504530756888 -0.28573877305564976 
-0.5534723001891181 0.9967504530756888 -0.28573877305564976 
-0.5540861545101998 0.9995851430644256 -0.2874094706509235 
-0.5540861545101998 0.9995851430644256 -0.2874094706509235 
-0.5543645523164156 1.0008705554320085 -0.2881649520452839 
-0.5543645523164156 1.0008705554320085 -0.2881649520452839 
-0.5543645523164156 1.0008705554320085 -0.2881649520452839 
-0.5543645523164156 1.0008705554320085 -0.2881649520452839 
-0.5543645523164156 1.0008705554320085 -0.2881649520452839 
-0.554520559389132 1.00159140535961 -0.28859464478031294 
-0.554520559389132 1.00159140535961 -0.28859464478031294 
-0.554520559389132 1.00159140535961 -0.28859464478031294 
-0.5552162818142636 1.0048048851221814 -0.29049682713030356 
-0.5552162818142636 1.0048048851221814 -0.29049682713030356 
-0.5552162818142636 1.0048048851221814 -0.29049682713030356 
-0.5552162818142636 1.0048048851221814 -0.29049682713030356 
-0.5554505645137461 1.0058862111699698 -0.2911278873687575 
-0.5554505645137461 1.0058862111699698 -0.2911278873687575 
-0.5554505645137461 1.0058862111699698 -0.2911278873687575 
-0.5554505645137461 1.0058862111699698 -0.2911278873687575 
-0.5554505645137461 1.0058862111699698 -0.2911278873687575 
-0.5560973454043108 1.008873314162864 -0.2928924807609058 
-0.5560973454043108 1.008873314162864 -0.2928924807609058 
-0.5560973454043108 1.008873314162864 -0.2928924807609058 
-0.5567122972402168 1.0117130729312502 -0.29456617267378304 
-0.5567122972402168 1.0117130729312502 -0.29456617267378304 
-0.5567122972402168 1.0117130729312502 -0.29456617267378304 
-0.5567122972402168 1.0117130729312502 -0.29456617267378304 
-0.5572759742779602 1.014317401049138 -0.2961162258545341 
-0.5572759742779602 1.014317401049138 -0.2961162258545341 
-0.5572759742779602 1.014317401049138 -0.2961162258545341 
-0.5572759742779602 1.014317401049138 -0.2961162258545341 
-0.5572759742779602 1.014317401049138 -0.2961162258545341 
-0.5581085673194988 1.018162317369651 -0.2983837019050092 
-0.5581085673194988 1.018162317369651 -0.2983837019050092 
-0.5581085673194988 1.018162317369651 -0.2983837019050092 
-0.5581085673194988 1.018162317369651 -0.2983837019050092 
-0.5588689773325457 1.0216738624610682 -0.3004542431094497 
-0.5588689773325457 1.0216738624610682 -0.3004542431094497 
-0.5588689773325457 1.0216738624610682 -0.3004542431094497 
-0.5590804609007141 1.022650237063846 -0.30102716434468735 
-0.5590804609007141 1.022650237063846 -0.30102716434468735 
-0.5590804609007141 1.022650237063846 -0.30102716434468735 
-0.5590804609007141 1.022650237063846 -0.30102716434468735 
-0.5597824953728121 1.0258920149202075 -0.30293649799801203 
-0.5597824953728121 1.0258920149202075 -0.30293649799801203 
-0.5605381618397747 1.0293831947469916 -0.3050122935944377 
-0.5605381618397747 1.0293831947469916 -0.3050122935944377 
-0.5605381618397747 1.0293831947469916 -0.3050122935944377 
-0.5605381618397747 1.0293831947469916 -0.3050122935944377 
-0.5610982643084019 1.031969636338655 -0.3065363415823389 
-0.5610982643084019 1.031969636338655 -0.3065363415823389 
-0.5612588462059772 1.032710925868899 -0.30697038927803943 
-0.5612588462059772 1.032710925868899 -0.30697038927803943 
-0.5612588462059772 1.032710925868899 -0.30697038927803943 
-0.562150709695167 1.0368302665930802 -0.309407697558025 
-0.562150709695167 1.0368302665930802 -0.309407697558025 
-0.562150709695167 1.0368302665930802 -0.309407697558025 
-0.562150709695167 1.0368302665930802 -0.309407697558025 
-0.562150709695167 1.0368302665930802 -0.309407697558025 
-0.562150709695167 1.0368302665930802 -0.309407697558025 
-0.562150709695167 1.0368302665930802 -0.309407697558025 
-0.5627123639553234 1.039424219423102 -0.3109400424534937 
-0.5627123639553234 1.039424219423102 -0.3109400424534937 
-0.5633448986577876 1.0423458720178527 -0.3126698315873119 
-0.5633448986577876 1.0423458720178527 -0.3126698315873119 
-0.5633448986577876 1.0423458720178527 -0.3126698315873119 
-0.5639477844241099 1.045129904661532 -0.3143106039953506 
-0.5639477844241099 1.045129904661532 -0.3143106039953506 
-0.5639477844241099 1.045129904661532 -0.3143106039953506 
-0.5639477844241099 1.045129904661532 -0.3143106039953506 
-0.5642204931812898 1.0463893870560246 -0.3150546273236844 
-0.5642204931812898 1.0463893870560246 -0.3150546273236844 
-0.5642204931812898 1.0463893870560246 -0.3150546273236844 
-0.5642204931812898 1.0463893870560246 -0.3150546273236844 
-0.5642204931812898 1.0463893870560246 -0.3150546273236844 
-0.5648639982367356 1.0493617053007702 -0.31681434655077345 
-0.5648639982367356 1.0493617053007702 -0.31681434655077345 
-0.5648639982367356 1.0493617053007702 -0.31681434655077345 
-0.5648639982367356 1.0493617053007702 -0.31681434655077345 
-0.5654860025511996 1.0522347241866858 -0.318515405934914 
-0.5654860025511996 1.0522347241866858 -0.318515405934914 
-0.5656726773233756 1.0530961770375125 -0.3190165788573319 
-0.5656726773233756 1.0530961770375125 -0.3190165788573319 
-0.5656726773233756 1.0530961770375125 -0.3190165788573319 
-0.5656726773233756 1.0530961770375125 -0.3190165788573319 
-0.5663708457817228 1.0563216424383104 -0.32093356104844817 
-0.5663708457817228 1.0563216424383104 -0.32093356104844817 
-0.5663708457817228 1.0563216424383104 -0.32093356104844817 
-0.5663708457817228 1.0563216424383104 -0.32093356104844817 
-0.5663708457817228 1.0563216424383104 -0.32093356104844817 
-0.5671029392670733 1.0597020656147467 -0.3229227838982248 
-0.5676134736723679 1.0620599257065915 -0.32431565998839584 
-0.5676134736723679 1.0620599257065915 -0.32431565998839584 
-0.5679495716271309 1.0636118213437487 -0.32522856301091196 
-0.5679495716271309 1.0636118213437487 -0.32522856301091196 
-0.5685639309523841 1.0664502213319034 -0.326916891194749 
-0.5685639309523841 1.0664502213319034 -0.326916891194749 
-0.5685639309523841 1.0664502213319034 -0.326916891194749 
-0.5685639309523841 1.0664502213319034 -0.326916891194749 
-0.569111480255424 1.0689776539268654 -0.32839450114769086 
-0.569111480255424 1.0689776539268654 -0.32839450114769086 
-0.569111480255424 1.0689776539268654 -0.32839450114769086 
-0.5696718504369718 1.0715663651882557 -0.3299314691292621 
-0.5696718504369718 1.0715663651882557 -0.3299314691292621 
-0.5696718504369718 1.0715663651882557 -0.3299314691292621 
-0.5701876500362664 1.073948542134518 -0.33133871009427174 
-0.5701876500362664 1.073948542134518 -0.33133871009427174 
-0.5705445929803905 1.0755967085969513 -0.3323084838917636 
-0.5705445929803905 1.0755967085969513 -0.3323084838917636 
-0.5711187992073194 1.0782496648870503 -0.33388726355150156 
-0.5714962836771578 1.0799911582506179 -0.3348948841229067 
-0.5714962836771578 1.0799911582506179 -0.3348948841229067 
-0.5714962836771578 1.0799911582506179 -0.3348948841229067 
-0.5714962836771578 1.0799911582506179 -0.3348948841229067 
-0.5714962836771578 1.0799911582506179 -0.3348948841229067 
-0.5723778820280296 1.0840639438620105 -0.3373142559960107 
-0.5723778820280296 1.0840639438620105 -0.3373142559960107 
-0.5729485321934176 1.0866994435216197 -0.3388711441566866 
-0.5729485321934176 1.0866994435216197 -0.3388711441566866 
-0.5735369720949455 1.089417447997248 -0.3404806307344218 
-0.5735369720949455 1.089417447997248 -0.3404806307344218 
-0.5735369720949455 1.089417447997248 -0.3404806307344218 
-0.5735369720949455 1.089417447997248 -0.3404806307344218 
-0.5740380718288418 1.0917317348549707 -0.3418477664864822 
-0.5740380718288418 1.0917317348549707 -0.3418477664864822 
-0.5740380718288418 1.0917317348549707 -0.3418477664864822 
-0.5740380718288418 1.0917317348549707 -0.3418477664864822 
-0.5748489596574462 1.095476751900249 -0.3440600880392719 
-0.5748489596574462 1.095476751900249 -0.3440600880392719 
-0.5748489596574462 1.095476751900249 -0.3440600880392719 
-0.5748489596574462 1.095476751900249 -0.3440600880392719 
-0.5748489596574462 1.095476751900249 -0.3440600880392719 
-0.5755277579646768 1.0986113802115698 -0.3459079704130227 
-0.5755277579646768 1.0986113802115698 -0.3459079704130227 
-0.5755277579646768 1.0986113802115698 -0.3459079704130227 
-0.5755277579646768 1.0986113802115698 -0.3459079704130227 
-0.5762640185297965 1.1020110486944623 -0.34790856218468913 
-0.5762640185297963 1.1020110486944623 -0.3479085621846888 
-0.5764599891400155 1.1029171556895767 -0.34845541267079494 
-0.5764599891400155 1.1029171556895767 -0.34845541267079494 
-0.5764599891400155 1.1029171556895767 -0.34845541267079494 
-0.5764599891400155 1.1029171556895767 -0.34845541267079494 
-0.5764599891400155 1.1029171556895767 -0.34845541267079494 
-0.5771332807661438 1.106026007438604 -0.35028420812739447 
-0.5771332807661438 1.106026007438604 -0.35028420812739447 
-0.577330567674863 1.1069381936473226 -0.3508346498322106 
-0.577330567674863 1.1069381936473226 -0.3508346498322106 
-0.577330567674863 1.1069381936473226 -0.3508346498322106 
-0.577330567674863 1.1069381936473226 -0.3508346498322106 
-0.5777346469608282 1.1088033664888979 -0.3519248979326778 
-0.5777346469608282 1.1088033664888979 -0.3519248979326778 
-0.5777346469608282 1.1088033664888979 -0.3519248979326778 
-0.5777346469608282 1.1088033664888979 -0.3519248979326778 
-0.5777346469608282 1.1088033664888979 -0.3519248979326778 
-0.5785876450267466 1.1127425216935276 -0.3542480444145344 
-0.5785876450267466 1.1127425216935276 -0.3542480444145344 
-0.5789497131327012 1.1144160803839196 -0.3552521170417524 
-0.5789497131327012 1.1144160803839196 -0.3552521170417524 
-0.5792155738832753 1.1156429025772876 -0.3559652675535597 
-0.5799434794492617 1.1190038194787157 -0.3579411213557685 
-0.5799434794492617 1.1190038194787157 -0.3579411213557685 
-0.5799434794492617 1.1190038194787157 -0.3579411213557685 
-0.5799434794492617 1.1190038194787157 -0.3579411213557685 
-0.5804147776357359 1.1211809795458616 -0.3592329568871121 
-0.5804147776357359 1.1211809795458616 -0.3592329568871121 
-0.5804147776357359 1.1211809795458616 -0.3592329568871121 
-0.5804147776357359 1.1211809795458616 -0.3592329568871121 
-0.5804147776357359 1.1211809795458616 -0.3592329568871121 
-0.5814479459346147 1.1259532690358558 -0.36205984614779574 
-0.5814479459346147 1.1259532690358558 -0.36205984614779574 
-0.5818537963951921 1.1278269663180567 -0.36315898969228144 
-0.5818537963951921 1.1278269663180567 -0.36315898969228144 
-0.5818537963951921 1.1278269663180567 -0.36315898969228144 
-0.5818537963951921 1.1278269663180567 -0.36315898969228144 
-0.5818537963951921 1.1278269663180567 -0.36315898969228144 
-0.5818537963951921 1.1278269663180567 -0.36315898969228144 
-0.5818537963951921 1.1278269663180567 -0.36315898969228144 
-0.58240299534825 1.1303644286229209 -0.3646695427379181 
-0.58240299534825 1.1303644286229209 -0.3646695427379181 
-0.58240299534825 1.1303644286229209 -0.3646695427379181 
-0.58240299534825 1.1303644286229209 -0.3646695427379181 
-0.5829562808313481 1.1329190421218085 -0.36617092894341374 
-0.5837369075067682 1.1365246450034239 -0.36830475307690524 
-0.5837369075067682 1.1365246450034239 -0.36830475307690524 
-0.5837369075067682 1.1365246450034239 -0.36830475307690524 
-0.5837369075067682 1.1365246450034239 -0.36830475307690524 
-0.583891989916129 1.1372401911911207 -0.36871973347959985 
-0.584661647437382 1.1407951339593658 -0.37082363079051095 
-0.5850589729787862 1.142630148461487 -0.3719076424475053 
-0.5850589729787862 1.142630148461487 -0.3719076424475053 
-0.5850589729787862 1.142630148461487 -0.3719076424475053 
-0.5850589729787862 1.142630148461487 -0.3719076424475053 
-0.5850589729787862 1.142630148461487 -0.3719076424475053 
-0.5856651679989334 1.1454298090349126 -0.3735615065961059 
-0.5860366361587658 1.147146092241205 -0.3745830987152401 
-0.5860366361587658 1.147146092241205 -0.3745830987152401 
-0.5860366361587658 1.147146092241205 -0.3745830987152401 
-0.5865462125476073 1.1494979854119793 -0.3759551650070667 
-0.5865462125476072 1.1494979854119793 -0.3759551650070664 
-0.5865462125476072 1.1494979854119793 -0.3759551650070664 
-0.5865462125476072 1.1494979854119793 -0.3759551650070664 
-0.5870195484227996 1.1516859340528538 -0.3772688127054077 
-0.5870195484227996 1.1516859340528538 -0.3772688127054077 
-0.5880116127341803 1.156266666143036 -0.3799632431583013 
-0.5883331396375018 1.1577538422711138 -0.3808667780776247 
-0.5883331396375017 1.1577538422711138 -0.38086677807762437 
-0.5883331396375017 1.1577538422711138 -0.38086677807762437 
-0.5883331396375017 1.1577538422711138 -0.38086677807762437 
-0.5883331396375017 1.1577538422711138 -0.38086677807762437 
-0.5887847481648754 1.1598369825025867 -0.3820685027476255 
-0.5887847481648754 1.1598369825025867 -0.3820685027476255 
-0.5887847481648754 1.1598369825025867 -0.3820685027476255 
-0.5887847481648754 1.1598369825025867 -0.3820685027476255 
-0.5893674954209237 1.1625290403952517 -0.3836665214472611 
-0.5893674954209237 1.1625290403952517 -0.3836665214472611 
-0.5893674954209237 1.1625290403952517 -0.3836665214472611 
-0.5893674954209237 1.1625290403952517 -0.3836665214472611 
-0.589920342137855 1.1650816274896043 -0.38516671057985363 
-0.589920342137855 1.1650816274896043 -0.38516671057985363 
-0.589920342137855 1.1650816274896043 -0.38516671057985363 
-0.5907529662004705 1.1689273759184662 -0.38744239766444954 
-0.5907529662004705 1.1689273759184662 -0.38744239766444954 
-0.5907529662004705 1.1689273759184662 -0.38744239766444954 
-0.5910450337940798 1.1702772987264471 -0.3882514267405074 
-0.5914655841200557 1.1722188860971883 -0.38939067549794226 
-0.5914655841200557 1.1722188860971883 -0.38939067549794226 
-0.5914655841200557 1.1722188860971883 -0.38939067549794226 
-0.5918132944671047 1.1738240681686558 -0.3903311970706783 
-0.5918132944671047 1.1738240681686558 -0.3903311970706783 
-0.5918132944671047 1.1738240681686558 -0.3903311970706783 
-0.5921799200891577 1.1755176421025788 -0.3913355142354714 
-0.5921799200891577 1.1755176421025788 -0.3913355142354714 
-0.5921799200891577 1.1755176421025788 -0.3913355142354714 
-0.5921799200891577 1.1755176421025788 -0.3913355142354714 
-0.5921799200891577 1.1755176421025788 -0.3913355142354714 
-0.5927606642740085 1.1781997601397372 -0.3929199416143031 
-0.5927606642740085 1.1781997601397372 -0.3929199416143031 
-0.5930733329722473 1.1796444829918695 -0.39378111288164186 
-0.5930733329722473 1.1796444829918695 -0.39378111288164186 
-0.5930733329722473 1.1796444829918695 -0.39378111288164186 
-0.5930733329722473 1.1796444829918695 -0.39378111288164186 
-0.5935983514563008 1.18206923657986 -0.39521350546038303 
-0.5935983514563008 1.18206923657986 -0.39521350546038303 
-0.5941060028604352 1.18441309293388 -0.3965903895425623 
-0.5941060028604352 1.18441309293388 -0.3965903895425623 
-0.5941060028604352 1.18441309293388 -0.3965903895425623 
-0.5947359395834201 1.187323435819644 -0.39832121708515456 
-0.5947359395834201 1.187323435819644 -0.39832121708515456 
-0.5947359395834201 1.187323435819644 -0.39832121708515456 
-0.5947359395834199 1.187323435819644 -0.39832121708515456 
-0.5947359395834199 1.187323435819644 -0.39832121708515456 
-0.5952723426849735 1.1898004238833064 -0.39978060678282723 
-0.5952723426849735 1.1898004238833064 -0.39978060678282723 
-0.5956946343632998 1.191749709122949 -0.40092054322085147 
-0.5956946343632998 1.191749709122949 -0.40092054322085147 
-0.5956946343632998 1.191749709122949 -0.40092054322085147 
-0.5956946343632998 1.191749709122949 -0.40092054322085147 
-0.596337936145608 1.1947214329879134 -0.4026837710638955 
-0.596337936145608 1.1947214329879134 -0.4026837710638955 
-0.5966860828611942 1.1963286303906666 -0.4036254831681526 
-0.5966860828611942 1.1963286303906666 -0.4036254831681526 
-0.5966860828611942 1.1963286303906666 -0.4036254831681526 
-0.5972633306290278 1.1989949449407846 -0.4052044345747826 
-0.5972633306290278 1.1989949449407846 -0.4052044345747826 
-0.5972633306290278 1.1989949449407846 -0.4052044345747826 
-0.5972633306290278 1.1989949449407846 -0.4052044345747826 
-0.5982901428125631 1.203737879248146 -0.4080139826318242 
-0.5982901428125631 1.203737879248146 -0.4080139826318242 
-0.5982901428125631 1.203737879248146 -0.4080139826318242 
-0.5986422408212788 1.2053633253649614 -0.40896647493359295 
-0.5986422408212788 1.2053633253649614 -0.40896647493359295 
-0.5991933461858598 1.2079082145904125 -0.4104659763855961 
-0.5991933461858598 1.2079082145904125 -0.4104659763855961 
-0.599709143387525 1.210290380463426 -0.4118732108092241 
-0.599709143387525 1.210290380463426 -0.4118732108092241 
-0.6001826354704416 1.2124778525536781 -0.41317315181457615 
-0.6001826354704416 1.2124778525536781 -0.41317315181457615 
-0.6001826354704416 1.2124778525536781 -0.41317315181457615 
-0.6001826354704416 1.2124778525536781 -0.41317315181457615 
-0.6001826354704416 1.2124778525536781 -0.41317315181457615 
-0.6009292291444968 1.2159255880487467 -0.4152059983053292 
-0.6014290286898389 1.2182342145153513 -0.4165736499910858 
-0.6014290286898389 1.2182342145153513 -0.4165736499910858 
-0.6016859257550728 1.219420327524105 -0.41727047154249786 
-0.6016859257550728 1.219420327524105 -0.41727047154249786 
-0.6022408077630931 1.221983692118937 -0.418792466300706 
-0.6025605655874449 1.2234582429063836 -0.4196386180834567 
-0.6025605655874449 1.2234582429063836 -0.4196386180834567 
-0.6025605655874449 1.2234582429063836 -0.4196386180834567 
-0.6025605655874449 1.2234582429063836 -0.4196386180834567 
-0.6025605655874449 1.2234582429063836 -0.4196386180834567 
-0.6030911619173243 1.2259102922203693 -0.4211043362755008 
-0.6030911619173243 1.2259102922203693 -0.4211043362755008 
-0.6030911619173243 1.2259102922203693 -0.4211043362755008 
-0.6030911619173243 1.2259102922203693 -0.4211043362755008 
-0.6030911619173243 1.2259102922203693 -0.4211043362755008 
-0.6030911619173243 1.2259102922203693 -0.4211043362755008 
-0.603633551603096 1.2284163064985734 -0.4225963117963004 
-0.6043171787357893 1.2315732363330256 -0.4244573685133678 
-0.6043171787357893 1.2315732363330256 -0.4244573685133678 
-0.6049005555176401 1.2342675127973928 -0.42604897832961963 
-0.6049005555176401 1.2342675127973928 -0.42604897832961963 
-0.6049005555176401 1.2342675127973928 -0.42604897832961963 
-0.6049005555176401 1.2342675127973928 -0.42604897832961963 
-0.6054832335386469 1.2369578732536142 -0.4276305553368668 
-0.6054832335386469 1.2369578732536142 -0.4276305553368668 
-0.606253754879917 1.2405164610816912 -0.4297327461825605 
-0.606780914135317 1.2429502480788304 -0.4311609096953274 
-0.606780914135317 1.2429502480788304 -0.4311609096953274 
-0.606780914135317 1.2429502480788304 -0.4311609096953274 
-0.606857094323537 1.2433029334157675 -0.4313788195452174 
-0.606857094323537 1.2433029334157675 -0.4313788195452174 
-0.606857094323537 1.2433029334157675 -0.4313788195452174 
-0.606857094323537 1.2433029334157675 -0.4313788195452174 
-0.6075869779337174 1.2466729857474752 -0.4333600699875636 
-0.6075869779337174 1.2466729857474752 -0.4333600699875636 
-0.6078028974277807 1.2476707008626287 -0.43395516329955963 
-0.6078028974277807 1.2476707008626287 -0.43395516329955963 
-0.6078028974277807 1.2476707008626287 -0.43395516329955963 
-0.6083911304597269 1.250388094348603 -0.43556814868117677 
-0.6088408921544928 1.2524652808025054 -0.4367952203621782 
-0.6088408921544928 1.2524652808025054 -0.4367952203621782 
-0.6088408921544928 1.2524652808025054 -0.4367952203621782 
-0.6095150959304749 1.2555790340788242 -0.4386346308107779 
-0.6097606035829504 1.2567128904654083 -0.4393044421604947 
-0.6097606035829504 1.2567128904654083 -0.4393044421604947 
-0.610416783328578 1.2597427124375788 -0.44108655177386813 
-0.610416783328578 1.2597427124375788 -0.44108655177386813 
-0.6107715783740766 1.2613819922715486 -0.44206265512268017 
-0.6107715783740766 1.2613819922715486 -0.44206265512268017 
-0.6107715783740766 1.2613819922715486 -0.44206265512268017 
-0.6107715783740766 1.2613819922715486 -0.44206265512268017 
-0.6112469816637749 1.263576913428886 -0.44335155761716327 
-0.6112469816637749 1.263576913428886 -0.44335155761716327 
-0.6112469816637749 1.263576913428886 -0.44335155761716327 
-0.6112469816637749 1.263576913428886 -0.44335155761716327 
-0.6119773797289829 1.2669508841306314 -0.445352407702187 
-0.6119773797289829 1.2669508841306314 -0.445352407702187 
-0.6119773797289829 1.2669508841306314 -0.445352407702187 
-0.6119773797289829 1.2669508841306314 -0.445352407702187 
-0.6123745217036389 1.2687857396853315 -0.44644404493961465 
-0.6123745217036389 1.2687857396853315 -0.44644404493961465 
-0.612991433076164 1.2716342039882622 -0.44811901979884106 
-0.612991433076164 1.2716342039882622 -0.44811901979884106 
-0.6136919491098303 1.2748691337874307 -0.4500261540106102 
-0.6136919491098303 1.2748691337874307 -0.4500261540106102 
-0.6138453384966777 1.2755782385736858 -0.45045276818993407 
-0.6138453384966777 1.2755782385736858 -0.45045276818993407 
-0.6138453384966777 1.2755782385736858 -0.45045276818993407 
-0.6142285775885404 1.2773471627364827 -0.4514861585981902 
-0.6142285775885403 1.2773471627364827 -0.45148615859818986 
-0.6150294036175732 1.2810463990491847 -0.45367915523763547 
-0.6150294036175732 1.2810463990491847 -0.45367915523763547 
-0.6150294036175732 1.2810463990491847 -0.45367915523763547 
-0.6156364552648494 1.283849671462696 -0.4553312932968724 
-0.6156364552648494 1.283849671462696 -0.4553312932968724 
-0.61582405949564 1.2847164501999249 -0.45584719163438747 
-0.61582405949564 1.2847164501999249 -0.45584719163438747 
-0.6163613401295268 1.287197491072657 -0.45730897547786686 
-0.6167669909134106 1.28907061058495 -0.45841163745038005 
-0.6167669909134106 1.28907061058495 -0.45841163745038005 
-0.6167669909134106 1.28907061058495 -0.45841163745038005 
-0.6167669909134106 1.28907061058495 -0.45841163745038005 
-0.617328865755465 1.2916655821538634 -0.4599445841529918 
-0.6177066972235286 1.2934112537625349 -0.4609835370999139 
-0.6177066972235286 1.2934112537625349 -0.4609835370999139 
-0.6177066972235286 1.2934112537625349 -0.4609835370999139 
-0.618225347604092 1.295806596801649 -0.46239855576810307 
-0.6187426888790435 1.2981958938469051 -0.4638100028417288 
-0.6187426888790435 1.2981958938469051 -0.4638100028417288 
-0.6187426888790435 1.2981958938469051 -0.4638100028417288 
-0.6187426888790435 1.2981958938469051 -0.4638100028417288 
-0.61922930693181 1.3004432982817307 -0.4651376286466019 
-0.61922930693181 1.3004432982817307 -0.4651376286466019 
-0.6196474774625753 1.3023745836091276 -0.46627851107857154 
-0.6196474774625753 1.3023745836091276 -0.46627851107857154 
-0.6198206137245522 1.303174887672697 -0.4667590000799223 
-0.6198206137245522 1.303174887672697 -0.4667590000799223 
-0.6201033681713581 1.3044797319772792 -0.46751824116919416 
-0.6201033681713581 1.3044797319772792 -0.46751824116919416 
-0.6205035468916603 1.306327923645501 -0.46861003707075055 
-0.6205035468916603 1.306327923645501 -0.46861003707075055 
-0.6211000681509363 1.3090825623501767 -0.4702334453803104 
-0.6211000681509363 1.3090825623501767 -0.4702334453803104 
-0.6211000681509363 1.3090825623501767 -0.4702334453803104 
-0.6211000681509363 1.3090825623501767 -0.4702334453803104 
-0.6211000681509363 1.3090825623501767 -0.4702334453803104 
-0.6216639460641881 1.3116874737745967 -0.4717799834037256 
-0.6216639460641881 1.3116874737745967 -0.4717799834037256 
-0.6224678184293844 1.3154000904938163 -0.4739731648728277 
-0.6229386086802595 1.3175737067204156 -0.47524948174837245 
-0.6229386086802595 1.3175737067204156 -0.47524948174837245 
-0.6229386086802595 1.3175737067204156 -0.47524948174837245 
-0.6229386086802595 1.3175737067204156 -0.47524948174837245 
-0.6230073275116251 1.317892112107444 -0.47544915492701667 
-0.6230073275116251 1.317892112107444 -0.47544915492701667 
-0.6230073275116251 1.317892112107444 -0.47544915492701667 
-0.6230684882608541 1.3181735446092129 -0.47560382841048876 
-0.6230684882608541 1.3181735446092129 -0.47560382841048876 
-0.6230684882608541 1.3181735446092129 -0.47560382841048876 
-0.6235718075260469 1.3204984266050908 -0.47698108284499974 
