-0.5877629702310745 1.2464484471278179 -0.34973187977350295 
-0.5857508242365501 1.2388292964979968 -0.3635185810700263 
-0.5872921836393219 1.2446648748233113 -0.35294689975481486 
-0.5862563761445057 1.240743430048812 -0.3600525498491317 
-0.5875338513859358 1.2455793484063522 -0.35128369852530406 
-0.5863408494290345 1.2410639770117693 -0.3594818481193638 
-0.5873831991649023 1.2450101921864936 -0.3523313448430435 
-0.5857447537876759 1.2388073785460192 -0.36357283908835203 
-0.5868584099599878 1.2430228658630302 -0.3559250449032306 
-0.5859589413504128 1.2396169188045365 -0.3620875227564463 
-0.587022868398938 1.2436458986339032 -0.35480174929613384 
-0.5863560138298035 1.2411206807986424 -0.3593694403155989 
-0.586942824276193 1.2433421214764577 -0.3553420849788468 
-0.585841398720492 1.2391725879506728 -0.3629018290853596 
-0.5871414961153846 1.2440950499248662 -0.3539884453358535 
-0.5851194472242495 1.2364387607222618 -0.3678472610776644 
-0.5866206382045933 1.242121007217176 -0.35753621051336704 
-0.585068364225008 1.2362453489653569 -0.36819748282036135 
-0.5866793411785316 1.2423436259443548 -0.35713796754229754 
-0.585379300609661 1.2374226242493938 -0.3660657230545279 
-0.587075215554772 1.243844096772798 -0.35444286057750696 
-0.5852517887619252 1.2369394796061675 -0.36693571521911084 
-0.586360239988339 1.2411366819880685 -0.3593404660457006 
-0.5857674816048817 1.238892009024186 -0.3634001584029808 
-0.5868347951166875 1.24293381076735 -0.3560911675691917 
-0.5858299604682964 1.2391285680931896 -0.36297180735171664 
-0.5868028366883371 1.242811561880787 -0.3562954880664757 
-0.5865012276189139 1.2416701369298173 -0.35836964313279207 
-0.5871195440822929 1.244011934576297 -0.3541389470565687 
-0.5857968155742799 1.2390030740486082 -0.3631990466038415 
-0.5871041177099519 1.243953170823808 -0.3542404884428747 
-0.5860415137863427 1.2399302687259617 -0.36152985312187236 
-0.5867526968829984 1.2426233243647211 -0.356658248581469 
-0.5856157089944187 1.2383173636886418 -0.36444070161538633 
-0.5859969045646471 1.239760121082405 -0.3618209066410568 
-0.5849263080882086 1.2357074923906546 -0.3691714105170405 
-0.5860729442547078 1.2400489155409515 -0.3613101470353799 
-0.5856587641379267 1.2384803801730562 -0.3641455183329759 
-0.5866707777193758 1.2423128039069837 -0.3572156602491835 
-0.58523317866179 1.2368684825557148 -0.36705696209224614 
-0.586026486067618 1.2398726583385946 -0.3616244405388629 
-0.5852596375475918 1.2369699089337667 -0.3668903461033882 
-0.5871401987981899 1.2440894259345863 -0.3539888980069752 
-0.5850829343217931 1.2363005146380721 -0.36809759117807106 
-0.5864731485786877 1.2415638233502901 -0.358562151218599 
-0.5847895042281468 1.2351891660929477 -0.3701051081178397 
-0.5861508329101623 1.2403438195582992 -0.36077614744540476 
-0.5847403552381063 1.2350037889858645 -0.3704505120701518 
-0.5866578538524985 1.242263159177235 -0.35729582379382263 
-0.585182572007091 1.2366777653879026 -0.3674144816445378 
-0.5866418897344334 1.2422041375895687 -0.3574221329948378 
-0.5854631132690018 1.2377399578816135 -0.36549110887661695 
-0.586559914012551 1.2418923368528512 -0.35796729300931807 
-0.5854837753377795 1.237817833106953 -0.36534523024202603 
-0.5872349994406674 1.2444487185766875 -0.35334317175241015 
-0.5856312957142236 1.2383758435115793 -0.36432749730022096 
-0.5864140635314343 1.241340470062134 -0.3589714553113885 
-0.5853736072912846 1.2374010680618919 -0.3661047560775128 
-0.5862502417844906 1.2407198479508041 -0.3600903857992215 
-0.5850603290163939 1.2362145698258165 -0.3682483508656451 
-0.5864725542747038 1.2415622852361323 -0.35857466738007404 
-0.5852416902149465 1.2369019562843486 -0.36701339185655735 
-0.5864725542747038 1.2415622852361323 -0.35857466738007404 
-0.585313444510386 1.2371732782036873 -0.36651722821667154 
-0.5868968495187645 1.2431687627299919 -0.35566572659743645 
-0.5859954542528693 1.2397551648887264 -0.36183719265603964 
-0.5867158774786457 1.2424823146992345 -0.35689167479031547 
-0.5854746602532186 1.2377827863270667 -0.36540137990178867 
-0.5870444125509933 1.2437278256802553 -0.354658264807333 
-0.5854322678772004 1.2376228142436863 -0.36569836206423234 
-0.5864936831928417 1.2416426401132177 -0.3584340297081847 
-0.5861818128417062 1.240460225525436 -0.3605531874391239 
-0.5874128983595527 1.2451213929674954 -0.35211294466028786 
-0.5857955514176874 1.2389982876666183 -0.363207713579772 
-0.5867839151206944 1.242741167626531 -0.35643999753473143 
-0.5856313641777294 1.2383773497984558 -0.3643418123417296 
-0.5872210991964908 1.2443968011718043 -0.3534469125802454 
-0.5858208806866393 1.2390941899918901 -0.363034057748178 
-0.5872822807427109 1.2446277362505282 -0.35301901420010207 
-0.5868482782524069 1.2429845049329213 -0.3559945072358679 
-0.5879632385592704 1.247205640106758 -0.34834619057564553 
-0.5861927934719623 1.240501800668268 -0.36047790494746756 
-0.5877564187626024 1.2464236417904981 -0.34977679621810454 
-0.5868887624269457 1.2431368961077196 -0.3557063867536159 
-0.588282235960259 1.2484141482715756 -0.34616760665433466 
-0.5863187816015977 1.2409781100344388 -0.35960571988273793 
-0.5876246734034504 1.2459241120907951 -0.3506715922375827 
-0.5863884701486087 1.24124267670095 -0.35913635829363333 
-0.587876074471791 1.2468759732390753 -0.34894800275424176 
-0.5864140635314343 1.241340470062134 -0.3589714553113885 
-0.5879071228668407 1.2469938854930886 -0.3487393577894703 
-0.5862966833912792 1.2408956863490161 -0.35977198514333386 
-0.588289124971722 1.2484389845541903 -0.34610559161391086 
-0.5866226051066346 1.2421296994750355 -0.35753748691829923 
-0.5877753590528478 1.246494285919196 -0.3496342803341441 
-0.587514479549234 1.2455068933044946 -0.3514270741832629 
-0.5883588180710987 1.2487033933615483 -0.34563412299807883 
-0.5865423558383394 1.2418253226312073 -0.3580813279462789 
-0.587922702501527 1.2470521614492285 -0.3486241031687931 
-0.5861887653738582 1.240486195298427 -0.3605013235665886 
-0.5876880177698414 1.2461643041766668 -0.3502415281797042 
-0.5864763651993223 1.241576714256292 -0.35854853992708713 
-0.5882893890855956 1.2484408755901026 -0.34611434446326017 
-0.5861132680817824 1.2402015906453006 -0.36103368948198644 
-0.5876238244807751 1.245920897878072 -0.35067741239660144 
-0.586609909782965 1.2420810971023601 -0.35761818246609756 
-0.5881245393459098 1.2478170733211587 -0.3472487644546758 
-0.5863773549786102 1.2412018392289088 -0.3592273476039549 
-0.5872289148215555 1.2444263928911141 -0.35339332915971366 
-0.5859901101149677 1.2397336856541639 -0.36185907036198617 
-0.5874469514123299 1.245251572574582 -0.3518942635532508 
-0.5864319448106373 1.2414069274952253 -0.3588341010580929 
-0.5870122529939341 1.2436044592476507 -0.3548597434041739 
-0.5860246183796212 1.2398662989053524 -0.3616456869388661 
-0.5873992032609263 1.245070075248995 -0.3522131801428571 
-0.5855637936528029 1.238121156523158 -0.36480085066950607 
-0.587437192550644 1.2452139112683553 -0.3519527280267656 
-0.5862008474031792 1.2405328296822504 -0.360429030486479 
-0.586927032410838 1.2432830419671372 -0.35545879463927865 
-0.5854214994776132 1.2375820426540352 -0.3657721895161339 
-0.5867583404604715 1.2426436241397885 -0.356606894101271 
-0.5852849410088223 1.2370653575177986 -0.36671264638198753 
-0.5867017176729609 1.2424283483992853 -0.35698455574207355 
-0.5852243629940065 1.2368359954903272 -0.3671279653380579 
-0.5865571808215778 1.2418823444027403 -0.35799025241593574 
-0.5847189622060949 1.2349215430728668 -0.37058239689269123 
-0.5859538662692021 1.2395977034023877 -0.36212231718536314 
-0.5848020109865673 1.2352375875833845 -0.3700320250677125 
-0.5861335314969439 1.240278312505518 -0.3608947648167117 
-0.5843511223169622 1.2335304213822635 -0.37312328865787414 
-0.5851766406503243 1.2366549519059806 -0.3674509258174713 
-0.5846533775735742 1.2346744719301228 -0.371046825319187 
-0.5856165652699745 1.2383209617684146 -0.3644390518713698 
-0.5840903868482731 1.2325425060341184 -0.3749024325352206 
-0.5853917907877806 1.237470626935686 -0.36598853285199573 
-0.5838548673641497 1.2316518422824294 -0.37652977831617274 
-0.585023568580365 1.2360748515098594 -0.3684940352691072 
-0.5838091662385714 1.2314768503352285 -0.37681989927070325 
-0.5850821019794189 1.2362977192294944 -0.3681075184894945 
-0.5838244156831474 1.231535479213123 -0.3767259136608516 
-0.5847893417383812 1.2351896189522014 -0.3701188846148086 
-0.5838414882853961 1.2315997639085787 -0.37660464417689465 
-0.5847904028917252 1.2351936367181053 -0.3701116094160345 
-0.58341320492119 1.2299785425197136 -0.37954514807948203 
-0.5846746855617788 1.234754792752099 -0.37089651830273407 
-0.5837570573888897 1.2312800894910063 -0.37718349694887343 
-0.5849940816163834 1.235964454282038 -0.36871098041210715 
-0.583232440168923 1.2292925252456364 -0.3807654773589859 
-0.5844781433821561 1.2340102837025488 -0.37223977796318286 
-0.583085375004355 1.228736948485112 -0.381788507984709 
-0.5845515675729229 1.2342877492357975 -0.37173004368356233 
-0.5830969996794981 1.2287813181545362 -0.38171303078879104 
-0.5840429098958617 1.2323631036112421 -0.3752321522796882 
-0.5829758344224462 1.2283225591624987 -0.382543731963529 
-0.5844570310443193 1.2339303476296086 -0.3723845227874766 
-0.5829370293706555 1.2281763465387052 -0.38281821854344855 
-0.5843059590370034 1.2333597770996367 -0.3734371229488542 
-0.5827889641861629 1.227614135258109 -0.3838143386341504 
-0.5839666014168723 1.2320722253205345 -0.37573211527188666 
-0.5830566850798439 1.2286286779872821 -0.3819894250795861 
-0.5844281288891393 1.2338212735785978 -0.3725868949221086 
-0.5832557389923505 1.229382340996667 -0.3806247243148726 
-0.5841534858233932 1.2327810569585196 -0.37446560921228755 
-0.5826877155738611 1.227232032243899 -0.3845232770020339 
-0.5833874604183208 1.229881068025175 -0.379721650727987 
-0.5823641191684423 1.2260068232657735 -0.38674183305236487 
-0.5834573728334851 1.2301464842525116 -0.37925077737791146 
-0.5819982203964236 1.2246202009177953 -0.3892356269723731 
-0.5838824653847782 1.2317552684766147 -0.37632792865664166 
-0.5821803973570494 1.2253099639807608 -0.3879866334994573 
-0.5843068079596787 1.23336299131236 -0.3734313027898353 
-0.582514747991818 1.226575536814942 -0.38569014938620194 
-0.584324715314365 1.2334300824869429 -0.37330011253583706 
-0.5830693451006097 1.2286766116813708 -0.3819026287950884 
-0.5846807207077493 1.2347760420254903 -0.37083615954770854 
-0.5830993415697358 1.2287905411065752 -0.381701195766492 
-0.5845305329260128 1.2342093543868287 -0.37188904028676684 
-0.5828103737984756 1.227696799975252 -0.38368656096401543 
-0.5844777355011195 1.2340090954003322 -0.3722467951950965 
-0.5826462974328404 1.2270745017653564 -0.3847987954493919 
-0.5843392430231276 1.233484375614274 -0.3731920698513359 
-0.5823562703827757 1.225976393938174 -0.3867872021680878 
-0.5837524749647606 1.2312638074818432 -0.3772275762302981 
-0.582521356286312 1.226601802431494 -0.3856596047043248 
-0.5837260513818624 1.2311630497823776 -0.3774002929558564 
-0.582585761806047 1.2268460122832696 -0.3852222654476727 
-0.5840448107444607 1.2323703006527746 -0.3752191201844939 
-0.5822271104305925 1.2254880772819357 -0.38768115610792164 
-0.5840268394786337 1.232301545332161 -0.37533388837025616 
-0.5832627222750408 1.229409137307399 -0.380581068205764 
-0.5842339544074757 1.2330864412223264 -0.37392236345006524 
-0.5830165900637392 1.2284772252402594 -0.3822685347456294 
-0.584337978866535 1.2334795892322838 -0.37320073682726596 
-0.5829557740105331 1.2282466059183672 -0.38268126485164755 
-0.5836618746730972 1.2309200622879277 -0.3778402843251587 
-0.5828240099287784 1.2277468263442226 -0.38357406728683086 
-0.5840939597345011 1.2325556777598574 -0.37487371623218224 
-0.5827106368991332 1.2273172164008044 -0.3843471476926128 
-0.5840069418242482 1.232225319229028 -0.3754597648708975 
-0.5821468633045991 1.2251835315084048 -0.3882228835677919 
