-0.6977629702310747 1.1764484471278178 -0.34973187977350295 
-0.6957508242365504 1.1688292964979972 -0.36351858107002644 
-0.697292183639322 1.1746648748233113 -0.35294689975481475 
-0.6962563761445059 1.1707434300488124 -0.36005254984913193 
-0.697533851385936 1.1755793484063521 -0.3512836985253045 
-0.6963408494290346 1.171063977011769 -0.3594818481193637 
-0.6973831991649027 1.1750101921864935 -0.3523313448430434 
-0.695744753787676 1.1688073785460191 -0.36357283908835225 
-0.6968584099599879 1.1730228658630302 -0.3559250449032305 
-0.6959589413504129 1.1696169188045364 -0.3620875227564466 
-0.6970228683989382 1.173645898633903 -0.35480174929613373 
-0.6963560138298037 1.1711206807986425 -0.3593694403155989 
-0.6969428242761931 1.1733421214764577 -0.3553420849788471 
-0.6958413987204923 1.1691725879506727 -0.36290182908535984 
-0.6971414961153848 1.1740950499248657 -0.35398844533585394 
-0.6951194472242497 1.166438760722262 -0.36784726107766474 
-0.6966206382045934 1.1721210072171757 -0.35753621051336704 
-0.6950683642250082 1.166245348965357 -0.36819748282036135 
-0.6966793411785317 1.1723436259443547 -0.35713796754229765 
-0.6953793006096612 1.167422624249394 -0.3660657230545278 
-0.6970752155547721 1.1738440967727977 -0.35444286057750707 
-0.6952517887619253 1.1669394796061672 -0.3669357152191107 
-0.6963602399883392 1.1711366819880686 -0.3593404660457007 
-0.6957674816048818 1.1688920090241859 -0.3634001584029808 
-0.6968347951166877 1.17293381076735 -0.35609116756919124 
-0.6958299604682965 1.1691285680931893 -0.3629718073517165 
-0.6968028366883374 1.172811561880787 -0.3562954880664757 
-0.6965012276189139 1.171670136929817 -0.3583696431327924 
-0.6971195440822932 1.1740119345762972 -0.35413894705656845 
-0.69579681557428 1.169003074048608 -0.36319904660384184 
-0.6971041177099522 1.1739531708238085 -0.35424048844287503 
-0.6960415137863429 1.1699302687259614 -0.3615298531218728 
-0.6967526968829985 1.172623324364721 -0.3566582485814689 
-0.6956157089944187 1.1683173636886415 -0.3644407016153862 
-0.6959969045646474 1.169760121082405 -0.3618209066410569 
-0.6949263080882087 1.1657074923906545 -0.3691714105170407 
-0.696072944254708 1.170048915540952 -0.3613101470353801 
-0.6956587641379267 1.1684803801730559 -0.36414551833297604 
-0.6966707777193761 1.1723128039069837 -0.35721566024918383 
-0.6952331786617902 1.1668684825557147 -0.3670569620922467 
-0.6960264860676181 1.1698726583385946 -0.3616244405388629 
-0.695259637547592 1.1669699089337666 -0.3668903461033881 
-0.6971401987981901 1.1740894259345862 -0.3539888980069753 
-0.6950829343217932 1.1663005146380725 -0.3680975911780713 
-0.6964731485786877 1.1715638233502899 -0.35856215121859913 
-0.6947895042281468 1.1651891660929474 -0.37010510811784025 
-0.6961508329101627 1.1703438195582991 -0.36077614744540476 
-0.6947403552381065 1.1650037889858647 -0.37045051207015134 
-0.6966578538524985 1.1722631591772348 -0.35729582379382296 
-0.6951825720070912 1.166677765387903 -0.36741448164453794 
-0.6966418897344336 1.1722041375895687 -0.35742213299483794 
-0.695463113269002 1.1677399578816139 -0.36549110887661684 
-0.6965599140125511 1.171892336852851 -0.3579672930093184 
-0.6954837753377796 1.1678178331069529 -0.36534523024202636 
-0.6972349994406676 1.1744487185766876 -0.3533431717524107 
-0.6956312957142238 1.1683758435115794 -0.36432749730022085 
-0.6964140635314345 1.1713404700621344 -0.35897145531138885 
-0.6953736072912848 1.167401068061892 -0.3661047560775126 
-0.6962502417844905 1.1707198479508036 -0.3600903857992216 
-0.695060329016394 1.1662145698258164 -0.3682483508656452 
-0.6964725542747039 1.1715622852361323 -0.35857466738007426 
-0.6952416902149468 1.1669019562843486 -0.36701339185655735 
-0.6964725542747039 1.1715622852361323 -0.35857466738007426 
-0.6953134445103863 1.1671732782036877 -0.36651722821667154 
-0.6968968495187647 1.173168762729992 -0.35566572659743634 
-0.6959954542528693 1.169755164888726 -0.36183719265603975 
-0.6967158774786459 1.1724823146992347 -0.35689167479031547 
-0.6954746602532188 1.1677827863270667 -0.36540137990178856 
-0.6970444125509934 1.173727825680255 -0.35465826480733353 
-0.6954322678772005 1.1676228142436862 -0.3656983620642327 
-0.6964936831928418 1.1716426401132176 -0.35843402970818505 
-0.6961818128417065 1.170460225525436 -0.360553187439124 
-0.6974128983595529 1.1751213929674955 -0.3521129446602883 
-0.6957955514176875 1.168998287666618 -0.363207713579772 
-0.6967839151206946 1.1727411676265307 -0.35643999753473143 
-0.6956313641777297 1.1683773497984558 -0.3643418123417299 
-0.697221099196491 1.1743968011718042 -0.3534469125802453 
-0.6958208806866394 1.1690941899918899 -0.3630340577481783 
-0.6972822807427111 1.1746277362505284 -0.3530190142001022 
-0.6968482782524072 1.1729845049329215 -0.3559945072358681 
-0.6979632385592706 1.177205640106758 -0.34834619057564575 
-0.6961927934719625 1.170501800668268 -0.3604779049474678 
-0.6977564187626025 1.1764236417904979 -0.3497767962181044 
-0.6968887624269458 1.1731368961077195 -0.355706386753616 
-0.6982822359602592 1.1784141482715753 -0.346167606654335 
-0.6963187816015978 1.1709781100344387 -0.3596057198827385 
-0.6976246734034506 1.1759241120907955 -0.3506715922375827 
-0.6963884701486089 1.17124267670095 -0.35913635829363333 
-0.6978760744717911 1.1768759732390752 -0.3489480027542421 
-0.6964140635314345 1.1713404700621344 -0.35897145531138885 
-0.697907122866841 1.1769938854930888 -0.3487393577894703 
-0.6962966833912793 1.1708956863490159 -0.3597719851433341 
-0.6982891249717222 1.1784389845541905 -0.34610559161391097 
-0.6966226051066347 1.1721296994750352 -0.35753748691829923 
-0.6977753590528479 1.1764942859191958 -0.34963428033414434 
-0.6975144795492342 1.1755068933044945 -0.35142707418326313 
-0.6983588180710987 1.178703393361548 -0.3456341229980787 
-0.6965423558383397 1.1718253226312072 -0.3580813279462789 
-0.6979227025015271 1.1770521614492284 -0.34862410316879366 
-0.6961887653738583 1.1704861952984271 -0.3605013235665886 
-0.6976880177698416 1.176164304176667 -0.35024152817970433 
-0.6964763651993225 1.1715767142562918 -0.35854853992708746 
-0.6982893890855959 1.178440875590103 -0.3461143444632606 
-0.6961132680817826 1.1702015906453007 -0.3610336894819868 
-0.6976238244807753 1.1759208978780722 -0.35067741239660166 
-0.6966099097829651 1.17208109710236 -0.35761818246609756 
-0.6981245393459101 1.1778170733211586 -0.3472487644546758 
-0.6963773549786103 1.1712018392289087 -0.3592273476039546 
-0.6972289148215556 1.174426392891114 -0.35339332915971344 
-0.6959901101149679 1.1697336856541638 -0.3618590703619863 
-0.6974469514123303 1.1752515725745818 -0.3518942635532506 
-0.6964319448106375 1.1714069274952255 -0.3588341010580929 
-0.6970122529939343 1.1736044592476509 -0.35485974340417403 
-0.6960246183796214 1.1698662989053523 -0.36164568693886645 
-0.6973992032609264 1.1750700752489949 -0.3522131801428573 
-0.6955637936528032 1.1681211565231584 -0.3648008506695066 
-0.6974371925506441 1.1752139112683548 -0.3519527280267658 
-0.6962008474031792 1.17053282968225 -0.3604290304864788 
-0.6969270324108382 1.173283041967137 -0.35545879463927843 
-0.6954214994776133 1.1675820426540353 -0.3657721895161342 
-0.6967583404604716 1.172643624139788 -0.35660689410127067 
-0.6952849410088225 1.167065357517799 -0.3667126463819881 
-0.6967017176729611 1.172428348399285 -0.35698455574207366 
-0.6952243629940067 1.1668359954903273 -0.36712796533805836 
-0.6965571808215781 1.1718823444027406 -0.35799025241593596 
-0.6947189622060951 1.1649215430728668 -0.37058239689269123 
-0.6959538662692022 1.1695977034023874 -0.3621223171853629 
-0.6948020109865674 1.1652375875833845 -0.3700320250677124 
-0.6961335314969441 1.170278312505518 -0.3608947648167117 
-0.6943511223169622 1.1635304213822633 -0.3731232886578746 
-0.6951766406503244 1.1666549519059803 -0.3674509258174712 
-0.6946533775735744 1.1646744719301227 -0.371046825319187 
-0.6956165652699747 1.1683209617684147 -0.36443905187137016 
-0.6940903868482733 1.1625425060341186 -0.3749024325352208 
-0.6953917907877807 1.1674706269356863 -0.36598853285199584 
-0.6938548673641499 1.1616518422824293 -0.3765297783161725 
-0.6950235685803652 1.1660748515098596 -0.36849403526910696 
-0.6938091662385716 1.1614768503352286 -0.3768198992707035 
-0.6950821019794191 1.1662977192294943 -0.36810751848949474 
-0.6938244156831477 1.1615354792131234 -0.37672591366085184 
-0.6947893417383812 1.165189618952201 -0.37011888461480846 
-0.6938414882853962 1.1615997639085789 -0.37660464417689465 
-0.6947904028917253 1.1651936367181053 -0.3701116094160348 
-0.6934132049211903 1.1599785425197138 -0.3795451480794825 
-0.694674685561779 1.1647547927520994 -0.37089651830273407 
-0.6937570573888898 1.1612800894910065 -0.37718349694887343 
-0.6949940816163837 1.165964454282038 -0.36871098041210737 
-0.6932324401689232 1.1592925252456363 -0.3807654773589859 
-0.6944781433821561 1.164010283702549 -0.37223977796318275 
-0.6930853750043551 1.158736948485112 -0.3817885079847094 
-0.6945515675729231 1.1642877492357977 -0.37173004368356277 
-0.6930969996794983 1.1587813181545363 -0.38171303078879126 
-0.6940429098958619 1.1623631036112423 -0.3752321522796884 
-0.6929758344224465 1.1583225591624988 -0.3825437319635294 
-0.6944570310443193 1.1639303476296083 -0.37238452278747647 
-0.6929370293706556 1.1581763465387054 -0.38281821854344855 
-0.6943059590370035 1.1633597770996367 -0.373437122948854 
-0.6927889641861631 1.157614135258109 -0.3838143386341506 
-0.6939666014168725 1.1620722253205342 -0.37573211527188644 
-0.6930566850798441 1.1586286779872825 -0.38198942507958633 
-0.6944281288891396 1.1638212735785982 -0.3725868949221086 
-0.6932557389923507 1.1593823409966673 -0.3806247243148726 
-0.6941534858233932 1.1627810569585195 -0.3744656092122878 
-0.6926877155738613 1.1572320322438987 -0.3845232770020339 
-0.6933874604183211 1.1598810680251754 -0.37972165072798747 
-0.6923641191684425 1.1560068232657734 -0.3867418330523653 
-0.6934573728334852 1.1601464842525113 -0.37925077737791146 
-0.6919982203964239 1.1546202009177957 -0.38923562697237335 
-0.6938824653847784 1.1617552684766148 -0.37632792865664144 
-0.6921803973570496 1.155309963980761 -0.3879866334994573 
-0.6943068079596788 1.1633629913123598 -0.37343130278983505 
-0.6925147479918181 1.1565755368149417 -0.38569014938620216 
-0.6943247153143652 1.163430082486943 -0.37330011253583695 
-0.6930693451006099 1.158676611681371 -0.3819026287950884 
-0.6946807207077496 1.1647760420254905 -0.37083615954770877 
-0.693099341569736 1.158790541106575 -0.381701195766492 
-0.6945305329260131 1.1642093543868288 -0.37188904028676717 
-0.6928103737984757 1.1576967999752517 -0.38368656096401543 
-0.6944777355011197 1.1640090954003324 -0.37224679519509674 
-0.6926462974328405 1.157074501765356 -0.38479879544939166 
-0.6943392430231277 1.1634843756142736 -0.37319206985133613 
-0.6923562703827757 1.1559763939381735 -0.3867872021680878 
-0.6937524749647607 1.1612638074818429 -0.37722757623029834 
-0.6925213562863122 1.1566018024314941 -0.38565960470432503 
-0.6937260513818626 1.1611630497823777 -0.37740029295585664 
-0.6925857618060473 1.1568460122832696 -0.3852222654476727 
-0.6940448107444609 1.1623703006527744 -0.3752191201844939 
-0.6922271104305926 1.1554880772819356 -0.3876811561079221 
-0.6940268394786336 1.1623015453321608 -0.37533388837025616 
-0.6932627222750412 1.159409137307399 -0.3805810682057642 
-0.6942339544074759 1.1630864412223263 -0.3739223634500648 
-0.6930165900637394 1.1584772252402593 -0.3822685347456296 
-0.6943379788665351 1.1634795892322838 -0.3732007368272663 
-0.6929557740105334 1.1582466059183676 -0.38268126485164755 
-0.6936618746730974 1.1609200622879279 -0.3778402843251589 
-0.6928240099287786 1.1577468263442228 -0.38357406728683063 
-0.6940939597345012 1.1625556777598574 -0.37487371623218246 
-0.6927106368991333 1.1573172164008043 -0.384347147692613 
-0.6940069418242483 1.1622253192290282 -0.3754597648708975 
-0.6921468633045992 1.1551835315084045 -0.3882228835677919 
