-0.6610845512257963 0.9857221470337203 -0.27921622097549004 
-0.6610845512257966 0.9857221470337203 -0.2792162209754899 
-0.6610845512257966 0.9857221470337203 -0.2792162209754899 
-0.6610845512257966 0.9857221470337203 -0.2792162209754899 
-0.660436480826433 0.9827290885531985 -0.27744810945419096 
-0.660436480826433 0.9827290885531985 -0.27744810945419096 
-0.660436480826433 0.9827290885531985 -0.27744810945419096 
-0.6604742171143965 0.9829033704164396 -0.2775510642652498 
-0.6604742171143965 0.9829033704164396 -0.2775510642652498 
-0.6604742171143965 0.9829033704164396 -0.2775510642652498 
-0.6604742171143965 0.9829033704164396 -0.2775510642652498 
-0.6608820909519685 0.984787445754819 -0.27866791773036403 
-0.6608820909519685 0.984787445754819 -0.27866791773036403 
-0.6608820909519685 0.984787445754819 -0.27866791773036403 
-0.6608820909519685 0.984787445754819 -0.27866791773036403 
-0.6608820909519685 0.984787445754819 -0.27866791773036403 
-0.6608820909519685 0.984787445754819 -0.27866791773036403 
-0.6610839192668404 0.9857192283845824 -0.2792144968203488 
-0.6610839192668404 0.9857192283845824 -0.2792144968203488 
-0.6617537365799706 0.9888127231521776 -0.28104193981060765 
-0.6617537365799706 0.9888127231521776 -0.28104193981060765 
-0.6617537365799706 0.9888127231521776 -0.28104193981060765 
-0.6617537365799706 0.9888127231521776 -0.28104193981060765 
-0.6617537365799706 0.9888127231521776 -0.28104193981060765 
-0.6617537365799706 0.9888127231521776 -0.28104193981060765 
-0.6623737497373314 0.9916762016268881 -0.2827335035789319 
-0.6623737497373314 0.9916762016268881 -0.2827335035789319 
-0.6623737497373314 0.9916762016268881 -0.2827335035789319 
-0.662793268786488 0.9936144038128629 -0.28388619153442385 
-0.662793268786488 0.9936144038128629 -0.28388619153442385 
-0.662793268786488 0.9936144038128629 -0.28388619153442385 
-0.662793268786488 0.9936144038128629 -0.28388619153442385 
-0.662793268786488 0.9936144038128629 -0.28388619153442385 
-0.662793268786488 0.9936144038128629 -0.28388619153442385 
-0.6633437016900954 0.9961558429139619 -0.2853797951307031 
-0.6633437016900954 0.9961558429139619 -0.2853797951307031 
-0.6636701467891916 0.9976631576513538 -0.28626636254934845 
-0.6636701467891916 0.9976631576513538 -0.28626636254934845 
-0.6636701467891916 0.9976631576513538 -0.28626636254934845 
-0.6636701467891916 0.9976631576513538 -0.28626636254934845 
-0.6636701467891916 0.9976631576513538 -0.28626636254934845 
-0.6642344509551082 1.000269693267695 -0.28781000030533366 
-0.6642344509551082 1.000269693267695 -0.28781000030533366 
-0.6642344509551082 1.000269693267695 -0.28781000030533366 
-0.6646271539412238 1.0020830144680266 -0.2888773371797836 
-0.6646271539412238 1.0020830144680266 -0.2888773371797836 
-0.6647895231233572 1.002833247261383 -0.2893243874719087 
-0.6647895231233572 1.002833247261383 -0.2893243874719087 
-0.6647895231233572 1.002833247261383 -0.2893243874719087 
-0.6647895231233572 1.002833247261383 -0.2893243874719087 
-0.6647895231233572 1.002833247261383 -0.2893243874719087 
-0.6656076685018795 1.0066121271089083 -0.2915605727860441 
-0.6656076685018795 1.0066121271089083 -0.2915605727860441 
-0.6656076685018795 1.0066121271089083 -0.2915605727860441 
-0.6656076685018795 1.0066121271089083 -0.2915605727860441 
-0.6656076685018795 1.0066121271089083 -0.2915605727860441 
-0.6657691601516793 1.0073583070931953 -0.29200522893236247 
-0.6657691601516793 1.0073583070931953 -0.29200522893236247 
-0.6657691601516793 1.0073583070931953 -0.29200522893236247 
-0.6660572269235077 1.00868871918303 -0.2927911530830004 
-0.6660572269235077 1.00868871918303 -0.2927911530830004 
-0.6660572269235077 1.00868871918303 -0.2927911530830004 
-0.6670539454106608 1.013291979451663 -0.2955104709879042 
-0.6674205077917458 1.0149838836322642 -0.2964983628137642 
-0.6674205077917458 1.0149838836322642 -0.2964983628137642 
-0.6675536978249804 1.0155993549874323 -0.2968658044871344 
-0.6675536978249804 1.0155993549874323 -0.2968658044871344 
-0.6675536978249804 1.0155993549874323 -0.2968658044871344 
-0.6675536978249804 1.0155993549874323 -0.2968658044871344 
-0.6677720120909942 1.0166079654322235 -0.2974654881158021 
-0.6677720120909942 1.0166079654322235 -0.2974654881158021 
-0.66841855748853 1.0195936364003637 -0.29922537581909303 
-0.66841855748853 1.0195936364003637 -0.29922537581909303 
-0.66841855748853 1.0195936364003637 -0.29922537581909303 
-0.66841855748853 1.0195936364003637 -0.29922537581909303 
-0.66841855748853 1.0195936364003637 -0.29922537581909303 
-0.6691618890397827 1.0230269948965214 -0.3012574487558105 
-0.6696535887198015 1.0252985572383428 -0.30260706501595525 
-0.6696535887198015 1.0252985572383428 -0.30260706501595525 
-0.6699986503599047 1.026891162060115 -0.3035362969988663 
-0.6699986503599047 1.026891162060115 -0.3035362969988663 
-0.6699986503599047 1.026891162060115 -0.3035362969988663 
-0.6699986503599047 1.026891162060115 -0.3035362969988663 
-0.6699986503599047 1.026891162060115 -0.3035362969988663 
-0.6699986503599047 1.026891162060115 -0.3035362969988663 
-0.670210163750335 1.027868363234617 -0.3041174259975342 
-0.670210163750335 1.027868363234617 -0.3041174259975342 
-0.670210163750335 1.027868363234617 -0.3041174259975342 
-0.670210163750335 1.027868363234617 -0.3041174259975342 
-0.670954559997113 1.0313059500971387 -0.3061442773116979 
-0.670954559997113 1.0313059500971387 -0.3061442773116979 
-0.670954559997113 1.0313059500971387 -0.3061442773116979 
-0.670954559997113 1.0313059500971387 -0.3061442773116979 
-0.670954559997113 1.0313059500971387 -0.3061442773116979 
-0.670954559997113 1.0313059500971387 -0.3061442773116979 
-0.670954559997113 1.0313059500971387 -0.3061442773116979 
-0.6716092213699176 1.034329104012548 -0.30792630759300754 
-0.6716092213699176 1.034329104012548 -0.30792630759300754 
-0.6716092213699176 1.034329104012548 -0.30792630759300754 
-0.6716092213699176 1.034329104012548 -0.30792630759300754 
-0.6722086143156668 1.0370973497790599 -0.3095616138409172 
-0.6728310561974828 1.039972389532886 -0.31126386702726994 
-0.6728310561974828 1.039972389532886 -0.31126386702726994 
-0.6728310561974828 1.039972389532886 -0.31126386702726994 
-0.6729477751907067 1.0405114463588883 -0.31158230804367215 
-0.6733159550019181 1.0422125426044184 -0.31259492865741434 
-0.6733159550019181 1.0422125426044184 -0.31259492865741434 
-0.6733159550019181 1.0422125426044184 -0.31259492865741434 
-0.6739622463988499 1.0451963516520693 -0.3143459969780594 
-0.6739622463988499 1.0451963516520693 -0.3143459969780594 
-0.6742806238525144 1.0466674399096514 -0.3152227432759045 
-0.6742806238525144 1.0466674399096514 -0.3152227432759045 
-0.6742806238525144 1.0466674399096514 -0.3152227432759045 
-0.6742806238525144 1.0466674399096514 -0.3152227432759045 
-0.6748563198288191 1.049326243221411 -0.31679339777496773 
-0.6748563198288191 1.049326243221411 -0.31679339777496773 
-0.6751987972017592 1.0509079460834339 -0.31772776877767717 
-0.6751987972017591 1.0509079460834339 -0.31772776877767683 
-0.6751987972017591 1.0509079460834339 -0.31772776877767683 
-0.6751987972017591 1.0509079460834339 -0.31772776877767683 
-0.6751987972017591 1.0509079460834339 -0.31772776877767683 
-0.6755974390416633 1.0527490397991595 -0.3188153716533809 
-0.6755974390416633 1.0527490397991595 -0.3188153716533809 
-0.6755974390416633 1.0527490397991595 -0.3188153716533809 
-0.6755974390416633 1.0527490397991595 -0.3188153716533809 
-0.6755974390416633 1.0527490397991595 -0.3188153716533809 
-0.6755974390416633 1.0527490397991595 -0.3188153716533809 
-0.67663189381678 1.0575265819310335 -0.32163764436934406 
-0.67663189381678 1.0575265819310335 -0.32163764436934406 
-0.67663189381678 1.0575265819310335 -0.32163764436934406 
-0.6771757631360549 1.060038052091534 -0.32311740393051736 
-0.6771757631360549 1.060038052091534 -0.32311740393051736 
-0.6776257591250351 1.0621166650335658 -0.3243491780296861 
-0.6776257591250351 1.0621166650335658 -0.3243491780296861 
-0.6777900717338416 1.06287518453898 -0.32479340411575464 
-0.6777900717338416 1.06287518453898 -0.32479340411575464 
-0.6777900717338416 1.06287518453898 -0.32479340411575464 
-0.6777900717338416 1.06287518453898 -0.32479340411575464 
-0.6780827777703115 1.0642277115214032 -0.3256001118366879 
-0.6780827777703115 1.0642277115214032 -0.3256001118366879 
-0.6783640275566105 1.0655262955184621 -0.32636337420491945 
-0.6783640275566105 1.0655262955184621 -0.32636337420491945 
-0.67935549456208 1.0701056466819154 -0.3290724278460092 
-0.67935549456208 1.0701056466819154 -0.3290724278460092 
-0.67935549456208 1.0701056466819154 -0.3290724278460092 
-0.67935549456208 1.0701056466819154 -0.3290724278460092 
-0.6799660611339484 1.0729251524782022 -0.330734155571236 
-0.6799660611339484 1.0729251524782022 -0.330734155571236 
-0.6799660611339484 1.0729251524782022 -0.330734155571236 
-0.6801485813398573 1.0737677622351858 -0.331228056912097 
-0.6807973503904886 1.076764391797724 -0.3330021377433343 
-0.6807973503904886 1.076764391797724 -0.3330021377433343 
-0.6807973503904886 1.076764391797724 -0.3330021377433343 
-0.6807973503904886 1.076764391797724 -0.3330021377433343 
-0.6807973503904886 1.076764391797724 -0.3330021377433343 
-0.6815865043827115 1.0804086885326682 -0.3351511003056995 
-0.6815865043827115 1.0804086885326682 -0.3351511003056995 
-0.6821356550059323 1.0829448943700726 -0.33664933189411783 
-0.6821356550059323 1.0829448943700726 -0.33664933189411783 
-0.6821356550059322 1.0829448943700726 -0.3366493318941175 
-0.6821356550059322 1.0829448943700726 -0.3366493318941175 
-0.6827252019387493 1.0856683559964027 -0.3382659019530617 
-0.6827252019387493 1.0856683559964027 -0.3382659019530617 
-0.6834689561462228 1.0891033220746085 -0.3402950648102768 
-0.6834689561462228 1.0891033220746085 -0.3402950648102768 
-0.6834689561462228 1.0891033220746085 -0.3402950648102768 
-0.6834689561462228 1.0891033220746085 -0.3402950648102768 
-0.6843179730967498 1.093023401993452 -0.3425992233311924 
-0.6843179730967498 1.093023401993452 -0.3425992233311924 
-0.6848802843073414 1.0956203888936515 -0.3441333605653254 
-0.685119646835854 1.0967258645435 -0.3447864063530145 
-0.685119646835854 1.0967258645435 -0.3447864063530145 
-0.685119646835854 1.0967258645435 -0.3447864063530145 
-0.6855380838807249 1.0986594140039996 -0.34594020550796345 
-0.6855380838807249 1.0986594140039996 -0.34594020550796345 
-0.6855380838807249 1.0986594140039996 -0.34594020550796345 
-0.6855380838807249 1.0986594140039996 -0.34594020550796345 
-0.6861030461958917 1.1012689892271434 -0.3474856388733035 
-0.6861030461958917 1.1012689892271434 -0.3474856388733035 
-0.6864979113923566 1.1030916075734876 -0.34855074844280287 
-0.6864979113923566 1.1030916075734876 -0.34855074844280287 
-0.6864979113923564 1.1030916075734876 -0.34855074844280287 
-0.6875040782632243 1.1077388488254807 -0.3512999072968416 
-0.6875040782632243 1.1077388488254807 -0.3512999072968416 
-0.6875040782632243 1.1077388488254807 -0.3512999072968416 
-0.6875040782632243 1.1077388488254807 -0.3512999072968416 
-0.6875040782632243 1.1077388488254807 -0.3512999072968416 
-0.6875040782632243 1.1077388488254807 -0.3512999072968416 
-0.6875040782632243 1.1077388488254807 -0.3512999072968416 
-0.6880736166020645 1.110368869187891 -0.352849698893544 
-0.6880736166020645 1.110368869187891 -0.352849698893544 
-0.6880736166020645 1.110368869187891 -0.352849698893544 
-0.6890949221044972 1.115086026932959 -0.35564016003343446 
-0.6890949221044972 1.115086026932959 -0.35564016003343446 
-0.6890949221044972 1.115086026932959 -0.35564016003343446 
-0.6890949221044972 1.115086026932959 -0.35564016003343446 
-0.6890949221044972 1.115086026932959 -0.35564016003343446 
-0.6894986270640785 1.1169508486599458 -0.35674563967062234 
-0.6894986270640785 1.1169508486599458 -0.35674563967062234 
-0.6894986270640785 1.1169508486599458 -0.35674563967062234 
-0.6903761960353306 1.121003482518524 -0.359135822235059 
-0.6903761960353306 1.121003482518524 -0.359135822235059 
-0.6905780243502028 1.1219352651482877 -0.35968240132504425 
-0.6905780243502028 1.1219352651482877 -0.35968240132504425 
-0.6905780243502028 1.1219352651482877 -0.35968240132504425 
-0.6905780243502028 1.1219352651482877 -0.35968240132504425 
-0.6910639693425884 1.1241792166904485 -0.3610041276388468 
-0.6918292254898585 1.1277134876641084 -0.36309195360970115 
-0.6918292254898585 1.1277134876641084 -0.36309195360970115 
-0.6918292254898585 1.1277134876641084 -0.36309195360970115 
-0.6921757024857651 1.1293146957076527 -0.3640494262671402 
-0.6928316777594405 1.1323439177634178 -0.36583504122577737 
-0.6928316777594405 1.1323439177634178 -0.36583504122577737 
-0.6930699445713512 1.1334443329385533 -0.3664850976018994 
-0.6930699445713512 1.1334443329385533 -0.3664850976018994 
-0.6930699445713512 1.1334443329385533 -0.3664850976018994 
-0.6935398733998385 1.1356143151785698 -0.3677631274840435 
-0.6935398733998385 1.1356143151785698 -0.3677631274840435 
-0.6935398733998385 1.1356143151785698 -0.3677631274840435 
-0.6935398733998385 1.1356143151785698 -0.3677631274840435 
-0.6941107441471243 1.138250833577071 -0.36932061745186195 
-0.6941107441471243 1.138250833577071 -0.36932061745186195 
-0.6945218920215931 1.1401496853586626 -0.37044234017599875 
-0.694678963789835 1.140874763652628 -0.3708668112884733 
-0.694678963789835 1.140874763652628 -0.3708668112884733 
-0.6951716122981281 1.1431522579680842 -0.3722373006095604 
-0.695352513013011 1.143985493932018 -0.37270443593979097 
-0.695352513013011 1.143985493932018 -0.37270443593979097 
-0.695352513013011 1.143985493932018 -0.37270443593979097 
-0.695352513013011 1.143985493932018 -0.37270443593979097 
-0.695352513013011 1.143985493932018 -0.37270443593979097 
-0.695352513013011 1.143985493932018 -0.37270443593979097 
-0.695352513013011 1.143985493932018 -0.37270443593979097 
-0.695352513013011 1.143985493932018 -0.37270443593979097 
-0.6962344994681922 1.1480592184076683 -0.37511479699669026 
-0.6962344994681922 1.1480592184076683 -0.37511479699669026 
-0.6962344994681922 1.1480592184076683 -0.37511479699669026 
-0.6967511789974495 1.1504454592362494 -0.37652443864888807 
-0.6967511789974495 1.1504454592362494 -0.37652443864888807 
-0.6967511789974495 1.1504454592362494 -0.37652443864888807 
-0.6967511789974495 1.1504454592362494 -0.37652443864888807 
-0.6976675960832128 1.1546778542552683 -0.3790246725883569 
-0.6976675960832128 1.1546778542552683 -0.3790246725883569 
-0.6983382760175453 1.157774988546071 -0.380850405842707 
-0.6983382760175453 1.157774988546071 -0.380850405842707 
-0.6983382760175453 1.157774988546071 -0.380850405842707 
-0.6983382760175453 1.157774988546071 -0.380850405842707 
-0.6990412362862051 1.1610218956785296 -0.38277233498956453 
-0.6996344679980457 1.163761341885819 -0.3843867685230412 
-0.6996344679980457 1.163761341885819 -0.3843867685230412 
-0.6998341323043464 1.1646838190646327 -0.38493557001194 
-0.6998341323043464 1.1646838190646327 -0.38493557001194 
-0.7000441112120079 1.1656539333598872 -0.3855125125261377 
-0.7000441112120079 1.1656539333598872 -0.3855125125261377 
-0.7000441112120079 1.1656539333598872 -0.3855125125261377 
-0.700433980126208 1.1674545100581657 -0.3865761804851594 
-0.7010982460904511 1.170521168406313 -0.3883743450226135 
-0.7010982460904511 1.170521168406313 -0.3883743450226135 
-0.7010982460904511 1.170521168406313 -0.3883743450226135 
-0.7010982460904511 1.170521168406313 -0.3883743450226135 
-0.7017308523599775 1.1734443495103248 -0.39011846228070934 
-0.7017308523599775 1.1734443495103248 -0.39011846228070934 
-0.7017308523599775 1.1734443495103248 -0.39011846228070934 
-0.7017308523599775 1.1734443495103248 -0.39011846228070934 
-0.7023251130166169 1.1761873498295634 -0.39172157018423914 
-0.7023251130166169 1.1761873498295634 -0.39172157018423914 
-0.7023251130166169 1.1761873498295634 -0.39172157018423914 
-0.7027406831046644 1.178107134374293 -0.3928613643741098 
-0.7027406831046644 1.178107134374293 -0.3928613643741098 
-0.7027406831046644 1.178107134374293 -0.3928613643741098 
-0.7034629353723416 1.1814427955570452 -0.394831864117685 
-0.7034629353723416 1.1814427955570452 -0.394831864117685 
-0.7040031336249092 1.1839386888858237 -0.39631786081535025 
-0.7040031336249092 1.1839386888858237 -0.39631786081535025 
-0.7043163996290595 1.1853847926646852 -0.3971644088944929 
-0.7043163996290595 1.1853847926646852 -0.3971644088944929 
-0.7043163996290595 1.1853847926646852 -0.3971644088944929 
-0.7043163996290595 1.1853847926646852 -0.3971644088944929 
-0.7043163996290595 1.1853847926646852 -0.3971644088944929 
-0.7043163996290595 1.1853847926646852 -0.3971644088944929 
-0.7050285763848487 1.1886742653656237 -0.3991114831137007 
-0.7050285763848487 1.1886742653656237 -0.3991114831137007 
-0.7050285763848487 1.1886742653656237 -0.3991114831137007 
-0.7050285763848487 1.1886742653656237 -0.3991114831137007 
-0.7050285763848487 1.1886742653656237 -0.3991114831137007 
-0.7050285763848487 1.1886742653656237 -0.3991114831137007 
-0.705820346864126 1.1923303017052898 -0.40126352096107853 
-0.7063149182306179 1.1946154711089474 -0.4026250351595727 
-0.7064713857711814 1.195338784601133 -0.40305995904524006 
-0.7064713857711814 1.195338784601133 -0.40305995904524006 
-0.7064713857711814 1.195338784601133 -0.40305995904524006 
-0.7064713857711814 1.195338784601133 -0.40305995904524006 
-0.7064713857711814 1.195338784601133 -0.40305995904524006 
-0.7071966518840096 1.1986873392007331 -0.40502658010451753 
-0.7071966518840096 1.1986873392007331 -0.40502658010451753 
-0.7080005242492059 1.2023999559199527 -0.4072197615736196 
-0.7080005242492059 1.2023999559199527 -0.4072197615736196 
-0.7080005242492059 1.2023999559199527 -0.4072197615736196 
-0.7083708757872317 1.2041107376825482 -0.4082342440460168 
-0.7083708757872317 1.2041107376825482 -0.4082342440460168 
-0.7083708757872317 1.2041107376825482 -0.4082342440460168 
-0.7090095096814509 1.2070595256198242 -0.4099684838260257 
-0.7094474222920873 1.2090819880780383 -0.4111632279972589 
-0.7094474222920873 1.2090819880780383 -0.4111632279972589 
-0.7094474222920873 1.2090819880780383 -0.4111632279972589 
-0.7094474222920873 1.2090819880780383 -0.4111632279972589 
-0.7096685611135518 1.2101029546538307 -0.41176249137774945 
-0.7096685611135518 1.2101029546538307 -0.41176249137774945 
-0.7096685611135518 1.2101029546538307 -0.41176249137774945 
-0.7096685611135518 1.2101029546538307 -0.41176249137774945 
-0.7105843534687712 1.2143331532476447 -0.4142691472833663 
-0.7105843534687712 1.2143331532476447 -0.4142691472833663 
-0.710955146170593 1.216045972488024 -0.4152848333700486 
-0.7116552073281469 1.2192784570601716 -0.41718666335650834 
-0.7116552073281469 1.2192784570601716 -0.41718666335650834 
-0.7116552073281469 1.2192784570601716 -0.41718666335650834 
-0.7122399350260187 1.2219796614563652 -0.4187900852376635 
-0.7122399350260187 1.2219796614563652 -0.4187900852376635 
-0.7124943967733169 1.2231541827345687 -0.4194761993822468 
-0.7124943967733169 1.2231541827345687 -0.4194761993822468 
-0.7124943967733169 1.2231541827345687 -0.4194761993822468 
-0.7131901209966705 1.2263676708020763 -0.4213783866382743 
-0.7131901209966703 1.2263676708020763 -0.421378386638274 
-0.7131901209966703 1.2263676708020763 -0.421378386638274 
-0.7131901209966703 1.2263676708020763 -0.421378386638274 
-0.7137414469431493 1.2289135787664196 -0.4228784898974204 
-0.7137414469431493 1.2289135787664196 -0.4228784898974204 
-0.7137414469431493 1.2289135787664196 -0.4228784898974204 
-0.7137414469431493 1.2289135787664196 -0.4228784898974204 
-0.7143858605520054 1.2318907819285834 -0.424648814304437 
-0.7143858605520054 1.2318907819285834 -0.424648814304437 
-0.7145736161296523 1.23275688196826 -0.4251488727567071 
-0.7145736161296523 1.23275688196826 -0.4251488727567071 
-0.7145736161296523 1.23275688196826 -0.4251488727567071 
-0.7154924822456677 1.2370012764670664 -0.42766391471402854 
-0.7154924822456677 1.2370012764670664 -0.42766391471402854 
-0.71610349889839 1.2398232053438771 -0.4293309335818004 
-0.71610349889839 1.2398232053438771 -0.4293309335818004 
-0.7168932752235276 1.2434696874307773 -0.43147346763663597 
-0.7168932752235276 1.2434696874307773 -0.43147346763663597 
-0.7168932752235276 1.2434696874307773 -0.43147346763663597 
-0.7171536687713874 1.244671783927003 -0.43217788526974144 
-0.7171536687713874 1.244671783927003 -0.43217788526974144 
-0.7171536687713874 1.244671783927003 -0.43217788526974144 
-0.7172262881684164 1.2450071704873849 -0.43237601064729725 
-0.7172262881684164 1.2450071704873849 -0.43237601064729725 
-0.7176181785957799 1.2468179369364734 -0.4334552635114187 
-0.7180056217825613 1.2486069661971968 -0.43450825022913897 
-0.7180056217825613 1.2486069661971968 -0.43450825022913897 
-0.7180056217825613 1.2486069661971968 -0.43450825022913897 
-0.7180056217825613 1.2486069661971968 -0.43450825022913897 
-0.7180056217825613 1.2486069661971968 -0.43450825022913897 
-0.7186366058923112 1.251521113090214 -0.43622974572608075 
-0.7188040035766008 1.2522942251766094 -0.436686451933496 
-0.7188040035766008 1.2522942251766094 -0.436686451933496 
-0.7191877571890999 1.2540672477098758 -0.43774156209392034 
-0.7191877571890999 1.2540672477098758 -0.43774156209392034 
-0.7191877571890999 1.2540672477098758 -0.43774156209392034 
-0.7191877571890999 1.2540672477098758 -0.43774156209392034 
-0.7197077077582178 1.256468251140108 -0.43915606482841374 
-0.7197077077582178 1.256468251140108 -0.43915606482841374 
-0.7197077077582178 1.256468251140108 -0.43915606482841374 
-0.7203476925684578 1.2594239670092104 -0.4409021166733261 
-0.7206188966651311 1.2606771890961799 -0.4416501612806195 
-0.7206188966651311 1.2606771890961799 -0.4416501612806195 
-0.7206188966651311 1.2606771890961799 -0.4416501612806195 
-0.7206188966651311 1.2606771890961799 -0.4416501612806195 
-0.7210443217487776 1.2626423233842632 -0.4428148992972085 
-0.7210443217487776 1.2626423233842632 -0.4428148992972085 
-0.7210443217487776 1.2626423233842632 -0.4428148992972085 
-0.7210443217487775 1.2626423233842632 -0.4428148992972082 
-0.7217276775721064 1.2657969669391156 -0.4446630262085335 
-0.7217276775721064 1.2657969669391156 -0.4446630262085335 
-0.7217276775721064 1.2657969669391156 -0.4446630262085335 
-0.7217276775721064 1.2657969669391156 -0.4446630262085335 
-0.7217276775721064 1.2657969669391156 -0.4446630262085335 
-0.7221068277362993 1.26754872883464 -0.4457055769155468 
-0.7221068277362993 1.26754872883464 -0.4457055769155468 
-0.7221068277362993 1.26754872883464 -0.4457055769155468 
-0.7221068277362993 1.26754872883464 -0.4457055769155468 
-0.7229673307592589 1.271523578310572 -0.4480613885525945 
-0.7229673307592589 1.271523578310572 -0.4480613885525945 
-0.7229673307592589 1.271523578310572 -0.4480613885525945 
-0.7229673307592589 1.271523578310572 -0.4480613885525945 
-0.7236878094546944 1.2748507039794499 -0.45002298631076865 
-0.7236878094546944 1.2748507039794499 -0.45002298631076865 
-0.7238527676992493 1.2756118608790528 -0.45046491066585925 
-0.7238527676992493 1.2756118608790528 -0.45046491066585925 
-0.7238527676992493 1.2756118608790528 -0.45046491066585925 
-0.7241711564676007 1.277083345812624 -0.45134575103334573 
-0.7241711564676007 1.277083345812624 -0.45134575103334573 
-0.7241711564676007 1.277083345812624 -0.45134575103334573 
-0.7241711564676007 1.277083345812624 -0.45134575103334573 
-0.7241711564676007 1.277083345812624 -0.45134575103334573 
-0.7250137963975798 1.2809736295798508 -0.45362844811545044 
-0.7252758025146986 1.2821847159940762 -0.4543554613441819 
-0.7252758025146986 1.2821847159940762 -0.4543554613441819 
-0.7252758025146986 1.2821847159940762 -0.4543554613441819 
-0.7252758025146986 1.2821847159940762 -0.4543554613441819 
-0.7260527423501956 1.285774152566611 -0.45648938478039314 
-0.7260527423501956 1.285774152566611 -0.45648938478039314 
-0.7264675633522714 1.2876887629080456 -0.4576069075907859 
-0.7264675633522714 1.2876887629080456 -0.4576069075907859 
-0.7264675633522714 1.2876887629080456 -0.4576069075907859 
-0.7264675633522714 1.2876887629080456 -0.4576069075907859 
-0.7269293899178061 1.2898216699500302 -0.4588668955059355 
-0.7269293899178061 1.2898216699500302 -0.4588668955059355 
-0.7272615115524365 1.2913545124478991 -0.4597608236502745 
-0.7272615115524365 1.2913545124478991 -0.4597608236502745 
-0.7276466023686399 1.2931340551637547 -0.46082364526457853 
-0.7276466023686399 1.2931340551637547 -0.46082364526457853 
-0.7279061409479316 1.2943327122024568 -0.4615317367816699 
-0.7279061409479316 1.2943327122024568 -0.4615317367816699 
-0.7279061409479316 1.2943327122024568 -0.4615317367816699 
-0.728251242000814 1.2959261878889483 -0.4624692026935394 
-0.728251242000814 1.2959261878889483 -0.4624692026935394 
-0.728251242000814 1.2959261878889483 -0.4624692026935394 
-0.728251242000814 1.2959261878889483 -0.4624692026935394 
-0.7290909000344125 1.2998047665396046 -0.46476814355561047 
-0.7290909000344125 1.2998047665396046 -0.46476814355561047 
-0.7290909000344125 1.2998047665396046 -0.46476814355561047 
-0.7290909000344125 1.2998047665396046 -0.46476814355561047 
-0.7294236786194782 1.301340643107651 -0.4656638640386138 
-0.7294236786194782 1.301340643107651 -0.4656638640386138 
-0.7294236786194782 1.301340643107651 -0.4656638640386138 
-0.7301678829078054 1.304778032266381 -0.4676983180383735 
-0.7301678829078054 1.304778032266381 -0.4676983180383735 
-0.7301678829078054 1.304778032266381 -0.4676983180383735 
-0.7301678829078054 1.304778032266381 -0.4676983180383735 
-0.7303385105606153 1.3055648637071462 -0.46814970360450403 
-0.7303385105606153 1.3055648637071462 -0.46814970360450403 
-0.7303385105606153 1.3055648637071462 -0.46814970360450403 
-0.7303385105606153 1.3055648637071462 -0.46814970360450403 
-0.7309530742922119 1.308403683611274 -0.4698324063335858 
-0.7309530742922119 1.308403683611274 -0.4698324063335858 
-0.7309530742922119 1.308403683611274 -0.4698324063335858 
-0.7309530742922119 1.308403683611274 -0.4698324063335858 
-0.7309530742922119 1.308403683611274 -0.4698324063335858 
-0.7319184818417864 1.3128637146357416 -0.4724825523234607 
-0.7319184818417864 1.3128637146357416 -0.4724825523234607 
-0.7319184818417864 1.3128637146357416 -0.4724825523234607 
-0.7325418254208546 1.3157434354323676 -0.47419336038422943 
-0.7325418254208546 1.3157434354323676 -0.47419336038422943 
-0.7325418254208544 1.3157434354323676 -0.4741933603842291 
-0.7325418254208544 1.3157434354323676 -0.4741933603842291 
-0.7325418254208544 1.3157434354323676 -0.4741933603842291 
-0.7331066818225596 1.318350282772724 -0.47571209398823944 
-0.7337017193265333 1.321099102138861 -0.4773436438119286 
-0.7337017193265333 1.321099102138861 -0.4773436438119286 
-0.7337017193265333 1.321099102138861 -0.4773436438119286 
-0.7341220812905027 1.323040508415683 -0.47849050506703295 
-0.7341220812905026 1.323040508415683 -0.4784905050670326 
