-0.6060845512257964 1.0557221470337204 -0.27921622097549026 
-0.6060845512257966 1.0557221470337204 -0.27921622097549015 
-0.6060845512257966 1.0557221470337204 -0.27921622097549015 
-0.6060845512257966 1.0557221470337204 -0.27921622097549015 
-0.605436480826433 1.0527290885531986 -0.27744810945419107 
-0.605436480826433 1.0527290885531986 -0.27744810945419107 
-0.605436480826433 1.0527290885531986 -0.27744810945419107 
-0.6054742171143965 1.0529033704164397 -0.27755106426525 
-0.6054742171143965 1.0529033704164397 -0.27755106426525 
-0.6054742171143965 1.0529033704164397 -0.27755106426525 
-0.6054742171143965 1.0529033704164397 -0.27755106426525 
-0.6058820909519684 1.0547874457548192 -0.2786679177303639 
-0.6058820909519684 1.0547874457548192 -0.2786679177303639 
-0.6058820909519684 1.0547874457548192 -0.2786679177303639 
-0.6058820909519684 1.0547874457548192 -0.2786679177303639 
-0.6058820909519684 1.0547874457548192 -0.2786679177303639 
-0.6058820909519684 1.0547874457548192 -0.2786679177303639 
-0.6060839192668406 1.0557192283845824 -0.2792144968203488 
-0.6060839192668406 1.0557192283845824 -0.2792144968203488 
-0.6067537365799704 1.0588127231521778 -0.28104193981060743 
-0.6067537365799704 1.0588127231521778 -0.28104193981060743 
-0.6067537365799704 1.0588127231521778 -0.28104193981060743 
-0.6067537365799704 1.0588127231521778 -0.28104193981060743 
-0.6067537365799704 1.0588127231521778 -0.28104193981060743 
-0.6067537365799704 1.0588127231521778 -0.28104193981060743 
-0.6073737497373314 1.0616762016268881 -0.2827335035789319 
-0.6073737497373314 1.0616762016268881 -0.2827335035789319 
-0.6073737497373314 1.0616762016268881 -0.2827335035789319 
-0.6077932687864881 1.063614403812863 -0.2838861915344234 
-0.6077932687864881 1.063614403812863 -0.2838861915344234 
-0.6077932687864881 1.063614403812863 -0.2838861915344234 
-0.6077932687864881 1.063614403812863 -0.2838861915344234 
-0.6077932687864881 1.063614403812863 -0.2838861915344234 
-0.6077932687864881 1.063614403812863 -0.2838861915344234 
-0.6083437016900954 1.066155842913962 -0.2853797951307031 
-0.6083437016900954 1.066155842913962 -0.2853797951307031 
-0.6086701467891916 1.067663157651354 -0.2862663625493481 
-0.6086701467891916 1.067663157651354 -0.2862663625493481 
-0.6086701467891916 1.067663157651354 -0.2862663625493481 
-0.6086701467891916 1.067663157651354 -0.2862663625493481 
-0.6086701467891916 1.067663157651354 -0.2862663625493481 
-0.6092344509551082 1.0702696932676954 -0.28781000030533355 
-0.6092344509551082 1.0702696932676954 -0.28781000030533355 
-0.6092344509551082 1.0702696932676954 -0.28781000030533355 
-0.6096271539412239 1.072083014468027 -0.2888773371797835 
-0.6096271539412239 1.072083014468027 -0.2888773371797835 
-0.6097895231233572 1.0728332472613828 -0.2893243874719086 
-0.6097895231233572 1.0728332472613828 -0.2893243874719086 
-0.6097895231233572 1.0728332472613828 -0.2893243874719086 
-0.6097895231233572 1.0728332472613828 -0.2893243874719086 
-0.6097895231233572 1.0728332472613828 -0.2893243874719086 
-0.6106076685018794 1.0766121271089086 -0.29156057278604397 
-0.6106076685018794 1.0766121271089086 -0.29156057278604397 
-0.6106076685018794 1.0766121271089086 -0.29156057278604397 
-0.6106076685018794 1.0766121271089086 -0.29156057278604397 
-0.6106076685018794 1.0766121271089086 -0.29156057278604397 
-0.6107691601516793 1.0773583070931954 -0.29200522893236247 
-0.6107691601516793 1.0773583070931954 -0.29200522893236247 
-0.6107691601516793 1.0773583070931954 -0.29200522893236247 
-0.6110572269235076 1.07868871918303 -0.2927911530830001 
-0.6110572269235076 1.07868871918303 -0.2927911530830001 
-0.6110572269235076 1.07868871918303 -0.2927911530830001 
-0.6120539454106608 1.083291979451663 -0.29551047098790395 
-0.6124205077917458 1.0849838836322643 -0.2964983628137642 
-0.6124205077917458 1.0849838836322643 -0.2964983628137642 
-0.6125536978249804 1.085599354987432 -0.2968658044871343 
-0.6125536978249804 1.085599354987432 -0.2968658044871343 
-0.6125536978249804 1.085599354987432 -0.2968658044871343 
-0.6125536978249804 1.085599354987432 -0.2968658044871343 
-0.6127720120909942 1.0866079654322236 -0.2974654881158022 
-0.6127720120909942 1.0866079654322236 -0.2974654881158022 
-0.61341855748853 1.0895936364003638 -0.2992253758190929 
-0.61341855748853 1.0895936364003638 -0.2992253758190929 
-0.61341855748853 1.0895936364003638 -0.2992253758190929 
-0.61341855748853 1.0895936364003638 -0.2992253758190929 
-0.61341855748853 1.0895936364003638 -0.2992253758190929 
-0.6141618890397826 1.0930269948965214 -0.3012574487558104 
-0.6146535887198015 1.0952985572383431 -0.302607065015955 
-0.6146535887198015 1.0952985572383431 -0.302607065015955 
-0.6149986503599048 1.096891162060115 -0.3035362969988661 
-0.6149986503599048 1.096891162060115 -0.3035362969988661 
-0.6149986503599048 1.096891162060115 -0.3035362969988661 
-0.6149986503599048 1.096891162060115 -0.3035362969988661 
-0.6149986503599048 1.096891162060115 -0.3035362969988661 
-0.6149986503599048 1.096891162060115 -0.3035362969988661 
-0.6152101637503351 1.0978683632346171 -0.3041174259975339 
-0.6152101637503351 1.0978683632346171 -0.3041174259975339 
-0.6152101637503351 1.0978683632346171 -0.3041174259975339 
-0.6152101637503351 1.0978683632346171 -0.3041174259975339 
-0.615954559997113 1.1013059500971387 -0.3061442773116977 
-0.615954559997113 1.1013059500971387 -0.3061442773116977 
-0.615954559997113 1.1013059500971387 -0.3061442773116977 
-0.615954559997113 1.1013059500971387 -0.3061442773116977 
-0.615954559997113 1.1013059500971387 -0.3061442773116977 
-0.615954559997113 1.1013059500971387 -0.3061442773116977 
-0.615954559997113 1.1013059500971387 -0.3061442773116977 
-0.6166092213699177 1.1043291040125482 -0.3079263075930071 
-0.6166092213699177 1.1043291040125482 -0.3079263075930071 
-0.6166092213699177 1.1043291040125482 -0.3079263075930071 
-0.6166092213699177 1.1043291040125482 -0.3079263075930071 
-0.6172086143156669 1.10709734977906 -0.30956161384091696 
-0.6178310561974829 1.1099723895328861 -0.3112638670272697 
-0.6178310561974829 1.1099723895328861 -0.3112638670272697 
-0.6178310561974829 1.1099723895328861 -0.3112638670272697 
-0.6179477751907065 1.110511446358888 -0.3115823080436718 
-0.6183159550019182 1.1122125426044183 -0.312594928657414 
-0.6183159550019182 1.1122125426044183 -0.312594928657414 
-0.6183159550019182 1.1122125426044183 -0.312594928657414 
-0.61896224639885 1.1151963516520695 -0.3143459969780594 
-0.61896224639885 1.1151963516520695 -0.3143459969780594 
-0.6192806238525143 1.1166674399096514 -0.3152227432759044 
-0.6192806238525143 1.1166674399096514 -0.3152227432759044 
-0.6192806238525143 1.1166674399096514 -0.3152227432759044 
-0.6192806238525143 1.1166674399096514 -0.3152227432759044 
-0.6198563198288191 1.119326243221411 -0.3167933977749676 
-0.6198563198288191 1.119326243221411 -0.3167933977749676 
-0.6201987972017592 1.120907946083434 -0.3177277687776775 
-0.6201987972017591 1.120907946083434 -0.31772776877767717 
-0.6201987972017591 1.120907946083434 -0.31772776877767717 
-0.6201987972017591 1.120907946083434 -0.31772776877767717 
-0.6201987972017591 1.120907946083434 -0.31772776877767717 
-0.6205974390416631 1.122749039799159 -0.3188153716533808 
-0.6205974390416631 1.122749039799159 -0.3188153716533808 
-0.6205974390416631 1.122749039799159 -0.3188153716533808 
-0.6205974390416631 1.122749039799159 -0.3188153716533808 
-0.6205974390416631 1.122749039799159 -0.3188153716533808 
-0.6205974390416631 1.122749039799159 -0.3188153716533808 
-0.6216318938167799 1.1275265819310334 -0.3216376443693437 
-0.6216318938167799 1.1275265819310334 -0.3216376443693437 
-0.6216318938167799 1.1275265819310334 -0.3216376443693437 
-0.6221757631360548 1.1300380520915339 -0.32311740393051724 
-0.6221757631360548 1.1300380520915339 -0.32311740393051724 
-0.6226257591250349 1.1321166650335657 -0.32434917802968577 
-0.6226257591250349 1.1321166650335657 -0.32434917802968577 
-0.6227900717338415 1.13287518453898 -0.3247934041157544 
-0.6227900717338415 1.13287518453898 -0.3247934041157544 
-0.6227900717338415 1.13287518453898 -0.3247934041157544 
-0.6227900717338415 1.13287518453898 -0.3247934041157544 
-0.6230827777703114 1.1342277115214032 -0.3256001118366878 
-0.6230827777703114 1.1342277115214032 -0.3256001118366878 
-0.6233640275566105 1.1355262955184622 -0.3263633742049197 
-0.6233640275566105 1.1355262955184622 -0.3263633742049197 
-0.62435549456208 1.1401056466819153 -0.32907242784600876 
-0.62435549456208 1.1401056466819153 -0.32907242784600876 
-0.62435549456208 1.1401056466819153 -0.32907242784600876 
-0.62435549456208 1.1401056466819153 -0.32907242784600876 
-0.6249660611339483 1.1429251524782023 -0.33073415557123587 
-0.6249660611339483 1.1429251524782023 -0.33073415557123587 
-0.6249660611339483 1.1429251524782023 -0.33073415557123587 
-0.6251485813398574 1.1437677622351858 -0.3312280569120971 
-0.6257973503904886 1.1467643917977242 -0.3330021377433342 
-0.6257973503904886 1.1467643917977242 -0.3330021377433342 
-0.6257973503904886 1.1467643917977242 -0.3330021377433342 
-0.6257973503904886 1.1467643917977242 -0.3330021377433342 
-0.6257973503904886 1.1467643917977242 -0.3330021377433342 
-0.6265865043827115 1.1504086885326683 -0.33515110030569917 
-0.6265865043827115 1.1504086885326683 -0.33515110030569917 
-0.6271356550059323 1.1529448943700726 -0.33664933189411794 
-0.6271356550059323 1.1529448943700726 -0.33664933189411794 
-0.6271356550059322 1.1529448943700726 -0.3366493318941176 
-0.6271356550059322 1.1529448943700726 -0.3366493318941176 
-0.6277252019387493 1.1556683559964025 -0.33826590195306194 
-0.6277252019387493 1.1556683559964025 -0.33826590195306194 
-0.6284689561462228 1.1591033220746085 -0.34029506481027694 
-0.6284689561462228 1.1591033220746085 -0.34029506481027694 
-0.6284689561462228 1.1591033220746085 -0.34029506481027694 
-0.6284689561462228 1.1591033220746085 -0.34029506481027694 
-0.6293179730967497 1.163023401993452 -0.3425992233311924 
-0.6293179730967497 1.163023401993452 -0.3425992233311924 
-0.6298802843073414 1.1656203888936516 -0.3441333605653252 
-0.6301196468358541 1.1667258645435 -0.3447864063530146 
-0.6301196468358541 1.1667258645435 -0.3447864063530146 
-0.6301196468358541 1.1667258645435 -0.3447864063530146 
-0.630538083880725 1.1686594140039996 -0.3459402055079631 
-0.630538083880725 1.1686594140039996 -0.3459402055079631 
-0.630538083880725 1.1686594140039996 -0.3459402055079631 
-0.630538083880725 1.1686594140039996 -0.3459402055079631 
-0.6311030461958916 1.1712689892271433 -0.3474856388733033 
-0.6311030461958916 1.1712689892271433 -0.3474856388733033 
-0.6314979113923564 1.1730916075734876 -0.3485507484428023 
-0.6314979113923564 1.1730916075734876 -0.3485507484428023 
-0.6314979113923562 1.1730916075734876 -0.3485507484428023 
-0.6325040782632243 1.177738848825481 -0.35129990729684124 
-0.6325040782632243 1.177738848825481 -0.35129990729684124 
-0.6325040782632243 1.177738848825481 -0.35129990729684124 
-0.6325040782632243 1.177738848825481 -0.35129990729684124 
-0.6325040782632243 1.177738848825481 -0.35129990729684124 
-0.6325040782632243 1.177738848825481 -0.35129990729684124 
-0.6325040782632243 1.177738848825481 -0.35129990729684124 
-0.6330736166020645 1.1803688691878913 -0.3528496988935439 
-0.6330736166020645 1.1803688691878913 -0.3528496988935439 
-0.6330736166020645 1.1803688691878913 -0.3528496988935439 
-0.6340949221044972 1.185086026932959 -0.35564016003343435 
-0.6340949221044972 1.185086026932959 -0.35564016003343435 
-0.6340949221044972 1.185086026932959 -0.35564016003343435 
-0.6340949221044972 1.185086026932959 -0.35564016003343435 
-0.6340949221044972 1.185086026932959 -0.35564016003343435 
-0.6344986270640784 1.1869508486599458 -0.356745639670622 
-0.6344986270640784 1.1869508486599458 -0.356745639670622 
-0.6344986270640784 1.1869508486599458 -0.356745639670622 
-0.6353761960353307 1.191003482518524 -0.359135822235059 
-0.6353761960353307 1.191003482518524 -0.359135822235059 
-0.6355780243502028 1.1919352651482877 -0.3596824013250438 
-0.6355780243502028 1.1919352651482877 -0.3596824013250438 
-0.6355780243502028 1.1919352651482877 -0.3596824013250438 
-0.6355780243502028 1.1919352651482877 -0.3596824013250438 
-0.6360639693425885 1.1941792166904486 -0.3610041276388466 
-0.6368292254898585 1.1977134876641085 -0.36309195360970103 
-0.6368292254898585 1.1977134876641085 -0.36309195360970103 
-0.6368292254898585 1.1977134876641085 -0.36309195360970103 
-0.6371757024857652 1.1993146957076528 -0.36404942626713976 
-0.6378316777594405 1.2023439177634176 -0.36583504122577715 
-0.6378316777594405 1.2023439177634176 -0.36583504122577715 
-0.6380699445713511 1.2034443329385536 -0.3664850976018993 
-0.6380699445713511 1.2034443329385536 -0.3664850976018993 
-0.6380699445713511 1.2034443329385536 -0.3664850976018993 
-0.6385398733998384 1.2056143151785699 -0.3677631274840434 
-0.6385398733998384 1.2056143151785699 -0.3677631274840434 
-0.6385398733998384 1.2056143151785699 -0.3677631274840434 
-0.6385398733998384 1.2056143151785699 -0.3677631274840434 
-0.6391107441471242 1.208250833577071 -0.36932061745186207 
-0.6391107441471242 1.208250833577071 -0.36932061745186207 
-0.6395218920215933 1.2101496853586626 -0.3704423401759984 
-0.639678963789835 1.2108747636526282 -0.3708668112884731 
-0.639678963789835 1.2108747636526282 -0.3708668112884731 
-0.640171612298128 1.2131522579680842 -0.3722373006095602 
-0.6403525130130111 1.2139854939320183 -0.37270443593979097 
-0.6403525130130111 1.2139854939320183 -0.37270443593979097 
-0.6403525130130111 1.2139854939320183 -0.37270443593979097 
-0.6403525130130111 1.2139854939320183 -0.37270443593979097 
-0.6403525130130111 1.2139854939320183 -0.37270443593979097 
-0.6403525130130111 1.2139854939320183 -0.37270443593979097 
-0.6403525130130111 1.2139854939320183 -0.37270443593979097 
-0.6403525130130111 1.2139854939320183 -0.37270443593979097 
-0.6412344994681922 1.2180592184076686 -0.37511479699669026 
-0.6412344994681922 1.2180592184076686 -0.37511479699669026 
-0.6412344994681922 1.2180592184076686 -0.37511479699669026 
-0.6417511789974495 1.2204454592362495 -0.37652443864888785 
-0.6417511789974495 1.2204454592362495 -0.37652443864888785 
-0.6417511789974495 1.2204454592362495 -0.37652443864888785 
-0.6417511789974495 1.2204454592362495 -0.37652443864888785 
-0.642667596083213 1.224677854255268 -0.3790246725883567 
-0.642667596083213 1.224677854255268 -0.3790246725883567 
-0.6433382760175452 1.227774988546071 -0.3808504058427066 
-0.6433382760175452 1.227774988546071 -0.3808504058427066 
-0.6433382760175452 1.227774988546071 -0.3808504058427066 
-0.6433382760175452 1.227774988546071 -0.3808504058427066 
-0.644041236286205 1.2310218956785297 -0.38277233498956453 
-0.6446344679980458 1.2337613418858189 -0.384386768523041 
-0.6446344679980458 1.2337613418858189 -0.384386768523041 
-0.6448341323043465 1.234683819064633 -0.38493557001194 
-0.6448341323043465 1.234683819064633 -0.38493557001194 
-0.6450441112120081 1.2356539333598873 -0.3855125125261377 
-0.6450441112120081 1.2356539333598873 -0.3855125125261377 
-0.6450441112120081 1.2356539333598873 -0.3855125125261377 
-0.6454339801262079 1.2374545100581658 -0.3865761804851592 
-0.6460982460904513 1.240521168406313 -0.38837434502261325 
-0.6460982460904513 1.240521168406313 -0.38837434502261325 
-0.6460982460904513 1.240521168406313 -0.38837434502261325 
-0.6460982460904513 1.240521168406313 -0.38837434502261325 
-0.6467308523599773 1.243444349510325 -0.3901184622807089 
-0.6467308523599773 1.243444349510325 -0.3901184622807089 
-0.6467308523599773 1.243444349510325 -0.3901184622807089 
-0.6467308523599773 1.243444349510325 -0.3901184622807089 
-0.647325113016617 1.2461873498295637 -0.39172157018423914 
-0.647325113016617 1.2461873498295637 -0.39172157018423914 
-0.647325113016617 1.2461873498295637 -0.39172157018423914 
-0.6477406831046645 1.2481071343742929 -0.39286136437410957 
-0.6477406831046645 1.2481071343742929 -0.39286136437410957 
-0.6477406831046645 1.2481071343742929 -0.39286136437410957 
-0.6484629353723417 1.251442795557045 -0.3948318641176848 
-0.6484629353723417 1.251442795557045 -0.3948318641176848 
-0.6490031336249094 1.2539386888858237 -0.3963178608153505 
-0.6490031336249094 1.2539386888858237 -0.3963178608153505 
-0.6493163996290594 1.2553847926646853 -0.3971644088944929 
-0.6493163996290594 1.2553847926646853 -0.3971644088944929 
-0.6493163996290594 1.2553847926646853 -0.3971644088944929 
-0.6493163996290594 1.2553847926646853 -0.3971644088944929 
-0.6493163996290594 1.2553847926646853 -0.3971644088944929 
-0.6493163996290594 1.2553847926646853 -0.3971644088944929 
-0.6500285763848487 1.2586742653656235 -0.39911148311370026 
-0.6500285763848487 1.2586742653656235 -0.39911148311370026 
-0.6500285763848487 1.2586742653656235 -0.39911148311370026 
-0.6500285763848487 1.2586742653656235 -0.39911148311370026 
-0.6500285763848487 1.2586742653656235 -0.39911148311370026 
-0.6500285763848487 1.2586742653656235 -0.39911148311370026 
-0.650820346864126 1.26233030170529 -0.40126352096107853 
-0.651314918230618 1.2646154711089477 -0.4026250351595725 
-0.6514713857711817 1.2653387846011332 -0.40305995904523984 
-0.6514713857711817 1.2653387846011332 -0.40305995904523984 
-0.6514713857711817 1.2653387846011332 -0.40305995904523984 
-0.6514713857711817 1.2653387846011332 -0.40305995904523984 
-0.6514713857711817 1.2653387846011332 -0.40305995904523984 
-0.6521966518840097 1.2686873392007334 -0.40502658010451753 
-0.6521966518840097 1.2686873392007334 -0.40502658010451753 
-0.6530005242492058 1.2723999559199526 -0.4072197615736194 
-0.6530005242492058 1.2723999559199526 -0.4072197615736194 
-0.6530005242492058 1.2723999559199526 -0.4072197615736194 
-0.6533708757872316 1.2741107376825482 -0.4082342440460166 
-0.6533708757872316 1.2741107376825482 -0.4082342440460166 
-0.6533708757872316 1.2741107376825482 -0.4082342440460166 
-0.6540095096814511 1.2770595256198247 -0.4099684838260257 
-0.6544474222920873 1.2790819880780384 -0.4111632279972589 
-0.6544474222920873 1.2790819880780384 -0.4111632279972589 
-0.6544474222920873 1.2790819880780384 -0.4111632279972589 
-0.6544474222920873 1.2790819880780384 -0.4111632279972589 
-0.6546685611135518 1.2801029546538307 -0.411762491377749 
-0.6546685611135518 1.2801029546538307 -0.411762491377749 
-0.6546685611135518 1.2801029546538307 -0.411762491377749 
-0.6546685611135518 1.2801029546538307 -0.411762491377749 
-0.6555843534687713 1.2843331532476447 -0.4142691472833663 
-0.6555843534687713 1.2843331532476447 -0.4142691472833663 
-0.655955146170593 1.286045972488024 -0.4152848333700484 
-0.6566552073281471 1.2892784570601716 -0.41718666335650834 
-0.6566552073281471 1.2892784570601716 -0.41718666335650834 
-0.6566552073281471 1.2892784570601716 -0.41718666335650834 
-0.6572399350260185 1.2919796614563652 -0.41879008523766326 
-0.6572399350260185 1.2919796614563652 -0.41879008523766326 
-0.6574943967733167 1.2931541827345685 -0.41947619938224656 
-0.6574943967733167 1.2931541827345685 -0.41947619938224656 
-0.6574943967733167 1.2931541827345685 -0.41947619938224656 
-0.6581901209966705 1.2963676708020766 -0.42137838663827454 
-0.6581901209966703 1.2963676708020766 -0.4213783866382742 
-0.6581901209966703 1.2963676708020766 -0.4213783866382742 
-0.6581901209966703 1.2963676708020766 -0.4213783866382742 
-0.6587414469431495 1.2989135787664197 -0.42287848989742016 
-0.6587414469431495 1.2989135787664197 -0.42287848989742016 
-0.6587414469431495 1.2989135787664197 -0.42287848989742016 
-0.6587414469431495 1.2989135787664197 -0.42287848989742016 
-0.6593858605520052 1.3018907819285832 -0.424648814304437 
-0.6593858605520052 1.3018907819285832 -0.424648814304437 
-0.6595736161296524 1.3027568819682602 -0.4251488727567069 
-0.6595736161296524 1.3027568819682602 -0.4251488727567069 
-0.6595736161296524 1.3027568819682602 -0.4251488727567069 
-0.6604924822456678 1.3070012764670667 -0.42766391471402854 
-0.6604924822456678 1.3070012764670667 -0.42766391471402854 
-0.6611034988983899 1.3098232053438772 -0.42933093358180086 
-0.6611034988983899 1.3098232053438772 -0.42933093358180086 
-0.6618932752235276 1.3134696874307772 -0.43147346763663574 
-0.6618932752235276 1.3134696874307772 -0.43147346763663574 
-0.6618932752235276 1.3134696874307772 -0.43147346763663574 
-0.6621536687713874 1.3146717839270032 -0.43217788526974144 
-0.6621536687713874 1.3146717839270032 -0.43217788526974144 
-0.6621536687713874 1.3146717839270032 -0.43217788526974144 
-0.6622262881684164 1.3150071704873851 -0.43237601064729725 
-0.6622262881684164 1.3150071704873851 -0.43237601064729725 
-0.6626181785957799 1.3168179369364734 -0.4334552635114185 
-0.6630056217825613 1.3186069661971969 -0.43450825022913897 
-0.6630056217825613 1.3186069661971969 -0.43450825022913897 
-0.6630056217825613 1.3186069661971969 -0.43450825022913897 
-0.6630056217825613 1.3186069661971969 -0.43450825022913897 
-0.6630056217825613 1.3186069661971969 -0.43450825022913897 
-0.6636366058923111 1.3215211130902143 -0.436229745726081 
-0.6638040035766009 1.3222942251766094 -0.436686451933496 
-0.6638040035766009 1.3222942251766094 -0.436686451933496 
-0.6641877571890998 1.3240672477098756 -0.4377415620939201 
-0.6641877571890998 1.3240672477098756 -0.4377415620939201 
-0.6641877571890998 1.3240672477098756 -0.4377415620939201 
-0.6641877571890998 1.3240672477098756 -0.4377415620939201 
-0.6647077077582176 1.326468251140108 -0.4391560648284135 
-0.6647077077582176 1.326468251140108 -0.4391560648284135 
-0.6647077077582176 1.326468251140108 -0.4391560648284135 
-0.6653476925684576 1.3294239670092105 -0.44090211667332635 
-0.665618896665131 1.3306771890961802 -0.4416501612806195 
-0.665618896665131 1.3306771890961802 -0.4416501612806195 
-0.665618896665131 1.3306771890961802 -0.4416501612806195 
-0.665618896665131 1.3306771890961802 -0.4416501612806195 
-0.6660443217487775 1.3326423233842635 -0.4428148992972083 
-0.6660443217487775 1.3326423233842635 -0.4428148992972083 
-0.6660443217487775 1.3326423233842635 -0.4428148992972083 
-0.6660443217487774 1.3326423233842635 -0.44281489929720796 
-0.6667276775721063 1.3357969669391154 -0.44466302620853326 
-0.6667276775721063 1.3357969669391154 -0.44466302620853326 
-0.6667276775721063 1.3357969669391154 -0.44466302620853326 
-0.6667276775721063 1.3357969669391154 -0.44466302620853326 
-0.6667276775721063 1.3357969669391154 -0.44466302620853326 
-0.6671068277362993 1.3375487288346402 -0.44570557691554724 
-0.6671068277362993 1.3375487288346402 -0.44570557691554724 
-0.6671068277362993 1.3375487288346402 -0.44570557691554724 
-0.6671068277362993 1.3375487288346402 -0.44570557691554724 
-0.6679673307592588 1.3415235783105723 -0.44806138855259425 
-0.6679673307592588 1.3415235783105723 -0.44806138855259425 
-0.6679673307592588 1.3415235783105723 -0.44806138855259425 
-0.6679673307592588 1.3415235783105723 -0.44806138855259425 
-0.6686878094546943 1.34485070397945 -0.4500229863107684 
-0.6686878094546943 1.34485070397945 -0.4500229863107684 
-0.6688527676992493 1.3456118608790533 -0.4504649106658588 
-0.6688527676992493 1.3456118608790533 -0.4504649106658588 
-0.6688527676992493 1.3456118608790533 -0.4504649106658588 
-0.6691711564676006 1.3470833458126241 -0.45134575103334573 
-0.6691711564676006 1.3470833458126241 -0.45134575103334573 
-0.6691711564676006 1.3470833458126241 -0.45134575103334573 
-0.6691711564676006 1.3470833458126241 -0.45134575103334573 
-0.6691711564676006 1.3470833458126241 -0.45134575103334573 
-0.6700137963975799 1.3509736295798511 -0.45362844811545044 
-0.6702758025146986 1.3521847159940767 -0.4543554613441819 
-0.6702758025146986 1.3521847159940767 -0.4543554613441819 
-0.6702758025146986 1.3521847159940767 -0.4543554613441819 
-0.6702758025146986 1.3521847159940767 -0.4543554613441819 
-0.6710527423501955 1.3557741525666114 -0.45648938478039314 
-0.6710527423501955 1.3557741525666114 -0.45648938478039314 
-0.6714675633522712 1.3576887629080456 -0.4576069075907857 
-0.6714675633522712 1.3576887629080456 -0.4576069075907857 
-0.6714675633522712 1.3576887629080456 -0.4576069075907857 
-0.6714675633522712 1.3576887629080456 -0.4576069075907857 
-0.671929389917806 1.3598216699500305 -0.4588668955059355 
-0.671929389917806 1.3598216699500305 -0.4588668955059355 
-0.6722615115524363 1.3613545124478994 -0.4597608236502747 
-0.6722615115524363 1.3613545124478994 -0.4597608236502747 
-0.6726466023686399 1.3631340551637547 -0.46082364526457875 
-0.6726466023686399 1.3631340551637547 -0.46082364526457875 
-0.6729061409479314 1.3643327122024569 -0.4615317367816699 
-0.6729061409479314 1.3643327122024569 -0.4615317367816699 
-0.6729061409479314 1.3643327122024569 -0.4615317367816699 
-0.6732512420008141 1.3659261878889486 -0.4624692026935392 
-0.6732512420008141 1.3659261878889486 -0.4624692026935392 
-0.6732512420008141 1.3659261878889486 -0.4624692026935392 
-0.6732512420008141 1.3659261878889486 -0.4624692026935392 
-0.6740909000344126 1.369804766539605 -0.4647681435556107 
-0.6740909000344126 1.369804766539605 -0.4647681435556107 
-0.6740909000344126 1.369804766539605 -0.4647681435556107 
-0.6740909000344126 1.369804766539605 -0.4647681435556107 
-0.6744236786194782 1.3713406431076511 -0.4656638640386136 
-0.6744236786194782 1.3713406431076511 -0.4656638640386136 
-0.6744236786194782 1.3713406431076511 -0.4656638640386136 
-0.6751678829078054 1.3747780322663812 -0.4676983180383737 
-0.6751678829078054 1.3747780322663812 -0.4676983180383737 
-0.6751678829078054 1.3747780322663812 -0.4676983180383737 
-0.6751678829078054 1.3747780322663812 -0.4676983180383737 
-0.6753385105606152 1.3755648637071465 -0.46814970360450403 
-0.6753385105606152 1.3755648637071465 -0.46814970360450403 
-0.6753385105606152 1.3755648637071465 -0.46814970360450403 
-0.6753385105606152 1.3755648637071465 -0.46814970360450403 
-0.6759530742922119 1.3784036836112736 -0.4698324063335858 
-0.6759530742922119 1.3784036836112736 -0.4698324063335858 
-0.6759530742922119 1.3784036836112736 -0.4698324063335858 
-0.6759530742922119 1.3784036836112736 -0.4698324063335858 
-0.6759530742922119 1.3784036836112736 -0.4698324063335858 
-0.6769184818417865 1.382863714635742 -0.4724825523234609 
-0.6769184818417865 1.382863714635742 -0.4724825523234609 
-0.6769184818417865 1.382863714635742 -0.4724825523234609 
-0.6775418254208545 1.3857434354323674 -0.47419336038422943 
-0.6775418254208545 1.3857434354323674 -0.47419336038422943 
-0.6775418254208544 1.3857434354323674 -0.4741933603842291 
-0.6775418254208544 1.3857434354323674 -0.4741933603842291 
-0.6775418254208544 1.3857434354323674 -0.4741933603842291 
-0.6781066818225596 1.3883502827727243 -0.47571209398823944 
-0.6787017193265333 1.391099102138861 -0.47734364381192884 
-0.6787017193265333 1.391099102138861 -0.47734364381192884 
-0.6787017193265333 1.391099102138861 -0.47734364381192884 
-0.6791220812905027 1.3930405084156834 -0.47849050506703317 
-0.6791220812905026 1.3930405084156834 -0.47849050506703283 
