-0.5510845512257962 1.0557221470337204 -0.2792162209754898 
-0.5510845512257965 1.0557221470337204 -0.2792162209754897 
-0.5510845512257965 1.0557221470337204 -0.2792162209754897 
-0.5510845512257965 1.0557221470337204 -0.2792162209754897 
-0.5504364808264328 1.0527290885531986 -0.2774481094541912 
-0.5504364808264328 1.0527290885531986 -0.2774481094541912 
-0.5504364808264328 1.0527290885531986 -0.2774481094541912 
-0.5504742171143964 1.0529033704164397 -0.2775510642652499 
-0.5504742171143964 1.0529033704164397 -0.2775510642652499 
-0.5504742171143964 1.0529033704164397 -0.2775510642652499 
-0.5504742171143964 1.0529033704164397 -0.2775510642652499 
-0.5508820909519682 1.0547874457548192 -0.27866791773036403 
-0.5508820909519682 1.0547874457548192 -0.27866791773036403 
-0.5508820909519682 1.0547874457548192 -0.27866791773036403 
-0.5508820909519682 1.0547874457548192 -0.27866791773036403 
-0.5508820909519682 1.0547874457548192 -0.27866791773036403 
-0.5508820909519682 1.0547874457548192 -0.27866791773036403 
-0.5510839192668404 1.0557192283845824 -0.27921449682034905 
-0.5510839192668404 1.0557192283845824 -0.27921449682034905 
-0.5517537365799704 1.0588127231521778 -0.28104193981060754 
-0.5517537365799704 1.0588127231521778 -0.28104193981060754 
-0.5517537365799704 1.0588127231521778 -0.28104193981060754 
-0.5517537365799704 1.0588127231521778 -0.28104193981060754 
-0.5517537365799704 1.0588127231521778 -0.28104193981060754 
-0.5517537365799704 1.0588127231521778 -0.28104193981060754 
-0.5523737497373313 1.0616762016268884 -0.2827335035789321 
-0.5523737497373313 1.0616762016268884 -0.2827335035789321 
-0.5523737497373313 1.0616762016268884 -0.2827335035789321 
-0.5527932687864879 1.063614403812863 -0.2838861915344236 
-0.5527932687864879 1.063614403812863 -0.2838861915344236 
-0.5527932687864879 1.063614403812863 -0.2838861915344236 
-0.5527932687864879 1.063614403812863 -0.2838861915344236 
-0.5527932687864879 1.063614403812863 -0.2838861915344236 
-0.5527932687864879 1.063614403812863 -0.2838861915344236 
-0.5533437016900953 1.0661558429139621 -0.285379795130703 
-0.5533437016900953 1.0661558429139621 -0.285379795130703 
-0.5536701467891915 1.0676631576513542 -0.28626636254934845 
-0.5536701467891915 1.0676631576513542 -0.28626636254934845 
-0.5536701467891915 1.0676631576513542 -0.28626636254934845 
-0.5536701467891915 1.0676631576513542 -0.28626636254934845 
-0.5536701467891915 1.0676631576513542 -0.28626636254934845 
-0.5542344509551083 1.0702696932676954 -0.28781000030533366 
-0.5542344509551083 1.0702696932676954 -0.28781000030533366 
-0.5542344509551083 1.0702696932676954 -0.28781000030533366 
-0.5546271539412237 1.0720830144680267 -0.2888773371797835 
-0.5546271539412237 1.0720830144680267 -0.2888773371797835 
-0.5547895231233569 1.0728332472613828 -0.2893243874719086 
-0.5547895231233569 1.0728332472613828 -0.2893243874719086 
-0.5547895231233569 1.0728332472613828 -0.2893243874719086 
-0.5547895231233569 1.0728332472613828 -0.2893243874719086 
-0.5547895231233569 1.0728332472613828 -0.2893243874719086 
-0.5556076685018794 1.0766121271089086 -0.29156057278604386 
-0.5556076685018794 1.0766121271089086 -0.29156057278604386 
-0.5556076685018794 1.0766121271089086 -0.29156057278604386 
-0.5556076685018794 1.0766121271089086 -0.29156057278604386 
-0.5556076685018794 1.0766121271089086 -0.29156057278604386 
-0.5557691601516792 1.0773583070931954 -0.2920052289323627 
-0.5557691601516792 1.0773583070931954 -0.2920052289323627 
-0.5557691601516792 1.0773583070931954 -0.2920052289323627 
-0.5560572269235075 1.07868871918303 -0.2927911530830002 
-0.5560572269235075 1.07868871918303 -0.2927911530830002 
-0.5560572269235075 1.07868871918303 -0.2927911530830002 
-0.5570539454106607 1.0832919794516631 -0.2955104709879042 
-0.5574205077917457 1.0849838836322643 -0.29649836281376407 
-0.5574205077917457 1.0849838836322643 -0.29649836281376407 
-0.5575536978249802 1.085599354987432 -0.2968658044871343 
-0.5575536978249802 1.085599354987432 -0.2968658044871343 
-0.5575536978249802 1.085599354987432 -0.2968658044871343 
-0.5575536978249802 1.085599354987432 -0.2968658044871343 
-0.5577720120909941 1.0866079654322238 -0.2974654881158021 
-0.5577720120909941 1.0866079654322238 -0.2974654881158021 
-0.5584185574885299 1.0895936364003638 -0.2992253758190929 
-0.5584185574885299 1.0895936364003638 -0.2992253758190929 
-0.5584185574885299 1.0895936364003638 -0.2992253758190929 
-0.5584185574885299 1.0895936364003638 -0.2992253758190929 
-0.5584185574885299 1.0895936364003638 -0.2992253758190929 
-0.5591618890397826 1.0930269948965212 -0.3012574487558105 
-0.5596535887198013 1.0952985572383431 -0.3026070650159549 
-0.5596535887198013 1.0952985572383431 -0.3026070650159549 
-0.5599986503599046 1.0968911620601154 -0.3035362969988662 
-0.5599986503599046 1.0968911620601154 -0.3035362969988662 
-0.5599986503599046 1.0968911620601154 -0.3035362969988662 
-0.5599986503599046 1.0968911620601154 -0.3035362969988662 
-0.5599986503599046 1.0968911620601154 -0.3035362969988662 
-0.5599986503599046 1.0968911620601154 -0.3035362969988662 
-0.5602101637503349 1.0978683632346171 -0.3041174259975341 
-0.5602101637503349 1.0978683632346171 -0.3041174259975341 
-0.5602101637503349 1.0978683632346171 -0.3041174259975341 
-0.5602101637503349 1.0978683632346171 -0.3041174259975341 
-0.560954559997113 1.1013059500971387 -0.3061442773116976 
-0.560954559997113 1.1013059500971387 -0.3061442773116976 
-0.560954559997113 1.1013059500971387 -0.3061442773116976 
-0.560954559997113 1.1013059500971387 -0.3061442773116976 
-0.560954559997113 1.1013059500971387 -0.3061442773116976 
-0.560954559997113 1.1013059500971387 -0.3061442773116976 
-0.560954559997113 1.1013059500971387 -0.3061442773116976 
-0.5616092213699175 1.1043291040125482 -0.307926307593007 
-0.5616092213699175 1.1043291040125482 -0.307926307593007 
-0.5616092213699175 1.1043291040125482 -0.307926307593007 
-0.5616092213699175 1.1043291040125482 -0.307926307593007 
-0.5622086143156667 1.10709734977906 -0.3095616138409172 
-0.5628310561974827 1.109972389532886 -0.3112638670272698 
-0.5628310561974827 1.109972389532886 -0.3112638670272698 
-0.5628310561974827 1.109972389532886 -0.3112638670272698 
-0.5629477751907066 1.1105114463588883 -0.31158230804367226 
-0.563315955001918 1.1122125426044183 -0.3125949286574141 
-0.563315955001918 1.1122125426044183 -0.3125949286574141 
-0.563315955001918 1.1122125426044183 -0.3125949286574141 
-0.5639622463988498 1.1151963516520693 -0.3143459969780594 
-0.5639622463988498 1.1151963516520693 -0.3143459969780594 
-0.5642806238525142 1.1166674399096514 -0.3152227432759046 
-0.5642806238525142 1.1166674399096514 -0.3152227432759046 
-0.5642806238525142 1.1166674399096514 -0.3152227432759046 
-0.5642806238525142 1.1166674399096514 -0.3152227432759046 
-0.5648563198288189 1.119326243221411 -0.31679339777496773 
-0.5648563198288189 1.119326243221411 -0.31679339777496773 
-0.5651987972017591 1.120907946083434 -0.3177277687776774 
-0.565198797201759 1.120907946083434 -0.31772776877767706 
-0.565198797201759 1.120907946083434 -0.31772776877767706 
-0.565198797201759 1.120907946083434 -0.31772776877767706 
-0.565198797201759 1.120907946083434 -0.31772776877767706 
-0.565597439041663 1.1227490397991593 -0.3188153716533808 
-0.565597439041663 1.1227490397991593 -0.3188153716533808 
-0.565597439041663 1.1227490397991593 -0.3188153716533808 
-0.565597439041663 1.1227490397991593 -0.3188153716533808 
-0.565597439041663 1.1227490397991593 -0.3188153716533808 
-0.565597439041663 1.1227490397991593 -0.3188153716533808 
-0.5666318938167798 1.1275265819310336 -0.32163764436934417 
-0.5666318938167798 1.1275265819310336 -0.32163764436934417 
-0.5666318938167798 1.1275265819310336 -0.32163764436934417 
-0.5671757631360547 1.1300380520915339 -0.323117403930517 
-0.5671757631360547 1.1300380520915339 -0.323117403930517 
-0.5676257591250349 1.1321166650335657 -0.32434917802968577 
-0.5676257591250349 1.1321166650335657 -0.32434917802968577 
-0.5677900717338416 1.13287518453898 -0.3247934041157544 
-0.5677900717338416 1.13287518453898 -0.3247934041157544 
-0.5677900717338416 1.13287518453898 -0.3247934041157544 
-0.5677900717338416 1.13287518453898 -0.3247934041157544 
-0.5680827777703112 1.1342277115214032 -0.325600111836688 
-0.5680827777703112 1.1342277115214032 -0.325600111836688 
-0.5683640275566103 1.1355262955184624 -0.3263633742049197 
-0.5683640275566103 1.1355262955184624 -0.3263633742049197 
-0.5693554945620799 1.1401056466819153 -0.3290724278460089 
-0.5693554945620799 1.1401056466819153 -0.3290724278460089 
-0.5693554945620799 1.1401056466819153 -0.3290724278460089 
-0.5693554945620799 1.1401056466819153 -0.3290724278460089 
-0.5699660611339481 1.142925152478202 -0.33073415557123576 
-0.5699660611339481 1.142925152478202 -0.33073415557123576 
-0.5699660611339481 1.142925152478202 -0.33073415557123576 
-0.5701485813398572 1.143767762235186 -0.331228056912097 
-0.5707973503904885 1.1467643917977242 -0.3330021377433342 
-0.5707973503904885 1.1467643917977242 -0.3330021377433342 
-0.5707973503904885 1.1467643917977242 -0.3330021377433342 
-0.5707973503904885 1.1467643917977242 -0.3330021377433342 
-0.5707973503904885 1.1467643917977242 -0.3330021377433342 
-0.5715865043827114 1.1504086885326683 -0.3351511003056995 
-0.5715865043827114 1.1504086885326683 -0.3351511003056995 
-0.5721356550059321 1.1529448943700726 -0.33664933189411794 
-0.5721356550059321 1.1529448943700726 -0.33664933189411794 
-0.572135655005932 1.1529448943700726 -0.3366493318941176 
-0.572135655005932 1.1529448943700726 -0.3366493318941176 
-0.5727252019387491 1.1556683559964025 -0.33826590195306183 
-0.5727252019387491 1.1556683559964025 -0.33826590195306183 
-0.5734689561462227 1.1591033220746085 -0.34029506481027694 
-0.5734689561462227 1.1591033220746085 -0.34029506481027694 
-0.5734689561462227 1.1591033220746085 -0.34029506481027694 
-0.5734689561462227 1.1591033220746085 -0.34029506481027694 
-0.5743179730967496 1.163023401993452 -0.34259922333119264 
-0.5743179730967496 1.163023401993452 -0.34259922333119264 
-0.5748802843073413 1.1656203888936516 -0.3441333605653254 
-0.5751196468358537 1.1667258645434997 -0.3447864063530146 
-0.5751196468358537 1.1667258645434997 -0.3447864063530146 
-0.5751196468358537 1.1667258645434997 -0.3447864063530146 
-0.5755380838807248 1.1686594140039999 -0.3459402055079631 
-0.5755380838807248 1.1686594140039999 -0.3459402055079631 
-0.5755380838807248 1.1686594140039999 -0.3459402055079631 
-0.5755380838807248 1.1686594140039999 -0.3459402055079631 
-0.5761030461958915 1.1712689892271433 -0.3474856388733035 
-0.5761030461958915 1.1712689892271433 -0.3474856388733035 
-0.5764979113923564 1.1730916075734878 -0.348550748442803 
-0.5764979113923564 1.1730916075734878 -0.348550748442803 
-0.5764979113923562 1.1730916075734878 -0.348550748442803 
-0.5775040782632241 1.177738848825481 -0.35129990729684113 
-0.5775040782632241 1.177738848825481 -0.35129990729684113 
-0.5775040782632241 1.177738848825481 -0.35129990729684113 
-0.5775040782632241 1.177738848825481 -0.35129990729684113 
-0.5775040782632241 1.177738848825481 -0.35129990729684113 
-0.5775040782632241 1.177738848825481 -0.35129990729684113 
-0.5775040782632241 1.177738848825481 -0.35129990729684113 
-0.5780736166020644 1.180368869187891 -0.3528496988935439 
-0.5780736166020644 1.180368869187891 -0.3528496988935439 
-0.5780736166020644 1.180368869187891 -0.3528496988935439 
-0.5790949221044971 1.185086026932959 -0.35564016003343424 
-0.5790949221044971 1.185086026932959 -0.35564016003343424 
-0.5790949221044971 1.185086026932959 -0.35564016003343424 
-0.5790949221044971 1.185086026932959 -0.35564016003343424 
-0.5790949221044971 1.185086026932959 -0.35564016003343424 
-0.5794986270640782 1.1869508486599454 -0.3567456396706222 
-0.5794986270640782 1.1869508486599454 -0.3567456396706222 
-0.5794986270640782 1.1869508486599454 -0.3567456396706222 
-0.5803761960353304 1.191003482518524 -0.35913582223505924 
-0.5803761960353304 1.191003482518524 -0.35913582223505924 
-0.5805780243502026 1.1919352651482877 -0.35968240132504414 
-0.5805780243502026 1.1919352651482877 -0.35968240132504414 
-0.5805780243502026 1.1919352651482877 -0.35968240132504414 
-0.5805780243502026 1.1919352651482877 -0.35968240132504414 
-0.5810639693425882 1.1941792166904486 -0.3610041276388466 
-0.5818292254898584 1.1977134876641082 -0.3630919536097015 
-0.5818292254898584 1.1977134876641082 -0.3630919536097015 
-0.5818292254898584 1.1977134876641082 -0.3630919536097015 
-0.5821757024857651 1.1993146957076526 -0.3640494262671402 
-0.5828316777594404 1.2023439177634176 -0.36583504122577726 
-0.5828316777594404 1.2023439177634176 -0.36583504122577726 
-0.583069944571351 1.2034443329385534 -0.3664850976018994 
-0.583069944571351 1.2034443329385534 -0.3664850976018994 
-0.583069944571351 1.2034443329385534 -0.3664850976018994 
-0.5835398733998383 1.2056143151785697 -0.3677631274840433 
-0.5835398733998383 1.2056143151785697 -0.3677631274840433 
-0.5835398733998383 1.2056143151785697 -0.3677631274840433 
-0.5835398733998383 1.2056143151785697 -0.3677631274840433 
-0.584110744147124 1.208250833577071 -0.36932061745186184 
-0.584110744147124 1.208250833577071 -0.36932061745186184 
-0.5845218920215931 1.2101496853586626 -0.37044234017599853 
-0.5846789637898349 1.2108747636526282 -0.3708668112884731 
-0.5846789637898349 1.2108747636526282 -0.3708668112884731 
-0.585171612298128 1.2131522579680845 -0.3722373006095602 
-0.585352513013011 1.213985493932018 -0.37270443593979097 
-0.585352513013011 1.213985493932018 -0.37270443593979097 
-0.585352513013011 1.213985493932018 -0.37270443593979097 
-0.585352513013011 1.213985493932018 -0.37270443593979097 
-0.585352513013011 1.213985493932018 -0.37270443593979097 
-0.585352513013011 1.213985493932018 -0.37270443593979097 
-0.585352513013011 1.213985493932018 -0.37270443593979097 
-0.585352513013011 1.213985493932018 -0.37270443593979097 
-0.586234499468192 1.2180592184076686 -0.37511479699669004 
-0.586234499468192 1.2180592184076686 -0.37511479699669004 
-0.586234499468192 1.2180592184076686 -0.37511479699669004 
-0.5867511789974492 1.2204454592362495 -0.37652443864888807 
-0.5867511789974492 1.2204454592362495 -0.37652443864888807 
-0.5867511789974492 1.2204454592362495 -0.37652443864888807 
-0.5867511789974492 1.2204454592362495 -0.37652443864888807 
-0.5876675960832127 1.224677854255268 -0.37902467258835715 
-0.5876675960832127 1.224677854255268 -0.37902467258835715 
-0.5883382760175451 1.227774988546071 -0.380850405842707 
-0.5883382760175451 1.227774988546071 -0.380850405842707 
-0.5883382760175451 1.227774988546071 -0.380850405842707 
-0.5883382760175451 1.227774988546071 -0.380850405842707 
-0.589041236286205 1.23102189567853 -0.38277233498956453 
-0.5896344679980455 1.2337613418858189 -0.384386768523041 
-0.5896344679980455 1.2337613418858189 -0.384386768523041 
-0.5898341323043462 1.2346838190646328 -0.38493557001194 
-0.5898341323043462 1.2346838190646328 -0.38493557001194 
-0.5900441112120078 1.2356539333598877 -0.3855125125261377 
-0.5900441112120078 1.2356539333598877 -0.3855125125261377 
-0.5900441112120078 1.2356539333598877 -0.3855125125261377 
-0.5904339801262077 1.2374545100581658 -0.38657618048515896 
-0.591098246090451 1.240521168406313 -0.38837434502261303 
-0.591098246090451 1.240521168406313 -0.38837434502261303 
-0.591098246090451 1.240521168406313 -0.38837434502261303 
-0.591098246090451 1.240521168406313 -0.38837434502261303 
-0.5917308523599772 1.243444349510325 -0.3901184622807091 
-0.5917308523599772 1.243444349510325 -0.3901184622807091 
-0.5917308523599772 1.243444349510325 -0.3901184622807091 
-0.5917308523599772 1.243444349510325 -0.3901184622807091 
-0.5923251130166168 1.2461873498295635 -0.39172157018423914 
-0.5923251130166168 1.2461873498295635 -0.39172157018423914 
-0.5923251130166168 1.2461873498295635 -0.39172157018423914 
-0.5927406831046644 1.248107134374293 -0.39286136437410957 
-0.5927406831046644 1.248107134374293 -0.39286136437410957 
-0.5927406831046644 1.248107134374293 -0.39286136437410957 
-0.5934629353723416 1.2514427955570455 -0.394831864117685 
-0.5934629353723416 1.2514427955570455 -0.394831864117685 
-0.5940031336249091 1.253938688885824 -0.39631786081535003 
-0.5940031336249091 1.253938688885824 -0.39631786081535003 
-0.5943163996290592 1.2553847926646855 -0.3971644088944929 
-0.5943163996290592 1.2553847926646855 -0.3971644088944929 
-0.5943163996290592 1.2553847926646855 -0.3971644088944929 
-0.5943163996290592 1.2553847926646855 -0.3971644088944929 
-0.5943163996290592 1.2553847926646855 -0.3971644088944929 
-0.5943163996290592 1.2553847926646855 -0.3971644088944929 
-0.5950285763848486 1.2586742653656238 -0.3991114831136998 
-0.5950285763848486 1.2586742653656238 -0.3991114831136998 
-0.5950285763848486 1.2586742653656238 -0.3991114831136998 
-0.5950285763848486 1.2586742653656238 -0.3991114831136998 
-0.5950285763848486 1.2586742653656238 -0.3991114831136998 
-0.5950285763848486 1.2586742653656238 -0.3991114831136998 
-0.5958203468641259 1.2623303017052898 -0.40126352096107853 
-0.5963149182306178 1.2646154711089475 -0.40262503515957293 
-0.5964713857711813 1.2653387846011328 -0.40305995904523984 
-0.5964713857711813 1.2653387846011328 -0.40305995904523984 
-0.5964713857711813 1.2653387846011328 -0.40305995904523984 
-0.5964713857711813 1.2653387846011328 -0.40305995904523984 
-0.5964713857711813 1.2653387846011328 -0.40305995904523984 
-0.5971966518840095 1.2686873392007334 -0.40502658010451753 
-0.5971966518840095 1.2686873392007334 -0.40502658010451753 
-0.5980005242492058 1.2723999559199526 -0.40721976157361983 
-0.5980005242492058 1.2723999559199526 -0.40721976157361983 
-0.5980005242492058 1.2723999559199526 -0.40721976157361983 
-0.5983708757872317 1.2741107376825487 -0.4082342440460166 
-0.5983708757872317 1.2741107376825487 -0.4082342440460166 
-0.5983708757872317 1.2741107376825487 -0.4082342440460166 
-0.599009509681451 1.2770595256198243 -0.4099684838260257 
-0.599447422292087 1.2790819880780386 -0.41116322799725846 
-0.599447422292087 1.2790819880780386 -0.41116322799725846 
-0.599447422292087 1.2790819880780386 -0.41116322799725846 
-0.599447422292087 1.2790819880780386 -0.41116322799725846 
-0.5996685611135517 1.2801029546538305 -0.41176249137774923 
-0.5996685611135517 1.2801029546538305 -0.41176249137774923 
-0.5996685611135517 1.2801029546538305 -0.41176249137774923 
-0.5996685611135517 1.2801029546538305 -0.41176249137774923 
-0.600584353468771 1.2843331532476447 -0.4142691472833665 
-0.600584353468771 1.2843331532476447 -0.4142691472833665 
-0.600955146170593 1.286045972488024 -0.41528483337004884 
-0.6016552073281469 1.2892784570601714 -0.41718666335650834 
-0.6016552073281469 1.2892784570601714 -0.41718666335650834 
-0.6016552073281469 1.2892784570601714 -0.41718666335650834 
-0.6022399350260184 1.2919796614563652 -0.41879008523766326 
-0.6022399350260184 1.2919796614563652 -0.41879008523766326 
-0.6024943967733166 1.2931541827345687 -0.4194761993822468 
-0.6024943967733166 1.2931541827345687 -0.4194761993822468 
-0.6024943967733166 1.2931541827345687 -0.4194761993822468 
-0.6031901209966704 1.2963676708020766 -0.42137838663827454 
-0.6031901209966702 1.2963676708020766 -0.4213783866382742 
-0.6031901209966702 1.2963676708020766 -0.4213783866382742 
-0.6031901209966702 1.2963676708020766 -0.4213783866382742 
-0.6037414469431494 1.2989135787664199 -0.42287848989742016 
-0.6037414469431494 1.2989135787664199 -0.42287848989742016 
-0.6037414469431494 1.2989135787664199 -0.42287848989742016 
-0.6037414469431494 1.2989135787664199 -0.42287848989742016 
-0.6043858605520052 1.301890781928583 -0.424648814304437 
-0.6043858605520052 1.301890781928583 -0.424648814304437 
-0.6045736161296522 1.30275688196826 -0.4251488727567071 
-0.6045736161296522 1.30275688196826 -0.4251488727567071 
-0.6045736161296522 1.30275688196826 -0.4251488727567071 
-0.6054924822456678 1.3070012764670669 -0.42766391471402876 
-0.6054924822456678 1.3070012764670669 -0.42766391471402876 
-0.6061034988983899 1.3098232053438772 -0.42933093358180086 
-0.6061034988983899 1.3098232053438772 -0.42933093358180086 
-0.6068932752235274 1.313469687430777 -0.43147346763663574 
-0.6068932752235274 1.313469687430777 -0.43147346763663574 
-0.6068932752235274 1.313469687430777 -0.43147346763663574 
-0.6071536687713872 1.3146717839270032 -0.43217788526974144 
-0.6071536687713872 1.3146717839270032 -0.43217788526974144 
-0.6071536687713872 1.3146717839270032 -0.43217788526974144 
-0.6072262881684161 1.3150071704873851 -0.432376010647297 
-0.6072262881684161 1.3150071704873851 -0.432376010647297 
-0.6076181785957797 1.3168179369364736 -0.4334552635114185 
-0.6080056217825612 1.3186069661971973 -0.4345082502291392 
-0.6080056217825612 1.3186069661971973 -0.4345082502291392 
-0.6080056217825612 1.3186069661971973 -0.4345082502291392 
-0.6080056217825612 1.3186069661971973 -0.4345082502291392 
-0.6080056217825612 1.3186069661971973 -0.4345082502291392 
-0.608636605892311 1.3215211130902138 -0.43622974572608053 
-0.6088040035766006 1.3222942251766094 -0.43668645193349576 
-0.6088040035766006 1.3222942251766094 -0.43668645193349576 
-0.6091877571890998 1.324067247709876 -0.43774156209392057 
-0.6091877571890998 1.324067247709876 -0.43774156209392057 
-0.6091877571890998 1.324067247709876 -0.43774156209392057 
-0.6091877571890998 1.324067247709876 -0.43774156209392057 
-0.6097077077582175 1.326468251140108 -0.4391560648284135 
-0.6097077077582175 1.326468251140108 -0.4391560648284135 
-0.6097077077582175 1.326468251140108 -0.4391560648284135 
-0.6103476925684576 1.3294239670092103 -0.4409021166733259 
-0.6106188966651309 1.3306771890961802 -0.44165016128061974 
-0.6106188966651309 1.3306771890961802 -0.44165016128061974 
-0.6106188966651309 1.3306771890961802 -0.44165016128061974 
-0.6106188966651309 1.3306771890961802 -0.44165016128061974 
-0.6110443217487773 1.3326423233842635 -0.4428148992972081 
-0.6110443217487773 1.3326423233842635 -0.4428148992972081 
-0.6110443217487773 1.3326423233842635 -0.4428148992972081 
-0.6110443217487772 1.3326423233842635 -0.44281489929720774 
-0.6117276775721061 1.3357969669391154 -0.44466302620853304 
-0.6117276775721061 1.3357969669391154 -0.44466302620853304 
-0.6117276775721061 1.3357969669391154 -0.44466302620853304 
-0.6117276775721061 1.3357969669391154 -0.44466302620853304 
-0.6117276775721061 1.3357969669391154 -0.44466302620853304 
-0.6121068277362991 1.3375487288346402 -0.4457055769155468 
-0.6121068277362991 1.3375487288346402 -0.4457055769155468 
-0.6121068277362991 1.3375487288346402 -0.4457055769155468 
-0.6121068277362991 1.3375487288346402 -0.4457055769155468 
-0.6129673307592587 1.3415235783105723 -0.44806138855259403 
-0.6129673307592587 1.3415235783105723 -0.44806138855259403 
-0.6129673307592587 1.3415235783105723 -0.44806138855259403 
-0.6129673307592587 1.3415235783105723 -0.44806138855259403 
-0.6136878094546943 1.34485070397945 -0.4500229863107684 
-0.6136878094546943 1.34485070397945 -0.4500229863107684 
-0.6138527676992491 1.3456118608790528 -0.45046491066585903 
-0.6138527676992491 1.3456118608790528 -0.45046491066585903 
-0.6138527676992491 1.3456118608790528 -0.45046491066585903 
-0.6141711564676006 1.3470833458126241 -0.4513457510333462 
-0.6141711564676006 1.3470833458126241 -0.4513457510333462 
-0.6141711564676006 1.3470833458126241 -0.4513457510333462 
-0.6141711564676006 1.3470833458126241 -0.4513457510333462 
-0.6141711564676006 1.3470833458126241 -0.4513457510333462 
-0.6150137963975795 1.3509736295798511 -0.45362844811545 
-0.6152758025146983 1.3521847159940765 -0.4543554613441819 
-0.6152758025146983 1.3521847159940765 -0.4543554613441819 
-0.6152758025146983 1.3521847159940765 -0.4543554613441819 
-0.6152758025146983 1.3521847159940765 -0.4543554613441819 
-0.6160527423501952 1.3557741525666114 -0.4564893847803929 
-0.6160527423501952 1.3557741525666114 -0.4564893847803929 
-0.6164675633522712 1.3576887629080456 -0.4576069075907857 
-0.6164675633522712 1.3576887629080456 -0.4576069075907857 
-0.6164675633522712 1.3576887629080456 -0.4576069075907857 
-0.6164675633522712 1.3576887629080456 -0.4576069075907857 
-0.6169293899178058 1.3598216699500307 -0.4588668955059355 
-0.6169293899178058 1.3598216699500307 -0.4588668955059355 
-0.6172615115524362 1.3613545124478992 -0.4597608236502747 
-0.6172615115524362 1.3613545124478992 -0.4597608236502747 
-0.6176466023686397 1.3631340551637547 -0.46082364526457853 
-0.6176466023686397 1.3631340551637547 -0.46082364526457853 
-0.6179061409479315 1.364332712202457 -0.4615317367816699 
-0.6179061409479315 1.364332712202457 -0.4615317367816699 
-0.6179061409479315 1.364332712202457 -0.4615317367816699 
-0.6182512420008138 1.3659261878889482 -0.4624692026935392 
-0.6182512420008138 1.3659261878889482 -0.4624692026935392 
-0.6182512420008138 1.3659261878889482 -0.4624692026935392 
-0.6182512420008138 1.3659261878889482 -0.4624692026935392 
-0.6190909000344125 1.3698047665396047 -0.46476814355561047 
-0.6190909000344125 1.3698047665396047 -0.46476814355561047 
-0.6190909000344125 1.3698047665396047 -0.46476814355561047 
-0.6190909000344125 1.3698047665396047 -0.46476814355561047 
-0.619423678619478 1.3713406431076516 -0.4656638640386136 
-0.619423678619478 1.3713406431076516 -0.4656638640386136 
-0.619423678619478 1.3713406431076516 -0.4656638640386136 
-0.6201678829078053 1.3747780322663807 -0.46769831803837414 
-0.6201678829078053 1.3747780322663807 -0.46769831803837414 
-0.6201678829078053 1.3747780322663807 -0.46769831803837414 
-0.6201678829078053 1.3747780322663807 -0.46769831803837414 
-0.6203385105606152 1.3755648637071465 -0.46814970360450403 
-0.6203385105606152 1.3755648637071465 -0.46814970360450403 
-0.6203385105606152 1.3755648637071465 -0.46814970360450403 
-0.6203385105606152 1.3755648637071465 -0.46814970360450403 
-0.6209530742922119 1.3784036836112739 -0.46983240633358603 
-0.6209530742922119 1.3784036836112739 -0.46983240633358603 
-0.6209530742922119 1.3784036836112739 -0.46983240633358603 
-0.6209530742922119 1.3784036836112739 -0.46983240633358603 
-0.6209530742922119 1.3784036836112739 -0.46983240633358603 
-0.6219184818417866 1.3828637146357419 -0.47248255232346115 
-0.6219184818417866 1.3828637146357419 -0.47248255232346115 
-0.6219184818417866 1.3828637146357419 -0.47248255232346115 
-0.6225418254208543 1.3857434354323677 -0.47419336038422943 
-0.6225418254208543 1.3857434354323677 -0.47419336038422943 
-0.6225418254208543 1.3857434354323677 -0.4741933603842291 
-0.6225418254208543 1.3857434354323677 -0.4741933603842291 
-0.6225418254208543 1.3857434354323677 -0.4741933603842291 
-0.6231066818225595 1.3883502827727239 -0.475712093988239 
-0.6237017193265333 1.3910991021388615 -0.4773436438119286 
-0.6237017193265333 1.3910991021388615 -0.4773436438119286 
-0.6237017193265333 1.3910991021388615 -0.4773436438119286 
-0.6241220812905026 1.3930405084156836 -0.4784905050670336 
-0.6241220812905026 1.3930405084156836 -0.4784905050670333 
