-0.6050942368810645 1.111289063859167 -0.5511391149395246 
-0.6050942368810645 1.111289063859167 -0.5511391149395246 
-0.6050942368810645 1.111289063859167 -0.5511391149395246 
-0.6050942368810645 1.111289063859167 -0.5511391149395246 
-0.6050956937840988 1.111294235809118 -0.5511248857714457 
-0.6050956937840988 1.111294235809118 -0.5511248857714457 
-0.6050956937840988 1.111294235809118 -0.5511248857714457 
-0.6050944067624345 1.1112889949623612 -0.5511295088575585 
-0.6050944067624345 1.1112889949623612 -0.5511295088575585 
-0.6050944067624345 1.1112889949623612 -0.5511295088575585 
-0.6050944067624345 1.1112889949623612 -0.5511295088575585 
-0.6050944067624345 1.1112889949623612 -0.5511295088575585 
-0.6052365748765335 1.1118281436232818 -0.5501484941260952 
-0.6052365748765335 1.1118281436232818 -0.5501484941260952 
-0.6055032863032499 1.1128409903698109 -0.5483245036102116 
-0.605783906076272 1.1139067927441375 -0.5464070303355403 
-0.605783906076272 1.1139067927441375 -0.5464070303355403 
-0.6061238857126658 1.115196966210103 -0.544071185431116 
-0.6061238857126658 1.115196966210103 -0.544071185431116 
-0.6061238857126658 1.115196966210103 -0.544071185431116 
-0.6061238857126658 1.115196966210103 -0.544071185431116 
-0.6064678615346947 1.1165023046216105 -0.5417078845591776 
-0.6064678615346947 1.1165023046216105 -0.5417078845591776 
-0.6064678615346947 1.1165023046216105 -0.5417078845591776 
-0.6067735124184774 1.1176625622307512 -0.5396121162975438 
-0.6067735124184774 1.1176625622307512 -0.5396121162975438 
-0.6067735124184774 1.1176625622307512 -0.5396121162975438 
-0.6067735124184774 1.1176625622307512 -0.5396121162975438 
-0.6067735124184774 1.1176625622307512 -0.5396121162975438 
-0.6070741962085652 1.1188012935691205 -0.5375188172487058 
-0.6073965462357841 1.1200259943159734 -0.5353209982085612 
-0.6073965462357841 1.1200259943159734 -0.5353209982085612 
-0.6073965462357841 1.1200259943159734 -0.5353209982085612 
-0.6073965462357841 1.1200259943159734 -0.5353209982085612 
-0.6073965462357841 1.1200259943159734 -0.5353209982085612 
-0.6078098780446468 1.121595419639815 -0.5324917211095124 
-0.6078098780446468 1.121595419639815 -0.5324917211095124 
-0.6078098780446468 1.121595419639815 -0.5324917211095124 
-0.6078098780446468 1.121595419639815 -0.5324917211095124 
-0.6083661276812865 1.1237054154346857 -0.5286594466435239 
-0.6083661276812865 1.1237054154346857 -0.5286594466435239 
-0.6083661276812865 1.1237054154346857 -0.5286594466435239 
-0.6085202281795871 1.1242884186209743 -0.5275795721372989 
-0.6088451103520816 1.125522728492306 -0.5253643558827155 
-0.6088451103520816 1.125522728492306 -0.5253643558827155 
-0.6088451103520816 1.125522728492306 -0.5253643558827155 
-0.6088451103520816 1.125522728492306 -0.5253643558827155 
-0.6088451103520816 1.125522728492306 -0.5253643558827155 
-0.6092655966223228 1.1271193039605854 -0.522485923745053 
-0.6092655966223228 1.1271193039605854 -0.522485923745053 
-0.6092655966223228 1.1271193039605854 -0.522485923745053 
-0.6095221302658739 1.1280922777686826 -0.5207170805202164 
-0.6099947708322546 1.1298851666728587 -0.5174613440118008 
-0.6102637910131756 1.1309067728574662 -0.5156214680424476 
-0.6102637910131756 1.1309067728574662 -0.5156214680424476 
-0.6102637910131756 1.1309067728574662 -0.5156214680424476 
-0.6102637910131756 1.1309067728574662 -0.5156214680424476 
-0.6102637910131756 1.1309067728574662 -0.5156214680424476 
-0.6104912275055044 1.1317687890886194 -0.5140461742986855 
-0.6104912275055043 1.1317687890886194 -0.5140461742986855 
-0.6104912275055043 1.1317687890886194 -0.5140461742986855 
-0.6106690956900407 1.1324453795923017 -0.5128431222512178 
-0.6106690956900407 1.1324453795923017 -0.5128431222512178 
-0.6106690956900407 1.1324453795923017 -0.5128431222512178 
-0.610911481084404 1.1333639492724483 -0.5111630462842416 
-0.610911481084404 1.1333639492724483 -0.5111630462842416 
-0.610911481084404 1.1333639492724483 -0.5111630462842416 
-0.610911481084404 1.1333639492724483 -0.5111630462842416 
-0.610911481084404 1.1333639492724483 -0.5111630462842416 
-0.6113803770721499 1.135143698401187 -0.5079456954233998 
-0.6113803770721499 1.135143698401187 -0.5079456954233998 
-0.6113803770721499 1.135143698401187 -0.5079456954233998 
-0.6117037834259518 1.1363722264369138 -0.5057384745336169 
-0.6117037834259518 1.1363722264369138 -0.5057384745336169 
-0.6117037834259518 1.1363722264369138 -0.5057384745336169 
-0.6117037834259518 1.1363722264369138 -0.5057384745336169 
-0.6120491509371965 1.1376812415452167 -0.5033466359934697 
-0.6120491509371965 1.1376812415452167 -0.5033466359934697 
-0.6120491509371965 1.1376812415452167 -0.5033466359934697 
-0.6125162081944293 1.1394549039482091 -0.5001524553129348 
-0.6125162081944293 1.1394549039482091 -0.5001524553129348 
-0.6125162081944293 1.1394549039482091 -0.5001524553129348 
-0.6125162081944293 1.1394549039482091 -0.5001524553129348 
-0.6128835066171847 1.1408475004744758 -0.49761415894205174 
-0.6128835066171847 1.1408475004744758 -0.49761415894205174 
-0.6128835066171847 1.1408475004744758 -0.49761415894205174 
-0.6131740178056442 1.1419506619192072 -0.49562662806906355 
-0.6134960719239636 1.1431724538550214 -0.49340972176526354 
-0.6137380897654982 1.1440908765015954 -0.4917469276405204 
-0.6137380897654982 1.1440908765015954 -0.4917469276405204 
-0.6137380897654982 1.1440908765015954 -0.4917469276405204 
-0.6140867063192319 1.1454138258176028 -0.4893517424192104 
-0.6140867063192319 1.1454138258176028 -0.4893517424192104 
-0.6140867063192319 1.1454138258176028 -0.4893517424192104 
-0.6140867063192319 1.1454138258176028 -0.4893517424192104 
-0.6140867063192319 1.1454138258176028 -0.4893517424192104 
-0.6145063058108895 1.1470061450994613 -0.4864688658302385 
-0.6145063058108895 1.1470061450994613 -0.4864688658302385 
-0.6150059558539817 1.148902601412782 -0.48304021789221574 
-0.6150059558539817 1.148902601412782 -0.48304021789221574 
-0.6150059558539817 1.148902601412782 -0.48304021789221574 
-0.6150059558539817 1.148902601412782 -0.48304021789221574 
-0.6154163156135968 1.150460391454305 -0.480227140934707 
-0.6156414923870989 1.1513149046875253 -0.47868005410162984 
-0.6156414923870989 1.1513149046875253 -0.47868005410162984 
-0.6156414923870989 1.1513149046875253 -0.47868005410162984 
-0.615641492387099 1.1513149046875255 -0.47868005410163017 
-0.615641492387099 1.1513149046875255 -0.47868005410163017 
-0.6160111438659586 1.152717144292806 -0.4761340298608723 
-0.6160111438659587 1.1527171442928061 -0.4761340298608726 
-0.6160111438659587 1.1527171442928061 -0.4761340298608726 
-0.6164981444609503 1.1545652409971618 -0.472788071054844 
-0.6164981444609503 1.1545652409971618 -0.472788071054844 
-0.6170879082560754 1.1568025955863335 -0.46872763430039455 
-0.6170879082560754 1.1568025955863335 -0.46872763430039455 
-0.617402196057198 1.1579956290455156 -0.466572525721876 
-0.6175258384090518 1.1584648338582606 -0.4657230355564881 
-0.6175258384090518 1.1584648338582606 -0.4657230355564881 
-0.61797747897772 1.1601791011714586 -0.462624238804221 
-0.61797747897772 1.1601791011714586 -0.462624238804221 
-0.61797747897772 1.1601791011714586 -0.462624238804221 
-0.61797747897772 1.1601791011714586 -0.462624238804221 
-0.6184946471584815 1.1621425704834838 -0.45908154938799406 
-0.6184946471584815 1.1621425704834838 -0.45908154938799406 
-0.6188882870294272 1.163635485775444 -0.45636649240195326 
-0.6188882870294272 1.163635485775444 -0.45636649240195326 
-0.6188882870294272 1.163635485775444 -0.45636649240195326 
-0.619241306982516 1.1649747885680695 -0.4539368339812184 
-0.619241306982516 1.1649747885680695 -0.4539368339812184 
-0.619241306982516 1.1649747885680695 -0.4539368339812184 
-0.6196988149908984 1.1667109651789473 -0.4507935052764509 
-0.6196988149908984 1.1667109651789473 -0.4507935052764509 
-0.620088719324325 1.16819059563737 -0.44811465056589506 
-0.6202982980829297 1.1689859166637993 -0.44667473057376017 
-0.6202982980829297 1.1689859166637993 -0.44667473057376017 
-0.6202982980829297 1.1689859166637993 -0.44667473057376017 
-0.6202982980829297 1.1689859166637993 -0.44667473057376017 
-0.6208076531482779 1.1709192021305779 -0.44317940385748944 
-0.6208076531482779 1.1709192021305779 -0.44317940385748944 
-0.6211678672236366 1.1722866965651444 -0.4407108550084624 
-0.6212626382191859 1.172645804559248 -0.44005340910456203 
-0.6216830429304827 1.1742404659609889 -0.4371565613143651 
-0.6216830429304827 1.1742404659609889 -0.4371565613143651 
-0.6216830429304827 1.1742404659609889 -0.4371565613143651 
-0.6216830429304827 1.1742404659609889 -0.4371565613143651 
-0.6220525059456848 1.1756425245781617 -0.43461814957127753 
-0.6224712910099022 1.1772324667978675 -0.43174930744612805 
-0.6224712910099022 1.1772324667978675 -0.43174930744612805 
-0.6224712910099023 1.1772324667978677 -0.4317493074461284 
-0.6224712910099023 1.1772324667978677 -0.4317493074461284 
-0.6228264266867454 1.1785801552416246 -0.429309332305464 
-0.6228264266867454 1.1785801552416246 -0.429309332305464 
-0.6228264266867454 1.1785801552416246 -0.429309332305464 
-0.6228264266867454 1.1785801552416246 -0.429309332305464 
-0.6234644301513196 1.1810005723876904 -0.42491746280031006 
-0.6234644301513196 1.1810005723876904 -0.42491746280031006 
-0.6234644301513196 1.1810005723876904 -0.42491746280031006 
-0.6234644301513196 1.1810005723876904 -0.42491746280031006 
-0.624024824816833 1.1831287935189567 -0.4210862228418697 
-0.624024824816833 1.1831287935189567 -0.4210862228418697 
-0.624024824816833 1.1831287935189567 -0.4210862228418697 
-0.624024824816833 1.1831287935189567 -0.4210862228418697 
-0.6244091760870438 1.1845861031308063 -0.4184307641395677 
-0.6244091760870438 1.1845861031308063 -0.4184307641395677 
-0.624669119446653 1.1855729073075323 -0.41664903141420084 
-0.624669119446653 1.1855729073075323 -0.41664903141420084 
-0.624669119446653 1.1855729073075323 -0.41664903141420084 
-0.624669119446653 1.1855729073075323 -0.41664903141420084 
-0.6250145358265902 1.1868829988556093 -0.4142673942217785 
-0.6250145358265902 1.1868829988556093 -0.4142673942217785 
-0.6250145358265902 1.1868829988556093 -0.4142673942217785 
-0.6254436101454788 1.1885112737341552 -0.4113194204195072 
-0.6254436101454788 1.1885112737341552 -0.4113194204195072 
-0.6260249814929393 1.1907174937722786 -0.4073250832470008 
-0.6260249814929393 1.1907174937722786 -0.4073250832470008 
-0.6260249814929393 1.1907174937722786 -0.4073250832470008 
-0.6260249814929393 1.1907174937722786 -0.4073250832470008 
-0.6260249814929393 1.1907174937722786 -0.4073250832470008 
-0.6263477199849055 1.1919429531649253 -0.40511613328115725 
-0.6263477199849055 1.1919429531649253 -0.40511613328115725 
-0.6264970541720307 1.1925092979844543 -0.4040859067898641 
-0.6264970541720307 1.1925092979844543 -0.4040859067898641 
-0.6264970541720307 1.1925092979844543 -0.4040859067898641 
-0.6269457623523428 1.1942129715128367 -0.40101357478945876 
-0.6269457623523428 1.1942129715128367 -0.40101357478945876 
-0.6270649360910233 1.1946643275958073 -0.40018424932336716 
-0.6270649360910233 1.1946643275958073 -0.40018424932336716 
-0.6270649360910233 1.1946643275958073 -0.40018424932336716 
-0.6270649360910233 1.1946643275958073 -0.40018424932336716 
-0.6275588885757714 1.1965388057146422 -0.3967905272558794 
-0.6275588885757714 1.1965388057146422 -0.3967905272558794 
-0.6279793096321942 1.1981338859297652 -0.3938977866180877 
-0.6279793096321942 1.1981338859297652 -0.3938977866180877 
-0.6285165609528375 1.2001749949921086 -0.39023399292351946 
-0.6285165609528375 1.2001749949921086 -0.39023399292351946 
-0.6291307133831294 1.2025040099282964 -0.38599545588636475 
-0.6291307133831294 1.2025040099282964 -0.38599545588636475 
-0.6291307133831294 1.2025040099282964 -0.38599545588636475 
-0.6291307133831294 1.2025040099282964 -0.38599545588636475 
-0.6296313453311853 1.2044027633350645 -0.38254316086117157 
-0.6296313453311853 1.2044027633350645 -0.38254316086117157 
-0.6296313453311853 1.2044027633350645 -0.38254316086117157 
-0.6300954515253049 1.2061650514125506 -0.37936718044785334 
-0.6300954515253049 1.2061650514125506 -0.37936718044785334 
-0.6304896034846806 1.2076616919862477 -0.3766696793403528 
-0.6304896034846806 1.2076616919862477 -0.3766696793403528 
-0.6304896034846806 1.2076616919862477 -0.3766696793403528 
-0.6304896034846806 1.2076616919862477 -0.3766696793403528 
-0.630951328665922 1.2094138721571672 -0.3734973763657201 
-0.630951328665922 1.2094138721571672 -0.3734973763657201 
-0.630951328665922 1.2094138721571672 -0.3734973763657201 
-0.6314117108194818 1.2111593511704446 -0.37031532471447304 
-0.6314117108194818 1.2111593511704446 -0.37031532471447304 
-0.631651433848091 1.2120694221204216 -0.3686725166542232 
-0.631651433848091 1.2120694221204216 -0.3686725166542232 
-0.631651433848091 1.2120694221204216 -0.3686725166542232 
-0.6321403475952148 1.2139251357459504 -0.36531763290541985 
-0.6322497043400771 1.2143406629539435 -0.3645726102751764 
-0.6322497043400771 1.2143406629539435 -0.3645726102751764 
-0.6322497043400771 1.2143406629539435 -0.3645726102751764 
-0.6328287320059195 1.2165374548556946 -0.36058805781943926 
-0.6328287320059195 1.2165374548556946 -0.36058805781943926 
-0.6332555092747211 1.2181575469661128 -0.3576621836497701 
-0.6332555092747211 1.2181575469661128 -0.3576621836497701 
-0.6332555092747211 1.2181575469661128 -0.3576621836497701 
-0.6332555092747211 1.2181575469661128 -0.3576621836497701 
-0.6337791428097359 1.220144126166533 -0.3540582189833513 
-0.6337791428097359 1.220144126166533 -0.3540582189833513 
-0.6337791428097359 1.220144126166533 -0.3540582189833513 
