-0.5500942368810643 1.1112890638591664 -0.5511391149395244 
-0.5500942368810643 1.1112890638591664 -0.5511391149395244 
-0.5500942368810643 1.1112890638591664 -0.5511391149395244 
-0.5500942368810643 1.1112890638591664 -0.5511391149395244 
-0.5500956937840986 1.1112942358091182 -0.5511248857714459 
-0.5500956937840986 1.1112942358091182 -0.5511248857714459 
-0.5500956937840986 1.1112942358091182 -0.5511248857714459 
-0.5500944067624344 1.1112889949623614 -0.551129508857559 
-0.5500944067624344 1.1112889949623614 -0.551129508857559 
-0.5500944067624344 1.1112889949623614 -0.551129508857559 
-0.5500944067624344 1.1112889949623614 -0.551129508857559 
-0.5500944067624344 1.1112889949623614 -0.551129508857559 
-0.5502365748765334 1.111828143623282 -0.5501484941260957 
-0.5502365748765334 1.111828143623282 -0.5501484941260957 
-0.5505032863032497 1.1128409903698109 -0.548324503610212 
-0.5507839060762718 1.113906792744137 -0.5464070303355407 
-0.5507839060762718 1.113906792744137 -0.5464070303355407 
-0.5511238857126657 1.1151969662101031 -0.544071185431116 
-0.5511238857126657 1.1151969662101031 -0.544071185431116 
-0.5511238857126657 1.1151969662101031 -0.544071185431116 
-0.5511238857126657 1.1151969662101031 -0.544071185431116 
-0.5514678615346945 1.1165023046216105 -0.5417078845591776 
-0.5514678615346945 1.1165023046216105 -0.5417078845591776 
-0.5514678615346945 1.1165023046216105 -0.5417078845591776 
-0.5517735124184773 1.1176625622307512 -0.5396121162975442 
-0.5517735124184773 1.1176625622307512 -0.5396121162975442 
-0.5517735124184773 1.1176625622307512 -0.5396121162975442 
-0.5517735124184773 1.1176625622307512 -0.5396121162975442 
-0.5517735124184773 1.1176625622307512 -0.5396121162975442 
-0.5520741962085649 1.1188012935691203 -0.537518817248706 
-0.5523965462357839 1.1200259943159734 -0.5353209982085609 
-0.5523965462357839 1.1200259943159734 -0.5353209982085609 
-0.5523965462357839 1.1200259943159734 -0.5353209982085609 
-0.5523965462357839 1.1200259943159734 -0.5353209982085609 
-0.5523965462357839 1.1200259943159734 -0.5353209982085609 
-0.5528098780446467 1.1215954196398152 -0.532491721109513 
-0.5528098780446467 1.1215954196398152 -0.532491721109513 
-0.5528098780446467 1.1215954196398152 -0.532491721109513 
-0.5528098780446467 1.1215954196398152 -0.532491721109513 
-0.5533661276812862 1.1237054154346855 -0.528659446643523 
-0.5533661276812862 1.1237054154346855 -0.528659446643523 
-0.5533661276812862 1.1237054154346855 -0.528659446643523 
-0.5535202281795868 1.124288418620974 -0.5275795721372987 
-0.5538451103520814 1.1255227284923062 -0.5253643558827155 
-0.5538451103520814 1.1255227284923062 -0.5253643558827155 
-0.5538451103520814 1.1255227284923062 -0.5253643558827155 
-0.5538451103520814 1.1255227284923062 -0.5253643558827155 
-0.5538451103520814 1.1255227284923062 -0.5253643558827155 
-0.5542655966223227 1.1271193039605856 -0.522485923745053 
-0.5542655966223227 1.1271193039605856 -0.522485923745053 
-0.5542655966223227 1.1271193039605856 -0.522485923745053 
-0.5545221302658736 1.1280922777686822 -0.5207170805202164 
-0.5549947708322545 1.1298851666728589 -0.517461344011801 
-0.5552637910131755 1.130906772857466 -0.5156214680424476 
-0.5552637910131755 1.130906772857466 -0.5156214680424476 
-0.5552637910131755 1.130906772857466 -0.5156214680424476 
-0.5552637910131755 1.130906772857466 -0.5156214680424476 
-0.5552637910131755 1.130906772857466 -0.5156214680424476 
-0.5554912275055043 1.1317687890886194 -0.5140461742986855 
-0.5554912275055042 1.1317687890886194 -0.5140461742986855 
-0.5554912275055042 1.1317687890886194 -0.5140461742986855 
-0.5556690956900407 1.132445379592302 -0.5128431222512175 
-0.5556690956900407 1.132445379592302 -0.5128431222512175 
-0.5556690956900407 1.132445379592302 -0.5128431222512175 
-0.5559114810844039 1.1333639492724485 -0.5111630462842416 
-0.5559114810844039 1.1333639492724485 -0.5111630462842416 
-0.5559114810844039 1.1333639492724485 -0.5111630462842416 
-0.5559114810844039 1.1333639492724485 -0.5111630462842416 
-0.5559114810844039 1.1333639492724485 -0.5111630462842416 
-0.5563803770721496 1.135143698401187 -0.5079456954234001 
-0.5563803770721496 1.135143698401187 -0.5079456954234001 
-0.5563803770721496 1.135143698401187 -0.5079456954234001 
-0.5567037834259515 1.136372226436914 -0.5057384745336166 
-0.5567037834259515 1.136372226436914 -0.5057384745336166 
-0.5567037834259515 1.136372226436914 -0.5057384745336166 
-0.5567037834259515 1.136372226436914 -0.5057384745336166 
-0.5570491509371962 1.1376812415452164 -0.5033466359934702 
-0.5570491509371962 1.1376812415452164 -0.5033466359934702 
-0.5570491509371962 1.1376812415452164 -0.5033466359934702 
-0.5575162081944293 1.1394549039482091 -0.5001524553129344 
-0.5575162081944293 1.1394549039482091 -0.5001524553129344 
-0.5575162081944293 1.1394549039482091 -0.5001524553129344 
-0.5575162081944293 1.1394549039482091 -0.5001524553129344 
-0.5578835066171846 1.140847500474476 -0.4976141589420522 
-0.5578835066171846 1.140847500474476 -0.4976141589420522 
-0.5578835066171846 1.140847500474476 -0.4976141589420522 
-0.558174017805644 1.141950661919207 -0.4956266280690633 
-0.5584960719239633 1.1431724538550214 -0.4934097217652633 
-0.5587380897654979 1.1440908765015954 -0.49174692764052064 
-0.5587380897654979 1.1440908765015954 -0.49174692764052064 
-0.5587380897654979 1.1440908765015954 -0.49174692764052064 
-0.5590867063192316 1.1454138258176028 -0.48935174241921064 
-0.5590867063192316 1.1454138258176028 -0.48935174241921064 
-0.5590867063192316 1.1454138258176028 -0.48935174241921064 
-0.5590867063192316 1.1454138258176028 -0.48935174241921064 
-0.5590867063192316 1.1454138258176028 -0.48935174241921064 
-0.5595063058108892 1.1470061450994615 -0.4864688658302383 
-0.5595063058108892 1.1470061450994615 -0.4864688658302383 
-0.5600059558539815 1.1489026014127819 -0.48304021789221574 
-0.5600059558539815 1.1489026014127819 -0.48304021789221574 
-0.5600059558539815 1.1489026014127819 -0.48304021789221574 
-0.5600059558539815 1.1489026014127819 -0.48304021789221574 
-0.5604163156135966 1.150460391454305 -0.4802271409347072 
-0.5606414923870987 1.1513149046875253 -0.4786800541016303 
-0.5606414923870987 1.1513149046875253 -0.4786800541016303 
-0.5606414923870987 1.1513149046875253 -0.4786800541016303 
-0.5606414923870988 1.1513149046875255 -0.4786800541016306 
-0.5606414923870988 1.1513149046875255 -0.4786800541016306 
-0.5610111438659584 1.1527171442928057 -0.47613402986087183 
-0.5610111438659584 1.152717144292806 -0.47613402986087217 
-0.5610111438659584 1.152717144292806 -0.47613402986087217 
-0.56149814446095 1.1545652409971616 -0.47278807105484333 
-0.56149814446095 1.1545652409971616 -0.47278807105484333 
-0.5620879082560752 1.1568025955863337 -0.468727634300395 
-0.5620879082560752 1.1568025955863337 -0.468727634300395 
-0.5624021960571979 1.1579956290455158 -0.4665725257218758 
-0.5625258384090517 1.158464833858261 -0.4657230355564883 
-0.5625258384090517 1.158464833858261 -0.4657230355564883 
-0.5629774789777199 1.1601791011714584 -0.46262423880422143 
-0.5629774789777199 1.1601791011714584 -0.46262423880422143 
-0.5629774789777199 1.1601791011714584 -0.46262423880422143 
-0.5629774789777199 1.1601791011714584 -0.46262423880422143 
-0.5634946471584813 1.162142570483484 -0.4590815493879943 
-0.5634946471584813 1.162142570483484 -0.4590815493879943 
-0.5638882870294271 1.1636354857754438 -0.45636649240195326 
-0.5638882870294271 1.1636354857754438 -0.45636649240195326 
-0.5638882870294271 1.1636354857754438 -0.45636649240195326 
-0.5642413069825157 1.1649747885680692 -0.4539368339812184 
-0.5642413069825157 1.1649747885680692 -0.4539368339812184 
-0.5642413069825157 1.1649747885680692 -0.4539368339812184 
-0.5646988149908982 1.1667109651789473 -0.4507935052764511 
-0.5646988149908982 1.1667109651789473 -0.4507935052764511 
-0.5650887193243247 1.1681905956373697 -0.44811465056589506 
-0.5652982980829293 1.1689859166637993 -0.44667473057376017 
-0.5652982980829293 1.1689859166637993 -0.44667473057376017 
-0.5652982980829293 1.1689859166637993 -0.44667473057376017 
-0.5652982980829293 1.1689859166637993 -0.44667473057376017 
-0.5658076531482777 1.1709192021305777 -0.4431794038574888 
-0.5658076531482777 1.1709192021305777 -0.4431794038574888 
-0.5661678672236364 1.1722866965651442 -0.4407108550084622 
-0.5662626382191858 1.1726458045592478 -0.4400534091045625 
-0.5666830429304826 1.1742404659609886 -0.4371565613143653 
-0.5666830429304826 1.1742404659609886 -0.4371565613143653 
-0.5666830429304826 1.1742404659609886 -0.4371565613143653 
-0.5666830429304826 1.1742404659609886 -0.4371565613143653 
-0.5670525059456847 1.1756425245781619 -0.43461814957127753 
-0.567471291009902 1.1772324667978673 -0.43174930744612805 
-0.567471291009902 1.1772324667978673 -0.43174930744612805 
-0.5674712910099021 1.1772324667978675 -0.4317493074461284 
-0.5674712910099021 1.1772324667978675 -0.4317493074461284 
-0.5678264266867452 1.1785801552416242 -0.4293093323054642 
-0.5678264266867452 1.1785801552416242 -0.4293093323054642 
-0.5678264266867452 1.1785801552416242 -0.4293093323054642 
-0.5678264266867452 1.1785801552416242 -0.4293093323054642 
-0.5684644301513194 1.1810005723876904 -0.42491746280031006 
-0.5684644301513194 1.1810005723876904 -0.42491746280031006 
-0.5684644301513194 1.1810005723876904 -0.42491746280031006 
-0.5684644301513194 1.1810005723876904 -0.42491746280031006 
-0.5690248248168328 1.183128793518957 -0.42108622284187014 
-0.5690248248168328 1.183128793518957 -0.42108622284187014 
-0.5690248248168328 1.183128793518957 -0.42108622284187014 
-0.5690248248168328 1.183128793518957 -0.42108622284187014 
-0.5694091760870436 1.1845861031308065 -0.41843076413956815 
-0.5694091760870436 1.1845861031308065 -0.41843076413956815 
-0.5696691194466528 1.1855729073075318 -0.4166490314142006 
-0.5696691194466528 1.1855729073075318 -0.4166490314142006 
-0.5696691194466528 1.1855729073075318 -0.4166490314142006 
-0.5696691194466528 1.1855729073075318 -0.4166490314142006 
-0.57001453582659 1.1868829988556093 -0.4142673942217787 
-0.57001453582659 1.1868829988556093 -0.4142673942217787 
-0.57001453582659 1.1868829988556093 -0.4142673942217787 
-0.5704436101454786 1.188511273734155 -0.4113194204195074 
-0.5704436101454786 1.188511273734155 -0.4113194204195074 
-0.5710249814929391 1.1907174937722786 -0.4073250832470008 
-0.5710249814929391 1.1907174937722786 -0.4073250832470008 
-0.5710249814929391 1.1907174937722786 -0.4073250832470008 
-0.5710249814929391 1.1907174937722786 -0.4073250832470008 
-0.5710249814929391 1.1907174937722786 -0.4073250832470008 
-0.5713477199849053 1.191942953164925 -0.40511613328115725 
-0.5713477199849053 1.191942953164925 -0.40511613328115725 
-0.5714970541720304 1.1925092979844545 -0.4040859067898641 
-0.5714970541720304 1.1925092979844545 -0.4040859067898641 
-0.5714970541720304 1.1925092979844545 -0.4040859067898641 
-0.5719457623523427 1.194212971512837 -0.40101357478945876 
-0.5719457623523427 1.194212971512837 -0.40101357478945876 
-0.572064936091023 1.1946643275958073 -0.40018424932336694 
-0.572064936091023 1.1946643275958073 -0.40018424932336694 
-0.572064936091023 1.1946643275958073 -0.40018424932336694 
-0.572064936091023 1.1946643275958073 -0.40018424932336694 
-0.5725588885757712 1.1965388057146424 -0.3967905272558796 
-0.5725588885757712 1.1965388057146424 -0.3967905272558796 
-0.572979309632194 1.1981338859297652 -0.39389778661808794 
-0.572979309632194 1.1981338859297652 -0.39389778661808794 
-0.5735165609528373 1.2001749949921083 -0.3902339929235199 
-0.5735165609528373 1.2001749949921083 -0.3902339929235199 
-0.5741307133831293 1.2025040099282962 -0.3859954558863645 
-0.5741307133831293 1.2025040099282962 -0.3859954558863645 
-0.5741307133831293 1.2025040099282962 -0.3859954558863645 
-0.5741307133831293 1.2025040099282962 -0.3859954558863645 
-0.5746313453311852 1.2044027633350647 -0.3825431608611718 
-0.5746313453311852 1.2044027633350647 -0.3825431608611718 
-0.5746313453311852 1.2044027633350647 -0.3825431608611718 
-0.5750954515253047 1.2061650514125506 -0.3793671804478531 
-0.5750954515253047 1.2061650514125506 -0.3793671804478531 
-0.5754896034846805 1.2076616919862477 -0.3766696793403528 
-0.5754896034846805 1.2076616919862477 -0.3766696793403528 
-0.5754896034846805 1.2076616919862477 -0.3766696793403528 
-0.5754896034846805 1.2076616919862477 -0.3766696793403528 
-0.5759513286659218 1.2094138721571672 -0.3734973763657199 
-0.5759513286659218 1.2094138721571672 -0.3734973763657199 
-0.5759513286659218 1.2094138721571672 -0.3734973763657199 
-0.5764117108194816 1.2111593511704446 -0.3703153247144735 
-0.5764117108194816 1.2111593511704446 -0.3703153247144735 
-0.5766514338480907 1.2120694221204216 -0.3686725166542232 
-0.5766514338480907 1.2120694221204216 -0.3686725166542232 
-0.5766514338480907 1.2120694221204216 -0.3686725166542232 
-0.5771403475952146 1.2139251357459502 -0.36531763290541985 
-0.5772497043400769 1.2143406629539435 -0.3645726102751764 
-0.5772497043400769 1.2143406629539435 -0.3645726102751764 
-0.5772497043400769 1.2143406629539435 -0.3645726102751764 
-0.5778287320059193 1.2165374548556944 -0.3605880578194388 
-0.5778287320059193 1.2165374548556944 -0.3605880578194388 
-0.5782555092747209 1.2181575469661128 -0.35766218364976987 
-0.5782555092747209 1.2181575469661128 -0.35766218364976987 
-0.5782555092747209 1.2181575469661128 -0.35766218364976987 
-0.5782555092747209 1.2181575469661128 -0.35766218364976987 
-0.5787791428097357 1.2201441261665327 -0.3540582189833511 
-0.5787791428097357 1.2201441261665327 -0.3540582189833511 
-0.5787791428097357 1.2201441261665327 -0.3540582189833511 
