-0.6466249061473297 1.2447203823684498 -0.5025850539866514 
-0.6466259763520232 1.244724771931193 -0.5025819426614841 
-0.6466229068777891 1.2447112399618385 -0.5025796508051998 
-0.6466229068777889 1.244711239961839 -0.5025796508052001 
-0.6466229068777889 1.244711239961839 -0.5025796508052001 
-0.6466297231378089 1.2447415643319384 -0.5025880073579405 
-0.6466297231378089 1.2447415643319384 -0.5025880073579405 
-0.6466269534916114 1.2447307607274305 -0.5026026826558054 
-0.6466269534916114 1.2447307607274305 -0.5026026826558054 
-0.6466269534916114 1.2447307607274305 -0.5026026826558054 
-0.6466269534916114 1.2447307607274305 -0.5026026826558054 
-0.6466269534916114 1.2447307607274305 -0.5026026826558054 
-0.6466269534916114 1.2447307607274305 -0.5026026826558054 
-0.6466245233867458 1.244719648165399 -0.5025961151083749 
-0.6466245233867458 1.244719648165399 -0.5025961151083749 
-0.6466245233867458 1.244719648165399 -0.5025961151083749 
-0.6466245233867458 1.244719648165399 -0.5025961151083749 
-0.6466253850281095 1.2447232471658043 -0.5025943824776029 
-0.6466268573860581 1.2447288007883437 -0.5025843237244967 
-0.6466268573860581 1.2447288007883437 -0.5025843237244967 
-0.6466268573860579 1.2447288007883437 -0.5025843237244967 
-0.6466268573860579 1.2447288007883437 -0.5025843237244967 
-0.6466268573860579 1.2447288007883437 -0.5025843237244967 
-0.6466240780288822 1.244717611600246 -0.5025949114941048 
-0.6466240780288822 1.244717611600246 -0.5025949114941048 
-0.6466240780288822 1.244717611600246 -0.5025949114941048 
-0.6466224280116522 1.244708545819701 -0.5025723529956139 
-0.6466224280116522 1.2447085458197011 -0.5025723529956139 
-0.646626227698382 1.244726425654176 -0.5025886255811711 
-0.646626227698382 1.244726425654176 -0.5025886255811711 
-0.646626227698382 1.244726425654176 -0.5025886255811711 
-0.646626227698382 1.244726425654176 -0.5025886255811711 
-0.6466268573860581 1.2447288007883437 -0.5025843237244967 
-0.6466268573860581 1.2447288007883437 -0.5025843237244967 
-0.6466268573860581 1.2447288007883437 -0.5025843237244967 
-0.6466268573860581 1.2447288007883437 -0.5025843237244967 
-0.646626247091053 1.2447268555109214 -0.5025927392749563 
-0.646626247091053 1.2447268555109214 -0.5025927392749563 
-0.6466240974215532 1.2447180414569916 -0.50259902518789 
-0.6466240974215532 1.2447180414569916 -0.50259902518789 
-0.6466266730562457 1.2447284622193289 -0.5025898291954412 
-0.646626227698382 1.244726425654176 -0.5025886255811711 
-0.646626227698382 1.244726425654176 -0.5025886255811711 
-0.6466242381105342 1.2447173275207202 -0.5025832485652464 
-0.6466268476750796 1.2447284152047537 -0.5025802361962393 
-0.6466233954402618 1.2447141490323486 -0.5025890054616784 
-0.6466233954402618 1.2447141490323486 -0.5025890054616784 
-0.6466233954402618 1.2447141490323486 -0.5025890054616784 
-0.6466240634770574 1.2447172038800782 -0.5025908108830834 
-0.6466240634770574 1.2447172038800782 -0.5025908108830834 
-0.6466288372629276 1.2447375133382095 -0.5025856132121636 
-0.646621798323976 1.2447061706855334 -0.5025766548522881 
-0.646621798323976 1.2447061706855334 -0.5025766548522881 
-0.646621798323976 1.2447061706855334 -0.5025766548522881 
-0.646621798323976 1.2447061706855334 -0.5025766548522881 
-0.6466248677982102 1.244719702654888 -0.5025789467085724 
-0.6466248677982102 1.244719702654888 -0.5025789467085724 
-0.6466248677982102 1.244719702654888 -0.5025789467085724 
-0.646621798323976 1.2447061706855334 -0.5025766548522881 
-0.646621798323976 1.2447061706855334 -0.5025766548522881 
-0.6466217983239758 1.2447061706855336 -0.5025766548522883 
-0.6466217983239758 1.2447061706855336 -0.5025766548522883 
-0.6466209556537037 1.2447029921971617 -0.5025824117487199 
-0.6466209556537037 1.2447029921971617 -0.5025824117487199 
-0.6466209556537037 1.2447029921971617 -0.5025824117487199 
-0.6466209556537037 1.2447029921971617 -0.5025824117487199 
-0.6466237975935167 1.2447153130921447 -0.5025820580337401 
-0.6466237975935167 1.2447153130921447 -0.5025820580337401 
-0.6466237975935167 1.2447153130921447 -0.5025820580337401 
-0.6466237975935167 1.2447153130921447 -0.5025820580337401 
-0.6466233716283242 1.2447137063837372 -0.502584968113255 
-0.6466233716283242 1.2447137063837372 -0.502584968113255 
-0.6466224809125964 1.2447096332534309 -0.502582560884715 
-0.6466224809125964 1.2447096332534309 -0.502582560884715 
-0.6466224809125964 1.2447096332534309 -0.502582560884715 
-0.6466224809125964 1.2447096332534309 -0.502582560884715 
-0.646626227698382 1.244726425654176 -0.5025886255811711 
-0.646626227698382 1.244726425654176 -0.5025886255811711 
-0.646626227698382 1.244726425654176 -0.5025886255811711 
-0.6466229694750691 1.2447125423239411 -0.5025919155411929 
-0.6466229694750691 1.2447125423239411 -0.5025919155411929 
-0.6466253850281095 1.2447232471658043 -0.5025943824776029 
-0.6466253850281095 1.2447232471658043 -0.5025943824776029 
-0.6466253850281095 1.2447232471658043 -0.5025943824776029 
-0.6466253850281093 1.2447232471658045 -0.5025943824776031 
-0.6466271135732632 1.2447304766479044 -0.5025910197269472 
-0.6466271135732632 1.2447304766479044 -0.5025910197269472 
-0.6466271135732632 1.2447304766479044 -0.5025910197269472 
-0.6466271135732632 1.2447304766479044 -0.5025910197269472 
-0.6466271135732632 1.2447304766479044 -0.5025910197269472 
-0.6466249206991546 1.2447207900886175 -0.5025891545976731 
-0.6466212122771314 1.2447048480566516 -0.5025912278606612 
-0.6466212122771314 1.2447048480566516 -0.5025912278606612 
-0.6466212122771314 1.2447048480566516 -0.5025912278606612 
-0.6466268476750796 1.2447284152047537 -0.5025802361962393 
-0.6466268476750796 1.2447284152047537 -0.5025802361962393 
-0.6466297231378089 1.2447415643319384 -0.5025880073579405 
-0.6466297231378089 1.2447415643319384 -0.5025880073579405 
-0.6466297231378089 1.2447415643319384 -0.5025880073579405 
-0.6466297231378089 1.2447415643319384 -0.5025880073579405 
-0.6466282847243563 1.2447368482863121 -0.5026062804158526 
-0.6466240780288822 1.244717611600246 -0.5025949114941048 
-0.6466240780288822 1.244717611600246 -0.5025949114941048 
-0.6466258303859733 1.2447252837309575 -0.5025955860918727 
-0.6466258303859733 1.2447252837309575 -0.5025955860918727 
-0.6466258303859733 1.2447252837309575 -0.5025955860918727 
-0.6466258303859733 1.2447252837309575 -0.5025955860918727 
-0.6466248677982102 1.244719702654888 -0.5025789467085724 
-0.6466248677982102 1.244719702654888 -0.5025789467085724 
-0.6466233522356529 1.2447132765269917 -0.5025808544194699 
-0.6466233522356529 1.2447132765269917 -0.5025808544194699 
-0.6466233522356529 1.2447132765269917 -0.5025808544194699 
-0.6466237975935167 1.2447153130921447 -0.5025820580337401 
-0.6466237975935167 1.2447153130921447 -0.5025820580337401 
-0.6466237975935167 1.2447153130921447 -0.5025820580337401 
-0.6466237975935167 1.2447153130921447 -0.5025820580337401 
-0.6466237975935167 1.2447153130921447 -0.5025820580337401 
-0.6466237975935167 1.2447153130921447 -0.5025820580337401 
-0.6466258303859733 1.2447252837309575 -0.5025955860918727 
-0.6466220642075168 1.244708061473467 -0.5025854077016314 
-0.6466220642075168 1.244708061473467 -0.5025854077016314 
-0.6466222436818398 1.2447082072506863 -0.5025778584665583 
-0.6466222436818398 1.2447082072506863 -0.5025778584665583 
-0.6466222436818398 1.2447082072506863 -0.5025778584665583 
-0.6466222436818398 1.2447082072506863 -0.5025778584665583 
-0.6466264217098869 1.2447268084963459 -0.5025831462757544 
-0.6466264217098869 1.2447268084963459 -0.5025831462757544 
-0.6466225095653805 1.2447100980386199 -0.5025866113159019 
-0.6466225095653805 1.2447100980386199 -0.5025866113159019 
-0.6466225095653805 1.2447100980386199 -0.5025866113159019 
-0.6466249061473297 1.2447203823684498 -0.5025850539866514 
-0.6466242381105342 1.2447173275207202 -0.5025832485652464 
-0.6466242381105342 1.2447173275207202 -0.5025832485652464 
-0.6466245233867458 1.244719648165399 -0.5025961151083749 
-0.6466245233867458 1.244719648165399 -0.5025961151083749 
-0.6466245233867458 1.244719648165399 -0.5025961151083749 
-0.646621798323976 1.2447061706855334 -0.5025766548522881 
-0.646621798323976 1.2447061706855334 -0.5025766548522881 
-0.6466237975935167 1.2447153130921447 -0.5025820580337401 
-0.6466237975935167 1.2447153130921447 -0.5025820580337401 
-0.6466237975935167 1.2447153130921447 -0.5025820580337401 
-0.6466237975935167 1.2447153130921447 -0.5025820580337401 
-0.6466244272811928 1.2447176882263125 -0.5025777561770663 
-0.6466244272811928 1.2447176882263125 -0.5025777561770663 
-0.6466244272811927 1.2447176882263125 -0.5025777561770663 
-0.6466253850281095 1.2447232471658043 -0.5025943824776029 
-0.6466253850281095 1.2447232471658043 -0.5025943824776029 
-0.6466253850281095 1.2447232471658043 -0.5025943824776029 
-0.6466216382423242 1.2447064547650593 -0.5025883177811461 
-0.6466252937634028 1.2447213093632956 -0.502576036629057 
-0.6466252937634028 1.2447213093632956 -0.502576036629057 
-0.6466220642075168 1.244708061473467 -0.5025854077016314 
-0.6466220642075168 1.244708061473467 -0.5025854077016314 
-0.6466271135732632 1.2447304766479044 -0.5025910197269472 
-0.6466271135732632 1.2447304766479044 -0.5025910197269472 
-0.6466260870094013 1.2447271395904473 -0.5026044022038141 
-0.6466260870094013 1.2447271395904473 -0.5026044022038141 
-0.6466233716283242 1.2447137063837372 -0.502584968113255 
-0.6466229549232444 1.2447121346037733 -0.5025878149301723 
-0.6466229549232444 1.2447121346037733 -0.5025878149301723 
-0.6466229549232444 1.2447121346037733 -0.5025878149301723 
-0.6466264217098869 1.2447268084963459 -0.5025831462757544 
-0.6466264217098869 1.2447268084963459 -0.5025831462757544 
-0.6466264217098869 1.2447268084963459 -0.5025831462757544 
-0.6466253466643472 1.2447223967970253 -0.5025862445181577 
-0.6466253466643472 1.2447223967970253 -0.5025862445181577 
-0.6466240974215532 1.2447180414569916 -0.50259902518789 
-0.6466240974215532 1.2447180414569916 -0.50259902518789 
-0.6466233716283242 1.2447137063837372 -0.502584968113255 
-0.6466257920222109 1.2447244333621785 -0.502587448132428 
-0.6466257920222109 1.2447244333621785 -0.502587448132428 
-0.6466257920222109 1.2447244333621785 -0.502587448132428 
-0.6466257920222109 1.2447244333621785 -0.502587448132428 
-0.6466257920222109 1.2447244333621785 -0.502587448132428 
-0.6466257920222109 1.2447244333621785 -0.502587448132428 
-0.6466257920222109 1.2447244333621785 -0.502587448132428 
-0.6466257920222109 1.2447244333621785 -0.502587448132428 
-0.6466255358350057 1.2447227575026176 -0.5025807521299777 
-0.6466255358350057 1.2447227575026176 -0.5025807521299777 
-0.6466255358350057 1.2447227575026176 -0.5025807521299777 
-0.6466255358350057 1.2447227575026176 -0.5025807521299777 
-0.6466253466643472 1.2447223967970253 -0.5025862445181577 
-0.6466253466643472 1.2447223967970253 -0.5025862445181577 
-0.6466253660570183 1.2447228266537707 -0.5025903582119435 
-0.6466253660570183 1.2447228266537707 -0.5025903582119435 
-0.6466253660570183 1.2447228266537707 -0.5025903582119435 
-0.6466238121453415 1.2447157208123125 -0.5025861586447615 
-0.6466238121453415 1.2447157208123125 -0.5025861586447615 
-0.6466258303859733 1.2447252837309575 -0.5025955860918727 
-0.6466258303859733 1.2447252837309575 -0.5025955860918727 
-0.6466268573860581 1.2447288007883437 -0.5025843237244967 
-0.6466268573860581 1.2447288007883437 -0.5025843237244967 
-0.6466252937634028 1.2447213093632956 -0.502576036629057 
-0.6466252937634028 1.2447213093632956 -0.502576036629057 
-0.6466252937634028 1.2447213093632956 -0.502576036629057 
-0.6466252937634028 1.2447213093632956 -0.502576036629057 
-0.6466266730562457 1.2447284622193289 -0.5025898291954412 
-0.6466262709029909 1.2447272981595328 -0.5025967766233792 
-0.6466233716283242 1.2447137063837372 -0.502584968113255 
-0.6466233716283242 1.2447137063837372 -0.502584968113255 
-0.6466213723587835 1.2447045639771257 -0.5025795649318028 
-0.6466213723587835 1.2447045639771257 -0.5025795649318028 
-0.6466266730562457 1.2447284622193289 -0.5025898291954412 
-0.6466266730562457 1.2447284622193289 -0.5025898291954412 
-0.6466266730562457 1.2447284622193289 -0.5025898291954412 
-0.6466272833512506 1.2447304074967511 -0.502581413644982 
-0.6466272833512506 1.2447304074967511 -0.502581413644982 
-0.6466272833512506 1.2447304074967511 -0.502581413644982 
-0.6466272833512506 1.2447304074967511 -0.502581413644982 
-0.6466240634770574 1.2447172038800782 -0.5025908108830834 
-0.6466240634770574 1.2447172038800782 -0.5025908108830834 
-0.6466240634770574 1.2447172038800782 -0.5025908108830834 
-0.6466240634770574 1.2447172038800782 -0.5025908108830834 
-0.6466248532463854 1.24471929493472 -0.5025748460975512 
-0.646626227698382 1.244726425654176 -0.5025886255811711 
-0.646626227698382 1.244726425654176 -0.5025886255811711 
-0.646626227698382 1.244726425654176 -0.5025886255811711 
-0.646626227698382 1.244726425654176 -0.5025886255811711 
-0.6466249493519385 1.244721254873807 -0.5025932050288602 
-0.6466249493519385 1.244721254873807 -0.5025932050288602 
-0.6466249493519385 1.244721254873807 -0.5025932050288602 
-0.6466249493519385 1.244721254873807 -0.5025932050288602 
-0.646624480182137 1.2447187756600422 -0.502587964066167 
-0.646624480182137 1.2447187756600422 -0.502587964066167 
-0.6466245039940748 1.2447192183086535 -0.5025920014145899 
-0.6466233954402618 1.2447141490323486 -0.5025890054616784 
-0.6466264023172159 1.2447263786396003 -0.5025790325819692 
-0.6466264023172159 1.2447263786396003 -0.5025790325819692 
-0.6466264023172159 1.2447263786396003 -0.5025790325819692 
-0.6466264023172159 1.2447263786396003 -0.5025790325819692 
-0.6466237975935167 1.2447153130921447 -0.5025820580337401 
-0.6466237975935167 1.2447153130921447 -0.5025820580337401 
-0.6466237975935167 1.2447153130921447 -0.5025820580337401 
-0.6466249493519385 1.244721254873807 -0.5025932050288602 
-0.6466266730562457 1.2447284622193289 -0.5025898291954412 
