-0.7016249061473298 1.2447203823684498 -0.5025850539866521 
-0.7016259763520232 1.244724771931193 -0.5025819426614846 
-0.701622906877789 1.2447112399618383 -0.5025796508052001 
-0.7016229068777888 1.2447112399618385 -0.5025796508052003 
-0.7016229068777888 1.2447112399618385 -0.5025796508052003 
-0.7016297231378088 1.244741564331938 -0.5025880073579403 
-0.7016297231378088 1.244741564331938 -0.5025880073579403 
-0.7016269534916113 1.2447307607274305 -0.5026026826558059 
-0.7016269534916113 1.2447307607274305 -0.5026026826558059 
-0.7016269534916113 1.2447307607274305 -0.5026026826558059 
-0.7016269534916113 1.2447307607274305 -0.5026026826558059 
-0.7016269534916113 1.2447307607274305 -0.5026026826558059 
-0.7016269534916113 1.2447307607274305 -0.5026026826558059 
-0.701624523386746 1.2447196481653993 -0.5025961151083747 
-0.701624523386746 1.2447196481653993 -0.5025961151083747 
-0.701624523386746 1.2447196481653993 -0.5025961151083747 
-0.701624523386746 1.2447196481653993 -0.5025961151083747 
-0.7016253850281097 1.2447232471658045 -0.5025943824776027 
-0.7016268573860581 1.244728800788344 -0.5025843237244969 
-0.7016268573860581 1.244728800788344 -0.5025843237244969 
-0.701626857386058 1.244728800788344 -0.5025843237244969 
-0.701626857386058 1.244728800788344 -0.5025843237244969 
-0.701626857386058 1.244728800788344 -0.5025843237244969 
-0.7016240780288822 1.2447176116002463 -0.5025949114941053 
-0.7016240780288822 1.2447176116002463 -0.5025949114941053 
-0.7016240780288822 1.2447176116002463 -0.5025949114941053 
-0.7016224280116522 1.244708545819701 -0.5025723529956141 
-0.7016224280116522 1.2447085458197011 -0.5025723529956141 
-0.701626227698382 1.2447264256541761 -0.5025886255811711 
-0.701626227698382 1.2447264256541761 -0.5025886255811711 
-0.701626227698382 1.2447264256541761 -0.5025886255811711 
-0.701626227698382 1.2447264256541761 -0.5025886255811711 
-0.7016268573860581 1.244728800788344 -0.5025843237244969 
-0.7016268573860581 1.244728800788344 -0.5025843237244969 
-0.7016268573860581 1.244728800788344 -0.5025843237244969 
-0.7016268573860581 1.244728800788344 -0.5025843237244969 
-0.7016262470910531 1.2447268555109214 -0.5025927392749567 
-0.7016262470910531 1.2447268555109214 -0.5025927392749567 
-0.7016240974215533 1.2447180414569918 -0.5025990251878898 
-0.7016240974215533 1.2447180414569918 -0.5025990251878898 
-0.7016266730562457 1.244728462219329 -0.5025898291954412 
-0.701626227698382 1.2447264256541761 -0.5025886255811711 
-0.701626227698382 1.2447264256541761 -0.5025886255811711 
-0.701624238110534 1.2447173275207202 -0.5025832485652466 
-0.7016268476750797 1.2447284152047537 -0.5025802361962397 
-0.7016233954402615 1.2447141490323483 -0.5025890054616782 
-0.7016233954402615 1.2447141490323483 -0.5025890054616782 
-0.7016233954402615 1.2447141490323483 -0.5025890054616782 
-0.7016240634770573 1.2447172038800782 -0.5025908108830837 
-0.7016240634770573 1.2447172038800782 -0.5025908108830837 
-0.7016288372629275 1.2447375133382095 -0.502585613212164 
-0.7016217983239762 1.2447061706855336 -0.5025766548522879 
-0.7016217983239762 1.2447061706855336 -0.5025766548522879 
-0.7016217983239762 1.2447061706855336 -0.5025766548522879 
-0.7016217983239762 1.2447061706855336 -0.5025766548522879 
-0.70162486779821 1.2447197026548877 -0.5025789467085726 
-0.70162486779821 1.2447197026548877 -0.5025789467085726 
-0.70162486779821 1.2447197026548877 -0.5025789467085726 
-0.7016217983239762 1.2447061706855336 -0.5025766548522879 
-0.7016217983239762 1.2447061706855336 -0.5025766548522879 
-0.701621798323976 1.2447061706855338 -0.5025766548522881 
-0.701621798323976 1.2447061706855338 -0.5025766548522881 
-0.7016209556537039 1.244702992197162 -0.5025824117487199 
-0.7016209556537039 1.244702992197162 -0.5025824117487199 
-0.7016209556537039 1.244702992197162 -0.5025824117487199 
-0.7016209556537039 1.244702992197162 -0.5025824117487199 
-0.7016237975935166 1.2447153130921447 -0.5025820580337403 
-0.7016237975935166 1.2447153130921447 -0.5025820580337403 
-0.7016237975935166 1.2447153130921447 -0.5025820580337403 
-0.7016237975935166 1.2447153130921447 -0.5025820580337403 
-0.7016233716283239 1.244713706383737 -0.5025849681132553 
-0.7016233716283239 1.244713706383737 -0.5025849681132553 
-0.7016224809125964 1.2447096332534306 -0.502582560884715 
-0.7016224809125964 1.2447096332534306 -0.502582560884715 
-0.7016224809125964 1.2447096332534306 -0.502582560884715 
-0.7016224809125964 1.2447096332534306 -0.502582560884715 
-0.701626227698382 1.2447264256541761 -0.5025886255811711 
-0.701626227698382 1.2447264256541761 -0.5025886255811711 
-0.701626227698382 1.2447264256541761 -0.5025886255811711 
-0.7016229694750689 1.244712542323941 -0.5025919155411933 
-0.7016229694750689 1.244712542323941 -0.5025919155411933 
-0.7016253850281097 1.2447232471658045 -0.5025943824776027 
-0.7016253850281097 1.2447232471658045 -0.5025943824776027 
-0.7016253850281097 1.2447232471658045 -0.5025943824776027 
-0.7016253850281094 1.2447232471658047 -0.5025943824776029 
-0.7016271135732631 1.2447304766479044 -0.5025910197269476 
-0.7016271135732631 1.2447304766479044 -0.5025910197269476 
-0.7016271135732631 1.2447304766479044 -0.5025910197269476 
-0.7016271135732631 1.2447304766479044 -0.5025910197269476 
-0.7016271135732631 1.2447304766479044 -0.5025910197269476 
-0.7016249206991545 1.2447207900886175 -0.5025891545976737 
-0.7016212122771315 1.2447048480566516 -0.5025912278606615 
-0.7016212122771315 1.2447048480566516 -0.5025912278606615 
-0.7016212122771315 1.2447048480566516 -0.5025912278606615 
-0.7016268476750797 1.2447284152047537 -0.5025802361962397 
-0.7016268476750797 1.2447284152047537 -0.5025802361962397 
-0.7016297231378088 1.244741564331938 -0.5025880073579403 
-0.7016297231378088 1.244741564331938 -0.5025880073579403 
-0.7016297231378088 1.244741564331938 -0.5025880073579403 
-0.7016297231378088 1.244741564331938 -0.5025880073579403 
-0.7016282847243561 1.2447368482863121 -0.5026062804158526 
-0.7016240780288822 1.2447176116002463 -0.5025949114941053 
-0.7016240780288822 1.2447176116002463 -0.5025949114941053 
-0.7016258303859734 1.2447252837309577 -0.5025955860918732 
-0.7016258303859734 1.2447252837309577 -0.5025955860918732 
-0.7016258303859734 1.2447252837309577 -0.5025955860918732 
-0.7016258303859734 1.2447252837309577 -0.5025955860918732 
-0.70162486779821 1.2447197026548877 -0.5025789467085726 
-0.70162486779821 1.2447197026548877 -0.5025789467085726 
-0.7016233522356529 1.2447132765269915 -0.5025808544194699 
-0.7016233522356529 1.2447132765269915 -0.5025808544194699 
-0.7016233522356529 1.2447132765269915 -0.5025808544194699 
-0.7016237975935166 1.2447153130921447 -0.5025820580337403 
-0.7016237975935166 1.2447153130921447 -0.5025820580337403 
-0.7016237975935166 1.2447153130921447 -0.5025820580337403 
-0.7016237975935166 1.2447153130921447 -0.5025820580337403 
-0.7016237975935166 1.2447153130921447 -0.5025820580337403 
-0.7016237975935166 1.2447153130921447 -0.5025820580337403 
-0.7016258303859734 1.2447252837309577 -0.5025955860918732 
-0.7016220642075167 1.2447080614734667 -0.5025854077016316 
-0.7016220642075167 1.2447080614734667 -0.5025854077016316 
-0.7016222436818398 1.2447082072506865 -0.5025778584665583 
-0.7016222436818398 1.2447082072506865 -0.5025778584665583 
-0.7016222436818398 1.2447082072506865 -0.5025778584665583 
-0.7016222436818398 1.2447082072506865 -0.5025778584665583 
-0.701626421709887 1.244726808496346 -0.5025831462757544 
-0.701626421709887 1.244726808496346 -0.5025831462757544 
-0.7016225095653804 1.2447100980386197 -0.5025866113159021 
-0.7016225095653804 1.2447100980386197 -0.5025866113159021 
-0.7016225095653804 1.2447100980386197 -0.5025866113159021 
-0.7016249061473298 1.2447203823684498 -0.5025850539866521 
-0.701624238110534 1.2447173275207202 -0.5025832485652466 
-0.701624238110534 1.2447173275207202 -0.5025832485652466 
-0.701624523386746 1.2447196481653993 -0.5025961151083747 
-0.701624523386746 1.2447196481653993 -0.5025961151083747 
-0.701624523386746 1.2447196481653993 -0.5025961151083747 
-0.7016217983239762 1.2447061706855336 -0.5025766548522879 
-0.7016217983239762 1.2447061706855336 -0.5025766548522879 
-0.7016237975935166 1.2447153130921447 -0.5025820580337403 
-0.7016237975935166 1.2447153130921447 -0.5025820580337403 
-0.7016237975935166 1.2447153130921447 -0.5025820580337403 
-0.7016237975935166 1.2447153130921447 -0.5025820580337403 
-0.7016244272811927 1.2447176882263127 -0.5025777561770663 
-0.7016244272811927 1.2447176882263127 -0.5025777561770663 
-0.7016244272811926 1.2447176882263127 -0.5025777561770663 
-0.7016253850281097 1.2447232471658045 -0.5025943824776027 
-0.7016253850281097 1.2447232471658045 -0.5025943824776027 
-0.7016253850281097 1.2447232471658045 -0.5025943824776027 
-0.701621638242324 1.244706454765059 -0.5025883177811465 
-0.7016252937634027 1.2447213093632956 -0.5025760366290575 
-0.7016252937634027 1.2447213093632956 -0.5025760366290575 
-0.7016220642075167 1.2447080614734667 -0.5025854077016316 
-0.7016220642075167 1.2447080614734667 -0.5025854077016316 
-0.7016271135732631 1.2447304766479044 -0.5025910197269476 
-0.7016271135732631 1.2447304766479044 -0.5025910197269476 
-0.7016260870094012 1.2447271395904473 -0.5026044022038145 
-0.7016260870094012 1.2447271395904473 -0.5026044022038145 
-0.7016233716283239 1.244713706383737 -0.5025849681132553 
-0.7016229549232442 1.244712134603773 -0.5025878149301721 
-0.7016229549232442 1.244712134603773 -0.5025878149301721 
-0.7016229549232442 1.244712134603773 -0.5025878149301721 
-0.701626421709887 1.244726808496346 -0.5025831462757544 
-0.701626421709887 1.244726808496346 -0.5025831462757544 
-0.701626421709887 1.244726808496346 -0.5025831462757544 
-0.7016253466643471 1.2447223967970253 -0.5025862445181584 
-0.7016253466643471 1.2447223967970253 -0.5025862445181584 
-0.7016240974215533 1.2447180414569918 -0.5025990251878898 
-0.7016240974215533 1.2447180414569918 -0.5025990251878898 
-0.7016233716283239 1.244713706383737 -0.5025849681132553 
-0.701625792022211 1.2447244333621785 -0.5025874481324284 
-0.701625792022211 1.2447244333621785 -0.5025874481324284 
-0.701625792022211 1.2447244333621785 -0.5025874481324284 
-0.701625792022211 1.2447244333621785 -0.5025874481324284 
-0.701625792022211 1.2447244333621785 -0.5025874481324284 
-0.701625792022211 1.2447244333621785 -0.5025874481324284 
-0.701625792022211 1.2447244333621785 -0.5025874481324284 
-0.701625792022211 1.2447244333621785 -0.5025874481324284 
-0.7016255358350058 1.2447227575026174 -0.5025807521299779 
-0.7016255358350058 1.2447227575026174 -0.5025807521299779 
-0.7016255358350058 1.2447227575026174 -0.5025807521299779 
-0.7016255358350058 1.2447227575026174 -0.5025807521299779 
-0.7016253466643471 1.2447223967970253 -0.5025862445181584 
-0.7016253466643471 1.2447223967970253 -0.5025862445181584 
-0.7016253660570183 1.2447228266537709 -0.5025903582119438 
-0.7016253660570183 1.2447228266537709 -0.5025903582119438 
-0.7016253660570183 1.2447228266537709 -0.5025903582119438 
-0.7016238121453413 1.2447157208123125 -0.5025861586447615 
-0.7016238121453413 1.2447157208123125 -0.5025861586447615 
-0.7016258303859734 1.2447252837309577 -0.5025955860918732 
-0.7016258303859734 1.2447252837309577 -0.5025955860918732 
-0.7016268573860581 1.244728800788344 -0.5025843237244969 
-0.7016268573860581 1.244728800788344 -0.5025843237244969 
-0.7016252937634027 1.2447213093632956 -0.5025760366290575 
-0.7016252937634027 1.2447213093632956 -0.5025760366290575 
-0.7016252937634027 1.2447213093632956 -0.5025760366290575 
-0.7016252937634027 1.2447213093632956 -0.5025760366290575 
-0.7016266730562457 1.244728462219329 -0.5025898291954412 
-0.7016262709029908 1.2447272981595328 -0.5025967766233794 
-0.7016233716283239 1.244713706383737 -0.5025849681132553 
-0.7016233716283239 1.244713706383737 -0.5025849681132553 
-0.7016213723587835 1.2447045639771257 -0.5025795649318032 
-0.7016213723587835 1.2447045639771257 -0.5025795649318032 
-0.7016266730562457 1.244728462219329 -0.5025898291954412 
-0.7016266730562457 1.244728462219329 -0.5025898291954412 
-0.7016266730562457 1.244728462219329 -0.5025898291954412 
-0.7016272833512508 1.2447304074967516 -0.5025814136449822 
-0.7016272833512508 1.2447304074967516 -0.5025814136449822 
-0.7016272833512508 1.2447304074967516 -0.5025814136449822 
-0.7016272833512508 1.2447304074967516 -0.5025814136449822 
-0.7016240634770573 1.2447172038800782 -0.5025908108830837 
-0.7016240634770573 1.2447172038800782 -0.5025908108830837 
-0.7016240634770573 1.2447172038800782 -0.5025908108830837 
-0.7016240634770573 1.2447172038800782 -0.5025908108830837 
-0.7016248532463852 1.24471929493472 -0.5025748460975512 
-0.701626227698382 1.2447264256541761 -0.5025886255811711 
-0.701626227698382 1.2447264256541761 -0.5025886255811711 
-0.701626227698382 1.2447264256541761 -0.5025886255811711 
-0.701626227698382 1.2447264256541761 -0.5025886255811711 
-0.7016249493519385 1.244721254873807 -0.5025932050288606 
-0.7016249493519385 1.244721254873807 -0.5025932050288606 
-0.7016249493519385 1.244721254873807 -0.5025932050288606 
-0.7016249493519385 1.244721254873807 -0.5025932050288606 
-0.7016244801821371 1.2447187756600422 -0.502587964066167 
-0.7016244801821371 1.2447187756600422 -0.502587964066167 
-0.7016245039940747 1.2447192183086537 -0.5025920014145904 
-0.7016233954402615 1.2447141490323483 -0.5025890054616782 
-0.7016264023172158 1.2447263786396006 -0.5025790325819695 
-0.7016264023172158 1.2447263786396006 -0.5025790325819695 
-0.7016264023172158 1.2447263786396006 -0.5025790325819695 
-0.7016264023172158 1.2447263786396006 -0.5025790325819695 
-0.7016237975935166 1.2447153130921447 -0.5025820580337403 
-0.7016237975935166 1.2447153130921447 -0.5025820580337403 
-0.7016237975935166 1.2447153130921447 -0.5025820580337403 
-0.7016249493519385 1.244721254873807 -0.5025932050288606 
-0.7016266730562457 1.244728462219329 -0.5025898291954412 
