-0.6825541681096731 1.2375317985308174 -0.33976353047631114 
-0.6825554635301051 1.2375374600150577 -0.3397630145426319 
-0.6825550107137401 1.2375350144057828 -0.33975771031731583 
-0.6825550107137401 1.2375350144057828 -0.33975771031731583 
-0.6825545894117065 1.2375334064683001 -0.33976062039681343 
-0.6825558848321386 1.2375390679525402 -0.33976010446313465 
-0.6825549949565743 1.2375345955698867 -0.33975360316490855 
-0.6825545736545408 1.2375329876324037 -0.33975651324440637 
-0.6825550107137401 1.2375350144057828 -0.33975771031731583 
-0.6825541365953414 1.2375309608590248 -0.33975531617149723 
-0.6825541523525072 1.2375313796949212 -0.3397594233239043 
-0.6825562812182667 1.2375402220989646 -0.3397531504938267 
-0.6825545736545408 1.2375329876324037 -0.33975651324440637 
-0.6825545894117065 1.2375334064683001 -0.33976062039681343 
-0.6825554320157736 1.2375366223432653 -0.3397548002378179 
-0.6825550422280715 1.237535852077575 -0.33976592462212984 
-0.682553973215822 1.2375314133979722 -0.339769092668467 
-0.682554557897375 1.237532568796508 -0.3397524060919991 
-0.6825526620382238 1.2375253330778355 -0.33976550144973905 
-0.6825541523525072 1.2375313796949212 -0.3397594233239041 
-0.6825541681096731 1.2375317985308174 -0.33976353047631114 
-0.682336363376673 1.2375619963989661 -0.3397463281472082 
-0.6825537152933078 1.2375293529215423 -0.3397582262509945 
-0.6825541681096731 1.2375317985308174 -0.33976353047631114 
-0.682554557897375 1.237532568796508 -0.3397524060919991 
-0.6825541523525072 1.2375313796949212 -0.3397594233239041 
-0.6825537310504736 1.2375297717574383 -0.3397623334034018 
-0.6825537152933078 1.2375293529215423 -0.3397582262509945 
-0.6825541365953414 1.2375309608590248 -0.339755316171497 
-0.6825554320157736 1.2375366223432653 -0.3397548002378179 
-0.6825558848321386 1.2375390679525402 -0.3397601044631344 
-0.6825549949565743 1.2375345955698867 -0.33975360316490855 
-0.6825554320157736 1.2375366223432653 -0.3397548002378179 
-0.6825550107137401 1.2375350144057828 -0.33975771031731583 
-0.6825555770778133 1.2375360998939933 -0.33974115026604323 
-0.6825546051688723 1.2375338253041963 -0.3397647275492204 
-0.6825550107137401 1.2375350144057828 -0.33975771031731583 
-0.6825550107137401 1.2375350144057828 -0.33975771031731605 
-0.6825558848321386 1.2375390679525402 -0.3397601044631344 
-0.6825554635301051 1.2375374600150577 -0.3397630145426319 
-0.6825550107137401 1.2375350144057828 -0.33975771031731583 
-0.6825547302636219 1.2375325112135587 -0.33974280655141553 
-0.6825537152933078 1.2375293529215423 -0.3397582262509945 
-0.6825541365953414 1.2375309608590248 -0.33975531617149723 
-0.6825541523525072 1.2375313796949212 -0.3397594233239041 
-0.6825554320157736 1.2375366223432653 -0.3397548002378179 
-0.6825537152933078 1.2375293529215423 -0.3397582262509945 
-0.6825537152933078 1.2375293529215423 -0.3397582262509945 
-0.6825545894117065 1.2375334064683001 -0.33976062039681343 
-0.6825550107137401 1.2375350144057828 -0.33975771031731583 
-0.6825562812182667 1.2375402220989646 -0.3397531504938267 
-0.6825530990974232 1.2375273598512142 -0.3397666985226485 
-0.6825528569320749 1.237525718210681 -0.3397599392575835 
-0.6825550107137401 1.2375350144057828 -0.33975771031731583 
-0.6825528435632108 1.237525310450049 -0.3397558386465581 
-0.6825545736545408 1.2375329876324037 -0.33975651324440637 
-0.6825563061341722 1.2375406758900231 -0.3397571943836364 
-0.6825549949565743 1.2375345955698867 -0.33975360316490855 
-0.6825530990974232 1.2375273598512142 -0.33976669852264874 
-0.6825558848321386 1.2375390679525402 -0.33976010446313465 
-0.682556913171317 1.2375426340051887 -0.33974878537458 
-0.6825554477729394 1.2375370411791615 -0.3397589073902252 
-0.6825532782341084 1.2375273261481636 -0.33975702917808537 
-0.6825549949565743 1.2375345955698867 -0.33975360316490855 
-0.6825558848321386 1.2375390679525402 -0.3397601044631344 
-0.6825550264709058 1.237535433241679 -0.33976181746972267 
-0.6825550264709058 1.237535433241679 -0.33976181746972267 
-0.6825554477729394 1.2375370411791615 -0.3397589073902252 
-0.6825532782341084 1.2375273261481636 -0.33975702917808537 
-0.6825550107137401 1.2375350144057828 -0.33975771031731583 
-0.6825550107137401 1.2375350144057828 -0.33975771031731583 
-0.6825550264709058 1.2375354332416793 -0.33976181746972245 
-0.6825562812182667 1.2375402220989646 -0.3397531504938267 
-0.6825549949565743 1.2375345955698867 -0.33975360316490855 
-0.6825546051688723 1.2375338253041963 -0.3397647275492204 
-0.6825541523525072 1.2375313796949212 -0.3397594233239041 
-0.6825541681096731 1.2375317985308174 -0.33976353047631114 
-0.6825545736545408 1.2375329876324037 -0.33975651324440637 
-0.6825550264709058 1.237535433241679 -0.33976181746972267 
-0.6825541208381756 1.237530542023129 -0.33975120901908984 
-0.6825549949565743 1.2375345955698867 -0.33975360316490877 
-0.6825558848321386 1.2375390679525402 -0.33976010446313465 
-0.6825532782341084 1.2375273261481636 -0.33975702917808537 
-0.6825545736545408 1.2375329876324037 -0.33975651324440637 
-0.6825545736545408 1.2375329876324037 -0.33975651324440637 
-0.6825535361566226 1.237529386624593 -0.3397678955955581 
-0.6825550422280715 1.237535852077575 -0.33976592462212984 
-0.682554557897375 1.237532568796508 -0.3397524060919991 
-0.6825545736545408 1.2375329876324037 -0.33975651324440637 
-0.682555869074973 1.2375386491166445 -0.3397559973107269 
-0.6825573726721142 1.2375452834947795 -0.3397561399054094 
-0.6825545894117065 1.2375334064683001 -0.33976062039681343 
-0.6825541365953414 1.2375309608590248 -0.33975531617149723 
-0.6825546051688723 1.2375338253041963 -0.3397647275492204 
-0.6825550107137401 1.2375350144057828 -0.33975771031731583 
-0.6825558848321386 1.2375390679525402 -0.3397601044631344 
-0.6825549949565743 1.2375345955698867 -0.33975360316490855 
-0.682556913171317 1.2375426340051887 -0.33974878537458 
-0.6825554477729394 1.2375370411791615 -0.33975890739022496 
-0.6825554477729394 1.2375370411791615 -0.33975890739022496 
-0.6825546051688723 1.2375338253041963 -0.3397647275492204 
-0.6825550422280715 1.237535852077575 -0.33976592462212984 
-0.6825541681096731 1.2375317985308174 -0.33976353047631114 
-0.6825532939912743 1.2375277449840596 -0.3397611363304923 
-0.6825558848321386 1.2375390679525402 -0.3397601044631344 
-0.6823359278134017 1.2375599693034347 -0.3397451310745432 
-0.6825541523525072 1.2375313796949212 -0.3397594233239041 
-0.6825554320157736 1.2375366223432653 -0.3397548002378179 
-0.6825541523525072 1.2375313796949212 -0.3397594233239043 
-0.6825522249790246 1.2375233063044566 -0.33976430437683003 
-0.6825554320157736 1.2375366223432653 -0.3397548002378179 
-0.6825554320157736 1.2375366223432653 -0.3397548002378179 
-0.6825554320157736 1.2375366223432653 -0.3397548002378179 
-0.6825541523525072 1.2375313796949212 -0.3397594233239041 
-0.6825554477729394 1.2375370411791615 -0.33975890739022496 
-0.6825562812182667 1.2375402220989646 -0.3397531504938267 
-0.6825541681096731 1.2375317985308174 -0.33976353047631114 
-0.6825541365953414 1.2375309608590248 -0.339755316171497 
-0.6825541365953414 1.2375309608590248 -0.33975531617149723 
-0.6825546051688723 1.2375338253041963 -0.3397647275492204 
-0.682554557897375 1.237532568796508 -0.3397524060919991 
-0.682553699536142 1.2375289340856463 -0.3397541190985879 
-0.6825537310504736 1.2375297717574383 -0.3397623334034018 
-0.6825554320157736 1.2375366223432653 -0.3397548002378179 
-0.6825558848321386 1.2375390679525402 -0.3397601044631344 
-0.6825530990974232 1.2375273598512142 -0.33976669852264874 
-0.682555407099868 1.2375361685522066 -0.33975075634800833 
-0.6825550107137401 1.2375350144057828 -0.33975771031731583 
-0.6825558848321386 1.2375390679525402 -0.3397601044631344 
-0.6825554477729394 1.2375370411791615 -0.3397589073902252 
-0.6825532939912743 1.2375277449840596 -0.3397611363304923 
-0.6825581852330243 1.23755042712548 -0.3397745330808657 
-0.6825550264709058 1.237535433241679 -0.33976181746972267 
-0.6825550107137401 1.2375350144057828 -0.33975771031731583 
-0.6825550107137401 1.2375350144057828 -0.33975771031731583 
-0.682555869074973 1.2375386491166445 -0.3397559973107269 
-0.6825550107137401 1.2375350144057828 -0.33975771031731583 
-0.6825545736545408 1.2375329876324037 -0.33975651324440637 
-0.6825545736545408 1.2375329876324037 -0.33975651324440637 
-0.6825541523525072 1.2375313796949212 -0.3397594233239041 
-0.6825554320157736 1.2375366223432653 -0.3397548002378179 
-0.6825554320157736 1.2375366223432653 -0.3397548002378179 
-0.6825567182774659 1.2375422488723433 -0.3397543475667365 
-0.6825567182774659 1.2375422488723433 -0.3397543475667367 
-0.6825541365953414 1.2375309608590248 -0.339755316171497 
-0.6825554635301051 1.2375374600150577 -0.3397630145426319 
-0.6825541365953414 1.2375309608590248 -0.339755316171497 
-0.6825539889729877 1.2375318322338682 -0.3397731998208743 
-0.6825545736545408 1.2375329876324037 -0.33975651324440637 
-0.6825550107137401 1.2375350144057828 -0.33975771031731583 
-0.6825550107137401 1.2375350144057828 -0.33975771031731583 
-0.6825554477729393 1.237537041179162 -0.3397589073902251 
-0.6825542220656023 1.2375332589188215 -0.3397779022390457 
-0.6825537152933078 1.2375293529215423 -0.3397582262509945 
-0.6825544102750212 1.2375334401713507 -0.3397702897413766 
-0.6825539732158219 1.2375314133979727 -0.3397690926684671 
-0.6825541523525072 1.2375313796949212 -0.3397594233239041 
-0.6825554635301051 1.2375374600150577 -0.3397630145426319 
-0.6825554477729394 1.2375370411791615 -0.33975890739022496 
-0.6825541523525072 1.2375313796949212 -0.3397594233239041 
-0.6825550422280715 1.237535852077575 -0.33976592462212984 
-0.6825539889729877 1.2375318322338682 -0.3397731998208743 
-0.682555869074973 1.2375386491166445 -0.3397559973107269 
-0.6825556966227198 1.237538886700011 -0.3397677169608031 
-0.6825554320157736 1.2375366223432653 -0.3397548002378181 
-0.6825550264709058 1.237535433241679 -0.33976181746972267 
-0.6825550264709058 1.237535433241679 -0.33976181746972267 
-0.6825550107137401 1.2375350144057828 -0.33975771031731583 
-0.6825537310504736 1.2375297717574383 -0.3397623334034018 
-0.6825530990974232 1.2375273598512142 -0.3397666985226485 
-0.6825549949565743 1.2375345955698867 -0.33975360316490855 
-0.6825567182774659 1.2375422488723433 -0.3397543475667365 
-0.6825554635301051 1.2375374600150577 -0.3397630145426319 
-0.6825526620382238 1.2375253330778355 -0.33976550144973905 
-0.6825549949565743 1.2375345955698867 -0.33975360316490855 
-0.6825554477729394 1.2375370411791615 -0.33975890739022496 
-0.6825554477729394 1.2375370411791615 -0.33975890739022496 
-0.6825541523525072 1.2375313796949212 -0.3397594233239041 
-0.6825554320157736 1.2375366223432653 -0.3397548002378179 
-0.6825565392267869 1.2375421025749767 -0.3397618968018076 
-0.6825554635301051 1.2375374600150577 -0.3397630145426319 
-0.6825537310504736 1.2375297717574383 -0.3397623334034018 
-0.6825541523525072 1.2375313796949212 -0.3397594233239041 
-0.682555869074973 1.2375386491166445 -0.3397559973107269 
-0.6825569605288205 1.2375437105124594 -0.33975898672230964 
-0.6825554320157736 1.2375366223432653 -0.3397548002378179 
-0.6825541523525072 1.2375313796949212 -0.3397594233239041 
-0.682555869074973 1.2375386491166445 -0.3397559973107269 
-0.682555869074973 1.2375386491166445 -0.3397559973107269 
-0.6825550264709058 1.237535433241679 -0.33976181746972267 
-0.6825541523525072 1.2375313796949212 -0.3397594233239041 
-0.6825554320157736 1.2375366223432653 -0.3397548002378179 
-0.6825549949565743 1.2375345955698867 -0.33975360316490855 
-0.6825554635301051 1.2375374600150577 -0.3397630145426319 
-0.6825554477729394 1.2375370411791615 -0.33975890739022496 
-0.6825546051688723 1.2375338253041963 -0.3397647275492204 
-0.6825537310504736 1.2375297717574383 -0.339762333403402 
-0.6825554635301051 1.2375374600150577 -0.3397630145426319 
-0.6825554477729394 1.2375370411791615 -0.33975890739022496 
-0.6825554477729394 1.2375370411791617 -0.33975890739022474 
