-0.6275541681096729 1.2375317985308174 -0.33976353047631125 
-0.6275554635301052 1.237537460015058 -0.33976301454263214 
-0.62755501071374 1.237535014405783 -0.33975771031731583 
-0.62755501071374 1.237535014405783 -0.33975771031731583 
-0.6275545894117065 1.2375334064683003 -0.33976062039681354 
-0.6275558848321388 1.2375390679525407 -0.3397601044631344 
-0.6275549949565742 1.2375345955698867 -0.33975360316490844 
-0.6275545736545406 1.2375329876324042 -0.33975651324440614 
-0.62755501071374 1.237535014405783 -0.33975771031731583 
-0.6275541365953413 1.2375309608590253 -0.33975531617149723 
-0.627554152352507 1.2375313796949212 -0.3397594233239042 
-0.6275562812182666 1.2375402220989649 -0.3397531504938268 
-0.6275545736545406 1.2375329876324042 -0.33975651324440614 
-0.6275545894117065 1.2375334064683003 -0.33976062039681354 
-0.6275554320157736 1.2375366223432658 -0.3397548002378178 
-0.6275550422280716 1.2375358520775752 -0.33976592462213007 
-0.6275539732158218 1.2375314133979722 -0.3397690926684671 
-0.6275545578973749 1.237532568796508 -0.3397524060919991 
-0.6275526620382238 1.2375253330778355 -0.33976550144973927 
-0.627554152352507 1.2375313796949212 -0.33975942332390396 
-0.6275541681096729 1.2375317985308174 -0.33976353047631125 
-0.6273363633766731 1.2375619963989664 -0.3397463281472083 
-0.6275537152933077 1.2375293529215425 -0.3397582262509946 
-0.6275541681096729 1.2375317985308174 -0.33976353047631125 
-0.6275545578973749 1.237532568796508 -0.3397524060919991 
-0.627554152352507 1.2375313796949212 -0.33975942332390396 
-0.6275537310504734 1.2375297717574385 -0.339762333403402 
-0.6275537152933077 1.2375293529215425 -0.3397582262509946 
-0.6275541365953413 1.2375309608590253 -0.339755316171497 
-0.6275554320157736 1.2375366223432658 -0.3397548002378178 
-0.6275558848321388 1.2375390679525407 -0.3397601044631342 
-0.6275549949565742 1.2375345955698867 -0.33975360316490844 
-0.6275554320157736 1.2375366223432658 -0.3397548002378178 
-0.62755501071374 1.237535014405783 -0.33975771031731583 
-0.6275555770778133 1.2375360998939933 -0.3397411502660431 
-0.6275546051688722 1.2375338253041963 -0.3397647275492204 
-0.62755501071374 1.237535014405783 -0.33975771031731583 
-0.62755501071374 1.237535014405783 -0.33975771031731605 
-0.6275558848321388 1.2375390679525407 -0.3397601044631342 
-0.6275554635301052 1.237537460015058 -0.33976301454263214 
-0.62755501071374 1.237535014405783 -0.33975771031731583 
-0.627554730263622 1.237532511213559 -0.33974280655141553 
-0.6275537152933077 1.2375293529215425 -0.3397582262509946 
-0.6275541365953413 1.2375309608590253 -0.33975531617149723 
-0.627554152352507 1.2375313796949212 -0.33975942332390396 
-0.6275554320157736 1.2375366223432658 -0.3397548002378178 
-0.6275537152933077 1.2375293529215425 -0.3397582262509946 
-0.6275537152933077 1.2375293529215425 -0.3397582262509946 
-0.6275545894117065 1.2375334064683003 -0.33976062039681354 
-0.62755501071374 1.237535014405783 -0.33975771031731583 
-0.6275562812182666 1.2375402220989649 -0.3397531504938268 
-0.6275530990974232 1.2375273598512146 -0.3397666985226485 
-0.6275528569320749 1.2375257182106811 -0.3397599392575833 
-0.62755501071374 1.237535014405783 -0.33975771031731583 
-0.6275528435632107 1.2375253104500492 -0.3397558386465581 
-0.6275545736545406 1.2375329876324042 -0.33975651324440614 
-0.6275563061341722 1.2375406758900234 -0.3397571943836366 
-0.6275549949565742 1.2375345955698867 -0.33975360316490844 
-0.6275530990974232 1.2375273598512146 -0.33976669852264874 
-0.6275558848321388 1.2375390679525407 -0.3397601044631344 
-0.627556913171317 1.237542634005189 -0.3397487853745802 
-0.6275554477729394 1.2375370411791617 -0.3397589073902251 
-0.6275532782341084 1.2375273261481639 -0.3397570291780856 
-0.6275549949565742 1.2375345955698867 -0.33975360316490844 
-0.6275558848321388 1.2375390679525407 -0.3397601044631342 
-0.6275550264709058 1.237535433241679 -0.33976181746972245 
-0.6275550264709058 1.237535433241679 -0.33976181746972245 
-0.6275554477729394 1.2375370411791617 -0.3397589073902251 
-0.6275532782341084 1.2375273261481639 -0.3397570291780856 
-0.62755501071374 1.237535014405783 -0.33975771031731583 
-0.62755501071374 1.237535014405783 -0.33975771031731583 
-0.6275550264709058 1.2375354332416793 -0.3397618174697222 
-0.6275562812182666 1.2375402220989649 -0.3397531504938268 
-0.6275549949565742 1.2375345955698867 -0.33975360316490844 
-0.6275546051688722 1.2375338253041963 -0.3397647275492204 
-0.627554152352507 1.2375313796949212 -0.33975942332390396 
-0.6275541681096729 1.2375317985308174 -0.33976353047631125 
-0.6275545736545406 1.2375329876324042 -0.33975651324440614 
-0.6275550264709058 1.237535433241679 -0.33976181746972245 
-0.6275541208381755 1.2375305420231293 -0.33975120901909006 
-0.6275549949565742 1.2375345955698867 -0.33975360316490866 
-0.6275558848321388 1.2375390679525407 -0.3397601044631344 
-0.6275532782341084 1.2375273261481639 -0.3397570291780856 
-0.6275545736545406 1.2375329876324042 -0.33975651324440614 
-0.6275545736545406 1.2375329876324042 -0.33975651324440614 
-0.6275535361566226 1.2375293866245936 -0.33976789559555776 
-0.6275550422280716 1.2375358520775752 -0.33976592462213007 
-0.6275545578973749 1.237532568796508 -0.3397524060919991 
-0.6275545736545406 1.2375329876324042 -0.33975651324440614 
-0.6275558690749728 1.2375386491166445 -0.3397559973107269 
-0.6275573726721142 1.2375452834947795 -0.33975613990540965 
-0.6275545894117065 1.2375334064683003 -0.33976062039681354 
-0.6275541365953413 1.2375309608590253 -0.33975531617149723 
-0.6275546051688722 1.2375338253041963 -0.3397647275492204 
-0.62755501071374 1.237535014405783 -0.33975771031731583 
-0.6275558848321388 1.2375390679525407 -0.3397601044631342 
-0.6275549949565742 1.2375345955698867 -0.33975360316490844 
-0.627556913171317 1.237542634005189 -0.3397487853745802 
-0.6275554477729394 1.2375370411791617 -0.33975890739022485 
-0.6275554477729394 1.2375370411791617 -0.33975890739022485 
-0.6275546051688722 1.2375338253041963 -0.3397647275492204 
-0.6275550422280716 1.2375358520775752 -0.33976592462213007 
-0.6275541681096729 1.2375317985308174 -0.33976353047631125 
-0.6275532939912742 1.2375277449840598 -0.33976113633049243 
-0.6275558848321388 1.2375390679525407 -0.3397601044631342 
-0.6273359278134016 1.237559969303435 -0.3397451310745434 
-0.627554152352507 1.2375313796949212 -0.33975942332390396 
-0.6275554320157736 1.2375366223432658 -0.3397548002378178 
-0.627554152352507 1.2375313796949212 -0.3397594233239042 
-0.6275522249790246 1.237523306304457 -0.33976430437683003 
-0.6275554320157736 1.2375366223432658 -0.3397548002378178 
-0.6275554320157736 1.2375366223432658 -0.3397548002378178 
-0.6275554320157736 1.2375366223432658 -0.3397548002378178 
-0.627554152352507 1.2375313796949212 -0.33975942332390396 
-0.6275554477729394 1.2375370411791617 -0.33975890739022485 
-0.6275562812182666 1.2375402220989649 -0.3397531504938268 
-0.6275541681096729 1.2375317985308174 -0.33976353047631125 
-0.6275541365953413 1.2375309608590253 -0.339755316171497 
-0.6275541365953413 1.2375309608590253 -0.33975531617149723 
-0.6275546051688722 1.2375338253041963 -0.3397647275492204 
-0.6275545578973749 1.237532568796508 -0.3397524060919991 
-0.6275536995361419 1.2375289340856463 -0.33975411909858755 
-0.6275537310504734 1.2375297717574385 -0.339762333403402 
-0.6275554320157736 1.2375366223432658 -0.3397548002378178 
-0.6275558848321388 1.2375390679525407 -0.3397601044631342 
-0.6275530990974232 1.2375273598512146 -0.33976669852264874 
-0.6275554070998679 1.2375361685522068 -0.339750756348008 
-0.62755501071374 1.237535014405783 -0.33975771031731583 
-0.6275558848321388 1.2375390679525407 -0.3397601044631342 
-0.6275554477729394 1.2375370411791617 -0.3397589073902251 
-0.6275532939912742 1.2375277449840598 -0.33976113633049243 
-0.6275581852330242 1.2375504271254802 -0.3397745330808659 
-0.6275550264709058 1.237535433241679 -0.33976181746972245 
-0.62755501071374 1.237535014405783 -0.33975771031731583 
-0.62755501071374 1.237535014405783 -0.33975771031731583 
-0.6275558690749728 1.2375386491166445 -0.3397559973107269 
-0.62755501071374 1.237535014405783 -0.33975771031731583 
-0.6275545736545406 1.2375329876324042 -0.33975651324440614 
-0.6275545736545406 1.2375329876324042 -0.33975651324440614 
-0.627554152352507 1.2375313796949212 -0.33975942332390396 
-0.6275554320157736 1.2375366223432658 -0.3397548002378178 
-0.6275554320157736 1.2375366223432658 -0.3397548002378178 
-0.627556718277466 1.2375422488723435 -0.3397543475667363 
-0.627556718277466 1.2375422488723435 -0.3397543475667365 
-0.6275541365953413 1.2375309608590253 -0.339755316171497 
-0.6275554635301052 1.237537460015058 -0.33976301454263214 
-0.6275541365953413 1.2375309608590253 -0.339755316171497 
-0.6275539889729878 1.2375318322338684 -0.3397731998208743 
-0.6275545736545406 1.2375329876324042 -0.33975651324440614 
-0.62755501071374 1.237535014405783 -0.33975771031731583 
-0.62755501071374 1.237535014405783 -0.33975771031731583 
-0.6275554477729393 1.2375370411791622 -0.33975890739022496 
-0.6275542220656023 1.2375332589188217 -0.33977790223904547 
-0.6275537152933077 1.2375293529215425 -0.3397582262509946 
-0.6275544102750212 1.2375334401713511 -0.33977028974137646 
-0.6275539732158217 1.2375314133979727 -0.3397690926684672 
-0.627554152352507 1.2375313796949212 -0.33975942332390396 
-0.6275554635301052 1.237537460015058 -0.33976301454263214 
-0.6275554477729394 1.2375370411791617 -0.33975890739022485 
-0.627554152352507 1.2375313796949212 -0.33975942332390396 
-0.6275550422280716 1.2375358520775752 -0.33976592462213007 
-0.6275539889729878 1.2375318322338684 -0.3397731998208743 
-0.6275558690749728 1.2375386491166445 -0.3397559973107269 
-0.6275556966227197 1.2375388867000112 -0.339767716960803 
-0.6275554320157736 1.2375366223432658 -0.339754800237818 
-0.6275550264709058 1.237535433241679 -0.33976181746972245 
-0.6275550264709058 1.237535433241679 -0.33976181746972245 
-0.62755501071374 1.237535014405783 -0.33975771031731583 
-0.6275537310504734 1.2375297717574385 -0.339762333403402 
-0.6275530990974232 1.2375273598512146 -0.3397666985226485 
-0.6275549949565742 1.2375345955698867 -0.33975360316490844 
-0.627556718277466 1.2375422488723435 -0.3397543475667363 
-0.6275554635301052 1.237537460015058 -0.33976301454263214 
-0.6275526620382238 1.2375253330778355 -0.33976550144973927 
-0.6275549949565742 1.2375345955698867 -0.33975360316490844 
-0.6275554477729394 1.2375370411791617 -0.33975890739022485 
-0.6275554477729394 1.2375370411791617 -0.33975890739022485 
-0.627554152352507 1.2375313796949212 -0.33975942332390396 
-0.6275554320157736 1.2375366223432658 -0.3397548002378178 
-0.6275565392267869 1.2375421025749767 -0.3397618968018076 
-0.6275554635301052 1.237537460015058 -0.33976301454263214 
-0.6275537310504734 1.2375297717574385 -0.339762333403402 
-0.627554152352507 1.2375313796949212 -0.33975942332390396 
-0.6275558690749728 1.2375386491166445 -0.3397559973107269 
-0.6275569605288205 1.2375437105124594 -0.33975898672230953 
-0.6275554320157736 1.2375366223432658 -0.3397548002378178 
-0.627554152352507 1.2375313796949212 -0.33975942332390396 
-0.6275558690749728 1.2375386491166445 -0.3397559973107269 
-0.6275558690749728 1.2375386491166445 -0.3397559973107269 
-0.6275550264709058 1.237535433241679 -0.33976181746972245 
-0.627554152352507 1.2375313796949212 -0.33975942332390396 
-0.6275554320157736 1.2375366223432658 -0.3397548002378178 
-0.6275549949565742 1.2375345955698867 -0.33975360316490844 
-0.6275554635301052 1.237537460015058 -0.33976301454263214 
-0.6275554477729394 1.2375370411791617 -0.33975890739022485 
-0.6275546051688722 1.2375338253041963 -0.3397647275492204 
-0.6275537310504734 1.2375297717574385 -0.33976233340340223 
-0.6275554635301052 1.237537460015058 -0.33976301454263214 
-0.6275554477729394 1.2375370411791617 -0.33975890739022485 
-0.6275554477729394 1.237537041179162 -0.33975890739022463 
