-0.08943575149977923 -0.41074685511037745 0.7945264992428266 
-0.08943575149977923 -0.41074685511037745 0.7945264992428266 
-0.08943575149977923 -0.41074685511037745 0.7945264992428266 
-0.08943575149977923 -0.41074685511037745 0.7945264992428266 
-0.08943575149977923 -0.41074685511037745 0.7945264992428266 
-0.08943575149977923 -0.41074685511037745 0.7945264992428266 
-0.08943382511163571 -0.40726260908949874 0.7945823399199742 
-0.08943382511163571 -0.40726260908949874 0.7945823399199742 
-0.08943382511163571 -0.40726260908949874 0.7945823399199742 
-0.08943382511163571 -0.40726260908949874 0.7945823399199742 
-0.08943382511163571 -0.40726260908949874 0.7945823399199742 
-0.08943421101402677 -0.4078791278701104 0.7945763308306664 
-0.0894352304659489 -0.4098922758971524 0.7945360217901863 
-0.0894352304659489 -0.4098922758971524 0.7945360217901863 
-0.0894352304659489 -0.4098922758971524 0.7945360217901863 
-0.08943714811540582 -0.41308606386846036 0.7944978897531179 
-0.08943714811540582 -0.41308606386846036 0.7944978897531179 
-0.08943714811540582 -0.41308606386846036 0.7944978897531179 
-0.0894380781687811 -0.4148024905899885 0.7944687536516439 
-0.0894380781687811 -0.4148024905899885 0.7944687536516439 
-0.0894380781687811 -0.4148024905899885 0.7944687536516439 
-0.0894380781687811 -0.4148024905899885 0.7944687536516439 
-0.0894380781687811 -0.4148024905899885 0.7944687536516439 
-0.0894380781687811 -0.4148024905899885 0.7944687536516439 
-0.08943985663378733 -0.41795537919268544 0.7944212562406014 
-0.08943985663378733 -0.41795537919268544 0.7944212562406014 
-0.08944108754140682 -0.41989714269136247 0.7944036613406575 
-0.08944108754140682 -0.41989714269136247 0.7944036613406575 
-0.08944108754140682 -0.41989714269136247 0.7944036613406575 
-0.08944108754140682 -0.41989714269136247 0.7944036613406575 
-0.08944108754140682 -0.41989714269136247 0.7944036613406575 
-0.08944108754140682 -0.41989714269136247 0.7944036613406575 
-0.08944108754140682 -0.41989714269136247 0.7944036613406575 
-0.08944249799933318 -0.4226380304091504 0.7943507133709904 
-0.08944249799933318 -0.4226380304091504 0.7943507133709904 
-0.08944249799933318 -0.4226380304091504 0.7943507133709904 
-0.08944364070270935 -0.4248020658194276 0.7943114098518224 
-0.08944364070270935 -0.4248020658194276 0.7943114098518224 
-0.08944364070270935 -0.4248020658194276 0.7943114098518224 
-0.08944364070270935 -0.4248020658194276 0.7943114098518224 
-0.08944364070270935 -0.4248020658194276 0.7943114098518224 
-0.08944557148892027 -0.4280867574042072 0.7942686297777035 
-0.08944557148892027 -0.4280867574042072 0.7942686297777035 
-0.08944557148892027 -0.4280867574042072 0.7942686297777035 
-0.08944670714312139 -0.4303404690850321 0.7942230209828043 
-0.08944670714312139 -0.4303404690850321 0.7942230209828043 
-0.08944670714312139 -0.4303404690850321 0.7942230209828043 
-0.08944726987983062 -0.4312359237487743 0.7942144855283948 
-0.08944726987983062 -0.4312359237487743 0.7942144855283948 
-0.08944726987983062 -0.4312359237487743 0.7942144855283948 
-0.08944726987983062 -0.4312359237487743 0.7942144855283948 
-0.08944726987983062 -0.4312359237487743 0.7942144855283948 
-0.08944981036965734 -0.4356015067621314 0.7941554221182796 
-0.08944981036965734 -0.4356015067621314 0.7941554221182796 
-0.08944981036965734 -0.4356015067621314 0.7941554221182796 
-0.08945053363857729 -0.4369528455432419 0.7941317131097853 
-0.08945053363857729 -0.4369528455432419 0.7941317131097853 
-0.08945053363857729 -0.4369528455432419 0.7941317131097853 
-0.0894530310522367 -0.4413111796324951 0.794069407446207 
-0.0894530310522367 -0.4413111796324951 0.794069407446207 
-0.0894530310522367 -0.4413111796324951 0.794069407446207 
-0.0894530310522367 -0.4413111796324951 0.794069407446207 
-0.0894530310522367 -0.4413111796324951 0.794069407446207 
-0.0894530310522367 -0.4413111796324951 0.794069407446207 
-0.08945439733811555 -0.44366573650463803 0.7940372152847883 
-0.08945439733811555 -0.44366573650463803 0.7940372152847883 
-0.08945439733811555 -0.44366573650463803 0.7940372152847883 
-0.08945439733811555 -0.44366573650463803 0.7940372152847883 
-0.08945641752333461 -0.44724715021250283 0.7939832622593469 
-0.08945641752333461 -0.44724715021250283 0.7939832622593469 
-0.08945641752333461 -0.44724715021250283 0.7939832622593469 
-0.08945641752333461 -0.44724715021250283 0.7939832622593469 
-0.08945824727455846 -0.45038578152352027 0.7939410796730907 
-0.08945824727455846 -0.45038578152352027 0.7939410796730907 
-0.08946066990716971 -0.45478583805885664 0.7938696939730923 
-0.08946066990716971 -0.45478583805885664 0.7938696939730923 
-0.08946066990716971 -0.45478583805885664 0.7938696939730923 
-0.08946237140082774 -0.45780227073693536 0.793824252233517 
-0.08946237140082774 -0.45780227073693536 0.793824252233517 
-0.08946237140082774 -0.45780227073693536 0.793824252233517 
-0.08946413072705448 -0.46105796154945755 0.793768576079762 
-0.08946413072705448 -0.46105796154945755 0.793768576079762 
-0.08946413072705448 -0.46105796154945755 0.793768576079762 
-0.08946528126479655 -0.4630976515750528 0.7937378487031389 
-0.08946528126479655 -0.4630976515750528 0.7937378487031389 
-0.08946528126479655 -0.4630976515750528 0.7937378487031389 
-0.08946733810435482 -0.46650213666834206 0.793698291157135 
-0.08946733810435482 -0.46650213666834206 0.793698291157135 
-0.08946733810435482 -0.46650213666834206 0.793698291157135 
-0.08946733810435482 -0.46650213666834206 0.793698291157135 
-0.08946733810435482 -0.46650213666834206 0.793698291157135 
-0.08946928449802564 -0.4701946416070314 0.7936309344745724 
-0.08946928449802564 -0.4701946416070314 0.7936309344745724 
-0.08946928449802564 -0.4701946416070314 0.7936309344745724 
-0.08947010306448279 -0.47150907639907225 0.7936177629265181 
-0.08947010306448279 -0.47150907639907225 0.7936177629265181 
-0.08947122456687473 -0.4734972921339735 0.7935878109961133 
-0.08947122456687473 -0.4734972921339735 0.7935878109961133 
-0.08947122456687473 -0.4734972921339735 0.7935878109961133 
-0.08947122456687473 -0.4734972921339735 0.7935878109961133 
-0.08947122456687473 -0.4734972921339735 0.7935878109961133 
-0.0894729871351296 -0.4766896133297336 0.7935364409449723 
-0.0894729871351296 -0.4766896133297336 0.7935364409449723 
-0.0894729871351296 -0.4766896133297336 0.7935364409449723 
-0.08947408730005746 -0.47877823596088775 0.7934982734988534 
-0.08947408730005746 -0.47877823596088775 0.7934982734988534 
-0.08947408730005746 -0.47877823596088775 0.7934982734988534 
-0.08947408730005746 -0.47877823596088775 0.7934982734988534 
-0.08947408730005746 -0.47877823596088775 0.7934982734988534 
-0.08947408730005746 -0.47877823596088775 0.7934982734988534 
-0.0894759343369271 -0.48215486290990717 0.793442451203295 
-0.0894759343369271 -0.48215486290990717 0.793442451203295 
-0.0894759343369271 -0.48215486290990717 0.793442451203295 
-0.0894759343369271 -0.48215486290990717 0.793442451203295 
-0.0894759343369271 -0.48215486290990717 0.793442451203295 
-0.0894778002915485 -0.4851548323751438 0.7934121933164696 
-0.0894778002915485 -0.4851548323751438 0.7934121933164696 
-0.08947902621588688 -0.4874649005701407 0.7933707627107867 
-0.08947902621588688 -0.4874649005701407 0.7933707627107867 
-0.08947902621588688 -0.4874649005701407 0.7933707627107867 
-0.08947902621588688 -0.4874649005701407 0.7933707627107867 
-0.08947902621588688 -0.4874649005701407 0.7933707627107867 
-0.08948082854944639 -0.49052337197453266 0.793331317724534 
-0.08948196804657846 -0.49268022076244056 0.793292195327632 
-0.08948196804657846 -0.49268022076244056 0.793292195327632 
-0.08948196804657846 -0.49268022076244056 0.793292195327632 
-0.08948196804657846 -0.49268022076244056 0.793292195327632 
-0.08948374502383925 -0.4957613547368539 0.7932491303371261 
-0.08948374502383925 -0.4957613547368539 0.7932491303371261 
-0.08948462883050383 -0.4975685874461885 0.7932102476267489 
-0.08948462883050383 -0.4975685874461885 0.7932102476267489 
-0.08948462883050383 -0.4975685874461885 0.7932102476267489 
-0.08948572213658017 -0.49933552606118536 0.7931919349596893 
-0.08948572213658017 -0.49933552606118536 0.7931919349596893 
-0.08948572213658017 -0.49933552606118536 0.7931919349596893 
-0.08948755947749878 -0.5026619078679905 0.7931384724640789 
-0.08948755947749878 -0.5026619078679905 0.7931384724640789 
-0.08948895385054621 -0.5049280238178099 0.7931143155542255 
-0.08948895385054621 -0.5049280238178099 0.7931143155542255 
-0.08948895385054621 -0.5049280238178099 0.7931143155542255 
-0.0894904264482451 -0.5075386664141578 0.7930749869320919 
-0.0894904264482451 -0.5075386664141578 0.7930749869320919 
-0.0894915158538574 -0.5095375950965773 0.793041595015254 
-0.0894915158538574 -0.5095375950965773 0.793041595015254 
-0.0894915158538574 -0.5095375950965773 0.793041595015254 
-0.08949224404852543 -0.5106557563558735 0.7930331288607176 
-0.08949224404852543 -0.5106557563558735 0.7930331288607176 
-0.08949224404852543 -0.5106557563558735 0.7930331288607176 
-0.08949340608761136 -0.5128210143740595 0.7929954097938109 
-0.08949340608761136 -0.5128210143740595 0.7929954097938109 
-0.08949340608761136 -0.5128210143740595 0.7929954097938109 
-0.08949536952872934 -0.5161966530719542 0.7929496567556001 
-0.08949536952872934 -0.5161966530719542 0.7929496567556001 
-0.08949536952872934 -0.5161966530719542 0.7929496567556001 
-0.08949536952872934 -0.5161966530719542 0.7929496567556001 
-0.08949536952872934 -0.5161966530719542 0.7929496567556001 
-0.08949682383501796 -0.5190858954811268 0.7928910495484854 
-0.08949682383501796 -0.5190858954811268 0.7928910495484854 
-0.08949682383501796 -0.5190858954811268 0.7928910495484854 
-0.08949791197625881 -0.5208767338199249 0.7928707739680558 
-0.08949960159199999 -0.5240103434172979 0.7928168640769208 
-0.08949960159199999 -0.5240103434172979 0.7928168640769208 
-0.08949960159199999 -0.5240103434172979 0.7928168640769208 
-0.0895020441825212 -0.5282023691192572 0.7927604152605952 
-0.08950250466030119 -0.5290187108181225 0.7927481172944733 
-0.08950250466030119 -0.5290187108181225 0.7927481172944733 
-0.08950360219052683 -0.5307916355199566 0.7927297873063911 
-0.08950360219052683 -0.5307916355199566 0.7927297873063911 
-0.08950360219052683 -0.5307916355199566 0.7927297873063911 
-0.08950534014254959 -0.5338727021167946 0.7926833718743727 
-0.08950534014254959 -0.5338727021167946 0.7926833718743727 
-0.08950534014254959 -0.5338727021167946 0.7926833718743727 
-0.08950534014254959 -0.5338727021167946 0.7926833718743727 
-0.08950692611511243 -0.5369953644098655 0.7926212482600622 
-0.08950692611511243 -0.5369953644098655 0.7926212482600622 
-0.08950811452006774 -0.5387911588902877 0.7926092766580476 
-0.08950811452006774 -0.5387911588902877 0.7926092766580476 
-0.08950811452006774 -0.5387911588902877 0.7926092766580476 
-0.08950811452006774 -0.5387911588902877 0.7926092766580476 
-0.08950988025044794 -0.5417156225153387 0.7925752019191554 
-0.08950988025044794 -0.5417156225153387 0.7925752019191554 
-0.08950988025044794 -0.5417156225153387 0.7925752019191554 
-0.08950988025044794 -0.5417156225153387 0.7925752019191554 
-0.0895112569102334 -0.544467212075472 0.7925186684148501 
-0.0895112569102334 -0.544467212075472 0.7925186684148501 
-0.08951243354826391 -0.5466899047877016 0.7924785540970996 
-0.08951243354826391 -0.5466899047877016 0.7924785540970996 
-0.08951243354826391 -0.5466899047877016 0.7924785540970996 
-0.08951438267833835 -0.5503166411849447 0.7924156125140513 
-0.08951438267833835 -0.5503166411849447 0.7924156125140513 
-0.08951438267833835 -0.5503166411849447 0.7924156125140513 
-0.08951653578821475 -0.5535837736988237 0.7923930599862922 
-0.08951653578821475 -0.5535837736988237 0.7923930599862922 
-0.08951653578821475 -0.5535837736988237 0.7923930599862922 
-0.08951653578821475 -0.5535837736988237 0.7923930599862922 
-0.08951779852004141 -0.5561318875720374 0.7923396646457338 
-0.08951779852004141 -0.5561318875720374 0.7923396646457338 
-0.08951779852004141 -0.5561318875720374 0.7923396646457338 
-0.08951779852004141 -0.5561318875720374 0.7923396646457338 
-0.08951779852004141 -0.5561318875720374 0.7923396646457338 
-0.08951968534693172 -0.5593040888688453 0.7923002549355399 
-0.08951968534693172 -0.5593040888688453 0.7923002549355399 
-0.08952079638490057 -0.5614465459507483 0.7922596007597631 
-0.08952079638490057 -0.5614465459507483 0.7922596007597631 
-0.08952194989075515 -0.5636297321517694 0.7922200087391306 
-0.08952194989075515 -0.5636297321517694 0.7922200087391306 
-0.08952194989075515 -0.5636297321517694 0.7922200087391306 
-0.08952194989075515 -0.5636297321517694 0.7922200087391306 
-0.08952348717695724 -0.5662859383348492 0.792183345170467 
-0.08952348717695724 -0.5662859383348492 0.792183345170467 
-0.08952655347059318 -0.5715851765270724 0.7921101436407443 
-0.08952655347059318 -0.5715851765270724 0.7921101436407443 
-0.08952655347059318 -0.5715851765270724 0.7921101436407443 
-0.08952655347059318 -0.5715851765270724 0.7921101436407443 
-0.08952655347059318 -0.5715851765270724 0.7921101436407443 
-0.08952804596212934 -0.5742987017919621 0.7920659865203473 
-0.08952804596212934 -0.5742987017919621 0.7920659865203473 
-0.08952804596212934 -0.5742987017919621 0.7920659865203473 
-0.08952804596212934 -0.5742987017919621 0.7920659865203473 
-0.0895290793763495 -0.5760631389511828 0.792042684352234 
-0.08953124058300495 -0.5801004063579136 0.7919718825026852 
-0.08953124058300495 -0.5801004063579136 0.7919718825026852 
-0.08953124058300495 -0.5801004063579136 0.7919718825026852 
-0.08953124058300495 -0.5801004063579136 0.7919718825026852 
-0.0895339509178138 -0.5846994784383001 0.7919125802419357 
-0.08953561450210142 -0.5878545536812729 0.7918550683778893 
-0.08953561450210142 -0.5878545536812729 0.7918550683778893 
-0.08953561450210142 -0.5878545536812729 0.7918550683778893 
-0.08953561450210142 -0.5878545536812729 0.7918550683778893 
-0.08953561450210142 -0.5878545536812729 0.7918550683778893 
-0.08953658192067152 -0.5895004902469271 0.7918336242468053 
-0.08953658192067152 -0.5895004902469271 0.7918336242468053 
-0.08953732280584693 -0.5905720322907909 0.7918292118546334 
-0.08953732280584693 -0.5905720322907909 0.7918292118546334 
-0.08953732280584693 -0.5905720322907909 0.7918292118546334 
-0.08953732280584693 -0.5905720322907909 0.7918292118546334 
-0.0895390361262618 -0.5937822244434917 0.7917724725398199 
-0.0895390361262618 -0.5937822244434917 0.7917724725398199 
-0.0895390361262618 -0.5937822244434917 0.7917724725398199 
-0.08954026848780419 -0.5960360900223838 0.7917351672100805 
-0.08954026848780419 -0.5960360900223838 0.7917351672100805 
-0.08954101323162403 -0.5973563826866818 0.7917152773594465 
-0.08954101323162403 -0.5973563826866818 0.7917152773594465 
-0.08954324296037337 -0.6011725464932874 0.7916644179428074 
-0.08954324296037337 -0.6011725464932874 0.7916644179428074 
-0.0895445413259502 -0.6033691296086174 0.7916364270569284 
-0.0895445413259502 -0.6033691296086174 0.7916364270569284 
-0.08954483912248776 -0.6040022458804756 0.7916217892895762 
-0.08954483912248776 -0.6040022458804756 0.7916217892895762 
-0.08954483912248776 -0.6040022458804756 0.7916217892895762 
-0.08954483912248776 -0.6040022458804756 0.7916217892895762 
-0.08954598590519862 -0.6061028935170085 0.7915868650043031 
-0.08954598590519862 -0.6061028935170085 0.7915868650043031 
-0.08954714670770011 -0.6082298981883661 0.7915514707997031 
-0.08954714670770011 -0.6082298981883661 0.7915514707997031 
-0.08954714670770011 -0.6082298981883661 0.7915514707997031 
-0.08954924004040152 -0.6118042570995527 0.7915042541081828 
-0.08954924004040152 -0.6118042570995527 0.7915042541081828 
-0.08954924004040152 -0.6118042570995527 0.7915042541081828 
-0.08955147493594784 -0.6157663123951566 0.7914445668205354 
-0.08955147493594784 -0.6157663123951566 0.7914445668205354 
-0.08955147493594784 -0.6157663123951566 0.7914445668205354 
-0.08955147493594784 -0.6157663123951566 0.7914445668205354 
-0.0895530291451411 -0.6187274858818514 0.7913899760338187 
-0.0895530291451411 -0.6187274858818514 0.7913899760338187 
-0.08955428810426175 -0.6208211526398516 0.7913651384254471 
-0.08955428810426175 -0.6208211526398516 0.7913651384254471 
-0.08955428810426175 -0.6208211526398516 0.7913651384254471 
-0.08955428810426175 -0.6208211526398516 0.7913651384254471 
-0.08955428810426175 -0.6208211526398516 0.7913651384254471 
-0.0895557887625685 -0.6234139269044344 0.7913293575836687 
-0.0895557887625685 -0.6234139269044344 0.7913293575836687 
-0.08955617743948667 -0.6242397107082509 0.7913102873194745 
-0.08955869682813616 -0.6285693877945197 0.7912516919646548 
-0.08955869682813616 -0.6285693877945197 0.7912516919646548 
-0.08955869682813616 -0.6285693877945197 0.7912516919646548 
-0.08955958400593023 -0.630037011234322 0.7912346826584336 
-0.08955958400593023 -0.630037011234322 0.7912346826584336 
-0.08955998136458349 -0.630914247256456 0.7912130886945158 
-0.08955998136458349 -0.630914247256456 0.7912130886945158 
-0.08956174534068112 -0.6339738351265529 0.791170275432473 
-0.08956174534068112 -0.6339738351265529 0.791170275432473 
-0.08956300961510266 -0.6362827737747037 0.7911322132996438 
-0.08956300961510266 -0.6362827737747037 0.7911322132996438 
-0.08956300961510266 -0.6362827737747037 0.7911322132996438 
-0.08956300961510266 -0.6362827737747037 0.7911322132996438 
-0.08956493325317058 -0.6396930272902989 0.7910808387560423 
-0.08956493325317058 -0.6396930272902989 0.7910808387560423 
-0.08956493325317058 -0.6396930272902989 0.7910808387560423 
-0.08956632092247688 -0.642222224729552 0.7910393856265573 
-0.08956632092247688 -0.642222224729552 0.7910393856265573 
-0.08956632092247688 -0.642222224729552 0.7910393856265573 
-0.08956632092247688 -0.642222224729552 0.7910393856265573 
-0.08956857085633729 -0.6459690302073818 0.7909946711168729 
-0.08956990213592989 -0.6485710519706952 0.7909437422673683 
-0.08956990213592989 -0.6485710519706952 0.7909437422673683 
-0.08956990213592989 -0.6485710519706952 0.7909437422673683 
-0.08957051614151942 -0.6495228382847428 0.7909360339202047 
-0.08957051614151942 -0.6495228382847428 0.7909360339202047 
-0.08957051614151942 -0.6495228382847428 0.7909360339202047 
-0.08957051614151942 -0.6495228382847428 0.7909360339202047 
-0.08957204926133866 -0.6523775070915078 0.7908863990541213 
-0.08957204926133866 -0.6523775070915078 0.7908863990541213 
-0.08957204926133866 -0.6523775070915078 0.7908863990541213 
-0.0895725406471222 -0.6534199332296755 0.7908623894036922 
-0.0895725406471222 -0.6534199332296755 0.7908623894036922 
-0.08957392360940936 -0.655700378583765 0.7908363408969842 
-0.08957392360940936 -0.655700378583765 0.7908363408969842 
-0.08957392360940936 -0.655700378583765 0.7908363408969842 
-0.08957392360940936 -0.655700378583765 0.7908363408969842 
-0.08957573502325933 -0.6588425622442438 0.7907923562095279 
-0.08957824338236708 -0.6632894177145371 0.7907253655388334 
-0.08957961571170636 -0.6655495102776208 0.7906996964991486 
-0.08957961571170636 -0.6655495102776208 0.7906996964991486 
-0.08957961571170636 -0.6655495102776208 0.7906996964991486 
-0.08957961571170636 -0.6655495102776208 0.7906996964991486 
-0.08958092359162995 -0.667973317051985 0.7906580824654054 
-0.08958092359162995 -0.667973317051985 0.7906580824654054 
-0.08958211868221695 -0.6700919910082558 0.7906261652173044 
-0.08958211868221695 -0.6700919910082558 0.7906261652173044 
-0.08958317770954802 -0.6720370646322804 0.7905935846123039 
-0.08958317770954802 -0.6720370646322804 0.7905935846123039 
-0.08958317770954802 -0.6720370646322804 0.7905935846123039 
-0.08958456858705977 -0.6747432399067032 0.7905411595761748 
-0.08958456858705977 -0.6747432399067032 0.7905411595761748 
-0.08958456858705977 -0.6747432399067032 0.7905411595761748 
-0.08958715947894517 -0.6791651204027831 0.7904828509302808 
-0.08958715947894517 -0.6791651204027831 0.7904828509302808 
-0.08958748977450738 -0.6798197903054632 0.7904696370493502 
-0.08958748977450738 -0.6798197903054632 0.7904696370493502 
-0.08958748977450738 -0.6798197903054632 0.7904696370493502 
-0.08958934441302882 -0.683038603291198 0.7904244979619075 
-0.08958934441302882 -0.683038603291198 0.7904244979619075 
-0.08958934441302882 -0.683038603291198 0.7904244979619075 
-0.08958934441302882 -0.683038603291198 0.7904244979619075 
-0.08958934441302882 -0.683038603291198 0.7904244979619075 
-0.08959139450103787 -0.6864311191402731 0.7903851207293188 
-0.08959139450103787 -0.6864311191402731 0.7903851207293188 
-0.08959139450103787 -0.6864311191402731 0.7903851207293188 
-0.08959139450103787 -0.6864311191402731 0.7903851207293188 
-0.08959139450103787 -0.6864311191402731 0.7903851207293188 
-0.0895933185072944 -0.6897744108011111 0.7903380335466709 
-0.0895933185072944 -0.6897744108011111 0.7903380335466709 
-0.0895933185072944 -0.6897744108011111 0.7903380335466709 
-0.08959435254808946 -0.6917803661744021 0.790299435732085 
-0.08959435254808946 -0.6917803661744021 0.790299435732085 
-0.08959482375716706 -0.6928215813210724 0.790273768596646 
-0.08959482375716706 -0.6928215813210724 0.790273768596646 
-0.08959621735067427 -0.6952921641383963 0.7902365499370685 
-0.08959621735067427 -0.6952921641383963 0.7902365499370685 
-0.08959621735067427 -0.6952921641383963 0.7902365499370685 
-0.08959918606119435 -0.7004860201498266 0.7901616573625103 
-0.08959918606119435 -0.7004860201498266 0.7901616573625103 
-0.08960042528236047 -0.7025461977215778 0.7901372514018892 
-0.08960223748666499 -0.7057588998424946 0.7900888529164289 
-0.08960223748666499 -0.7057588998424946 0.7900888529164289 
-0.08960329009585707 -0.7075198024684103 0.7900674254388709 
-0.08960329009585707 -0.7075198024684103 0.7900674254388709 
-0.0896043141689005 -0.709577203998243 0.7900247011453627 
-0.0896043141689005 -0.709577203998243 0.7900247011453627 
-0.08960564078463652 -0.711859930518401 0.7899936639464517 
-0.08960564078463652 -0.711859930518401 0.7899936639464517 
-0.08960564078463652 -0.711859930518401 0.7899936639464517 
-0.08960564078463652 -0.711859930518401 0.7899936639464517 
-0.08960700740146259 -0.7142826886834311 0.7899571657522807 
-0.08960700740146259 -0.7142826886834311 0.7899571657522807 
-0.08960700740146259 -0.7142826886834311 0.7899571657522807 
-0.08960700740146259 -0.7142826886834311 0.7899571657522807 
-0.0896087880183013 -0.7175085092171207 0.7899052181849555 
-0.0896087880183013 -0.7175085092171207 0.7899052181849555 
-0.0896087880183013 -0.7175085092171207 0.7899052181849555 
-0.0896087880183013 -0.7175085092171207 0.7899052181849555 
-0.0896112671935548 -0.721834509995568 0.7898433996139285 
-0.0896112671935548 -0.721834509995568 0.7898433996139285 
-0.0896112671935548 -0.721834509995568 0.7898433996139285 
-0.08961167973902617 -0.7225658766010796 0.7898323817745239 
-0.08961392152724666 -0.7266092684609096 0.7897681177170757 
-0.08961392152724666 -0.7266092684609096 0.7897681177170757 
-0.0896146088718317 -0.727827802927671 0.7897497608260685 
-0.0896146088718317 -0.727827802927671 0.7897497608260685 
-0.0896146088718317 -0.727827802927671 0.7897497608260685 
-0.0896146088718317 -0.727827802927671 0.7897497608260685 
-0.0896146088718317 -0.727827802927671 0.7897497608260685 
-0.0896146088718317 -0.727827802927671 0.7897497608260685 
-0.08961686672264461 -0.7318305536536046 0.7896894604728087 
-0.08961686672264461 -0.7318305536536046 0.7896894604728087 
-0.08961686672264461 -0.7318305536536046 0.7896894604728087 
-0.08961745428542926 -0.7329413106259999 0.7896693757639641 
-0.08961745428542926 -0.7329413106259999 0.7896693757639641 
-0.08961745428542926 -0.7329413106259999 0.7896693757639641 
-0.08962000885542978 -0.737022330631692 0.789629607914991 
-0.08962000885542978 -0.737022330631692 0.789629607914991 
-0.08962050558453213 -0.7381448491609399 0.7896009673801409 
-0.08962050558453213 -0.7381448491609399 0.7896009673801409 
-0.08962050558453213 -0.7381448491609399 0.7896009673801409 
-0.0896225767244033 -0.7418842106013055 0.7895413563161927 
-0.0896225767244033 -0.7418842106013055 0.7895413563161927 
-0.0896225767244033 -0.7418842106013055 0.7895413563161927 
-0.0896225767244033 -0.7418842106013055 0.7895413563161927 
-0.08962420624766876 -0.7449112873845972 0.7894890513129871 
-0.08962420624766876 -0.7449112873845972 0.7894890513129871 
-0.08962420624766876 -0.7449112873845972 0.7894890513129871 
-0.08962420624766876 -0.7449112873845972 0.7894890513129871 
-0.08962596309665001 -0.7480258547840952 0.7894421312004694 
-0.08962596309665001 -0.7480258547840952 0.7894421312004694 
-0.08962701985008856 -0.7495882555429012 0.7894336756115232 
-0.08962701985008856 -0.7495882555429012 0.7894336756115232 
-0.08962701985008856 -0.7495882555429012 0.7894336756115232 
-0.08962701985008856 -0.7495882555429012 0.7894336756115232 
-0.08962701985008856 -0.7495882555429012 0.7894336756115232 
-0.08962863899486948 -0.7525638771784159 0.7893837486366705 
-0.08962863899486948 -0.7525638771784159 0.7893837486366705 
-0.08962863899486948 -0.7525638771784159 0.7893837486366705 
-0.08962863899486948 -0.7525638771784159 0.7893837486366705 
-0.08963113182910364 -0.7569832099275857 0.7893171725882994 
-0.08963113182910364 -0.7569832099275857 0.7893171725882994 
-0.08963181440913653 -0.7580881194836886 0.7893056274682879 
-0.08963181440913653 -0.7580881194836886 0.7893056274682879 
-0.08963308245861021 -0.7604413142577573 0.789265077185164 
-0.08963308245861021 -0.7604413142577573 0.789265077185164 
-0.08963308245861021 -0.7604413142577573 0.789265077185164 
-0.08963308245861021 -0.7604413142577573 0.789265077185164 
-0.08963308245861021 -0.7604413142577573 0.789265077185164 
-0.08963473579289594 -0.7635091010172502 0.7892122317549668 
-0.08963705021559568 -0.7675430260745763 0.7891548132254035 
-0.08963705021559568 -0.7675430260745763 0.7891548132254035 
-0.08963705021559568 -0.7675430260745763 0.7891548132254035 
-0.0896386791459553 -0.7703632028980969 0.7891156066257962 
-0.0896386791459553 -0.7703632028980969 0.7891156066257962 
-0.0896386791459553 -0.7703632028980969 0.7891156066257962 
-0.08963943399338825 -0.7715962291512913 0.7891021314625167 
-0.08963943399338825 -0.7715962291512913 0.7891021314625167 
-0.08964065767492344 -0.7736288578396373 0.7890781405183467 
-0.08964065767492344 -0.7736288578396373 0.7890781405183467 
-0.08964065767492344 -0.7736288578396373 0.7890781405183467 
-0.08964065767492344 -0.7736288578396373 0.7890781405183467 
-0.0896420017935271 -0.7762536407886701 0.7890268687777571 
-0.08964324661113472 -0.7785972032457561 0.7889849335901071 
-0.08964324661113472 -0.7785972032457561 0.7889849335901071 
-0.08964462961658473 -0.780807105441855 0.7889633721112155 
-0.08964462961658473 -0.780807105441855 0.7889633721112155 
-0.08964462961658473 -0.780807105441855 0.7889633721112155 
-0.08964462961658473 -0.780807105441855 0.7889633721112155 
-0.08964462961658473 -0.780807105441855 0.7889633721112155 
-0.08964640910218 -0.7841345961878599 0.7889048657249306 
-0.08964640910218 -0.7841345961878599 0.7889048657249306 
-0.08964640910218 -0.7841345961878599 0.7889048657249306 
-0.08964640910218 -0.7841345961878599 0.7889048657249306 
-0.0896482628923267 -0.7873534077088649 0.7888596538018033 
-0.0896482628923267 -0.7873534077088649 0.7888596538018033 
-0.0896482628923267 -0.7873534077088649 0.7888596538018033 
-0.0896482628923267 -0.7873534077088649 0.7888596538018033 
-0.08965078707220586 -0.7918959250577476 0.7887879434120856 
-0.08965078707220586 -0.7918959250577476 0.7887879434120856 
-0.08965126403595397 -0.7928797275827505 0.7887664197809955 
-0.08965126403595397 -0.7928797275827505 0.7887664197809955 
-0.08965247708454108 -0.794892003480091 0.7887428083038488 
-0.08965247708454108 -0.794892003480091 0.7887428083038488 
-0.08965247708454108 -0.794892003480091 0.7887428083038488 
-0.08965247708454108 -0.794892003480091 0.7887428083038488 
-0.08965412808639583 -0.7978880406871408 0.7886943223599714 
-0.08965412808639583 -0.7978880406871408 0.7886943223599714 
-0.08965412808639583 -0.7978880406871408 0.7886943223599714 
-0.08965605965506415 -0.8014836439682846 0.788631849788867 
-0.08965605965506415 -0.8014836439682846 0.788631849788867 
-0.08965686247758148 -0.8026664919780446 0.7886256877447788 
-0.08965686247758148 -0.8026664919780446 0.7886256877447788 
-0.08965686247758148 -0.8026664919780446 0.7886256877447788 
-0.08965686247758148 -0.8026664919780446 0.7886256877447788 
-0.08965926819838642 -0.8069313887739917 0.788561438232126 
-0.08965926819838642 -0.8069313887739917 0.788561438232126 
-0.08965926819838642 -0.8069313887739917 0.788561438232126 
-0.08965926819838642 -0.8069313887739917 0.788561438232126 
-0.08965926819838642 -0.8069313887739917 0.788561438232126 
-0.08966125151757845 -0.8105856801164159 0.7884996844118255 
-0.08966125151757845 -0.8105856801164159 0.7884996844118255 
-0.08966125151757845 -0.8105856801164159 0.7884996844118255 
-0.08966125151757845 -0.8105856801164159 0.7884996844118255 
-0.08966324104595554 -0.8139745106664337 0.7884553355124606 
-0.08966324104595554 -0.8139745106664337 0.7884553355124606 
-0.08966324104595554 -0.8139745106664337 0.7884553355124606 
-0.08966484398975211 -0.8165758253053349 0.7884278046536045 
-0.089665350503815 -0.8177833053396555 0.788394605597954 
-0.089665350503815 -0.8177833053396555 0.788394605597954 
-0.08966660244853886 -0.820071888267341 0.7883567772607782 
-0.08966660244853886 -0.820071888267341 0.7883567772607782 
-0.08966660244853886 -0.820071888267341 0.7883567772607782 
-0.0896687326913859 -0.8238484137370466 0.7882998849296017 
-0.0896687326913859 -0.8238484137370466 0.7882998849296017 
-0.0896687326913859 -0.8238484137370466 0.7882998849296017 
