-0.660096540901791 1.0412974504980348 -0.5511190656124336 
-0.6600961173429449 1.0412958431535762 -0.5511219756919399 
-0.6600961173429449 1.0412958431535762 -0.5511219756919399 
-0.6600961173429449 1.0412958431535762 -0.5511219756919399 
-0.660096540901791 1.0412974504980348 -0.5511190656124336 
-0.660096540901791 1.0412974504980348 -0.5511190656124336 
-0.6600961173429449 1.0412958431535762 -0.5511219756919399 
-0.6600961173429449 1.0412958431535762 -0.5511219756919399 
-0.6600961173429449 1.0412958431535762 -0.5511219756919399 
-0.6600961173429449 1.0412958431535762 -0.5511219756919399 
-0.6600961173429449 1.0412958431535762 -0.5511219756919399 
-0.6600961173429449 1.0412958431535762 -0.5511219756919399 
-0.660249252281408 1.0418769680597997 -0.5500698554252912 
-0.660249252281408 1.0418769680597997 -0.5500698554252912 
-0.660249252281408 1.0418769680597997 -0.5500698554252912 
-0.660249252281408 1.0418769680597997 -0.5500698554252912 
-0.6608300535044176 1.0440822723343919 -0.5460941918721731 
-0.6608300535044176 1.0440822723343919 -0.5460941918721731 
-0.6608300535044176 1.0440822723343919 -0.5460941918721731 
-0.6608300535044176 1.0440822723343919 -0.5460941918721731 
-0.6612473162850967 1.045665367350619 -0.5432231503054812 
-0.6612473162850967 1.045665367350619 -0.5432231503054812 
-0.6612473162850967 1.045665367350619 -0.5432231503054812 
-0.6612473162850967 1.045665367350619 -0.5432231503054812 
-0.6612473162850967 1.045665367350619 -0.5432231503054812 
-0.6617161959277166 1.047444697665976 -0.5400016922922348 
-0.6617161959277166 1.047444697665976 -0.5400016922922348 
-0.6617161959277167 1.0474446976659761 -0.5400016922922352 
-0.6621140785244481 1.0489540702736297 -0.5372617049261363 
-0.6623756742213889 1.0499464312591549 -0.5354601808405324 
-0.6623756742213889 1.0499464312591549 -0.5354601808405324 
-0.6623756742213889 1.0499464312591549 -0.5354601808405324 
-0.6625315694296764 1.050538387775468 -0.534393315472097 
-0.6625315694296764 1.050538387775468 -0.534393315472097 
-0.662759862580869 1.0514040136385496 -0.5328163785257078 
-0.662759862580869 1.0514040136385496 -0.5328163785257078 
-0.662759862580869 1.0514040136385496 -0.5328163785257078 
-0.6631326861100661 1.0528184661838362 -0.530250635715382 
-0.6631326861100661 1.0528184661838362 -0.530250635715382 
-0.6631326861100661 1.0528184661838362 -0.530250635715382 
-0.6631326861100661 1.0528184661838362 -0.530250635715382 
-0.6637054392891595 1.0549923402572006 -0.5263197525535475 
-0.6637054392891595 1.0549923402572006 -0.5263197525535475 
-0.6637054392891595 1.0549923402572006 -0.5263197525535475 
-0.663895025841313 1.0557121505424916 -0.5250214093391823 
-0.663895025841313 1.0557121505424916 -0.5250214093391823 
-0.663895025841313 1.0557121505424916 -0.5250214093391823 
-0.663895025841313 1.0557121505424916 -0.5250214093391823 
-0.663895025841313 1.0557121505424916 -0.5250214093391823 
-0.6643458192922891 1.0574232031667725 -0.5219284327459275 
-0.6643458192922891 1.0574232031667725 -0.5219284327459275 
-0.6643458192922891 1.0574232031667725 -0.5219284327459275 
-0.6643458192922891 1.0574232031667725 -0.5219284327459275 
-0.6647576523000646 1.0589865839716286 -0.5191052337727455 
-0.6647576523000646 1.0589865839716286 -0.5191052337727455 
-0.6647576523000646 1.0589865839716286 -0.5191052337727455 
-0.6647576523000646 1.0589865839716286 -0.5191052337727455 
-0.6647576523000646 1.0589865839716286 -0.5191052337727455 
-0.6651675723223931 1.060542527855682 -0.5162930798518286 
-0.6651675723223931 1.060542527855682 -0.5162930798518286 
-0.6651675723223931 1.060542527855682 -0.5162930798518286 
-0.6651675723223931 1.060542527855682 -0.5162930798518286 
-0.6657055309586054 1.0625836461579878 -0.5125927921510955 
-0.6657055309586054 1.0625836461579878 -0.5125927921510955 
-0.6657055309586054 1.0625836461579878 -0.5125927921510955 
-0.6658453577949333 1.0631133777544368 -0.5116215686777832 
-0.6658453577949333 1.0631133777544368 -0.5116215686777832 
-0.6658453577949333 1.0631133777544368 -0.5116215686777832 
-0.6658453577949333 1.0631133777544368 -0.5116215686777832 
-0.6663744677343827 1.0651209165344717 -0.5079820763336882 
-0.6664646376591186 1.0654634551215796 -0.5073667793894818 
-0.6664646376591186 1.0654634551215796 -0.5073667793894818 
-0.6664646376591186 1.0654634551215796 -0.5073667793894818 
-0.6669675040544478 1.0673730080158412 -0.5039265704654852 
-0.6669675040544478 1.0673730080158412 -0.5039265704654852 
-0.6673670461258359 1.0688883213034053 -0.5011709621541529 
-0.6675378784578244 1.0695366052541693 -0.4999972511742272 
-0.6675378784578244 1.0695366052541693 -0.4999972511742272 
-0.6676151616021099 1.069829526804431 -0.49946205451196046 
-0.6676151616021099 1.069829526804431 -0.49946205451196046 
-0.6676151616021099 1.069829526804431 -0.49946205451196046 
-0.6680276137697138 1.0713950798129628 -0.49663250337660525 
-0.6680276137697138 1.0713950798129628 -0.49663250337660525 
-0.6680276137697138 1.0713950798129628 -0.49663250337660525 
-0.6684512094470062 1.073002564040363 -0.49372217082011916 
-0.6687292899374278 1.0740583734190998 -0.49181792434488236 
-0.6687292899374278 1.0740583734190998 -0.49181792434488236 
-0.6695113680309644 1.0770257122772595 -0.4864383050789629 
-0.6695113680309644 1.0770257122772595 -0.4864383050789629 
-0.6695113680309644 1.0770257122772595 -0.4864383050789629 
-0.6697982646945824 1.078114443551873 -0.4844671690517699 
-0.6697982646945824 1.078114443551873 -0.4844671690517699 
-0.669810907005358 1.0781624192897268 -0.48438030950477295 
-0.6698109070053581 1.0781624192897272 -0.4843803095047733 
-0.6698109070053581 1.0781624192897272 -0.4843803095047733 
-0.6699853608328279 1.078825337281349 -0.4831922539845632 
-0.6699853608328279 1.078825337281349 -0.4831922539845632 
-0.6699853608328279 1.078825337281349 -0.4831922539845632 
-0.6704583573403895 1.080618327204927 -0.47991929235512987 
-0.6704583573403895 1.080618327204927 -0.47991929235512987 
-0.6704583573403895 1.080618327204927 -0.47991929235512987 
-0.6708953309746439 1.082278542138689 -0.4769402644787093 
-0.6708953309746439 1.082278542138689 -0.4769402644787093 
-0.670895330974644 1.0822785421386891 -0.47694026447870963 
-0.6714246293777509 1.084286261906831 -0.47329315963694496 
-0.671518811666562 1.0846442042524913 -0.4726523937681375 
-0.671518811666562 1.0846442042524913 -0.4726523937681375 
-0.6717866842540986 1.0856594941383035 -0.4707972069300115 
-0.6717866842540986 1.0856594941383035 -0.4707972069300115 
-0.6717866842540986 1.0856594941383035 -0.4707972069300115 
-0.6721941068918795 1.087206317595801 -0.4680064308507432 
-0.6721941068918795 1.087206317595801 -0.4680064308507432 
-0.6723173164770863 1.087673880121817 -0.4671599140274596 
-0.6723173164770863 1.087673880121817 -0.4671599140274596 
-0.6727356473626817 1.0892610284414612 -0.4642815339994044 
-0.6727356473626817 1.0892610284414612 -0.4642815339994044 
-0.6727356473626817 1.0892610284414612 -0.4642815339994044 
-0.6732757217226484 1.0913105323948984 -0.46057092957874235 
-0.6732757217226484 1.0913105323948984 -0.46057092957874235 
-0.6732757217226484 1.0913105323948984 -0.46057092957874235 
-0.6737012397598742 1.092925668485743 -0.45765160881688405 
-0.6737012397598742 1.092925668485743 -0.45765160881688405 
-0.6737012397598742 1.092925668485743 -0.45765160881688405 
-0.67420298204427 1.0948297077657025 -0.4542043665915234 
-0.67420298204427 1.0948297077657025 -0.4542043665915234 
-0.6744045520864791 1.095594280087667 -0.4528152513820112 
-0.6744045520864791 1.095594280087667 -0.4528152513820112 
-0.6746620817429582 1.0965701387310625 -0.4510289817905193 
-0.6746620817429582 1.0965701387310625 -0.4510289817905193 
-0.6746620817429582 1.0965701387310625 -0.4510289817905193 
-0.674662081742958 1.0965701387310627 -0.45102898179051953 
-0.675165383475467 1.0984815249843252 -0.44758792617529264 
-0.675165383475467 1.0984815249843252 -0.44758792617529264 
-0.675165383475467 1.0984815249843252 -0.44758792617529264 
-0.675613668096933 1.1001835911682494 -0.44451850425439343 
-0.675613668096933 1.1001835911682494 -0.44451850425439343 
-0.675613668096933 1.1001835911682494 -0.44451850425439343 
-0.675613668096933 1.1001835911682494 -0.44451850425439343 
-0.6760104403573247 1.1016876779027116 -0.44177346408846185 
-0.6760104403573247 1.1016876779027116 -0.44177346408846185 
-0.6761855738249634 1.102353890551956 -0.4405892010325885 
-0.6765299547902363 1.1036607664233804 -0.4382231166063397 
-0.6767058117518845 1.1043272271255986 -0.4370043465872153 
-0.6767058117518845 1.1043272271255986 -0.4370043465872153 
-0.6770948597598176 1.1058036079528335 -0.4343313752982696 
-0.677196834085438 1.1061909425311487 -0.43363497570347964 
-0.6775480040297367 1.1075244725845972 -0.4312327844032491 
-0.6775480040297367 1.1075244725845972 -0.4312327844032491 
-0.6775480040297367 1.1075244725845972 -0.4312327844032491 
-0.6775480040297367 1.1075244725845972 -0.4312327844032491 
-0.6779193475068193 1.1089333104961807 -0.428677233412577 
-0.6780465972461898 1.1094165616079321 -0.42780717798639056 
-0.6780465972461898 1.1094165616079321 -0.42780717798639056 
-0.6781267708807781 1.109719204373974 -0.42723736553004943 
-0.6781267708807781 1.109719204373974 -0.42723736553004943 
-0.6786026768347739 1.1115264462992374 -0.4239823894928756 
-0.6786026768347739 1.1115264462992374 -0.4239823894928756 
-0.6786026768347738 1.1115264462992376 -0.4239823894928758 
-0.679106104146753 1.1134368800147596 -0.42052357021208864 
-0.6792964981557073 1.114158863491463 -0.4192091422283888 
-0.6792964981557073 1.114158863491463 -0.4192091422283888 
-0.6795218703635064 1.1150137615835312 -0.41765649320315346 
-0.6795218703635064 1.1150137615835312 -0.41765649320315346 
-0.679949096744081 1.11663591479406 -0.4147317528437857 
-0.679949096744081 1.11663591479406 -0.4147317528437857 
-0.6801898134559868 1.117548508852026 -0.41306736108464026 
-0.6801898134559868 1.117548508852026 -0.41306736108464026 
-0.6803699740496019 1.1182334399804044 -0.41184431643129815 
-0.6807391856244894 1.1196336534278446 -0.4092970951176418 
-0.680976360162697 1.1205336964399604 -0.4076675771194245 
-0.680976360162697 1.1205336964399604 -0.4076675771194245 
-0.680976360162697 1.1205336964399604 -0.4076675771194245 
-0.680976360162697 1.1205336964399604 -0.4076675771194245 
-0.6813940953709147 1.1221194752404207 -0.40480382682095084 
-0.6813940953709147 1.1221194752404207 -0.40480382682095084 
-0.6815295329158519 1.1226334411021028 -0.40387329726757804 
-0.6815295329158519 1.1226334411021028 -0.40387329726757804 
-0.6815295329158519 1.1226334411021028 -0.40387329726757804 
-0.6819741471731444 1.1243197968053944 -0.40080801853923864 
-0.6823872183338916 1.1258873420172324 -0.3979699951322191 
-0.6823872183338916 1.1258873420172324 -0.3979699951322191 
-0.6823872183338916 1.1258873420172324 -0.3979699951322191 
-0.6827765433350662 1.127366021769853 -0.3953098773036501 
-0.6827765433350662 1.127366021769853 -0.3953098773036501 
-0.6830267837428955 1.1283156478642806 -0.39359058967892957 
-0.6833026415643767 1.1293608837700653 -0.39167632049077294 
-0.6833026415643767 1.1293608837700653 -0.39167632049077294 
-0.6834372224504501 1.1298712399998192 -0.39074743414002744 
-0.6834372224504501 1.1298712399998192 -0.39074743414002744 
-0.6834372224504501 1.1298712399998192 -0.39074743414002744 
-0.6840624324718514 1.1322441801901189 -0.38645614395762307 
-0.684452171824071 1.133724432344927 -0.38379317931214607 
-0.6848782763308736 1.135340903012684 -0.38085929208330427 
-0.6848782763308736 1.135340903012684 -0.38085929208330427 
-0.6851333436969038 1.1363084899281883 -0.3791026211796529 
-0.6851333436969038 1.1363084899281883 -0.3791026211796529 
-0.6851333436969038 1.1363084899281883 -0.3791026211796529 
-0.6851333436969038 1.1363084899281883 -0.3791026211796529 
-0.685275798345416 1.1368503324575057 -0.37813863686495064 
-0.685275798345416 1.1368503324575057 -0.37813863686495064 
-0.685275798345416 1.1368503324575057 -0.37813863686495064 
-0.68581392910016 1.138891212934537 -0.3744266295141432 
-0.6860359475979183 1.1397337409688615 -0.372901241752166 
-0.6860359475979183 1.1397337409688615 -0.372901241752166 
-0.6860359475979183 1.1397337409688615 -0.372901241752166 
-0.6860359475979183 1.1397337409688615 -0.372901241752166 
-0.686420217516343 1.1411932374147946 -0.3702758550898755 
-0.6867470660692967 1.1424323325452923 -0.3680154713118253 
-0.6867470660692967 1.1424323325452923 -0.3680154713118253 
-0.6867470660692967 1.1424323325452923 -0.3680154713118253 
-0.6867470660692967 1.1424323325452923 -0.3680154713118253 
-0.6871298138708686 1.1438851617881176 -0.36539000531748456 
-0.6871298138708686 1.1438851617881176 -0.36539000531748456 
-0.6872854809546071 1.1444758958188197 -0.3643204878363969 
-0.6872854809546071 1.1444758958188197 -0.3643204878363969 
-0.6872854809546071 1.1444758958188197 -0.3643204878363969 
-0.6876716405427132 1.1459422065014337 -0.3616778986639243 
-0.6876716405427132 1.1459422065014337 -0.3616778986639243 
-0.6876716405427132 1.1459422065014337 -0.3616778986639243 
-0.688089252460619 1.1475253786666917 -0.35878970178019476 
-0.688423013449596 1.1487939146147863 -0.3565197778229101 
-0.688423013449596 1.1487939146147863 -0.3565197778229101 
-0.6888107184298476 1.150263594284379 -0.3538370578573502 
