-0.6610816828360638 1.0557085551976015 -0.27920433203154027 
-0.6610812601798428 1.0557069476155534 -0.2792072421110433 
-0.6604427940722143 1.052757392183613 -0.2774552640282163 
-0.6604427940722143 1.052757392183613 -0.2774552640282163 
-0.6604427940722142 1.052757392183613 -0.27745526402821596 
-0.6604427940722142 1.052757392183613 -0.27745526402821596 
-0.6603019912040515 1.0521079595752252 -0.2770811853498627 
-0.6603019912040515 1.0521079595752252 -0.2770811853498627 
-0.6603019912040515 1.0521079595752252 -0.2770811853498627 
-0.6603019912040515 1.0521079595752252 -0.2770811853498627 
-0.6603019912040515 1.0521079595752252 -0.2770811853498627 
-0.6607155696011975 1.0540183809408687 -0.27821360239806414 
-0.6607155696011975 1.0540183809408687 -0.27821360239806414 
-0.6607155696011975 1.0540183809408687 -0.27821360239806414 
-0.6607155696011975 1.0540183809408687 -0.27821360239806414 
-0.6607155696011975 1.0540183809408687 -0.27821360239806414 
-0.6607155696011975 1.0540183809408687 -0.27821360239806414 
-0.6611194784333237 1.0558837998159487 -0.27931557505464333 
-0.6611194784333237 1.0558837998159487 -0.27931557505464333 
-0.6611194784333237 1.0558837998159487 -0.27931557505464333 
-0.6611194784333237 1.0558837998159487 -0.27931557505464333 
-0.6611194784333237 1.0558837998159487 -0.27931557505464333 
-0.6621016991294015 1.060419758839198 -0.2819912758599529 
-0.6621016991294015 1.060419758839198 -0.2819912758599529 
-0.6625165771156948 1.0623358378276475 -0.28312317533911247 
-0.6625165771156948 1.0623358378276475 -0.28312317533911247 
-0.6625165771156948 1.0623358378276475 -0.28312317533911247 
-0.6625165771156948 1.0623358378276475 -0.28312317533911247 
-0.6625165771156948 1.0623358378276475 -0.28312317533911247 
-0.6625165771156948 1.0623358378276475 -0.28312317533911247 
-0.6630082451752295 1.0646065652928083 -0.2844645789297905 
-0.6630082451752295 1.0646065652928083 -0.2844645789297905 
-0.6630082451752295 1.0646065652928083 -0.2844645789297905 
-0.6630082451752295 1.0646065652928083 -0.2844645789297905 
-0.6630082451752295 1.0646065652928083 -0.2844645789297905 
-0.6635944882488873 1.0673144239042016 -0.28606807196628203 
-0.6635944882488873 1.0673144239042016 -0.28606807196628203 
-0.6635944882488874 1.0673144239042016 -0.28606807196628237 
-0.6635944882488874 1.0673144239042016 -0.28606807196628237 
-0.6642041736919785 1.0701298602815457 -0.2877273957336297 
-0.6642041736919784 1.0701298602815457 -0.2877273957336294 
-0.6642041736919784 1.0701298602815457 -0.2877273957336294 
-0.6642041736919784 1.0701298602815457 -0.2877273957336294 
-0.6642041736919784 1.0701298602815457 -0.2877273957336294 
-0.6646243174716788 1.072070258892725 -0.28887366172297313 
-0.6646243174716788 1.072070258892725 -0.28887366172297313 
-0.6646243174716788 1.072070258892725 -0.28887366172297313 
-0.6646243174716788 1.072070258892725 -0.28887366172297313 
-0.6646243174716788 1.072070258892725 -0.28887366172297313 
-0.6652067493499857 1.0747589734169474 -0.29044856071655845 
-0.6652067493499857 1.0747589734169474 -0.29044856071655845 
-0.6655815768260933 1.0764919693249506 -0.2914934508300172 
-0.6655815768260933 1.0764919693249506 -0.2914934508300172 
-0.6658975490552048 1.0779519417684025 -0.29236354669360554 
-0.6658975490552048 1.0779519417684025 -0.29236354669360554 
-0.6658975490552048 1.0779519417684025 -0.29236354669360554 
-0.6658975490552048 1.0779519417684025 -0.29236354669360554 
-0.6658975490552048 1.0779519417684025 -0.29236354669360554 
-0.6658975490552048 1.0779519417684025 -0.29236354669360554 
-0.6665287099411534 1.0808662237346538 -0.2940774864140935 
-0.6665287099411534 1.0808662237346538 -0.2940774864140935 
-0.6665287099411534 1.0808662237346538 -0.2940774864140935 
-0.6665287099411534 1.0808662237346538 -0.2940774864140935 
-0.6665287099411534 1.0808662237346538 -0.2940774864140935 
-0.6665287099411534 1.0808662237346538 -0.2940774864140935 
-0.6671076644438166 1.0835393874354509 -0.2956489046551187 
-0.6671076644438166 1.0835393874354509 -0.2956489046551187 
-0.6671076644438166 1.0835393874354509 -0.2956489046551187 
-0.6671076644438166 1.0835393874354509 -0.2956489046551187 
-0.6671076644438166 1.0835393874354509 -0.2956489046551187 
-0.6671076644438166 1.0835393874354509 -0.2956489046551187 
-0.6671076644438166 1.0835393874354509 -0.2956489046551187 
-0.6671076644438166 1.0835393874354509 -0.2956489046551187 
-0.6680719440568978 1.0879935203402336 -0.2982878469286143 
-0.6680719440568978 1.0879935203402336 -0.2982878469286143 
-0.6680719440568978 1.0879935203402336 -0.2982878469286143 
-0.6686540021426193 1.0906817065177474 -0.2998758589847742 
-0.6686540021426193 1.0906817065177474 -0.2998758589847742 
-0.6686540021426193 1.0906817065177474 -0.2998758589847742 
-0.6686540021426193 1.0906817065177474 -0.2998758589847742 
-0.6693804399976402 1.094037042902691 -0.3018618413440267 
-0.6693804399976402 1.094037042902691 -0.3018618413440267 
-0.6693804399976402 1.094037042902691 -0.3018618413440267 
-0.6693804399976402 1.094037042902691 -0.3018618413440267 
-0.6698628438396157 1.096263951100225 -0.3031657800404828 
-0.6698628438396157 1.096263951100225 -0.3031657800404828 
-0.6698628438396157 1.096263951100225 -0.3031657800404828 
-0.6698628438396157 1.096263951100225 -0.3031657800404828 
-0.670522552222152 1.099310414204409 -0.30496157993087014 
-0.670522552222152 1.099310414204409 -0.30496157993087014 
-0.670522552222152 1.099310414204409 -0.30496157993087014 
-0.670522552222152 1.099310414204409 -0.30496157993087014 
-0.6713095583157492 1.1029458243108896 -0.30711687204455507 
-0.6713095583157492 1.1029458243108896 -0.30711687204455507 
-0.6713095583157492 1.1029458243108896 -0.30711687204455507 
-0.6714477792487695 1.1035841860323456 -0.3074939761745975 
-0.6714477792487695 1.1035841860323456 -0.3074939761745975 
-0.6721722414572258 1.106930398060258 -0.30947456843509524 
-0.6721722414572258 1.106930398060258 -0.30947456843509524 
-0.6723229511160508 1.1076260934884692 -0.3098816819904726 
-0.6723229511160508 1.1076260934884692 -0.3098816819904726 
-0.6723229511160508 1.1076260934884692 -0.3098816819904726 
-0.6723229511160508 1.1076260934884692 -0.3098816819904726 
-0.6723229511160508 1.1076260934884692 -0.3098816819904726 
-0.6730043945337829 1.1107732824396122 -0.31174084414197545 
-0.6730043945337829 1.1107732824396122 -0.31174084414197545 
-0.6730043945337829 1.1107732824396122 -0.31174084414197545 
-0.6736693866178943 1.1138444922939492 -0.3135551226009896 
-0.6736693866178943 1.1138444922939492 -0.3135551226009896 
-0.6736693866178943 1.1138444922939492 -0.3135551226009896 
-0.6736693866178943 1.1138444922939492 -0.3135551226009896 
-0.6736693866178943 1.1138444922939492 -0.3135551226009896 
-0.674281720767931 1.1166725059209883 -0.3152257359581623 
-0.674281720767931 1.1166725059209883 -0.3152257359581623 
-0.674281720767931 1.1166725059209883 -0.3152257359581623 
-0.674281720767931 1.1166725059209883 -0.3152257359581623 
-0.6746553851562259 1.1183989322232037 -0.3162533199831947 
-0.6746553851562259 1.1183989322232037 -0.3162533199831947 
-0.6746553851562259 1.1183989322232037 -0.3162533199831947 
-0.6746553851562259 1.1183989322232037 -0.3162533199831947 
-0.6746553851562259 1.1183989322232037 -0.3162533199831947 
-0.6755243820772823 1.122411632370867 -0.3186160524736128 
-0.6755243820772824 1.122411632370867 -0.31861605247361313 
-0.6755243820772824 1.122411632370867 -0.31861605247361313 
-0.6755243820772823 1.122411632370867 -0.3186160524736128 
-0.6765063833902769 1.126946578191849 -0.32129115474247105 
-0.6765063833902769 1.126946578191849 -0.32129115474247105 
-0.6765063833902769 1.126946578191849 -0.32129115474247105 
-0.6769368715936004 1.1289354404911935 -0.3224737695205433 
-0.6769368715936004 1.1289354404911935 -0.3224737695205433 
-0.6772021374358924 1.130160892831081 -0.3232015497619284 
-0.6777583083177801 1.1327295211410422 -0.3247189345167979 
-0.6777583083177801 1.1327295211410422 -0.3247189345167979 
-0.6781589072966738 1.1345793093180634 -0.3258078137974695 
-0.6786437589700867 1.1368182114587606 -0.3271265572410873 
-0.6786437589700867 1.1368182114587606 -0.3271265572410873 
-0.6786437589700867 1.1368182114587606 -0.3271265572410873 
-0.6786437589700869 1.1368182114587606 -0.3271265572410872 
-0.6786437589700869 1.1368182114587606 -0.3271265572410872 
-0.6791593242751669 1.1391989619168932 -0.32852909578793 
-0.6791593242751669 1.1391989619168932 -0.32852909578793 
-0.6791593242751669 1.1391989619168932 -0.32852909578793 
-0.6791593242751669 1.1391989619168932 -0.32852909578793 
-0.6799327447275431 1.142771972305282 -0.3306513857940211 
-0.680646157232104 1.1460654301073923 -0.3325815154699082 
-0.680646157232104 1.1460654301073923 -0.3325815154699082 
-0.6808563865439256 1.1470373897132629 -0.3331672675546783 
-0.6808563865439256 1.1470373897132629 -0.3331672675546783 
-0.681014117660232 1.1477655131506548 -0.33359353754719856 
-0.681014117660232 1.1477655131506548 -0.33359353754719856 
-0.6811591382700213 1.1484352786057759 -0.3339891930365497 
-0.6811591382700213 1.1484352786057759 -0.3339891930365497 
-0.6815909242642697 1.1504297902229892 -0.33517128533954343 
-0.6821582663746472 1.1530496674894766 -0.3367150850303484 
-0.6821582663746472 1.1530496674894766 -0.3367150850303484 
-0.6825301297660676 1.154766742779342 -0.337725565847932 
-0.6828375034480443 1.1561863222053321 -0.3385641644770019 
-0.6828375034480443 1.1561863222053321 -0.3385641644770019 
-0.6828375034480443 1.1561863222053321 -0.3385641644770019 
-0.6828375034480443 1.1561863222053321 -0.3385641644770019 
-0.6834349183495995 1.1589454325415645 -0.3401940740847742 
-0.6834349183495995 1.1589454325415645 -0.3401940740847742 
-0.6834349183495995 1.1589454325415645 -0.3401940740847742 
-0.6834349183495995 1.1589454325415645 -0.3401940740847742 
-0.6840284004656002 1.1616867240594695 -0.3418173171888239 
-0.6840284004656002 1.1616867240594695 -0.3418173171888239 
-0.6840284004656002 1.1616867240594695 -0.3418173171888239 
-0.6840284004656002 1.1616867240594695 -0.3418173171888239 
-0.6840284004656002 1.1616867240594695 -0.3418173171888239 
-0.6847104722103203 1.1648361260456905 -0.34367006718625137 
-0.6847104722103203 1.1648361260456905 -0.34367006718625137 
-0.6847104722103203 1.1648361260456905 -0.34367006718625137 
-0.6853685084755475 1.1678765887174167 -0.34548162108843783 
-0.6853685084755475 1.1678765887174167 -0.34548162108843783 
-0.6853685084755475 1.1678765887174167 -0.34548162108843783 
-0.6859433096107586 1.170530914860996 -0.34704577101859746 
-0.6859433096107586 1.170530914860996 -0.34704577101859746 
-0.6862297578192544 1.1718523093497097 -0.34780908322015347 
-0.6862297578192544 1.1718523093497097 -0.34780908322015347 
-0.6862297578192544 1.1718523093497097 -0.34780908322015347 
-0.6862297578192544 1.1718523093497097 -0.34780908322015347 
-0.6868568251877868 1.1747488762464544 -0.3495258992562861 
-0.6868568251877868 1.1747488762464544 -0.3495258992562861 
-0.6868568251877868 1.1747488762464544 -0.3495258992562861 
-0.6868568251877868 1.1747488762464544 -0.3495258992562861 
-0.6868568251877868 1.1747488762464544 -0.3495258992562861 
-0.6874413137961853 1.1774486320080206 -0.3511246056365106 
-0.6874413137961853 1.1774486320080206 -0.3511246056365106 
-0.6874413137961853 1.1774486320080206 -0.3511246056365106 
-0.6876578580864015 1.1784487235488112 -0.3517153970918504 
-0.6876578580864015 1.1784487235488112 -0.3517153970918504 
-0.6876578580864015 1.1784487235488112 -0.3517153970918504 
-0.6876578580864015 1.1784487235488112 -0.3517153970918504 
-0.6886945066923514 1.183236397703359 -0.3545436551723292 
-0.6886945066923514 1.183236397703359 -0.3545436551723292 
-0.6886945066923514 1.183236397703359 -0.3545436551723292 
-0.6890286797280162 1.1847804365241938 -0.3554634960946902 
-0.6890286797280162 1.1847804365241938 -0.3554634960946902 
-0.6896024012565707 1.1874301210155467 -0.35702876376568826 
-0.689833190536073 1.1884956574178556 -0.3576543562086685 
-0.6898331905360728 1.1884956574178556 -0.35765435620866814 
-0.6901552318635565 1.189982289287413 -0.3585248457458753 
-0.6904009875225626 1.1911179799113645 -0.3592034601247822 
-0.6904009875225626 1.1911179799113645 -0.3592034601247822 
-0.6904009875225626 1.1911179799113645 -0.3592034601247822 
-0.6909997187226178 1.1938831694612009 -0.3608369609512637 
-0.6909997187226178 1.1938831694612009 -0.3608369609512637 
-0.6909997187226178 1.1938831694612009 -0.3608369609512637 
-0.6909997187226178 1.1938831694612009 -0.3608369609512637 
-0.6909997187226178 1.1938831694612009 -0.3608369609512637 
-0.6914418032082815 1.1959248993723688 -0.3620430871271506 
-0.6921587741720129 1.1992358248782167 -0.36399511484348135 
-0.6921587741720129 1.1992358248782167 -0.36399511484348135 
-0.6921587741720129 1.1992358248782167 -0.36399511484348135 
-0.6921587741720129 1.1992358248782167 -0.36399511484348135 
-0.6924163466952571 1.2004254018528835 -0.36469784242734493 
-0.6927662992029765 1.2020419724144842 -0.3656566708218154 
-0.6927662992029765 1.2020419724144842 -0.3656566708218154 
-0.6927662992029765 1.2020419724144842 -0.3656566708218154 
-0.6933676815076066 1.2048197502872648 -0.36730146777950456 
-0.6933676815076066 1.2048197502872648 -0.36730146777950456 
-0.6933676815076066 1.2048197502872648 -0.36730146777950456 
-0.6936410657227969 1.2060826966476705 -0.36805139714029056 
-0.6936410657227969 1.2060826966476705 -0.36805139714029056 
-0.6940273576702513 1.2078653757464757 -0.36908905336508 
-0.6940273576702513 1.2078653757464757 -0.36908905336508 
-0.6940273576702513 1.2078653757464757 -0.36908905336508 
-0.6940273576702513 1.2078653757464757 -0.36908905336508 
-0.6947143202825878 1.2110387434725254 -0.37097139977406746 
-0.6947143202825878 1.2110387434725254 -0.37097139977406746 
-0.6954918594848956 1.2146297426999106 -0.37309273724483016 
-0.6957104092439383 1.215639785169456 -0.3736971265623553 
-0.6957104092439383 1.215639785169456 -0.3736971265623553 
-0.6960528406846709 1.217220242637268 -0.37461918264922944 
-0.6960528406846709 1.217220242637268 -0.37461918264922944 
-0.6963457350831473 1.21857295071361 -0.37541827787249316 
-0.6963457350831473 1.21857295071361 -0.37541827787249316 
-0.6963457350831473 1.21857295071361 -0.37541827787249316 
-0.6963457350831473 1.21857295071361 -0.37541827787249316 
-0.6967180348431052 1.2202920413347615 -0.3764299492215982 
-0.6967180348431052 1.2202920413347615 -0.3764299492215982 
-0.6967180348431052 1.2202920413347615 -0.3764299492215982 
-0.6972816599545675 1.2228950963753165 -0.3779676711330585 
-0.6972816599545675 1.2228950963753165 -0.3779676711330585 
-0.6978214081262815 1.2253885666235715 -0.3794483766881783 
-0.6978214081262815 1.2253885666235715 -0.3794483766881783 
-0.6978214081262815 1.2253885666235715 -0.3794483766881783 
-0.6978214081262815 1.2253885666235715 -0.3794483766881783 
-0.6983973234856694 1.2280483831375986 -0.3810196297236931 
-0.6983973234856694 1.2280483831375986 -0.3810196297236931 
-0.6983973234856694 1.2280483831375986 -0.3810196297236931 
-0.6983973234856694 1.2280483831375986 -0.3810196297236931 
-0.6991270186682343 1.2314180743749557 -0.3830063725542169 
-0.6991270186682343 1.2314180743749557 -0.3830063725542169 
-0.6991270186682343 1.2314180743749557 -0.3830063725542169 
-0.6991270186682343 1.2314180743749557 -0.3830063725542169 
-0.6991270186682343 1.2314180743749557 -0.3830063725542169 
-0.7001263882599628 1.2360339229665325 -0.3857369865903284 
-0.7001263882599627 1.2360339229665325 -0.38573698659032807 
-0.7001263882599627 1.2360339229665325 -0.38573698659032807 
-0.7001263882599627 1.2360339229665325 -0.38573698659032807 
-0.7007100130483441 1.2387300336682672 -0.3873373994357697 
-0.7007100130483441 1.2387300336682672 -0.3873373994357697 
-0.7007100130483441 1.2387300336682672 -0.3873373994357697 
-0.7007100130483441 1.2387300336682672 -0.3873373994357697 
-0.701205750994175 1.2410176707370844 -0.38866764750804805 
-0.701205750994175 1.2410176707370844 -0.38866764750804805 
-0.7015912274514495 1.2427979612435174 -0.38971933165527306 
-0.7015912274514495 1.2427979612435174 -0.38971933165527306 
-0.7015912274514495 1.2427979612435174 -0.38971933165527306 
-0.7018515202487015 1.2440016439771402 -0.39044767695324045 
-0.7018515202487015 1.2440016439771402 -0.39044767695324045 
-0.7018515202487015 1.2440016439771402 -0.39044767695324045 
-0.7018515202487015 1.2440016439771402 -0.39044767695324045 
-0.7018515202487015 1.2440016439771402 -0.39044767695324045 
-0.7018515202487015 1.2440016439771402 -0.39044767695324045 
-0.7018515202487015 1.2440016439771402 -0.39044767695324045 
-0.7026137026351755 1.2475217190458074 -0.3925271168723906 
-0.7026137026351755 1.2475217190458074 -0.3925271168723906 
-0.7030761402189379 1.2496564147637592 -0.3937765822103677 
-0.7030761402189379 1.2496564147637592 -0.3937765822103677 
-0.7030761402189379 1.2496564147637592 -0.3937765822103677 
-0.7030761402189379 1.2496564147637592 -0.3937765822103677 
-0.7035845130132906 1.2520049804779032 -0.39517168724083496 
-0.7035845130132906 1.2520049804779032 -0.39517168724083496 
-0.7035845130132906 1.2520049804779032 -0.39517168724083496 
-0.7039570470674626 1.2537254975871839 -0.3961880610081062 
-0.7041327514866572 1.2545362847880162 -0.39665930383725245 
-0.7041327514866572 1.2545362847880162 -0.39665930383725245 
-0.704470652835924 1.2560975425107723 -0.3975893166085994 
-0.704470652835924 1.2560975425107723 -0.3975893166085994 
-0.704470652835924 1.2560975425107723 -0.3975893166085994 
-0.704470652835924 1.2560975425107723 -0.3975893166085994 
-0.7049750791324056 1.2584278816573518 -0.3989736545243193 
-0.7049750791324056 1.2584278816573518 -0.3989736545243193 
-0.7049750791324056 1.2584278816573518 -0.3989736545243193 
-0.7049750791324056 1.2584278816573518 -0.3989736545243193 
-0.7049750791324056 1.2584278816573518 -0.3989736545243193 
-0.7059759187671198 1.26304914183823 -0.4016920264352767 
-0.7059759187671198 1.26304914183823 -0.4016920264352767 
-0.7065219747243402 1.2655707108016576 -0.40317775173682036 
-0.7065219747243402 1.2655707108016576 -0.40317775173682036 
-0.7067069922903383 1.2664265765058889 -0.4036987825527526 
-0.7073679364872549 1.2694772047116762 -0.40547975800931135 
-0.7073679364872549 1.2694772047116762 -0.40547975800931135 
-0.7082524041269705 1.2735635863116561 -0.4079110212793834 
-0.7082524041269705 1.2735635863116561 -0.4079110212793834 
-0.7082524041269705 1.2735635863116561 -0.4079110212793834 
-0.7084739930292887 1.2745869759679718 -0.4085155758024194 
-0.7084739930292887 1.2745869759679718 -0.4085155758024194 
-0.7084739930292889 1.2745869759679718 -0.40851557580241926 
-0.7088561662268114 1.2763516662277805 -0.40955418456253734 
-0.7088561662268114 1.2763516662277805 -0.40955418456253734 
-0.7090617389652314 1.2773010865819516 -0.41011504265391496 
-0.7090617389652314 1.2773010865819516 -0.41011504265391496 
-0.7095511964845798 1.2795612604336397 -0.41144635209232494 
-0.7095511964845798 1.2795612604336397 -0.41144635209232494 
-0.7095511964845798 1.2795612604336397 -0.41144635209232494 
-0.7095511964845798 1.2795612604336397 -0.41144635209232494 
-0.7101793781428978 1.2824634977012646 -0.41317239134330463 
-0.7101793781428978 1.2824634977012646 -0.41317239134330463 
-0.7101793781428978 1.2824634977012646 -0.41317239134330463 
-0.7101793781428978 1.2824634977012646 -0.41317239134330463 
-0.7101793781428978 1.2824634977012646 -0.41317239134330463 
-0.7111988665385105 1.2871708856114963 -0.41594164212334006 
-0.7111988665385105 1.2871708856114963 -0.41594164212334006 
-0.7117789674852423 1.2898503773277148 -0.41752837777453267 
-0.7117789674852423 1.2898503773277148 -0.41752837777453267 
-0.7117789674852422 1.2898503773277148 -0.41752837777453233 
-0.7117789674852422 1.2898503773277148 -0.41752837777453233 
-0.7126074244680888 1.2936768804501204 -0.41979269593723856 
-0.7126074244680888 1.2936768804501204 -0.41979269593723856 
-0.7126074244680888 1.2936768804501204 -0.41979269593723856 
-0.7131249493097881 1.2960663364427973 -0.42119651743043096 
-0.7131249493097881 1.2960663364427973 -0.42119651743043096 
-0.7134873845492387 1.2977402130280313 -0.42218533889678234 
-0.714198215184266 1.3010227799436411 -0.4241206141338497 
-0.714198215184266 1.3010227799436411 -0.4241206141338497 
-0.714198215184266 1.3010227799436411 -0.4241206141338497 
-0.714678506943951 1.303241655767558 -0.4254391064985107 
-0.714678506943951 1.303241655767558 -0.4254391064985107 
-0.714678506943951 1.303241655767558 -0.4254391064985107 
-0.7152813408496013 1.3060245953343366 -0.4270696677467497 
-0.7152813408496013 1.3060245953343366 -0.4270696677467497 
-0.7152813408496013 1.3060245953343366 -0.4270696677467497 
-0.7156136050105043 1.307561016160903 -0.42799843361186907 
-0.7156136050105043 1.307561016160903 -0.42799843361186907 
-0.7156136050105043 1.307561016160903 -0.42799843361186907 
-0.7159610810633389 1.3091647717442414 -0.42893425276643893 
-0.7159610810633389 1.3091647717442414 -0.42893425276643893 
-0.7159610810633389 1.3091647717442414 -0.42893425276643893 
-0.7159610810633389 1.3091647717442414 -0.42893425276643893 
-0.716866545104881 1.3133469254723764 -0.43140866703573344 
-0.716866545104881 1.3133469254723764 -0.43140866703573344 
-0.716866545104881 1.3133469254723764 -0.43140866703573344 
-0.716866545104881 1.3133469254723764 -0.43140866703573344 
-0.717013791765395 1.3140276605951442 -0.4318185221944125 
-0.717013791765395 1.3140276605951442 -0.4318185221944125 
-0.7171069848424206 1.314457031701202 -0.43206058854120155 
-0.7171069848424206 1.314457031701202 -0.43206058854120155 
-0.7171069848424206 1.314457031701202 -0.43206058854120155 
-0.717774407449209 1.3175398111395913 -0.4338855613242808 
-0.717774407449209 1.3175398111395913 -0.4338855613242808 
-0.7179896652631871 1.3185346500385013 -0.4344809693243409 
-0.7179896652631871 1.3185346500385013 -0.4344809693243409 
-0.7179896652631871 1.3185346500385013 -0.4344809693243409 
-0.7185688105254865 1.3212080059064664 -0.43604478160907834 
-0.7185688105254865 1.3212080059064664 -0.43604478160907834 
-0.7185688105254865 1.3212080059064664 -0.43604478160907834 
-0.719263027690704 1.3244152225932022 -0.4379509836026837 
-0.719897489709896 1.3273447430775243 -0.43967384137803867 
-0.720034683759017 1.327979732415152 -0.4400643083607759 
-0.720034683759017 1.327979732415152 -0.4400643083607759 
-0.720034683759017 1.327979732415152 -0.4400643083607759 
-0.7206157448178448 1.3306610901524356 -0.44162336611775876 
-0.7206157448178448 1.3306610901524356 -0.44162336611775876 
-0.7206157448178448 1.3306610901524356 -0.44162336611775876 
-0.7206157448178448 1.3306610901524356 -0.44162336611775876 
-0.7206157448178448 1.3306610901524356 -0.44162336611775876 
-0.7214343927373003 1.3344434889256982 -0.44387505536958394 
-0.7214343927373003 1.3344434889256982 -0.44387505536958394 
-0.7216728616235338 1.3355444929439906 -0.4445215998590609 
-0.7216728616235338 1.3355444929439906 -0.4445215998590609 
-0.721672861623534 1.3355444929439906 -0.44452159985906126 
-0.721672861623534 1.3355444929439906 -0.44452159985906126 
-0.7216728616235338 1.3355444929439906 -0.4445215998590609 
-0.722428648481885 1.3390343419653057 -0.4465754646456116 
-0.7230186502908145 1.3417602488186573 -0.44819733892986513 
-0.7230186502908145 1.3417602488186573 -0.44819733892986513 
-0.7230186502908145 1.3417602488186573 -0.44819733892986513 
-0.7236755425096025 1.3447943945482113 -0.44999358196326666 
-0.7236755425096025 1.3447943945482113 -0.44999358196326666 
-0.7240899501092448 1.346707612255465 -0.4511160717000563 
-0.7240899501092448 1.346707612255465 -0.4511160717000563 
-0.7250015431648043 1.3509177278978497 -0.45360314437897187 
-0.7250015431648041 1.3509177278978497 -0.45360314437897153 
-0.7250015431648041 1.3509177278978497 -0.45360314437897153 
-0.7250015431648041 1.3509177278978497 -0.45360314437897153 
-0.7250015431648041 1.3509177278978497 -0.45360314437897153 
-0.7255456097631435 1.353429764755009 -0.455079378970736 
-0.7255456097631435 1.353429764755009 -0.455079378970736 
-0.7255456097631435 1.353429764755009 -0.455079378970736 
-0.7260368730746249 1.3556993117655447 -0.4564278046993592 
-0.7260368730746249 1.3556993117655447 -0.4564278046993592 
-0.7266794856866065 1.358667163915358 -0.4581810258989274 
-0.7266794856866063 1.358667163915358 -0.45818102589892706 
-0.7272841575386718 1.3614601342855253 -0.45983479763269874 
-0.7272841575386718 1.3614601342855253 -0.45983479763269874 
-0.7272841575386718 1.3614601342855253 -0.45983479763269874 
-0.7272841575386718 1.3614601342855253 -0.45983479763269874 
-0.7272841575386718 1.3614601342855253 -0.45983479763269874 
-0.727875854767744 1.364192493613567 -0.4614450446817059 
-0.727875854767744 1.364192493613567 -0.4614450446817059 
-0.727875854767744 1.364192493613567 -0.4614450446817059 
-0.7285590544489576 1.367347793719474 -0.46330899839551287 
-0.7285590544489576 1.367347793719474 -0.46330899839551287 
-0.7285590544489576 1.367347793719474 -0.46330899839551287 
-0.7285590544489576 1.367347793719474 -0.46330899839551287 
-0.7291509859722439 1.3700815795356451 -0.46492394786268576 
-0.7291509859722439 1.3700815795356451 -0.46492394786268576 
-0.7291509859722439 1.3700815795356451 -0.46492394786268576 
-0.7301325473202571 1.3746144934154674 -0.4675978497879495 
-0.7301325473202571 1.3746144934154674 -0.4675978497879495 
-0.7301325473202571 1.3746144934154674 -0.4675978497879495 
-0.7301325473202571 1.3746144934154674 -0.4675978497879495 
-0.7306581535853133 1.3770407636376243 -0.46901771312245855 
-0.7310991906186033 1.3790785095411071 -0.4702310512345039 
-0.7313626989985993 1.380295845189607 -0.4709540366428945 
-0.7313626989985993 1.380295845189607 -0.4709540366428945 
-0.7313626989985993 1.380295845189607 -0.4709540366428945 
-0.7316440019099942 1.3815957078006236 -0.471729633551108 
-0.7316440019099942 1.3815957078006236 -0.471729633551108 
-0.7316440019099942 1.3815957078006236 -0.471729633551108 
-0.7316440019099942 1.3815957078006236 -0.471729633551108 
-0.7322732261598187 1.3845017269290043 -0.4734463276736728 
-0.7322732261598187 1.3845017269290043 -0.4734463276736728 
-0.7322732261598187 1.3845017269290043 -0.4734463276736728 
-0.7326830165988388 1.3863932762492779 -0.4745521573460283 
-0.7332314110088084 1.3889244546640722 -0.4760302180403134 
-0.7337117626185298 1.3911444529757018 -0.4773588550314848 
-0.7338459562984389 1.3917630246728967 -0.47771092718509955 
-0.7338459562984389 1.3917630246728967 -0.47771092718509955 
-0.7338459562984389 1.3917630246728967 -0.47771092718509955 
-0.7338459562984389 1.3917630246728967 -0.47771092718509955 
-0.7342366064528931 1.3935694332190114 -0.47880296071891915 
-0.7342366064528931 1.3935694332190114 -0.47880296071891915 
