-0.5510816828360635 0.9857085551976015 -0.27920433203154027 
-0.5510812601798425 0.9857069476155531 -0.2792072421110431 
-0.5504427940722141 0.982757392183613 -0.27745526402821596 
-0.5504427940722141 0.982757392183613 -0.27745526402821596 
-0.5504427940722141 0.982757392183613 -0.27745526402821563 
-0.5504427940722141 0.982757392183613 -0.27745526402821563 
-0.5503019912040511 0.9821079595752249 -0.2770811853498628 
-0.5503019912040511 0.9821079595752249 -0.2770811853498628 
-0.5503019912040511 0.9821079595752249 -0.2770811853498628 
-0.5503019912040511 0.9821079595752249 -0.2770811853498628 
-0.5503019912040511 0.9821079595752249 -0.2770811853498628 
-0.5507155696011972 0.9840183809408688 -0.2782136023980639 
-0.5507155696011972 0.9840183809408688 -0.2782136023980639 
-0.5507155696011972 0.9840183809408688 -0.2782136023980639 
-0.5507155696011972 0.9840183809408688 -0.2782136023980639 
-0.5507155696011972 0.9840183809408688 -0.2782136023980639 
-0.5507155696011972 0.9840183809408688 -0.2782136023980639 
-0.5511194784333233 0.9858837998159483 -0.2793155750546431 
-0.5511194784333233 0.9858837998159483 -0.2793155750546431 
-0.5511194784333233 0.9858837998159483 -0.2793155750546431 
-0.5511194784333233 0.9858837998159483 -0.2793155750546431 
-0.5511194784333233 0.9858837998159483 -0.2793155750546431 
-0.5521016991294014 0.9904197588391978 -0.281991275859953 
-0.5521016991294014 0.9904197588391978 -0.281991275859953 
-0.5525165771156944 0.9923358378276474 -0.28312317533911235 
-0.5525165771156944 0.9923358378276474 -0.28312317533911235 
-0.5525165771156944 0.9923358378276474 -0.28312317533911235 
-0.5525165771156944 0.9923358378276474 -0.28312317533911235 
-0.5525165771156944 0.9923358378276474 -0.28312317533911235 
-0.5525165771156944 0.9923358378276474 -0.28312317533911235 
-0.5530082451752292 0.9946065652928082 -0.28446457892979027 
-0.5530082451752292 0.9946065652928082 -0.28446457892979027 
-0.5530082451752292 0.9946065652928082 -0.28446457892979027 
-0.5530082451752292 0.9946065652928082 -0.28446457892979027 
-0.5530082451752292 0.9946065652928082 -0.28446457892979027 
-0.553594488248887 0.9973144239042014 -0.2860680719662819 
-0.553594488248887 0.9973144239042014 -0.2860680719662819 
-0.5535944882488871 0.9973144239042014 -0.28606807196628226 
-0.5535944882488871 0.9973144239042014 -0.28606807196628226 
-0.5542041736919782 1.0001298602815454 -0.2877273957336298 
-0.554204173691978 1.0001298602815454 -0.2877273957336295 
-0.554204173691978 1.0001298602815454 -0.2877273957336295 
-0.554204173691978 1.0001298602815454 -0.2877273957336295 
-0.554204173691978 1.0001298602815454 -0.2877273957336295 
-0.5546243174716786 1.002070258892725 -0.2888736617229729 
-0.5546243174716786 1.002070258892725 -0.2888736617229729 
-0.5546243174716786 1.002070258892725 -0.2888736617229729 
-0.5546243174716786 1.002070258892725 -0.2888736617229729 
-0.5546243174716786 1.002070258892725 -0.2888736617229729 
-0.5552067493499855 1.004758973416947 -0.2904485607165582 
-0.5552067493499855 1.004758973416947 -0.2904485607165582 
-0.555581576826093 1.0064919693249503 -0.2914934508300172 
-0.555581576826093 1.0064919693249503 -0.2914934508300172 
-0.5558975490552046 1.0079519417684024 -0.29236354669360554 
-0.5558975490552046 1.0079519417684024 -0.29236354669360554 
-0.5558975490552046 1.0079519417684024 -0.29236354669360554 
-0.5558975490552046 1.0079519417684024 -0.29236354669360554 
-0.5558975490552046 1.0079519417684024 -0.29236354669360554 
-0.5558975490552046 1.0079519417684024 -0.29236354669360554 
-0.556528709941153 1.0108662237346535 -0.2940774864140935 
-0.556528709941153 1.0108662237346535 -0.2940774864140935 
-0.556528709941153 1.0108662237346535 -0.2940774864140935 
-0.556528709941153 1.0108662237346535 -0.2940774864140935 
-0.556528709941153 1.0108662237346535 -0.2940774864140935 
-0.556528709941153 1.0108662237346535 -0.2940774864140935 
-0.5571076644438164 1.013539387435451 -0.2956489046551184 
-0.5571076644438164 1.013539387435451 -0.2956489046551184 
-0.5571076644438164 1.013539387435451 -0.2956489046551184 
-0.5571076644438164 1.013539387435451 -0.2956489046551184 
-0.5571076644438164 1.013539387435451 -0.2956489046551184 
-0.5571076644438164 1.013539387435451 -0.2956489046551184 
-0.5571076644438164 1.013539387435451 -0.2956489046551184 
-0.5571076644438164 1.013539387435451 -0.2956489046551184 
-0.5580719440568976 1.0179935203402335 -0.2982878469286143 
-0.5580719440568976 1.0179935203402335 -0.2982878469286143 
-0.5580719440568976 1.0179935203402335 -0.2982878469286143 
-0.558654002142619 1.0206817065177474 -0.299875858984774 
-0.558654002142619 1.0206817065177474 -0.299875858984774 
-0.558654002142619 1.0206817065177474 -0.299875858984774 
-0.558654002142619 1.0206817065177474 -0.299875858984774 
-0.55938043999764 1.024037042902691 -0.30186184134402694 
-0.55938043999764 1.024037042902691 -0.30186184134402694 
-0.55938043999764 1.024037042902691 -0.30186184134402694 
-0.55938043999764 1.024037042902691 -0.30186184134402694 
-0.5598628438396155 1.026263951100225 -0.30316578004048245 
-0.5598628438396155 1.026263951100225 -0.30316578004048245 
-0.5598628438396155 1.026263951100225 -0.30316578004048245 
-0.5598628438396155 1.026263951100225 -0.30316578004048245 
-0.5605225522221516 1.029310414204409 -0.30496157993087014 
-0.5605225522221516 1.029310414204409 -0.30496157993087014 
-0.5605225522221516 1.029310414204409 -0.30496157993087014 
-0.5605225522221516 1.029310414204409 -0.30496157993087014 
-0.5613095583157489 1.0329458243108895 -0.3071168720445552 
-0.5613095583157489 1.0329458243108895 -0.3071168720445552 
-0.5613095583157489 1.0329458243108895 -0.3071168720445552 
-0.5614477792487693 1.0335841860323456 -0.3074939761745975 
-0.5614477792487693 1.0335841860323456 -0.3074939761745975 
-0.5621722414572257 1.0369303980602582 -0.3094745684350949 
-0.5621722414572257 1.0369303980602582 -0.3094745684350949 
-0.5623229511160504 1.0376260934884691 -0.3098816819904726 
-0.5623229511160504 1.0376260934884691 -0.3098816819904726 
-0.5623229511160504 1.0376260934884691 -0.3098816819904726 
-0.5623229511160504 1.0376260934884691 -0.3098816819904726 
-0.5623229511160504 1.0376260934884691 -0.3098816819904726 
-0.5630043945337828 1.040773282439612 -0.31174084414197556 
-0.5630043945337828 1.040773282439612 -0.31174084414197556 
-0.5630043945337828 1.040773282439612 -0.31174084414197556 
-0.563669386617894 1.0438444922939492 -0.3135551226009894 
-0.563669386617894 1.0438444922939492 -0.3135551226009894 
-0.563669386617894 1.0438444922939492 -0.3135551226009894 
-0.563669386617894 1.0438444922939492 -0.3135551226009894 
-0.563669386617894 1.0438444922939492 -0.3135551226009894 
-0.5642817207679307 1.0466725059209883 -0.3152257359581624 
-0.5642817207679307 1.0466725059209883 -0.3152257359581624 
-0.5642817207679307 1.0466725059209883 -0.3152257359581624 
-0.5642817207679307 1.0466725059209883 -0.3152257359581624 
-0.5646553851562257 1.0483989322232037 -0.31625331998319484 
-0.5646553851562257 1.0483989322232037 -0.31625331998319484 
-0.5646553851562257 1.0483989322232037 -0.31625331998319484 
-0.5646553851562257 1.0483989322232037 -0.31625331998319484 
-0.5646553851562257 1.0483989322232037 -0.31625331998319484 
-0.5655243820772822 1.0524116323708672 -0.3186160524736129 
-0.5655243820772822 1.0524116323708672 -0.31861605247361324 
-0.5655243820772822 1.0524116323708672 -0.31861605247361324 
-0.5655243820772822 1.0524116323708672 -0.3186160524736129 
-0.5665063833902766 1.056946578191849 -0.32129115474247105 
-0.5665063833902766 1.056946578191849 -0.32129115474247105 
-0.5665063833902766 1.056946578191849 -0.32129115474247105 
-0.5669368715936001 1.0589354404911935 -0.3224737695205433 
-0.5669368715936001 1.0589354404911935 -0.3224737695205433 
-0.5672021374358922 1.0601608928310813 -0.3232015497619284 
-0.5677583083177797 1.0627295211410424 -0.3247189345167981 
-0.5677583083177797 1.0627295211410424 -0.3247189345167981 
-0.5681589072966735 1.0645793093180635 -0.3258078137974696 
-0.5686437589700865 1.0668182114587605 -0.32712655724108697 
-0.5686437589700865 1.0668182114587605 -0.32712655724108697 
-0.5686437589700865 1.0668182114587605 -0.32712655724108697 
-0.5686437589700867 1.0668182114587605 -0.32712655724108686 
-0.5686437589700867 1.0668182114587605 -0.32712655724108686 
-0.5691593242751667 1.0691989619168936 -0.3285290957879301 
-0.5691593242751667 1.0691989619168936 -0.3285290957879301 
-0.5691593242751667 1.0691989619168936 -0.3285290957879301 
-0.5691593242751667 1.0691989619168936 -0.3285290957879301 
-0.5699327447275429 1.0727719723052822 -0.3306513857940213 
-0.5706461572321038 1.0760654301073922 -0.3325815154699079 
-0.5706461572321038 1.0760654301073922 -0.3325815154699079 
-0.5708563865439253 1.0770373897132628 -0.33316726755467796 
-0.5708563865439253 1.0770373897132628 -0.33316726755467796 
-0.5710141176602318 1.0777655131506552 -0.3335935375471988 
-0.5710141176602318 1.0777655131506552 -0.3335935375471988 
-0.571159138270021 1.0784352786057758 -0.3339891930365495 
-0.571159138270021 1.0784352786057758 -0.3339891930365495 
-0.5715909242642695 1.0804297902229894 -0.33517128533954343 
-0.572158266374647 1.0830496674894767 -0.33671508503034864 
-0.572158266374647 1.0830496674894767 -0.33671508503034864 
-0.5725301297660673 1.084766742779342 -0.3377255658479317 
-0.5728375034480441 1.0861863222053323 -0.3385641644770022 
-0.5728375034480441 1.0861863222053323 -0.3385641644770022 
-0.5728375034480441 1.0861863222053323 -0.3385641644770022 
-0.5728375034480441 1.0861863222053323 -0.3385641644770022 
-0.5734349183495993 1.0889454325415644 -0.3401940740847744 
-0.5734349183495993 1.0889454325415644 -0.3401940740847744 
-0.5734349183495993 1.0889454325415644 -0.3401940740847744 
-0.5734349183495993 1.0889454325415644 -0.3401940740847744 
-0.5740284004656 1.0916867240594696 -0.34181731718882336 
-0.5740284004656 1.0916867240594696 -0.34181731718882336 
-0.5740284004656 1.0916867240594696 -0.34181731718882336 
-0.5740284004656 1.0916867240594696 -0.34181731718882336 
-0.5740284004656 1.0916867240594696 -0.34181731718882336 
-0.5747104722103202 1.0948361260456905 -0.34367006718625115 
-0.5747104722103202 1.0948361260456905 -0.34367006718625115 
-0.5747104722103202 1.0948361260456905 -0.34367006718625115 
-0.5753685084755473 1.097876588717417 -0.34548162108843816 
-0.5753685084755473 1.097876588717417 -0.34548162108843816 
-0.5753685084755473 1.097876588717417 -0.34548162108843816 
-0.5759433096107581 1.1005309148609959 -0.34704577101859735 
-0.5759433096107581 1.1005309148609959 -0.34704577101859735 
-0.5762297578192541 1.1018523093497092 -0.34780908322015325 
-0.5762297578192541 1.1018523093497092 -0.34780908322015325 
-0.5762297578192541 1.1018523093497092 -0.34780908322015325 
-0.5762297578192541 1.1018523093497092 -0.34780908322015325 
-0.5768568251877866 1.1047488762464548 -0.3495258992562863 
-0.5768568251877866 1.1047488762464548 -0.3495258992562863 
-0.5768568251877866 1.1047488762464548 -0.3495258992562863 
-0.5768568251877866 1.1047488762464548 -0.3495258992562863 
-0.5768568251877866 1.1047488762464548 -0.3495258992562863 
-0.577441313796185 1.1074486320080208 -0.3511246056365107 
-0.577441313796185 1.1074486320080208 -0.3511246056365107 
-0.577441313796185 1.1074486320080208 -0.3511246056365107 
-0.5776578580864011 1.108448723548811 -0.3517153970918502 
-0.5776578580864011 1.108448723548811 -0.3517153970918502 
-0.5776578580864011 1.108448723548811 -0.3517153970918502 
-0.5776578580864011 1.108448723548811 -0.3517153970918502 
-0.5786945066923512 1.113236397703359 -0.35454365517232944 
-0.5786945066923512 1.113236397703359 -0.35454365517232944 
-0.5786945066923512 1.113236397703359 -0.35454365517232944 
-0.579028679728016 1.114780436524194 -0.35546349609468997 
-0.579028679728016 1.114780436524194 -0.35546349609468997 
-0.5796024012565706 1.117430121015547 -0.3570287637656884 
-0.5798331905360726 1.1184956574178555 -0.3576543562086685 
-0.5798331905360725 1.1184956574178555 -0.35765435620866814 
-0.5801552318635562 1.119982289287413 -0.3585248457458753 
-0.5804009875225623 1.1211179799113644 -0.3592034601247821 
-0.5804009875225623 1.1211179799113644 -0.3592034601247821 
-0.5804009875225623 1.1211179799113644 -0.3592034601247821 
-0.5809997187226175 1.1238831694612008 -0.36083696095126405 
-0.5809997187226175 1.1238831694612008 -0.36083696095126405 
-0.5809997187226175 1.1238831694612008 -0.36083696095126405 
-0.5809997187226175 1.1238831694612008 -0.36083696095126405 
-0.5809997187226175 1.1238831694612008 -0.36083696095126405 
-0.5814418032082811 1.1259248993723687 -0.36204308712715083 
-0.5821587741720126 1.1292358248782166 -0.36399511484348135 
-0.5821587741720126 1.1292358248782166 -0.36399511484348135 
-0.5821587741720126 1.1292358248782166 -0.36399511484348135 
-0.5821587741720126 1.1292358248782166 -0.36399511484348135 
-0.5824163466952569 1.1304254018528832 -0.36469784242734493 
-0.5827662992029762 1.1320419724144843 -0.3656566708218154 
-0.5827662992029762 1.1320419724144843 -0.3656566708218154 
-0.5827662992029762 1.1320419724144843 -0.3656566708218154 
-0.5833676815076064 1.1348197502872648 -0.36730146777950445 
-0.5833676815076064 1.1348197502872648 -0.36730146777950445 
-0.5833676815076064 1.1348197502872648 -0.36730146777950445 
-0.5836410657227967 1.1360826966476707 -0.3680513971402902 
-0.5836410657227967 1.1360826966476707 -0.3680513971402902 
-0.5840273576702512 1.1378653757464758 -0.36908905336508013 
-0.5840273576702512 1.1378653757464758 -0.36908905336508013 
-0.5840273576702512 1.1378653757464758 -0.36908905336508013 
-0.5840273576702512 1.1378653757464758 -0.36908905336508013 
-0.5847143202825875 1.1410387434725253 -0.37097139977406746 
-0.5847143202825875 1.1410387434725253 -0.37097139977406746 
-0.5854918594848953 1.1446297426999108 -0.3730927372448304 
-0.5857104092439381 1.145639785169456 -0.37369712656235554 
-0.5857104092439381 1.145639785169456 -0.37369712656235554 
-0.5860528406846706 1.147220242637268 -0.37461918264922944 
-0.5860528406846706 1.147220242637268 -0.37461918264922944 
-0.5863457350831469 1.1485729507136102 -0.3754182778724934 
-0.5863457350831469 1.1485729507136102 -0.3754182778724934 
-0.5863457350831469 1.1485729507136102 -0.3754182778724934 
-0.5863457350831469 1.1485729507136102 -0.3754182778724934 
-0.5867180348431048 1.1502920413347615 -0.376429949221598 
-0.5867180348431048 1.1502920413347615 -0.376429949221598 
-0.5867180348431048 1.1502920413347615 -0.376429949221598 
-0.5872816599545672 1.1528950963753164 -0.37796767113305807 
-0.5872816599545672 1.1528950963753164 -0.37796767113305807 
-0.5878214081262809 1.1553885666235713 -0.37944837668817855 
-0.5878214081262809 1.1553885666235713 -0.37944837668817855 
-0.5878214081262809 1.1553885666235713 -0.37944837668817855 
-0.5878214081262809 1.1553885666235713 -0.37944837668817855 
-0.5883973234856691 1.1580483831375985 -0.3810196297236931 
-0.5883973234856691 1.1580483831375985 -0.3810196297236931 
-0.5883973234856691 1.1580483831375985 -0.3810196297236931 
-0.5883973234856691 1.1580483831375985 -0.3810196297236931 
-0.5891270186682342 1.1614180743749556 -0.38300637255421666 
-0.5891270186682342 1.1614180743749556 -0.38300637255421666 
-0.5891270186682342 1.1614180743749556 -0.38300637255421666 
-0.5891270186682342 1.1614180743749556 -0.38300637255421666 
-0.5891270186682342 1.1614180743749556 -0.38300637255421666 
-0.5901263882599626 1.1660339229665326 -0.3857369865903284 
-0.5901263882599623 1.1660339229665326 -0.38573698659032807 
-0.5901263882599623 1.1660339229665326 -0.38573698659032807 
-0.5901263882599623 1.1660339229665326 -0.38573698659032807 
-0.5907100130483439 1.168730033668267 -0.38733739943577017 
-0.5907100130483439 1.168730033668267 -0.38733739943577017 
-0.5907100130483439 1.168730033668267 -0.38733739943577017 
-0.5907100130483439 1.168730033668267 -0.38733739943577017 
-0.5912057509941748 1.1710176707370845 -0.38866764750804805 
-0.5912057509941748 1.1710176707370845 -0.38866764750804805 
-0.5915912274514492 1.1727979612435173 -0.38971933165527306 
-0.5915912274514492 1.1727979612435173 -0.38971933165527306 
-0.5915912274514492 1.1727979612435173 -0.38971933165527306 
-0.5918515202487011 1.17400164397714 -0.3904476769532407 
-0.5918515202487011 1.17400164397714 -0.3904476769532407 
-0.5918515202487011 1.17400164397714 -0.3904476769532407 
-0.5918515202487011 1.17400164397714 -0.3904476769532407 
-0.5918515202487011 1.17400164397714 -0.3904476769532407 
-0.5918515202487011 1.17400164397714 -0.3904476769532407 
-0.5918515202487011 1.17400164397714 -0.3904476769532407 
-0.5926137026351752 1.1775217190458074 -0.3925271168723906 
-0.5926137026351752 1.1775217190458074 -0.3925271168723906 
-0.5930761402189377 1.1796564147637592 -0.39377658221036793 
-0.5930761402189377 1.1796564147637592 -0.39377658221036793 
-0.5930761402189377 1.1796564147637592 -0.39377658221036793 
-0.5930761402189377 1.1796564147637592 -0.39377658221036793 
-0.5935845130132904 1.1820049804779031 -0.39517168724083496 
-0.5935845130132904 1.1820049804779031 -0.39517168724083496 
-0.5935845130132904 1.1820049804779031 -0.39517168724083496 
-0.5939570470674623 1.1837254975871838 -0.3961880610081062 
-0.594132751486657 1.184536284788016 -0.39665930383725245 
-0.594132751486657 1.184536284788016 -0.39665930383725245 
-0.5944706528359237 1.1860975425107725 -0.3975893166085994 
-0.5944706528359237 1.1860975425107725 -0.3975893166085994 
-0.5944706528359237 1.1860975425107725 -0.3975893166085994 
-0.5944706528359237 1.1860975425107725 -0.3975893166085994 
-0.5949750791324054 1.188427881657352 -0.3989736545243193 
-0.5949750791324054 1.188427881657352 -0.3989736545243193 
-0.5949750791324054 1.188427881657352 -0.3989736545243193 
-0.5949750791324054 1.188427881657352 -0.3989736545243193 
-0.5949750791324054 1.188427881657352 -0.3989736545243193 
-0.5959759187671196 1.1930491418382299 -0.4016920264352769 
-0.5959759187671196 1.1930491418382299 -0.4016920264352769 
-0.59652197472434 1.1955707108016578 -0.4031777517368206 
-0.59652197472434 1.1955707108016578 -0.4031777517368206 
-0.5967069922903381 1.1964265765058888 -0.4036987825527526 
-0.5973679364872546 1.1994772047116766 -0.4054797580093116 
-0.5973679364872546 1.1994772047116766 -0.4054797580093116 
-0.5982524041269702 1.203563586311656 -0.4079110212793836 
-0.5982524041269702 1.203563586311656 -0.4079110212793836 
-0.5982524041269702 1.203563586311656 -0.4079110212793836 
-0.5984739930292885 1.2045869759679717 -0.4085155758024194 
-0.5984739930292885 1.2045869759679717 -0.4085155758024194 
-0.5984739930292887 1.2045869759679717 -0.40851557580241926 
-0.5988561662268111 1.2063516662277802 -0.4095541845625378 
-0.5988561662268111 1.2063516662277802 -0.4095541845625378 
-0.5990617389652311 1.2073010865819516 -0.41011504265391474 
-0.5990617389652311 1.2073010865819516 -0.41011504265391474 
-0.5995511964845793 1.2095612604336397 -0.41144635209232516 
-0.5995511964845793 1.2095612604336397 -0.41144635209232516 
-0.5995511964845793 1.2095612604336397 -0.41144635209232516 
-0.5995511964845793 1.2095612604336397 -0.41144635209232516 
-0.6001793781428977 1.2124634977012647 -0.41317239134330486 
-0.6001793781428977 1.2124634977012647 -0.41317239134330486 
-0.6001793781428977 1.2124634977012647 -0.41317239134330486 
-0.6001793781428977 1.2124634977012647 -0.41317239134330486 
-0.6001793781428977 1.2124634977012647 -0.41317239134330486 
-0.6011988665385102 1.2171708856114962 -0.4159416421233403 
-0.6011988665385102 1.2171708856114962 -0.4159416421233403 
-0.6017789674852421 1.2198503773277145 -0.41752837777453267 
-0.6017789674852421 1.2198503773277145 -0.41752837777453267 
-0.6017789674852418 1.2198503773277145 -0.41752837777453233 
-0.6017789674852418 1.2198503773277145 -0.41752837777453233 
-0.6026074244680885 1.2236768804501201 -0.41979269593723856 
-0.6026074244680885 1.2236768804501201 -0.41979269593723856 
-0.6026074244680885 1.2236768804501201 -0.41979269593723856 
-0.6031249493097877 1.2260663364427975 -0.42119651743043096 
-0.6031249493097877 1.2260663364427975 -0.42119651743043096 
-0.6034873845492383 1.2277402130280313 -0.42218533889678256 
-0.6041982151842656 1.2310227799436413 -0.42412061413384994 
-0.6041982151842656 1.2310227799436413 -0.42412061413384994 
-0.6041982151842656 1.2310227799436413 -0.42412061413384994 
-0.6046785069439509 1.2332416557675583 -0.4254391064985107 
-0.6046785069439509 1.2332416557675583 -0.4254391064985107 
-0.6046785069439509 1.2332416557675583 -0.4254391064985107 
-0.6052813408496007 1.236024595334336 -0.4270696677467499 
-0.6052813408496007 1.236024595334336 -0.4270696677467499 
-0.6052813408496007 1.236024595334336 -0.4270696677467499 
-0.6056136050105041 1.2375610161609032 -0.42799843361186884 
-0.6056136050105041 1.2375610161609032 -0.42799843361186884 
-0.6056136050105041 1.2375610161609032 -0.42799843361186884 
-0.6059610810633387 1.2391647717442411 -0.42893425276643893 
-0.6059610810633387 1.2391647717442411 -0.42893425276643893 
-0.6059610810633387 1.2391647717442411 -0.42893425276643893 
-0.6059610810633387 1.2391647717442411 -0.42893425276643893 
-0.6068665451048808 1.2433469254723761 -0.4314086670357332 
-0.6068665451048808 1.2433469254723761 -0.4314086670357332 
-0.6068665451048808 1.2433469254723761 -0.4314086670357332 
-0.6068665451048808 1.2433469254723761 -0.4314086670357332 
-0.6070137917653948 1.2440276605951446 -0.4318185221944125 
-0.6070137917653948 1.2440276605951446 -0.4318185221944125 
-0.6071069848424203 1.244457031701202 -0.4320605885412018 
-0.6071069848424203 1.244457031701202 -0.4320605885412018 
-0.6071069848424203 1.244457031701202 -0.4320605885412018 
-0.6077744074492087 1.2475398111395912 -0.43388556132428036 
-0.6077744074492087 1.2475398111395912 -0.43388556132428036 
-0.6079896652631869 1.248534650038501 -0.43448096932434066 
-0.6079896652631869 1.248534650038501 -0.43448096932434066 
-0.6079896652631869 1.248534650038501 -0.43448096932434066 
-0.6085688105254862 1.251208005906466 -0.4360447816090781 
-0.6085688105254862 1.251208005906466 -0.4360447816090781 
-0.6085688105254862 1.251208005906466 -0.4360447816090781 
-0.609263027690704 1.2544152225932024 -0.43795098360268325 
-0.6098974897098957 1.2573447430775244 -0.4396738413780389 
-0.6100346837590168 1.257979732415152 -0.44006430836077637 
-0.6100346837590168 1.257979732415152 -0.44006430836077637 
-0.6100346837590168 1.257979732415152 -0.44006430836077637 
-0.6106157448178445 1.2606610901524358 -0.441623366117759 
-0.6106157448178445 1.2606610901524358 -0.441623366117759 
-0.6106157448178445 1.2606610901524358 -0.441623366117759 
-0.6106157448178445 1.2606610901524358 -0.441623366117759 
-0.6106157448178445 1.2606610901524358 -0.441623366117759 
-0.6114343927373 1.2644434889256984 -0.4438750553695837 
-0.6114343927373 1.2644434889256984 -0.4438750553695837 
-0.6116728616235336 1.2655444929439903 -0.4445215998590609 
-0.6116728616235336 1.2655444929439903 -0.4445215998590609 
-0.6116728616235337 1.2655444929439903 -0.44452159985906126 
-0.6116728616235337 1.2655444929439903 -0.44452159985906126 
-0.6116728616235336 1.2655444929439903 -0.4445215998590609 
-0.6124286484818848 1.2690343419653054 -0.4465754646456114 
-0.6130186502908143 1.2717602488186572 -0.44819733892986513 
-0.6130186502908143 1.2717602488186572 -0.44819733892986513 
-0.6130186502908143 1.2717602488186572 -0.44819733892986513 
-0.6136755425096022 1.2747943945482112 -0.44999358196326644 
-0.6136755425096022 1.2747943945482112 -0.44999358196326644 
-0.6140899501092445 1.2767076122554648 -0.4511160717000565 
-0.6140899501092445 1.2767076122554648 -0.4511160717000565 
-0.615001543164804 1.2809177278978499 -0.4536031443789723 
-0.6150015431648039 1.2809177278978499 -0.453603144378972 
-0.6150015431648039 1.2809177278978499 -0.453603144378972 
-0.6150015431648039 1.2809177278978499 -0.453603144378972 
-0.6150015431648039 1.2809177278978499 -0.453603144378972 
-0.6155456097631432 1.2834297647550088 -0.455079378970736 
-0.6155456097631432 1.2834297647550088 -0.455079378970736 
-0.6155456097631432 1.2834297647550088 -0.455079378970736 
-0.6160368730746246 1.2856993117655444 -0.4564278046993592 
-0.6160368730746246 1.2856993117655444 -0.4564278046993592 
-0.6166794856866062 1.2886671639153584 -0.4581810258989276 
-0.6166794856866061 1.2886671639153584 -0.4581810258989273 
-0.6172841575386716 1.2914601342855252 -0.4598347976326992 
-0.6172841575386716 1.2914601342855252 -0.4598347976326992 
-0.6172841575386716 1.2914601342855252 -0.4598347976326992 
-0.6172841575386716 1.2914601342855252 -0.4598347976326992 
-0.6172841575386716 1.2914601342855252 -0.4598347976326992 
-0.6178758547677436 1.2941924936135674 -0.4614450446817061 
-0.6178758547677436 1.2941924936135674 -0.4614450446817061 
-0.6178758547677436 1.2941924936135674 -0.4614450446817061 
-0.6185590544489572 1.2973477937194733 -0.46330899839551243 
-0.6185590544489572 1.2973477937194733 -0.46330899839551243 
-0.6185590544489572 1.2973477937194733 -0.46330899839551243 
-0.6185590544489572 1.2973477937194733 -0.46330899839551243 
-0.6191509859722437 1.3000815795356453 -0.46492394786268576 
-0.6191509859722437 1.3000815795356453 -0.46492394786268576 
-0.6191509859722437 1.3000815795356453 -0.46492394786268576 
-0.6201325473202568 1.3046144934154678 -0.46759784978794994 
-0.6201325473202568 1.3046144934154678 -0.46759784978794994 
-0.6201325473202568 1.3046144934154678 -0.46759784978794994 
-0.6201325473202568 1.3046144934154678 -0.46759784978794994 
-0.6206581535853131 1.3070407636376242 -0.4690177131224583 
-0.6210991906186031 1.3090785095411075 -0.4702310512345039 
-0.6213626989985992 1.3102958451896072 -0.47095403664289404 
-0.6213626989985992 1.3102958451896072 -0.47095403664289404 
-0.6213626989985992 1.3102958451896072 -0.47095403664289404 
-0.6216440019099939 1.3115957078006235 -0.471729633551108 
-0.6216440019099939 1.3115957078006235 -0.471729633551108 
-0.6216440019099939 1.3115957078006235 -0.471729633551108 
-0.6216440019099939 1.3115957078006235 -0.471729633551108 
-0.6222732261598185 1.3145017269290036 -0.47344632767367256 
-0.6222732261598185 1.3145017269290036 -0.47344632767367256 
-0.6222732261598185 1.3145017269290036 -0.47344632767367256 
-0.6226830165988385 1.3163932762492776 -0.47455215734602785 
-0.6232314110088082 1.3189244546640722 -0.47603021804031365 
-0.6237117626185297 1.3211444529757017 -0.477358855031485 
-0.6238459562984386 1.3217630246728966 -0.47771092718509933 
-0.6238459562984386 1.3217630246728966 -0.47771092718509933 
-0.6238459562984386 1.3217630246728966 -0.47771092718509933 
-0.6238459562984386 1.3217630246728966 -0.47771092718509933 
-0.6242366064528929 1.3235694332190115 -0.47880296071891937 
-0.6242366064528929 1.3235694332190115 -0.47880296071891937 
