-0.6060816828360638 1.0557085551976018 -0.27920433203154016 
-0.6060812601798428 1.0557069476155532 -0.2792072421110432 
-0.6054427940722144 1.052757392183613 -0.2774552640282163 
-0.6054427940722144 1.052757392183613 -0.2774552640282163 
-0.6054427940722142 1.052757392183613 -0.27745526402821596 
-0.6054427940722142 1.052757392183613 -0.27745526402821596 
-0.6053019912040514 1.052107959575225 -0.2770811853498629 
-0.6053019912040514 1.052107959575225 -0.2770811853498629 
-0.6053019912040514 1.052107959575225 -0.2770811853498629 
-0.6053019912040514 1.052107959575225 -0.2770811853498629 
-0.6053019912040514 1.052107959575225 -0.2770811853498629 
-0.6057155696011974 1.054018380940869 -0.27821360239806436 
-0.6057155696011974 1.054018380940869 -0.27821360239806436 
-0.6057155696011974 1.054018380940869 -0.27821360239806436 
-0.6057155696011974 1.054018380940869 -0.27821360239806436 
-0.6057155696011974 1.054018380940869 -0.27821360239806436 
-0.6057155696011974 1.054018380940869 -0.27821360239806436 
-0.6061194784333236 1.0558837998159485 -0.2793155750546431 
-0.6061194784333236 1.0558837998159485 -0.2793155750546431 
-0.6061194784333236 1.0558837998159485 -0.2793155750546431 
-0.6061194784333236 1.0558837998159485 -0.2793155750546431 
-0.6061194784333236 1.0558837998159485 -0.2793155750546431 
-0.6071016991294016 1.0604197588391977 -0.28199127585995276 
-0.6071016991294016 1.0604197588391977 -0.28199127585995276 
-0.6075165771156946 1.0623358378276475 -0.2831231753391126 
-0.6075165771156946 1.0623358378276475 -0.2831231753391126 
-0.6075165771156946 1.0623358378276475 -0.2831231753391126 
-0.6075165771156946 1.0623358378276475 -0.2831231753391126 
-0.6075165771156946 1.0623358378276475 -0.2831231753391126 
-0.6075165771156946 1.0623358378276475 -0.2831231753391126 
-0.6080082451752294 1.0646065652928085 -0.28446457892979027 
-0.6080082451752294 1.0646065652928085 -0.28446457892979027 
-0.6080082451752294 1.0646065652928085 -0.28446457892979027 
-0.6080082451752294 1.0646065652928085 -0.28446457892979027 
-0.6080082451752294 1.0646065652928085 -0.28446457892979027 
-0.6085944882488873 1.0673144239042016 -0.2860680719662818 
-0.6085944882488873 1.0673144239042016 -0.2860680719662818 
-0.6085944882488874 1.0673144239042016 -0.28606807196628214 
-0.6085944882488874 1.0673144239042016 -0.28606807196628214 
-0.6092041736919783 1.0701298602815457 -0.2877273957336298 
-0.6092041736919782 1.0701298602815457 -0.2877273957336295 
-0.6092041736919782 1.0701298602815457 -0.2877273957336295 
-0.6092041736919782 1.0701298602815457 -0.2877273957336295 
-0.6092041736919782 1.0701298602815457 -0.2877273957336295 
-0.6096243174716787 1.072070258892725 -0.2888736617229729 
-0.6096243174716787 1.072070258892725 -0.2888736617229729 
-0.6096243174716787 1.072070258892725 -0.2888736617229729 
-0.6096243174716787 1.072070258892725 -0.2888736617229729 
-0.6096243174716787 1.072070258892725 -0.2888736617229729 
-0.6102067493499856 1.0747589734169474 -0.29044856071655833 
-0.6102067493499856 1.0747589734169474 -0.29044856071655833 
-0.6105815768260932 1.0764919693249506 -0.29149345083001743 
-0.6105815768260932 1.0764919693249506 -0.29149345083001743 
-0.6108975490552049 1.0779519417684025 -0.29236354669360554 
-0.6108975490552049 1.0779519417684025 -0.29236354669360554 
-0.6108975490552049 1.0779519417684025 -0.29236354669360554 
-0.6108975490552049 1.0779519417684025 -0.29236354669360554 
-0.6108975490552049 1.0779519417684025 -0.29236354669360554 
-0.6108975490552049 1.0779519417684025 -0.29236354669360554 
-0.6115287099411533 1.0808662237346538 -0.29407748641409337 
-0.6115287099411533 1.0808662237346538 -0.29407748641409337 
-0.6115287099411533 1.0808662237346538 -0.29407748641409337 
-0.6115287099411533 1.0808662237346538 -0.29407748641409337 
-0.6115287099411533 1.0808662237346538 -0.29407748641409337 
-0.6115287099411533 1.0808662237346538 -0.29407748641409337 
-0.6121076644438166 1.083539387435451 -0.2956489046551187 
-0.6121076644438166 1.083539387435451 -0.2956489046551187 
-0.6121076644438166 1.083539387435451 -0.2956489046551187 
-0.6121076644438166 1.083539387435451 -0.2956489046551187 
-0.6121076644438166 1.083539387435451 -0.2956489046551187 
-0.6121076644438166 1.083539387435451 -0.2956489046551187 
-0.6121076644438166 1.083539387435451 -0.2956489046551187 
-0.6121076644438166 1.083539387435451 -0.2956489046551187 
-0.6130719440568978 1.0879935203402336 -0.2982878469286143 
-0.6130719440568978 1.0879935203402336 -0.2982878469286143 
-0.6130719440568978 1.0879935203402336 -0.2982878469286143 
-0.6136540021426192 1.0906817065177474 -0.29987585898477387 
-0.6136540021426192 1.0906817065177474 -0.29987585898477387 
-0.6136540021426192 1.0906817065177474 -0.29987585898477387 
-0.6136540021426192 1.0906817065177474 -0.29987585898477387 
-0.6143804399976402 1.0940370429026913 -0.30186184134402705 
-0.6143804399976402 1.0940370429026913 -0.30186184134402705 
-0.6143804399976402 1.0940370429026913 -0.30186184134402705 
-0.6143804399976402 1.0940370429026913 -0.30186184134402705 
-0.6148628438396158 1.0962639511002252 -0.3031657800404828 
-0.6148628438396158 1.0962639511002252 -0.3031657800404828 
-0.6148628438396158 1.0962639511002252 -0.3031657800404828 
-0.6148628438396158 1.0962639511002252 -0.3031657800404828 
-0.6155225522221519 1.099310414204409 -0.30496157993087003 
-0.6155225522221519 1.099310414204409 -0.30496157993087003 
-0.6155225522221519 1.099310414204409 -0.30496157993087003 
-0.6155225522221519 1.099310414204409 -0.30496157993087003 
-0.6163095583157492 1.1029458243108896 -0.3071168720445554 
-0.6163095583157492 1.1029458243108896 -0.3071168720445554 
-0.6163095583157492 1.1029458243108896 -0.3071168720445554 
-0.6164477792487695 1.1035841860323456 -0.3074939761745977 
-0.6164477792487695 1.1035841860323456 -0.3074939761745977 
-0.6171722414572258 1.1069303980602583 -0.3094745684350949 
-0.6171722414572258 1.1069303980602583 -0.3094745684350949 
-0.6173229511160507 1.1076260934884692 -0.3098816819904726 
-0.6173229511160507 1.1076260934884692 -0.3098816819904726 
-0.6173229511160507 1.1076260934884692 -0.3098816819904726 
-0.6173229511160507 1.1076260934884692 -0.3098816819904726 
-0.6173229511160507 1.1076260934884692 -0.3098816819904726 
-0.6180043945337829 1.1107732824396122 -0.31174084414197556 
-0.6180043945337829 1.1107732824396122 -0.31174084414197556 
-0.6180043945337829 1.1107732824396122 -0.31174084414197556 
-0.6186693866178943 1.113844492293949 -0.3135551226009895 
-0.6186693866178943 1.113844492293949 -0.3135551226009895 
-0.6186693866178943 1.113844492293949 -0.3135551226009895 
-0.6186693866178943 1.113844492293949 -0.3135551226009895 
-0.6186693866178943 1.113844492293949 -0.3135551226009895 
-0.619281720767931 1.1166725059209888 -0.3152257359581623 
-0.619281720767931 1.1166725059209888 -0.3152257359581623 
-0.619281720767931 1.1166725059209888 -0.3152257359581623 
-0.619281720767931 1.1166725059209888 -0.3152257359581623 
-0.6196553851562259 1.1183989322232037 -0.3162533199831946 
-0.6196553851562259 1.1183989322232037 -0.3162533199831946 
-0.6196553851562259 1.1183989322232037 -0.3162533199831946 
-0.6196553851562259 1.1183989322232037 -0.3162533199831946 
-0.6196553851562259 1.1183989322232037 -0.3162533199831946 
-0.6205243820772822 1.122411632370867 -0.3186160524736127 
-0.6205243820772823 1.122411632370867 -0.318616052473613 
-0.6205243820772823 1.122411632370867 -0.318616052473613 
-0.6205243820772822 1.122411632370867 -0.3186160524736127 
-0.6215063833902768 1.1269465781918488 -0.32129115474247094 
-0.6215063833902768 1.1269465781918488 -0.32129115474247094 
-0.6215063833902768 1.1269465781918488 -0.32129115474247094 
-0.6219368715936002 1.1289354404911933 -0.3224737695205432 
-0.6219368715936002 1.1289354404911933 -0.3224737695205432 
-0.6222021374358924 1.1301608928310811 -0.3232015497619283 
-0.6227583083177799 1.1327295211410422 -0.324718934516798 
-0.6227583083177799 1.1327295211410422 -0.324718934516798 
-0.6231589072966738 1.1345793093180634 -0.3258078137974695 
-0.6236437589700866 1.1368182114587606 -0.3271265572410871 
-0.6236437589700866 1.1368182114587606 -0.3271265572410871 
-0.6236437589700866 1.1368182114587606 -0.3271265572410871 
-0.6236437589700868 1.1368182114587606 -0.32712655724108697 
-0.6236437589700868 1.1368182114587606 -0.32712655724108697 
-0.624159324275167 1.1391989619168934 -0.32852909578792977 
-0.624159324275167 1.1391989619168934 -0.32852909578792977 
-0.624159324275167 1.1391989619168934 -0.32852909578792977 
-0.624159324275167 1.1391989619168934 -0.32852909578792977 
-0.624932744727543 1.1427719723052823 -0.3306513857940211 
-0.6256461572321038 1.146065430107392 -0.33258151546990755 
-0.6256461572321038 1.146065430107392 -0.33258151546990755 
-0.6258563865439255 1.1470373897132629 -0.33316726755467785 
-0.6258563865439255 1.1470373897132629 -0.33316726755467785 
-0.626014117660232 1.1477655131506548 -0.33359353754719856 
-0.626014117660232 1.1477655131506548 -0.33359353754719856 
-0.6261591382700211 1.1484352786057759 -0.33398919303654995 
-0.6261591382700211 1.1484352786057759 -0.33398919303654995 
-0.6265909242642697 1.1504297902229894 -0.33517128533954377 
-0.6271582663746471 1.1530496674894768 -0.3367150850303481 
-0.6271582663746471 1.1530496674894768 -0.3367150850303481 
-0.6275301297660675 1.154766742779342 -0.3377255658479317 
-0.6278375034480445 1.1561863222053324 -0.3385641644770022 
-0.6278375034480445 1.1561863222053324 -0.3385641644770022 
-0.6278375034480445 1.1561863222053324 -0.3385641644770022 
-0.6278375034480445 1.1561863222053324 -0.3385641644770022 
-0.6284349183495994 1.1589454325415642 -0.3401940740847743 
-0.6284349183495994 1.1589454325415642 -0.3401940740847743 
-0.6284349183495994 1.1589454325415642 -0.3401940740847743 
-0.6284349183495994 1.1589454325415642 -0.3401940740847743 
-0.6290284004656002 1.1616867240594695 -0.3418173171888237 
-0.6290284004656002 1.1616867240594695 -0.3418173171888237 
-0.6290284004656002 1.1616867240594695 -0.3418173171888237 
-0.6290284004656002 1.1616867240594695 -0.3418173171888237 
-0.6290284004656002 1.1616867240594695 -0.3418173171888237 
-0.6297104722103204 1.1648361260456905 -0.34367006718625137 
-0.6297104722103204 1.1648361260456905 -0.34367006718625137 
-0.6297104722103204 1.1648361260456905 -0.34367006718625137 
-0.6303685084755476 1.167876588717417 -0.34548162108843783 
-0.6303685084755476 1.167876588717417 -0.34548162108843783 
-0.6303685084755476 1.167876588717417 -0.34548162108843783 
-0.6309433096107584 1.1705309148609957 -0.3470457710185971 
-0.6309433096107584 1.1705309148609957 -0.3470457710185971 
-0.6312297578192545 1.1718523093497097 -0.3478090832201537 
-0.6312297578192545 1.1718523093497097 -0.3478090832201537 
-0.6312297578192545 1.1718523093497097 -0.3478090832201537 
-0.6312297578192545 1.1718523093497097 -0.3478090832201537 
-0.6318568251877869 1.1747488762464546 -0.3495258992562865 
-0.6318568251877869 1.1747488762464546 -0.3495258992562865 
-0.6318568251877869 1.1747488762464546 -0.3495258992562865 
-0.6318568251877869 1.1747488762464546 -0.3495258992562865 
-0.6318568251877869 1.1747488762464546 -0.3495258992562865 
-0.6324413137961853 1.177448632008021 -0.3511246056365106 
-0.6324413137961853 1.177448632008021 -0.3511246056365106 
-0.6324413137961853 1.177448632008021 -0.3511246056365106 
-0.6326578580864013 1.1784487235488108 -0.35171539709185073 
-0.6326578580864013 1.1784487235488108 -0.35171539709185073 
-0.6326578580864013 1.1784487235488108 -0.35171539709185073 
-0.6326578580864013 1.1784487235488108 -0.35171539709185073 
-0.6336945066923514 1.1832363977033589 -0.35454365517232944 
-0.6336945066923514 1.1832363977033589 -0.35454365517232944 
-0.6336945066923514 1.1832363977033589 -0.35454365517232944 
-0.6340286797280161 1.184780436524194 -0.35546349609468997 
-0.6340286797280161 1.184780436524194 -0.35546349609468997 
-0.6346024012565707 1.187430121015547 -0.35702876376568815 
-0.6348331905360729 1.1884956574178553 -0.35765435620866826 
-0.6348331905360727 1.1884956574178553 -0.3576543562086679 
-0.6351552318635564 1.1899822892874128 -0.35852484574587484 
-0.6354009875225626 1.1911179799113643 -0.3592034601247819 
-0.6354009875225626 1.1911179799113643 -0.3592034601247819 
-0.6354009875225626 1.1911179799113643 -0.3592034601247819 
-0.6359997187226176 1.1938831694612007 -0.3608369609512637 
-0.6359997187226176 1.1938831694612007 -0.3608369609512637 
-0.6359997187226176 1.1938831694612007 -0.3608369609512637 
-0.6359997187226176 1.1938831694612007 -0.3608369609512637 
-0.6359997187226176 1.1938831694612007 -0.3608369609512637 
-0.6364418032082815 1.1959248993723688 -0.3620430871271505 
-0.6371587741720127 1.199235824878217 -0.3639951148434811 
-0.6371587741720127 1.199235824878217 -0.3639951148434811 
-0.6371587741720127 1.199235824878217 -0.3639951148434811 
-0.6371587741720127 1.199235824878217 -0.3639951148434811 
-0.637416346695257 1.2004254018528835 -0.36469784242734493 
-0.6377662992029764 1.2020419724144842 -0.3656566708218155 
-0.6377662992029764 1.2020419724144842 -0.3656566708218155 
-0.6377662992029764 1.2020419724144842 -0.3656566708218155 
-0.6383676815076067 1.204819750287265 -0.36730146777950456 
-0.6383676815076067 1.204819750287265 -0.36730146777950456 
-0.6383676815076067 1.204819750287265 -0.36730146777950456 
-0.638641065722797 1.2060826966476708 -0.36805139714029034 
-0.638641065722797 1.2060826966476708 -0.36805139714029034 
-0.6390273576702514 1.207865375746476 -0.36908905336508024 
-0.6390273576702514 1.207865375746476 -0.36908905336508024 
-0.6390273576702514 1.207865375746476 -0.36908905336508024 
-0.6390273576702514 1.207865375746476 -0.36908905336508024 
-0.6397143202825878 1.2110387434725256 -0.3709713997740677 
-0.6397143202825878 1.2110387434725256 -0.3709713997740677 
-0.6404918594848955 1.2146297426999106 -0.37309273724482994 
-0.6407104092439383 1.2156397851694558 -0.37369712656235554 
-0.6407104092439383 1.2156397851694558 -0.37369712656235554 
-0.6410528406846708 1.2172202426372682 -0.37461918264922944 
-0.6410528406846708 1.2172202426372682 -0.37461918264922944 
-0.6413457350831472 1.21857295071361 -0.3754182778724934 
-0.6413457350831472 1.21857295071361 -0.3754182778724934 
-0.6413457350831472 1.21857295071361 -0.3754182778724934 
-0.6413457350831472 1.21857295071361 -0.3754182778724934 
-0.6417180348431051 1.2202920413347615 -0.3764299492215978 
-0.6417180348431051 1.2202920413347615 -0.3764299492215978 
-0.6417180348431051 1.2202920413347615 -0.3764299492215978 
-0.6422816599545674 1.2228950963753162 -0.3779676711330583 
-0.6422816599545674 1.2228950963753162 -0.3779676711330583 
-0.6428214081262813 1.2253885666235713 -0.3794483766881783 
-0.6428214081262813 1.2253885666235713 -0.3794483766881783 
-0.6428214081262813 1.2253885666235713 -0.3794483766881783 
-0.6428214081262813 1.2253885666235713 -0.3794483766881783 
-0.6433973234856692 1.2280483831375983 -0.3810196297236931 
-0.6433973234856692 1.2280483831375983 -0.3810196297236931 
-0.6433973234856692 1.2280483831375983 -0.3810196297236931 
-0.6433973234856692 1.2280483831375983 -0.3810196297236931 
-0.6441270186682342 1.2314180743749557 -0.3830063725542169 
-0.6441270186682342 1.2314180743749557 -0.3830063725542169 
-0.6441270186682342 1.2314180743749557 -0.3830063725542169 
-0.6441270186682342 1.2314180743749557 -0.3830063725542169 
-0.6441270186682342 1.2314180743749557 -0.3830063725542169 
-0.6451263882599626 1.2360339229665325 -0.38573698659032885 
-0.6451263882599625 1.2360339229665325 -0.3857369865903285 
-0.6451263882599625 1.2360339229665325 -0.3857369865903285 
-0.6451263882599625 1.2360339229665325 -0.3857369865903285 
-0.645710013048344 1.238730033668267 -0.38733739943577017 
-0.645710013048344 1.238730033668267 -0.38733739943577017 
-0.645710013048344 1.238730033668267 -0.38733739943577017 
-0.645710013048344 1.238730033668267 -0.38733739943577017 
-0.6462057509941749 1.2410176707370844 -0.3886676475080476 
-0.6462057509941749 1.2410176707370844 -0.3886676475080476 
-0.6465912274514495 1.2427979612435176 -0.38971933165527306 
-0.6465912274514495 1.2427979612435176 -0.38971933165527306 
-0.6465912274514495 1.2427979612435176 -0.38971933165527306 
-0.6468515202487013 1.2440016439771402 -0.39044767695324023 
-0.6468515202487013 1.2440016439771402 -0.39044767695324023 
-0.6468515202487013 1.2440016439771402 -0.39044767695324023 
-0.6468515202487013 1.2440016439771402 -0.39044767695324023 
-0.6468515202487013 1.2440016439771402 -0.39044767695324023 
-0.6468515202487013 1.2440016439771402 -0.39044767695324023 
-0.6468515202487013 1.2440016439771402 -0.39044767695324023 
-0.6476137026351755 1.2475217190458077 -0.3925271168723906 
-0.6476137026351755 1.2475217190458077 -0.3925271168723906 
-0.6480761402189379 1.2496564147637592 -0.39377658221036815 
-0.6480761402189379 1.2496564147637592 -0.39377658221036815 
-0.6480761402189379 1.2496564147637592 -0.39377658221036815 
-0.6480761402189379 1.2496564147637592 -0.39377658221036815 
-0.6485845130132905 1.2520049804779032 -0.39517168724083496 
-0.6485845130132905 1.2520049804779032 -0.39517168724083496 
-0.6485845130132905 1.2520049804779032 -0.39517168724083496 
-0.6489570470674625 1.2537254975871837 -0.3961880610081058 
-0.6491327514866571 1.254536284788016 -0.39665930383725245 
-0.6491327514866571 1.254536284788016 -0.39665930383725245 
-0.6494706528359239 1.2560975425107723 -0.3975893166085994 
-0.6494706528359239 1.2560975425107723 -0.3975893166085994 
-0.6494706528359239 1.2560975425107723 -0.3975893166085994 
-0.6494706528359239 1.2560975425107723 -0.3975893166085994 
-0.6499750791324057 1.258427881657352 -0.39897365452431954 
-0.6499750791324057 1.258427881657352 -0.39897365452431954 
-0.6499750791324057 1.258427881657352 -0.39897365452431954 
-0.6499750791324057 1.258427881657352 -0.39897365452431954 
-0.6499750791324057 1.258427881657352 -0.39897365452431954 
-0.6509759187671198 1.2630491418382301 -0.4016920264352767 
-0.6509759187671198 1.2630491418382301 -0.4016920264352767 
-0.65152197472434 1.2655707108016576 -0.4031777517368206 
-0.65152197472434 1.2655707108016576 -0.4031777517368206 
-0.6517069922903382 1.2664265765058889 -0.4036987825527526 
-0.6523679364872548 1.2694772047116762 -0.40547975800931135 
-0.6523679364872548 1.2694772047116762 -0.40547975800931135 
-0.6532524041269705 1.2735635863116561 -0.4079110212793834 
-0.6532524041269705 1.2735635863116561 -0.4079110212793834 
-0.6532524041269705 1.2735635863116561 -0.4079110212793834 
-0.6534739930292885 1.2745869759679715 -0.40851557580241915 
-0.6534739930292885 1.2745869759679715 -0.40851557580241915 
-0.6534739930292888 1.2745869759679715 -0.40851557580241904 
-0.6538561662268113 1.2763516662277803 -0.40955418456253756 
-0.6538561662268113 1.2763516662277803 -0.40955418456253756 
-0.6540617389652312 1.2773010865819519 -0.41011504265391496 
-0.6540617389652312 1.2773010865819519 -0.41011504265391496 
-0.6545511964845796 1.2795612604336395 -0.41144635209232494 
-0.6545511964845796 1.2795612604336395 -0.41144635209232494 
-0.6545511964845796 1.2795612604336395 -0.41144635209232494 
-0.6545511964845796 1.2795612604336395 -0.41144635209232494 
-0.6551793781428977 1.2824634977012646 -0.41317239134330463 
-0.6551793781428977 1.2824634977012646 -0.41317239134330463 
-0.6551793781428977 1.2824634977012646 -0.41317239134330463 
-0.6551793781428977 1.2824634977012646 -0.41317239134330463 
-0.6551793781428977 1.2824634977012646 -0.41317239134330463 
-0.6561988665385103 1.2871708856114958 -0.41594164212334006 
-0.6561988665385103 1.2871708856114958 -0.41594164212334006 
-0.6567789674852422 1.2898503773277146 -0.41752837777453267 
-0.6567789674852422 1.2898503773277146 -0.41752837777453267 
-0.656778967485242 1.2898503773277146 -0.41752837777453233 
-0.656778967485242 1.2898503773277146 -0.41752837777453233 
-0.6576074244680886 1.29367688045012 -0.41979269593723834 
-0.6576074244680886 1.29367688045012 -0.41979269593723834 
-0.6576074244680886 1.29367688045012 -0.41979269593723834 
-0.6581249493097879 1.2960663364427973 -0.4211965174304314 
-0.6581249493097879 1.2960663364427973 -0.4211965174304314 
-0.6584873845492385 1.2977402130280313 -0.42218533889678234 
-0.6591982151842659 1.3010227799436411 -0.42412061413384994 
-0.6591982151842659 1.3010227799436411 -0.42412061413384994 
-0.6591982151842659 1.3010227799436411 -0.42412061413384994 
-0.659678506943951 1.3032416557675581 -0.42543910649851047 
-0.659678506943951 1.3032416557675581 -0.42543910649851047 
-0.659678506943951 1.3032416557675581 -0.42543910649851047 
-0.6602813408496009 1.3060245953343363 -0.42706966774675015 
-0.6602813408496009 1.3060245953343363 -0.42706966774675015 
-0.6602813408496009 1.3060245953343363 -0.42706966774675015 
-0.6606136050105041 1.3075610161609033 -0.42799843361186907 
-0.6606136050105041 1.3075610161609033 -0.42799843361186907 
-0.6606136050105041 1.3075610161609033 -0.42799843361186907 
-0.6609610810633387 1.309164771744241 -0.42893425276643893 
-0.6609610810633387 1.309164771744241 -0.42893425276643893 
-0.6609610810633387 1.309164771744241 -0.42893425276643893 
-0.6609610810633387 1.309164771744241 -0.42893425276643893 
-0.6618665451048811 1.3133469254723766 -0.43140866703573344 
-0.6618665451048811 1.3133469254723766 -0.43140866703573344 
-0.6618665451048811 1.3133469254723766 -0.43140866703573344 
-0.6618665451048811 1.3133469254723766 -0.43140866703573344 
-0.6620137917653949 1.3140276605951442 -0.4318185221944123 
-0.6620137917653949 1.3140276605951442 -0.4318185221944123 
-0.6621069848424205 1.3144570317012017 -0.43206058854120155 
-0.6621069848424205 1.3144570317012017 -0.43206058854120155 
-0.6621069848424205 1.3144570317012017 -0.43206058854120155 
-0.6627744074492089 1.317539811139591 -0.4338855613242806 
-0.6627744074492089 1.317539811139591 -0.4338855613242806 
-0.662989665263187 1.3185346500385011 -0.4344809693243402 
-0.662989665263187 1.3185346500385011 -0.4344809693243402 
-0.662989665263187 1.3185346500385011 -0.4344809693243402 
-0.6635688105254863 1.3212080059064661 -0.4360447816090779 
-0.6635688105254863 1.3212080059064661 -0.4360447816090779 
-0.6635688105254863 1.3212080059064661 -0.4360447816090779 
-0.6642630276907039 1.3244152225932022 -0.43795098360268325 
-0.6648974897098957 1.3273447430775245 -0.43967384137803867 
-0.665034683759017 1.327979732415152 -0.44006430836077615 
-0.665034683759017 1.327979732415152 -0.44006430836077615 
-0.665034683759017 1.327979732415152 -0.44006430836077615 
-0.6656157448178447 1.330661090152436 -0.441623366117759 
-0.6656157448178447 1.330661090152436 -0.441623366117759 
-0.6656157448178447 1.330661090152436 -0.441623366117759 
-0.6656157448178447 1.330661090152436 -0.441623366117759 
-0.6656157448178447 1.330661090152436 -0.441623366117759 
-0.6664343927373002 1.3344434889256982 -0.44387505536958416 
-0.6664343927373002 1.3344434889256982 -0.44387505536958416 
-0.6666728616235338 1.3355444929439906 -0.4445215998590607 
-0.6666728616235338 1.3355444929439906 -0.4445215998590607 
-0.666672861623534 1.3355444929439906 -0.44452159985906103 
-0.666672861623534 1.3355444929439906 -0.44452159985906103 
-0.6666728616235338 1.3355444929439906 -0.4445215998590607 
-0.6674286484818849 1.3390343419653057 -0.44657546464561115 
-0.6680186502908143 1.3417602488186569 -0.4481973389298649 
-0.6680186502908143 1.3417602488186569 -0.4481973389298649 
-0.6680186502908143 1.3417602488186569 -0.4481973389298649 
-0.6686755425096024 1.344794394548211 -0.44999358196326644 
-0.6686755425096024 1.344794394548211 -0.44999358196326644 
-0.6690899501092448 1.3467076122554649 -0.4511160717000565 
-0.6690899501092448 1.3467076122554649 -0.4511160717000565 
-0.6700015431648041 1.3509177278978497 -0.4536031443789721 
-0.6700015431648041 1.3509177278978497 -0.45360314437897176 
-0.6700015431648041 1.3509177278978497 -0.45360314437897176 
-0.6700015431648041 1.3509177278978497 -0.45360314437897176 
-0.6700015431648041 1.3509177278978497 -0.45360314437897176 
-0.6705456097631434 1.3534297647550089 -0.4550793789707358 
-0.6705456097631434 1.3534297647550089 -0.4550793789707358 
-0.6705456097631434 1.3534297647550089 -0.4550793789707358 
-0.6710368730746249 1.3556993117655447 -0.4564278046993592 
-0.6710368730746249 1.3556993117655447 -0.4564278046993592 
-0.6716794856866064 1.3586671639153582 -0.4581810258989272 
-0.6716794856866063 1.3586671639153582 -0.45818102589892684 
-0.6722841575386719 1.3614601342855255 -0.45983479763269963 
-0.6722841575386719 1.3614601342855255 -0.45983479763269963 
-0.6722841575386719 1.3614601342855255 -0.45983479763269963 
-0.6722841575386719 1.3614601342855255 -0.45983479763269963 
-0.6722841575386719 1.3614601342855255 -0.45983479763269963 
-0.6728758547677439 1.3641924936135672 -0.4614450446817059 
-0.6728758547677439 1.3641924936135672 -0.4614450446817059 
-0.6728758547677439 1.3641924936135672 -0.4614450446817059 
-0.6735590544489575 1.3673477937194738 -0.46330899839551265 
-0.6735590544489575 1.3673477937194738 -0.46330899839551265 
-0.6735590544489575 1.3673477937194738 -0.46330899839551265 
-0.6735590544489575 1.3673477937194738 -0.46330899839551265 
-0.6741509859722439 1.3700815795356454 -0.464923947862686 
-0.6741509859722439 1.3700815795356454 -0.464923947862686 
-0.6741509859722439 1.3700815795356454 -0.464923947862686 
-0.675132547320257 1.3746144934154678 -0.46759784978794927 
-0.675132547320257 1.3746144934154678 -0.46759784978794927 
-0.675132547320257 1.3746144934154678 -0.46759784978794927 
-0.675132547320257 1.3746144934154678 -0.46759784978794927 
-0.6756581535853132 1.3770407636376243 -0.4690177131224583 
-0.6760991906186032 1.3790785095411073 -0.4702310512345039 
-0.6763626989985994 1.380295845189607 -0.47095403664289426 
-0.6763626989985994 1.380295845189607 -0.47095403664289426 
-0.6763626989985994 1.380295845189607 -0.47095403664289426 
-0.6766440019099943 1.3815957078006236 -0.471729633551108 
-0.6766440019099943 1.3815957078006236 -0.471729633551108 
-0.6766440019099943 1.3815957078006236 -0.471729633551108 
-0.6766440019099943 1.3815957078006236 -0.471729633551108 
-0.6772732261598187 1.3845017269290036 -0.4734463276736728 
-0.6772732261598187 1.3845017269290036 -0.4734463276736728 
-0.6772732261598187 1.3845017269290036 -0.4734463276736728 
-0.6776830165988387 1.386393276249278 -0.47455215734602785 
-0.6782314110088083 1.3889244546640724 -0.47603021804031365 
-0.6787117626185297 1.3911444529757016 -0.47735885503148456 
-0.6788459562984388 1.3917630246728971 -0.47771092718509955 
-0.6788459562984388 1.3917630246728971 -0.47771092718509955 
-0.6788459562984388 1.3917630246728971 -0.47771092718509955 
-0.6788459562984388 1.3917630246728971 -0.47771092718509955 
-0.6792366064528931 1.3935694332190112 -0.47880296071891915 
-0.6792366064528931 1.3935694332190112 -0.47880296071891915 
