-0.6610816828360637 0.9857085551976016 -0.2792043320315405 
-0.6610812601798427 0.9857069476155532 -0.2792072421110433 
-0.6604427940722144 0.9827573921836131 -0.2774552640282163 
-0.6604427940722144 0.9827573921836131 -0.2774552640282163 
-0.6604427940722142 0.9827573921836131 -0.27745526402821596 
-0.6604427940722142 0.9827573921836131 -0.27745526402821596 
-0.6603019912040513 0.9821079595752248 -0.2770811853498629 
-0.6603019912040513 0.9821079595752248 -0.2770811853498629 
-0.6603019912040513 0.9821079595752248 -0.2770811853498629 
-0.6603019912040513 0.9821079595752248 -0.2770811853498629 
-0.6603019912040513 0.9821079595752248 -0.2770811853498629 
-0.6607155696011975 0.9840183809408689 -0.27821360239806403 
-0.6607155696011975 0.9840183809408689 -0.27821360239806403 
-0.6607155696011975 0.9840183809408689 -0.27821360239806403 
-0.6607155696011975 0.9840183809408689 -0.27821360239806403 
-0.6607155696011975 0.9840183809408689 -0.27821360239806403 
-0.6607155696011975 0.9840183809408689 -0.27821360239806403 
-0.6611194784333235 0.9858837998159484 -0.27931557505464333 
-0.6611194784333235 0.9858837998159484 -0.27931557505464333 
-0.6611194784333235 0.9858837998159484 -0.27931557505464333 
-0.6611194784333235 0.9858837998159484 -0.27931557505464333 
-0.6611194784333235 0.9858837998159484 -0.27931557505464333 
-0.6621016991294014 0.9904197588391976 -0.2819912758599531 
-0.6621016991294014 0.9904197588391976 -0.2819912758599531 
-0.6625165771156946 0.9923358378276471 -0.2831231753391128 
-0.6625165771156946 0.9923358378276471 -0.2831231753391128 
-0.6625165771156946 0.9923358378276471 -0.2831231753391128 
-0.6625165771156946 0.9923358378276471 -0.2831231753391128 
-0.6625165771156946 0.9923358378276471 -0.2831231753391128 
-0.6625165771156946 0.9923358378276471 -0.2831231753391128 
-0.6630082451752295 0.9946065652928081 -0.2844645789297904 
-0.6630082451752295 0.9946065652928081 -0.2844645789297904 
-0.6630082451752295 0.9946065652928081 -0.2844645789297904 
-0.6630082451752295 0.9946065652928081 -0.2844645789297904 
-0.6630082451752295 0.9946065652928081 -0.2844645789297904 
-0.6635944882488871 0.9973144239042012 -0.28606807196628226 
-0.6635944882488871 0.9973144239042012 -0.28606807196628226 
-0.6635944882488873 0.9973144239042012 -0.2860680719662826 
-0.6635944882488873 0.9973144239042012 -0.2860680719662826 
-0.6642041736919784 1.0001298602815454 -0.28772739573363004 
-0.6642041736919783 1.0001298602815454 -0.2877273957336297 
-0.6642041736919783 1.0001298602815454 -0.2877273957336297 
-0.6642041736919783 1.0001298602815454 -0.2877273957336297 
-0.6642041736919783 1.0001298602815454 -0.2877273957336297 
-0.6646243174716788 1.0020702588927246 -0.28887366172297313 
-0.6646243174716788 1.0020702588927246 -0.28887366172297313 
-0.6646243174716788 1.0020702588927246 -0.28887366172297313 
-0.6646243174716788 1.0020702588927246 -0.28887366172297313 
-0.6646243174716788 1.0020702588927246 -0.28887366172297313 
-0.6652067493499857 1.004758973416947 -0.29044856071655845 
-0.6652067493499857 1.004758973416947 -0.29044856071655845 
-0.6655815768260932 1.0064919693249503 -0.29149345083001743 
-0.6655815768260932 1.0064919693249503 -0.29149345083001743 
-0.6658975490552048 1.0079519417684026 -0.29236354669360587 
-0.6658975490552048 1.0079519417684026 -0.29236354669360587 
-0.6658975490552048 1.0079519417684026 -0.29236354669360587 
-0.6658975490552048 1.0079519417684026 -0.29236354669360587 
-0.6658975490552048 1.0079519417684026 -0.29236354669360587 
-0.6658975490552048 1.0079519417684026 -0.29236354669360587 
-0.6665287099411533 1.0108662237346537 -0.2940774864140936 
-0.6665287099411533 1.0108662237346537 -0.2940774864140936 
-0.6665287099411533 1.0108662237346537 -0.2940774864140936 
-0.6665287099411533 1.0108662237346537 -0.2940774864140936 
-0.6665287099411533 1.0108662237346537 -0.2940774864140936 
-0.6665287099411533 1.0108662237346537 -0.2940774864140936 
-0.6671076644438166 1.013539387435451 -0.2956489046551186 
-0.6671076644438166 1.013539387435451 -0.2956489046551186 
-0.6671076644438166 1.013539387435451 -0.2956489046551186 
-0.6671076644438166 1.013539387435451 -0.2956489046551186 
-0.6671076644438166 1.013539387435451 -0.2956489046551186 
-0.6671076644438166 1.013539387435451 -0.2956489046551186 
-0.6671076644438166 1.013539387435451 -0.2956489046551186 
-0.6671076644438166 1.013539387435451 -0.2956489046551186 
-0.6680719440568978 1.0179935203402335 -0.29828784692861443 
-0.6680719440568978 1.0179935203402335 -0.29828784692861443 
-0.6680719440568978 1.0179935203402335 -0.29828784692861443 
-0.6686540021426193 1.0206817065177471 -0.2998758589847742 
-0.6686540021426193 1.0206817065177471 -0.2998758589847742 
-0.6686540021426193 1.0206817065177471 -0.2998758589847742 
-0.6686540021426193 1.0206817065177471 -0.2998758589847742 
-0.6693804399976402 1.024037042902691 -0.30186184134402727 
-0.6693804399976402 1.024037042902691 -0.30186184134402727 
-0.6693804399976402 1.024037042902691 -0.30186184134402727 
-0.6693804399976402 1.024037042902691 -0.30186184134402727 
-0.6698628438396158 1.026263951100225 -0.3031657800404829 
-0.6698628438396158 1.026263951100225 -0.3031657800404829 
-0.6698628438396158 1.026263951100225 -0.3031657800404829 
-0.6698628438396158 1.026263951100225 -0.3031657800404829 
-0.6705225522221518 1.0293104142044092 -0.30496157993087036 
-0.6705225522221518 1.0293104142044092 -0.30496157993087036 
-0.6705225522221518 1.0293104142044092 -0.30496157993087036 
-0.6705225522221518 1.0293104142044092 -0.30496157993087036 
-0.6713095583157491 1.0329458243108895 -0.3071168720445556 
-0.6713095583157491 1.0329458243108895 -0.3071168720445556 
-0.6713095583157491 1.0329458243108895 -0.3071168720445556 
-0.6714477792487694 1.0335841860323456 -0.3074939761745976 
-0.6714477792487694 1.0335841860323456 -0.3074939761745976 
-0.6721722414572259 1.0369303980602584 -0.30947456843509524 
-0.6721722414572259 1.0369303980602584 -0.30947456843509524 
-0.6723229511160507 1.0376260934884691 -0.30988168199047283 
-0.6723229511160507 1.0376260934884691 -0.30988168199047283 
-0.6723229511160507 1.0376260934884691 -0.30988168199047283 
-0.6723229511160507 1.0376260934884691 -0.30988168199047283 
-0.6723229511160507 1.0376260934884691 -0.30988168199047283 
-0.673004394533783 1.0407732824396119 -0.31174084414197567 
-0.673004394533783 1.0407732824396119 -0.31174084414197567 
-0.673004394533783 1.0407732824396119 -0.31174084414197567 
-0.6736693866178942 1.043844492293949 -0.3135551226009897 
-0.6736693866178942 1.043844492293949 -0.3135551226009897 
-0.6736693866178942 1.043844492293949 -0.3135551226009897 
-0.6736693866178942 1.043844492293949 -0.3135551226009897 
-0.6736693866178942 1.043844492293949 -0.3135551226009897 
-0.674281720767931 1.0466725059209885 -0.3152257359581624 
-0.674281720767931 1.0466725059209885 -0.3152257359581624 
-0.674281720767931 1.0466725059209885 -0.3152257359581624 
-0.674281720767931 1.0466725059209885 -0.3152257359581624 
-0.6746553851562259 1.0483989322232037 -0.3162533199831945 
-0.6746553851562259 1.0483989322232037 -0.3162533199831945 
-0.6746553851562259 1.0483989322232037 -0.3162533199831945 
-0.6746553851562259 1.0483989322232037 -0.3162533199831945 
-0.6746553851562259 1.0483989322232037 -0.3162533199831945 
-0.6755243820772823 1.0524116323708672 -0.3186160524736127 
-0.6755243820772824 1.0524116323708672 -0.318616052473613 
-0.6755243820772824 1.0524116323708672 -0.318616052473613 
-0.6755243820772823 1.0524116323708672 -0.3186160524736127 
-0.6765063833902768 1.0569465781918488 -0.32129115474247094 
-0.6765063833902768 1.0569465781918488 -0.32129115474247094 
-0.6765063833902768 1.0569465781918488 -0.32129115474247094 
-0.6769368715936003 1.0589354404911933 -0.3224737695205433 
-0.6769368715936003 1.0589354404911933 -0.3224737695205433 
-0.6772021374358925 1.0601608928310813 -0.3232015497619285 
-0.67775830831778 1.0627295211410421 -0.3247189345167981 
-0.67775830831778 1.0627295211410421 -0.3247189345167981 
-0.6781589072966737 1.0645793093180633 -0.3258078137974695 
-0.6786437589700867 1.0668182114587605 -0.3271265572410873 
-0.6786437589700867 1.0668182114587605 -0.3271265572410873 
-0.6786437589700867 1.0668182114587605 -0.3271265572410873 
-0.6786437589700869 1.0668182114587605 -0.3271265572410872 
-0.6786437589700869 1.0668182114587605 -0.3271265572410872 
-0.6791593242751671 1.0691989619168933 -0.32852909578793 
-0.6791593242751671 1.0691989619168933 -0.32852909578793 
-0.6791593242751671 1.0691989619168933 -0.32852909578793 
-0.6791593242751671 1.0691989619168933 -0.32852909578793 
-0.6799327447275431 1.072771972305282 -0.3306513857940212 
-0.6806461572321039 1.076065430107392 -0.3325815154699079 
-0.6806461572321039 1.076065430107392 -0.3325815154699079 
-0.6808563865439256 1.0770373897132628 -0.3331672675546785 
-0.6808563865439256 1.0770373897132628 -0.3331672675546785 
-0.681014117660232 1.077765513150655 -0.33359353754719856 
-0.681014117660232 1.077765513150655 -0.33359353754719856 
-0.6811591382700212 1.0784352786057758 -0.33398919303654984 
-0.6811591382700212 1.0784352786057758 -0.33398919303654984 
-0.6815909242642696 1.0804297902229894 -0.3351712853395433 
-0.6821582663746472 1.0830496674894767 -0.33671508503034864 
-0.6821582663746472 1.0830496674894767 -0.33671508503034864 
-0.6825301297660676 1.0847667427793422 -0.3377255658479318 
-0.6828375034480444 1.0861863222053323 -0.3385641644770021 
-0.6828375034480444 1.0861863222053323 -0.3385641644770021 
-0.6828375034480444 1.0861863222053323 -0.3385641644770021 
-0.6828375034480444 1.0861863222053323 -0.3385641644770021 
-0.6834349183495995 1.0889454325415644 -0.3401940740847744 
-0.6834349183495995 1.0889454325415644 -0.3401940740847744 
-0.6834349183495995 1.0889454325415644 -0.3401940740847744 
-0.6834349183495995 1.0889454325415644 -0.3401940740847744 
-0.6840284004656001 1.0916867240594694 -0.3418173171888238 
-0.6840284004656001 1.0916867240594694 -0.3418173171888238 
-0.6840284004656001 1.0916867240594694 -0.3418173171888238 
-0.6840284004656001 1.0916867240594694 -0.3418173171888238 
-0.6840284004656001 1.0916867240594694 -0.3418173171888238 
-0.6847104722103203 1.0948361260456905 -0.34367006718625126 
-0.6847104722103203 1.0948361260456905 -0.34367006718625126 
-0.6847104722103203 1.0948361260456905 -0.34367006718625126 
-0.6853685084755474 1.097876588717417 -0.34548162108843794 
-0.6853685084755474 1.097876588717417 -0.34548162108843794 
-0.6853685084755474 1.097876588717417 -0.34548162108843794 
-0.6859433096107584 1.1005309148609959 -0.34704577101859757 
-0.6859433096107584 1.1005309148609959 -0.34704577101859757 
-0.6862297578192544 1.1018523093497095 -0.3478090832201538 
-0.6862297578192544 1.1018523093497095 -0.3478090832201538 
-0.6862297578192544 1.1018523093497095 -0.3478090832201538 
-0.6862297578192544 1.1018523093497095 -0.3478090832201538 
-0.6868568251877868 1.1047488762464546 -0.3495258992562863 
-0.6868568251877868 1.1047488762464546 -0.3495258992562863 
-0.6868568251877868 1.1047488762464546 -0.3495258992562863 
-0.6868568251877868 1.1047488762464546 -0.3495258992562863 
-0.6868568251877868 1.1047488762464546 -0.3495258992562863 
-0.6874413137961852 1.1074486320080208 -0.3511246056365107 
-0.6874413137961852 1.1074486320080208 -0.3511246056365107 
-0.6874413137961852 1.1074486320080208 -0.3511246056365107 
-0.6876578580864015 1.108448723548811 -0.35171539709185073 
-0.6876578580864015 1.108448723548811 -0.35171539709185073 
-0.6876578580864015 1.108448723548811 -0.35171539709185073 
-0.6876578580864015 1.108448723548811 -0.35171539709185073 
-0.6886945066923513 1.113236397703359 -0.35454365517232966 
-0.6886945066923513 1.113236397703359 -0.35454365517232966 
-0.6886945066923513 1.113236397703359 -0.35454365517232966 
-0.6890286797280162 1.1147804365241936 -0.3554634960946902 
-0.6890286797280162 1.1147804365241936 -0.3554634960946902 
-0.6896024012565707 1.1174301210155466 -0.3570287637656887 
-0.689833190536073 1.1184956574178557 -0.3576543562086685 
-0.6898331905360728 1.1184956574178557 -0.35765435620866814 
-0.6901552318635564 1.119982289287413 -0.3585248457458752 
-0.6904009875225625 1.1211179799113644 -0.3592034601247821 
-0.6904009875225625 1.1211179799113644 -0.3592034601247821 
-0.6904009875225625 1.1211179799113644 -0.3592034601247821 
-0.6909997187226177 1.1238831694612008 -0.36083696095126383 
-0.6909997187226177 1.1238831694612008 -0.36083696095126383 
-0.6909997187226177 1.1238831694612008 -0.36083696095126383 
-0.6909997187226177 1.1238831694612008 -0.36083696095126383 
-0.6909997187226177 1.1238831694612008 -0.36083696095126383 
-0.6914418032082813 1.1259248993723685 -0.3620430871271505 
-0.6921587741720128 1.1292358248782168 -0.363995114843481 
-0.6921587741720128 1.1292358248782168 -0.363995114843481 
-0.6921587741720128 1.1292358248782168 -0.363995114843481 
-0.6921587741720128 1.1292358248782168 -0.363995114843481 
-0.6924163466952571 1.1304254018528832 -0.36469784242734515 
-0.6927662992029765 1.1320419724144843 -0.36565667082181563 
-0.6927662992029765 1.1320419724144843 -0.36565667082181563 
-0.6927662992029765 1.1320419724144843 -0.36565667082181563 
-0.6933676815076065 1.1348197502872646 -0.36730146777950456 
-0.6933676815076065 1.1348197502872646 -0.36730146777950456 
-0.6933676815076065 1.1348197502872646 -0.36730146777950456 
-0.6936410657227969 1.1360826966476707 -0.36805139714029045 
-0.6936410657227969 1.1360826966476707 -0.36805139714029045 
-0.6940273576702515 1.1378653757464756 -0.36908905336508024 
-0.6940273576702515 1.1378653757464756 -0.36908905336508024 
-0.6940273576702515 1.1378653757464756 -0.36908905336508024 
-0.6940273576702515 1.1378653757464756 -0.36908905336508024 
-0.6947143202825876 1.1410387434725253 -0.3709713997740679 
-0.6947143202825876 1.1410387434725253 -0.3709713997740679 
-0.6954918594848956 1.1446297426999106 -0.37309273724483016 
-0.6957104092439383 1.1456397851694557 -0.37369712656235554 
-0.6957104092439383 1.1456397851694557 -0.37369712656235554 
-0.6960528406846709 1.1472202426372675 -0.3746191826492292 
-0.6960528406846709 1.1472202426372675 -0.3746191826492292 
-0.6963457350831472 1.1485729507136102 -0.3754182778724936 
-0.6963457350831472 1.1485729507136102 -0.3754182778724936 
-0.6963457350831472 1.1485729507136102 -0.3754182778724936 
-0.6963457350831472 1.1485729507136102 -0.3754182778724936 
-0.696718034843105 1.1502920413347613 -0.376429949221598 
-0.696718034843105 1.1502920413347613 -0.376429949221598 
-0.696718034843105 1.1502920413347613 -0.376429949221598 
-0.6972816599545675 1.1528950963753164 -0.3779676711330585 
-0.6972816599545675 1.1528950963753164 -0.3779676711330585 
-0.6978214081262812 1.1553885666235713 -0.37944837668817855 
-0.6978214081262812 1.1553885666235713 -0.37944837668817855 
-0.6978214081262812 1.1553885666235713 -0.37944837668817855 
-0.6978214081262812 1.1553885666235713 -0.37944837668817855 
-0.6983973234856693 1.1580483831375983 -0.3810196297236933 
-0.6983973234856693 1.1580483831375983 -0.3810196297236933 
-0.6983973234856693 1.1580483831375983 -0.3810196297236933 
-0.6983973234856693 1.1580483831375983 -0.3810196297236933 
-0.6991270186682342 1.1614180743749554 -0.3830063725542171 
-0.6991270186682342 1.1614180743749554 -0.3830063725542171 
-0.6991270186682342 1.1614180743749554 -0.3830063725542171 
-0.6991270186682342 1.1614180743749554 -0.3830063725542171 
-0.6991270186682342 1.1614180743749554 -0.3830063725542171 
-0.7001263882599627 1.1660339229665326 -0.38573698659032885 
-0.7001263882599625 1.1660339229665326 -0.3857369865903285 
-0.7001263882599625 1.1660339229665326 -0.3857369865903285 
-0.7001263882599625 1.1660339229665326 -0.3857369865903285 
-0.700710013048344 1.1687300336682669 -0.3873373994357704 
-0.700710013048344 1.1687300336682669 -0.3873373994357704 
-0.700710013048344 1.1687300336682669 -0.3873373994357704 
-0.700710013048344 1.1687300336682669 -0.3873373994357704 
-0.7012057509941748 1.1710176707370843 -0.38866764750804783 
-0.7012057509941748 1.1710176707370843 -0.38866764750804783 
-0.7015912274514493 1.172797961243517 -0.3897193316552733 
-0.7015912274514493 1.172797961243517 -0.3897193316552733 
-0.7015912274514493 1.172797961243517 -0.3897193316552733 
-0.7018515202487012 1.17400164397714 -0.39044767695324045 
-0.7018515202487012 1.17400164397714 -0.39044767695324045 
-0.7018515202487012 1.17400164397714 -0.39044767695324045 
-0.7018515202487012 1.17400164397714 -0.39044767695324045 
-0.7018515202487012 1.17400164397714 -0.39044767695324045 
-0.7018515202487012 1.17400164397714 -0.39044767695324045 
-0.7018515202487012 1.17400164397714 -0.39044767695324045 
-0.7026137026351755 1.1775217190458074 -0.39252711687239106 
-0.7026137026351755 1.1775217190458074 -0.39252711687239106 
-0.7030761402189378 1.179656414763759 -0.39377658221036815 
-0.7030761402189378 1.179656414763759 -0.39377658221036815 
-0.7030761402189378 1.179656414763759 -0.39377658221036815 
-0.7030761402189378 1.179656414763759 -0.39377658221036815 
-0.7035845130132903 1.1820049804779027 -0.3951716872408352 
-0.7035845130132903 1.1820049804779027 -0.3951716872408352 
-0.7035845130132903 1.1820049804779027 -0.3951716872408352 
-0.7039570470674625 1.1837254975871836 -0.3961880610081062 
-0.704132751486657 1.1845362847880156 -0.39665930383725245 
-0.704132751486657 1.1845362847880156 -0.39665930383725245 
-0.7044706528359238 1.186097542510772 -0.39758931660859964 
-0.7044706528359238 1.186097542510772 -0.39758931660859964 
-0.7044706528359238 1.186097542510772 -0.39758931660859964 
-0.7044706528359238 1.186097542510772 -0.39758931660859964 
-0.7049750791324055 1.188427881657352 -0.39897365452431954 
-0.7049750791324055 1.188427881657352 -0.39897365452431954 
-0.7049750791324055 1.188427881657352 -0.39897365452431954 
-0.7049750791324055 1.188427881657352 -0.39897365452431954 
-0.7049750791324055 1.188427881657352 -0.39897365452431954 
-0.7059759187671197 1.1930491418382299 -0.4016920264352771 
-0.7059759187671197 1.1930491418382299 -0.4016920264352771 
-0.7065219747243402 1.1955707108016576 -0.4031777517368206 
-0.7065219747243402 1.1955707108016576 -0.4031777517368206 
-0.7067069922903382 1.1964265765058886 -0.4036987825527528 
-0.7073679364872547 1.1994772047116762 -0.40547975800931135 
-0.7073679364872547 1.1994772047116762 -0.40547975800931135 
-0.7082524041269704 1.2035635863116558 -0.4079110212793836 
-0.7082524041269704 1.2035635863116558 -0.4079110212793836 
-0.7082524041269704 1.2035635863116558 -0.4079110212793836 
-0.7084739930292887 1.204586975967972 -0.40851557580241915 
-0.7084739930292887 1.204586975967972 -0.40851557580241915 
-0.7084739930292889 1.204586975967972 -0.40851557580241904 
-0.7088561662268112 1.2063516662277798 -0.40955418456253756 
-0.7088561662268112 1.2063516662277798 -0.40955418456253756 
-0.7090617389652312 1.2073010865819513 -0.41011504265391474 
-0.7090617389652312 1.2073010865819513 -0.41011504265391474 
-0.7095511964845796 1.2095612604336394 -0.41144635209232516 
-0.7095511964845796 1.2095612604336394 -0.41144635209232516 
-0.7095511964845796 1.2095612604336394 -0.41144635209232516 
-0.7095511964845796 1.2095612604336394 -0.41144635209232516 
-0.7101793781428978 1.2124634977012645 -0.4131723913433044 
-0.7101793781428978 1.2124634977012645 -0.4131723913433044 
-0.7101793781428978 1.2124634977012645 -0.4131723913433044 
-0.7101793781428978 1.2124634977012645 -0.4131723913433044 
-0.7101793781428978 1.2124634977012645 -0.4131723913433044 
-0.7111988665385104 1.217170885611496 -0.4159416421233405 
-0.7111988665385104 1.217170885611496 -0.4159416421233405 
-0.7117789674852422 1.2198503773277143 -0.41752837777453267 
-0.7117789674852422 1.2198503773277143 -0.41752837777453267 
-0.711778967485242 1.2198503773277143 -0.41752837777453233 
-0.711778967485242 1.2198503773277143 -0.41752837777453233 
-0.7126074244680887 1.2236768804501201 -0.41979269593723834 
-0.7126074244680887 1.2236768804501201 -0.41979269593723834 
-0.7126074244680887 1.2236768804501201 -0.41979269593723834 
-0.7131249493097879 1.2260663364427973 -0.42119651743043096 
-0.7131249493097879 1.2260663364427973 -0.42119651743043096 
-0.7134873845492385 1.2277402130280313 -0.42218533889678234 
-0.7141982151842657 1.231022779943641 -0.42412061413385016 
-0.7141982151842657 1.231022779943641 -0.42412061413385016 
-0.7141982151842657 1.231022779943641 -0.42412061413385016 
-0.7146785069439511 1.2332416557675578 -0.4254391064985107 
-0.7146785069439511 1.2332416557675578 -0.4254391064985107 
-0.7146785069439511 1.2332416557675578 -0.4254391064985107 
-0.7152813408496009 1.236024595334336 -0.4270696677467499 
-0.7152813408496009 1.236024595334336 -0.4270696677467499 
-0.7152813408496009 1.236024595334336 -0.4270696677467499 
-0.7156136050105043 1.2375610161609032 -0.42799843361186884 
-0.7156136050105043 1.2375610161609032 -0.42799843361186884 
-0.7156136050105043 1.2375610161609032 -0.42799843361186884 
-0.7159610810633388 1.239164771744241 -0.4289342527664394 
-0.7159610810633388 1.239164771744241 -0.4289342527664394 
-0.7159610810633388 1.239164771744241 -0.4289342527664394 
-0.7159610810633388 1.239164771744241 -0.4289342527664394 
-0.7168665451048811 1.2433469254723764 -0.43140866703573366 
-0.7168665451048811 1.2433469254723764 -0.43140866703573366 
-0.7168665451048811 1.2433469254723764 -0.43140866703573366 
-0.7168665451048811 1.2433469254723764 -0.43140866703573366 
-0.7170137917653949 1.2440276605951441 -0.4318185221944123 
-0.7170137917653949 1.2440276605951441 -0.4318185221944123 
-0.7171069848424206 1.2444570317012018 -0.4320605885412018 
-0.7171069848424206 1.2444570317012018 -0.4320605885412018 
-0.7171069848424206 1.2444570317012018 -0.4320605885412018 
-0.717774407449209 1.247539811139591 -0.43388556132428036 
-0.717774407449209 1.247539811139591 -0.43388556132428036 
-0.7179896652631872 1.2485346500385013 -0.43448096932434044 
-0.7179896652631872 1.2485346500385013 -0.43448096932434044 
-0.7179896652631872 1.2485346500385013 -0.43448096932434044 
-0.7185688105254864 1.251208005906466 -0.4360447816090781 
-0.7185688105254864 1.251208005906466 -0.4360447816090781 
-0.7185688105254864 1.251208005906466 -0.4360447816090781 
-0.7192630276907039 1.2544152225932022 -0.4379509836026835 
-0.7198974897098959 1.2573447430775242 -0.4396738413780391 
-0.7200346837590169 1.2579797324151518 -0.44006430836077637 
-0.7200346837590169 1.2579797324151518 -0.44006430836077637 
-0.7200346837590169 1.2579797324151518 -0.44006430836077637 
-0.7206157448178447 1.2606610901524355 -0.441623366117759 
-0.7206157448178447 1.2606610901524355 -0.441623366117759 
-0.7206157448178447 1.2606610901524355 -0.441623366117759 
-0.7206157448178447 1.2606610901524355 -0.441623366117759 
-0.7206157448178447 1.2606610901524355 -0.441623366117759 
-0.7214343927373003 1.2644434889256981 -0.44387505536958394 
-0.7214343927373003 1.2644434889256981 -0.44387505536958394 
-0.7216728616235337 1.2655444929439903 -0.44452159985906115 
-0.7216728616235337 1.2655444929439903 -0.44452159985906115 
-0.7216728616235338 1.2655444929439903 -0.4445215998590615 
-0.7216728616235338 1.2655444929439903 -0.4445215998590615 
-0.7216728616235337 1.2655444929439903 -0.44452159985906115 
-0.722428648481885 1.2690343419653056 -0.4465754646456116 
-0.7230186502908144 1.2717602488186568 -0.4481973389298649 
-0.7230186502908144 1.2717602488186568 -0.4481973389298649 
-0.7230186502908144 1.2717602488186568 -0.4481973389298649 
-0.7236755425096024 1.274794394548211 -0.44999358196326644 
-0.7236755425096024 1.274794394548211 -0.44999358196326644 
-0.7240899501092448 1.2767076122554646 -0.4511160717000561 
-0.7240899501092448 1.2767076122554646 -0.4511160717000561 
-0.7250015431648043 1.2809177278978499 -0.4536031443789721 
-0.7250015431648041 1.2809177278978499 -0.45360314437897176 
-0.7250015431648041 1.2809177278978499 -0.45360314437897176 
-0.7250015431648041 1.2809177278978499 -0.45360314437897176 
-0.7250015431648041 1.2809177278978499 -0.45360314437897176 
-0.7255456097631434 1.283429764755009 -0.455079378970736 
-0.7255456097631434 1.283429764755009 -0.455079378970736 
-0.7255456097631434 1.283429764755009 -0.455079378970736 
-0.7260368730746248 1.2856993117655446 -0.4564278046993592 
-0.7260368730746248 1.2856993117655446 -0.4564278046993592 
-0.7266794856866063 1.288667163915358 -0.4581810258989274 
-0.7266794856866062 1.288667163915358 -0.45818102589892706 
-0.7272841575386719 1.2914601342855252 -0.45983479763269963 
-0.7272841575386719 1.2914601342855252 -0.45983479763269963 
-0.7272841575386719 1.2914601342855252 -0.45983479763269963 
-0.7272841575386719 1.2914601342855252 -0.45983479763269963 
-0.7272841575386719 1.2914601342855252 -0.45983479763269963 
-0.7278758547677437 1.2941924936135671 -0.4614450446817059 
-0.7278758547677437 1.2941924936135671 -0.4614450446817059 
-0.7278758547677437 1.2941924936135671 -0.4614450446817059 
-0.7285590544489575 1.2973477937194735 -0.46330899839551287 
-0.7285590544489575 1.2973477937194735 -0.46330899839551287 
-0.7285590544489575 1.2973477937194735 -0.46330899839551287 
-0.7285590544489575 1.2973477937194735 -0.46330899839551287 
-0.7291509859722438 1.3000815795356453 -0.46492394786268576 
-0.7291509859722438 1.3000815795356453 -0.46492394786268576 
-0.7291509859722438 1.3000815795356453 -0.46492394786268576 
-0.730132547320257 1.3046144934154678 -0.4675978497879497 
-0.730132547320257 1.3046144934154678 -0.4675978497879497 
-0.730132547320257 1.3046144934154678 -0.4675978497879497 
-0.730132547320257 1.3046144934154678 -0.4675978497879497 
-0.7306581535853132 1.3070407636376238 -0.46901771312245855 
-0.7310991906186032 1.3090785095411075 -0.4702310512345039 
-0.7313626989985993 1.310295845189607 -0.4709540366428947 
-0.7313626989985993 1.310295845189607 -0.4709540366428947 
-0.7313626989985993 1.310295845189607 -0.4709540366428947 
-0.7316440019099941 1.311595707800623 -0.4717296335511082 
-0.7316440019099941 1.311595707800623 -0.4717296335511082 
-0.7316440019099941 1.311595707800623 -0.4717296335511082 
-0.7316440019099941 1.311595707800623 -0.4717296335511082 
-0.7322732261598186 1.3145017269290036 -0.4734463276736728 
-0.7322732261598186 1.3145017269290036 -0.4734463276736728 
-0.7322732261598186 1.3145017269290036 -0.4734463276736728 
-0.7326830165988388 1.3163932762492776 -0.4745521573460283 
-0.7332314110088083 1.3189244546640724 -0.47603021804031365 
-0.7337117626185298 1.3211444529757017 -0.47735885503148456 
-0.7338459562984387 1.3217630246728964 -0.4777109271850998 
-0.7338459562984387 1.3217630246728964 -0.4777109271850998 
-0.7338459562984387 1.3217630246728964 -0.4777109271850998 
-0.7338459562984387 1.3217630246728964 -0.4777109271850998 
-0.734236606452893 1.3235694332190113 -0.47880296071891915 
-0.734236606452893 1.3235694332190113 -0.47880296071891915 
