[0.6341302360515888, -0.1735091287087218, 0.44750346303662036]
[0.6341333694312061, -0.1761306044192558, 0.44756674545381625]
[0.6341333694312061, -0.1761306044192558, 0.44756674545381625]
[0.634128578104542, -0.18216437652568457, 0.4474641245014813]
[0.634128578104542, -0.18216437652568457, 0.4474641245014813]
[0.6341333935489604, -0.18845972311446077, 0.44756785410489064]
[0.6341333935489604, -0.18845972311446077, 0.44756785410489064]
[0.6341287230872592, -0.19494194564773099, 0.4474707891042453]
[0.6341287230872593, -0.1960379101185672, 0.4474707891042401]
[0.6341287230872593, -0.1960379101185672, 0.4474707891042401]
[0.6341334656441913, -0.20244221594196185, 0.4475711681969383]
[0.6341334656441913, -0.20244221594196185, 0.4475711681969383]
[0.6341287876432466, -0.21236738861221838, 0.4474737566303916]
[0.6341287876432466, -0.21236738861221838, 0.4474737566303916]
[0.6341285781045418, -0.21688720567391684, 0.44746412450131157]
[0.6341285781045418, -0.21688720567391684, 0.44746412450131157]
[0.6341332067936984, -0.22601084421814296, 0.44756404358695534]
[0.6341332067936984, -0.22601084421814296, 0.44756404358695534]
[0.634129043797855, -0.23318734177014716, 0.44747757217232276]
[0.634129043797855, -0.23318734177014716, 0.44747757217232276]
[0.6341286501997726, -0.23806566697085824, 0.4474674385933236]
[0.6341286501997726, -0.23806566697085824, 0.4474674385933236]
[0.6341332990424887, -0.2473852084494602, 0.4475658884619387]
[0.6341286501997725, -0.25205535890111086, 0.4474674385932551]
[0.6341333935489598, -0.25661008680835323, 0.447567854104557]
[0.6341331860313495, -0.2645496256109396, 0.44755831488165443]
[0.6341334656441907, -0.27127494986604356, 0.44757116819660103]
[0.6341333207213178, -0.27560920170888503, 0.4475645063446956]
[0.6341333935489597, -0.2806054180945031, 0.44756785410443933]
[0.6341309687335055, -0.28625185518041896, 0.4475192562450735]
[0.6341287951824895, -0.2918372408087599, 0.4474741031958869]
[0.6341333935489595, -0.2976701779286448, 0.44756785410435573]
[0.6341333935489595, -0.2976701779286448, 0.44756785410435573]
[0.6341333935489595, -0.30527472710525516, 0.44756785410431854]
[0.6341331170448704, -0.30533791189918136, 0.4475623847422796]
[0.6341287951824894, -0.3125967149913693, 0.4474741031957853]
[0.6341287951824894, -0.3125967149913693, 0.4474741031957853]
[0.6341287230872583, -0.31718533252602016, 0.4474707891036468]
[0.6341287230872583, -0.32102573784964056, 0.44747078910362825]
[0.6341287951824892, -0.32539645690691293, 0.4474741031957228]
[0.6341313827813503, -0.33280775796101114, 0.44752776285813833]
[0.6341306638133143, -0.3400857806193056, 0.4475082899878249]
[0.6341286501997718, -0.3442908268715492, 0.4474674385928036]
[0.6341285781045408, -0.3498072381883173, 0.44746412450066064]
[0.634128795182489, -0.35597720351636764, 0.4474741031955731]
[0.634133393548959, -0.3601273455824666, 0.44756785410405]
[0.6341294408979652, -0.36515300099840203, 0.4474841665310585]
[0.6341286501997717, -0.3661576538996951, 0.44746743859269644]
[0.6341302395402402, -0.3725943337279065, 0.44750251863374524]
[0.6341286501997716, -0.37340270838778367, 0.4474674385926609]
[0.6341289045137184, -0.3788519823647566, 0.447479128961527]
[0.6341333935489587, -0.3851522011627295, 0.44756785410392774]
[0.6341333206614724, -0.3927719721112678, 0.44756450359317945]
[0.6341333206614724, -0.3972423928822968, 0.4475645035931577]
[0.6341286323095627, -0.40427005003368904, 0.447466616210798]
[0.6341331392350118, -0.4096420101607112, 0.447556163734915]
[0.63412859772709, -0.4140719417886721, 0.44746502651475395]
[0.6341331618900863, -0.4253827007381006, 0.4475572051491331]
[0.6341284687733107, -0.4288084239894286, 0.44745909873420764]
[0.6341333206614722, -0.43172306233674806, 0.4475645035929887]
[0.6341333206614722, -0.43172306233674806, 0.4475645035929887]
[0.6341334656441895, -0.4388555725633331, 0.4475711681957808]
[0.6341334656441895, -0.4388555725633331, 0.4475711681957808]
[0.6341285781045399, -0.44331046510094635, 0.4474641245002028]
[0.6341330226587585, -0.44648554177099636, 0.44755985905780327]
[0.6341285781045399, -0.4518975093600663, 0.4474641245001606]
[0.6341285781045399, -0.4529162150281058, 0.44746412450015594]
[0.634133248566241, -0.4576924872852628, 0.44756118950074564]
[0.6341286501997709, -0.46436562917434004, 0.4474674385922156]
[0.6341286823715261, -0.46594238065592336, 0.44746891747172735]
[0.6341286823715261, -0.46594238065592336, 0.44746891747172735]
[0.6341287230872571, -0.47066489742585427, 0.4474707891028956]
[0.6341286501997708, -0.4782140614333889, 0.44746743859214777]
[0.6341288350083087, -0.4861415638190077, 0.4474713479929915]
[0.6341286501997707, -0.4927903325947524, 0.4474674385920766]
[0.6341323004118635, -0.4968035497760815, 0.44754184615445103]
[0.6341307724080011, -0.5000321018980642, 0.4475117074959821]
[0.6341285781045396, -0.5066423662339712, 0.4474641244998927]
[0.6341333206614715, -0.5131173100696099, 0.4475645035925905]
[0.6341287128317227, -0.519129256339211, 0.4474703176736311]
[0.6341287951824879, -0.52021781831202, 0.4474741031947689]
[0.6341287951824877, -0.5242282192983047, 0.44747410319474934]
[0.6341333935489578, -0.5286393336192005, 0.44756785410322475]
[0.6341287698283437, -0.5337455038424114, 0.44747293770889285]
[0.6341313035741057, -0.5372613463901262, 0.4475214700632112]
[0.6341333935489577, -0.5418125714692833, 0.4475678541031609]
[0.6341283974703339, -0.5511973110959545, 0.4474558210600871]
[0.6341323913308241, -0.5558125810822664, 0.4475403265154324]
[0.6341325484367119, -0.5630394987318665, 0.44754661204238433]
[0.6341333206614711, -0.5684475883620851, 0.4475645035923196]
[0.6341333935489574, -0.5729652929640516, 0.44756785410300803]
[0.6341333935489574, -0.5729652929640516, 0.44756785410300803]
[0.6341333935489573, -0.5786914258179449, 0.44756785410297995]
[0.6341287230872563, -0.5824878716357897, 0.44747078910234783]
[0.6341286237593855, -0.595595908519421, 0.4474662231731884]
[0.6341316099024791, -0.5994185124998771, 0.44752843843440915]
