[0.6281085410759041, -0.27504640547252135, 0.4637806630515723]
[0.6281083960931868, -0.27800328643186994, 0.46377399844873124]
[0.628108468980673, -0.28330424869033316, 0.4637773489594158]
[0.628108468980673, -0.28330424869033316, 0.4637773489594158]
[0.6281086139633902, -0.28547341933832365, 0.46378401356223165]
[0.6281085129581103, -0.29071101483333106, 0.4637793705255272]
[0.6281085410759039, -0.2952743652034688, 0.46378066305147314]
[0.6281085925234253, -0.2981312773285986, 0.46378302800435667]
[0.6281084689806729, -0.3028019557741794, 0.4637773489593203]
[0.6281084689806729, -0.3028019557741794, 0.4637773489593203]
[0.6281084689806732, -0.3088618288653083, 0.4637773489592907]
[0.6281084557418116, -0.3142032211461953, 0.463776740391895]
[0.6281084689806726, -0.32082113765625164, 0.46377734895923217]
[0.6281083946285894, -0.32755326905330084, 0.4637739311235203]
[0.6281083960931862, -0.3287381868806365, 0.46377399844848266]
[0.6281084689806726, -0.3360415240328774, 0.46377734895915756]
[0.6281084689806725, -0.343127349860793, 0.4637773489591229]
[0.6281084689806725, -0.343127349860793, 0.4637773489591229]
[0.6281083960931861, -0.34848215166312846, 0.4637739984483863]
[0.6281082008298849, -0.34947213150965917, 0.46376502253474927]
[0.6281084689806724, -0.3562156160447991, 0.46377734895905864]
[0.6281084689806723, -0.3615308783050676, 0.4637773489590328]
[0.6281085822957275, -0.36499743756816594, 0.46378255785460754]
[0.6281083960931859, -0.37071529226327693, 0.46377399844827716]
[0.6281082875542118, -0.3750489378486456, 0.46376900910078467]
[0.6281085466215836, -0.37689882950414755, 0.46378091797633214]
[0.6281085410759032, -0.38488811385645644, 0.4637806630510345]
[0.6281085410759032, -0.38488811385645644, 0.4637806630510345]
[0.6281082146667254, -0.38955701311402446, 0.46376565859000285]
[0.6281084148549182, -0.39318540609064795, 0.463774860892306]
[0.628108468980672, -0.40089821185089203, 0.46377734895884004]
[0.6281084429691177, -0.4043417845528691, 0.4637761532530075]
[0.628108468215322, -0.4116476127036982, 0.4637773137769833]
[0.6281086860586202, -0.41679285412489864, 0.4637873276537047]
[0.6281085883610992, -0.41812876314829456, 0.4637828366689327]
[0.6281083960931857, -0.4207578210612668, 0.4637739984480319]
[0.6281083960931856, -0.4232629996962052, 0.4637739984480199]
[0.6281084582271629, -0.43076860806297984, 0.46377685463862883]
[0.6281084689806717, -0.4327494975606818, 0.46377734895868405]
[0.6281085410759027, -0.43874349596440104, 0.4637806630507707]
[0.6281083243423278, -0.44562972857315614, 0.46377070018604205]
[0.6281084689806716, -0.4485803927061545, 0.46377734895860667]
[0.6281085316761326, -0.45258320941420516, 0.46378023095965426]
[0.6281083960931854, -0.45696273693320866, 0.46377399844785505]
[0.6281083960931854, -0.45696273693320866, 0.46377399844785505]
[0.6281086139633889, -0.46242277329213205, 0.46378401356136545]
[0.6281083253230961, -0.46345181864601476, 0.4637707452701686]
[0.6281084962019461, -0.4680982466928047, 0.4637786002730564]
[0.6281086139633888, -0.4706447075809863, 0.46378401356132537]
[0.6281083555628243, -0.4753565416320554, 0.4637721353377141]
[0.6281082146667247, -0.4779257273489131, 0.4637656585895701]
[0.6281084689806714, -0.4825226943048564, 0.46377734895844036]
[0.6281084689806714, -0.4825226943048564, 0.46377734895844036]
[0.628108396093185, -0.49104507497743666, 0.46377399844768796]
[0.628108396093185, -0.497790948727906, 0.4637739984476549]
[0.6281085410759022, -0.503503627549409, 0.4637806630504536]
[0.6281084740252221, -0.507530679073133, 0.4637775808475266]
[0.6281086729447689, -0.5142765395358955, 0.4637867248323658]
[0.6281084809365227, -0.5206839210866513, 0.4637778985479092]
[0.6281085699763621, -0.5241612901900096, 0.46378199155412625]
[0.6281086139633885, -0.5255236613874993, 0.4637840135610565]
[0.6281082146667243, -0.5303529967485225, 0.4637656585893135]
[0.6281083960931847, -0.5375225485143035, 0.4637739984474605]
[0.628108468980671, -0.5433382305202645, 0.4637773489581428]
[0.628108468980671, -0.5438026727992259, 0.4637773489581404]
[0.6281085410759019, -0.5518067294333718, 0.46378066305021715]
[0.6281085410759019, -0.5518067294333718, 0.46378066305021715]
[0.6281086860586191, -0.5577037686426126, 0.463787327653015]
[0.6281086860586191, -0.5577037686426126, 0.463787327653015]
[0.6281083960931845, -0.5662597435768897, 0.4637739984473197]
[0.628108468047614, -0.5718059324982977, 0.46377730606701806]
[0.6281085761573657, -0.5749227015550528, 0.46378227568386476]
[0.628108504975175, -0.5827201721234067, 0.4637790035625783]
[0.6281085410759016, -0.5867474186725673, 0.46378066305004595]
[0.6281084731451658, -0.5940287753796414, 0.4637775403924852]
[0.6281083776333161, -0.6032535327890232, 0.46377314987917484]
