[[0.0460203832582478, 1.1965909567371558, -0.26841474369776475]]
[[0.0460203832582478, 1.1965909567371558, -0.26841474369776475]]
[[0.0460203832582478, 1.1965909567371558, -0.26841474369776475]]
[[0.046023171992765406, 1.1966015885432733, -0.2684172183207617]]
[[0.046023171992765406, 1.1966015885432733, -0.2684172183207617]]
[[0.046023171992765406, 1.1966015885432733, -0.2684172183207617]]
[[0.04602286747328591, 1.1965999521264077, -0.2684201270883295]]
[[0.04602286747328591, 1.1965999521264077, -0.2684201270883295]]
[[0.04602286747328591, 1.1965999521264077, -0.2684201270883295]]
[[0.04602286747328591, 1.1965999521264077, -0.2684201270883295]]
[[0.04602286747328591, 1.1965999521264077, -0.2684201270883295]]
[[0.04602286747328591, 1.1965999521264077, -0.2684201270883295]]
[[0.046409628822203994, 1.1980009559718503, -0.2692546852942018]]
[[0.046409628822203994, 1.1980009559718503, -0.2692546852942018]]
[[0.046409628822203994, 1.1980009559718503, -0.2692546852942018]]
[[0.046409628822203994, 1.1980009559718503, -0.2692546852942018]]
[[0.046409628822203994, 1.1980009559718503, -0.2692546852942018]]
[[0.047196039344798595, 1.2008480294795816, -0.2709624361425855]]
[[0.047196039344798595, 1.2008480294795816, -0.2709624361425855]]
[[0.047196039344798595, 1.2008480294795816, -0.2709624361425855]]
[[0.047196039344798595, 1.2008480294795816, -0.2709624361425855]]
[[0.047196039344798595, 1.2008480294795816, -0.2709624361425855]]
[[0.047196039344798595, 1.2008480294795816, -0.2709624361425855]]
[[0.047196039344798595, 1.2008480294795816, -0.2709624361425855]]
[[0.04802692179204882, 1.203856670406816, -0.27276299070748733]]
[[0.04802692179204882, 1.203856670406816, -0.27276299070748733]]
[[0.04802692179204882, 1.203856670406816, -0.27276299070748733]]
[[0.048501959074737484, 1.2055762555720906, -0.2737959836399271]]
[[0.048501959074737484, 1.2055762555720906, -0.2737959836399271]]
[[0.048501959074737484, 1.2055762555720906, -0.2737959836399271]]
[[0.04873446401154101, 1.2064197499447755, -0.2742892024374278]]
[[0.04873446401154101, 1.2064197499447755, -0.2742892024374278]]
[[0.04873446401154101, 1.2064197499447755, -0.2742892024374278]]
[[0.04873446401154101, 1.2064197499447755, -0.2742892024374278]]
[[0.04873446401154101, 1.2064197499447755, -0.2742892024374278]]
[[0.049708532288349254, 1.2099452798115498, -0.27641067470103564]]
[[0.049708532288349254, 1.2099452798115498, -0.27641067470103564]]
[[0.049932220485287684, 1.2107544583494425, -0.27690076872966873]]
[[0.049932220485287684, 1.2107544583494425, -0.27690076872966873]]
[[0.049932220485287684, 1.2107544583494425, -0.27690076872966873]]
[[0.049932220485287684, 1.2107544583494425, -0.27690076872966873]]
[[0.050787641694684534, 1.2138514208485915, -0.27875806841923934]]
[[0.050787641694684534, 1.2138514208485915, -0.27875806841923934]]
[[0.050787641694684534, 1.2138514208485915, -0.27875806841923934]]
[[0.05108110093441951, 1.2149145760065156, -0.27939043732726254]]
[[0.05108110093441951, 1.2149145760065156, -0.27939043732726254]]
[[0.05108110093441951, 1.2149145760065156, -0.27939043732726254]]
[[0.05108110093441951, 1.2149145760065156, -0.27939043732726254]]
[[0.05108110093441951, 1.2149145760065156, -0.27939043732726254]]
[[0.05108110093441951, 1.2149145760065156, -0.27939043732726254]]
[[0.05194759197220921, 1.2180521563080418, -0.2812681570921971]]
[[0.05194759197220921, 1.2180521563080418, -0.2812681570921971]]
[[0.05194759197220921, 1.2180521563080418, -0.2812681570921971]]
[[0.05194759197220921, 1.2180521563080418, -0.2812681570921971]]
[[0.05194759197220921, 1.2180521563080418, -0.2812681570921971]]
[[0.05194759197220921, 1.2180521563080418, -0.2812681570921971]]
[[0.05262306391767031, 1.220498052893098, -0.2827319310579224]]
[[0.05262306391767031, 1.220498052893098, -0.2827319310579224]]
[[0.05262306391767031, 1.220498052893098, -0.2827319310579224]]
[[0.05262306391767031, 1.220498052893098, -0.2827319310579224]]
[[0.05262306391767031, 1.220498052893098, -0.2827319310579224]]
[[0.05262306391767031, 1.220498052893098, -0.2827319310579224]]
[[0.053401983329215495, 1.223319869058615, -0.2844109580215194]]
[[0.053401983329215495, 1.223319869058615, -0.2844109580215194]]
[[0.053401983329215495, 1.223319869058615, -0.2844109580215194]]
[[0.05398688415467449, 1.2254372721730873, -0.28568202952224053]]
[[0.05398688415467449, 1.2254372721730873, -0.28568202952224053]]
[[0.05448440464518633, 1.227238002582572, -0.28676552877665873]]
[[0.05448440464518633, 1.227238002582572, -0.28676552877665873]]
[[0.05448440464518633, 1.227238002582572, -0.28676552877665873]]
[[0.05448440464518633, 1.227238002582572, -0.28676552877665873]]
[[0.05513911554499966, 1.229607655539665, -0.2881914500955881]]
[[0.05513911554499966, 1.229607655539665, -0.2881914500955881]]
[[0.05513911554499966, 1.229607655539665, -0.2881914500955881]]
[[0.055683458063621565, 1.2315811318679357, -0.2893550024664804]]
[[0.055683458063621565, 1.2315811318679357, -0.2893550024664804]]
[[0.055683458063621565, 1.2315811318679357, -0.2893550024664804]]
[[0.055683458063621565, 1.2315811318679357, -0.2893550024664804]]
[[0.055683458063621565, 1.2315811318679357, -0.2893550024664804]]
[[0.055683458063621565, 1.2315811318679357, -0.2893550024664804]]
[[0.056247408814626275, 1.2336232081159446, -0.29057710566827744]]
[[0.056247408814626275, 1.2336232081159446, -0.29057710566827744]]
[[0.056635522541587234, 1.2350285752015302, -0.2914181632030627]]
[[0.056635522541587234, 1.2350285752015302, -0.2914181632030627]]
[[0.056635522541587234, 1.2350285752015302, -0.2914181632030627]]
[[0.056635522541587234, 1.2350285752015302, -0.2914181632030627]]
[[0.056635522541587234, 1.2350285752015302, -0.2914181632030627]]
[[0.056635522541587234, 1.2350285752015302, -0.2914181632030627]]
[[0.057442940695431426, 1.237952251482197, -0.29316786973194664]]
[[0.057442940695431426, 1.237952251482197, -0.29316786973194664]]
[[0.05787160294742167, 1.239503911791407, -0.2941003661699694]]
[[0.05787160294742167, 1.239503911791407, -0.2941003661699694]]
[[0.05816285324184819, 1.2405590683169332, -0.2947279482076327]]
[[0.05816285324184819, 1.2405590683169332, -0.2947279482076327]]
[[0.05816285324184819, 1.2405590683169332, -0.2947279482076327]]
[[0.05816285324184819, 1.2405590683169332, -0.2947279482076327]]
[[0.05816285324184819, 1.2405590683169332, -0.2947279482076327]]
[[0.05903566508775691, 1.2437190026371063, -0.2966229340826102]]
[[0.05903566508775691, 1.2437190026371063, -0.2966229340826102]]
[[0.05903566508775691, 1.2437190026371063, -0.2966229340826102]]
[[0.05903566508775691, 1.2437190026371063, -0.2966229340826102]]
[[0.059804772911630576, 1.2465050239865585, -0.2982824832908436]]
[[0.06033256227014578, 1.248416159154046, -0.29942622334929136]]
[[0.06033256227014578, 1.248416159154046, -0.29942622334929136]]
[[0.06033256227014578, 1.248416159154046, -0.29942622334929136]]
[[0.06033256227014578, 1.248416159154046, -0.29942622334929136]]
[[0.061058005076232554, 1.2510405993052527, -0.30101434514171266]]
[[0.061058005076232554, 1.2510405993052527, -0.30101434514171266]]
[[0.06130177775271534, 1.2519238384856168, -0.3015390413355339]]
[[0.06130177775271534, 1.2519238384856168, -0.3015390413355339]]
[[0.06130177775271534, 1.2519238384856168, -0.3015390413355339]]
[[0.06130177775271534, 1.2519238384856168, -0.3015390413355339]]
[[0.062324688873463645, 1.2556286194608506, -0.30375037649160996]]
[[0.062324688873463645, 1.2556286194608506, -0.30375037649160996]]
[[0.062324688873463645, 1.2556286194608506, -0.30375037649160996]]
[[0.062324688873463645, 1.2556286194608506, -0.30375037649160996]]
[[0.062324688873463645, 1.2556286194608506, -0.30375037649160996]]
[[0.06303300841636927, 1.258193457812411, -0.30528533247799394]]
[[0.06303300841636927, 1.258193457812411, -0.30528533247799394]]
[[0.06346366133511139, 1.2597533938555074, -0.3062150054220205]]
[[0.06430307127329835, 1.2627923792412645, -0.30803760806441893]]
[[0.06430307127329835, 1.2627923792412645, -0.30803760806441893]]
[[0.06504484820677134, 1.2654794349239018, -0.3096379301706277]]
[[0.0653442952395594, 1.266562670754436, -0.31029398087833626]]
[[0.0653442952395594, 1.266562670754436, -0.31029398087833626]]
[[0.0653442952395594, 1.266562670754436, -0.31029398087833626]]
[[0.0653442952395594, 1.266562670754436, -0.31029398087833626]]
[[0.06592953209673888, 1.268682358138308, -0.3115586432266223]]
[[0.06592953209673888, 1.268682358138308, -0.3115586432266223]]
[[0.06592953209673888, 1.268682358138308, -0.3115586432266223]]
[[0.06592953209673888, 1.268682358138308, -0.3115586432266223]]
[[0.06592953209673888, 1.268682358138308, -0.3115586432266223]]
[[0.06670389113973482, 1.2714849923931735, -0.3132456310598758]]
[[0.06670389113973482, 1.2714849923931735, -0.3132456310598758]]
[[0.06723909637429742, 1.2734248486983493, -0.31439295125410593]]
[[0.06723909637429742, 1.2734248486983493, -0.31439295125410593]]
[[0.06723909637429742, 1.2734248486983493, -0.31439295125410593]]
[[0.06723909637429742, 1.2734248486983493, -0.31439295125410593]]
[[0.06723909637429742, 1.2734248486983493, -0.31439295125410593]]
[[0.06797720101872803, 1.2760970057151242, -0.3159960213865497]]
[[0.06797720101872803, 1.2760970057151242, -0.3159960213865497]]
[[0.06822063766349029, 1.276977960626089, -0.31652712673280625]]
[[0.069194053512284, 1.2805019170547849, -0.31864190972971485]]
[[0.069194053512284, 1.2805019170547849, -0.31864190972971485]]
[[0.069194053512284, 1.2805019170547849, -0.31864190972971485]]
[[0.069194053512284, 1.2805019170547849, -0.31864190972971485]]
[[0.06978744581377633, 1.2826514023285531, -0.3199224609063217]]
[[0.06978744581377633, 1.2826514023285531, -0.3199224609063217]]
[[0.07006928280025027, 1.2836719393432903, -0.32053321261281553]]
[[0.07006928280025027, 1.2836719393432903, -0.32053321261281553]]
[[0.07028738374634572, 1.2844622207063703, -0.3210022771688634]]
[[0.07028738374634572, 1.2844622207063703, -0.3210022771688634]]
[[0.07028738374634572, 1.2844622207063703, -0.3210022771688634]]
[[0.07119337545060153, 1.287743367408244, -0.3229620277405548]]
[[0.07119337545060153, 1.287743367408244, -0.3229620277405548]]
[[0.07138912522650759, 1.2884503129072717, -0.3233987154709027]]
[[0.07138912522650759, 1.2884503129072717, -0.3233987154709027]]
[[0.07160047934334213, 1.2892164307480998, -0.3238513750490907]]
[[0.07160047934334213, 1.2892164307480998, -0.3238513750490907]]
[[0.07160047934334213, 1.2892164307480998, -0.3238513750490907]]
[[0.07160047934334213, 1.2892164307480998, -0.3238513750490907]]
[[0.07245020952793133, 1.292294909320964, -0.3256821449540326]]
[[0.07245020952793133, 1.292294909320964, -0.3256821449540326]]
[[0.07245020952793133, 1.292294909320964, -0.3256821449540326]]
[[0.07245020952793133, 1.292294909320964, -0.3256821449540326]]
[[0.07245020952793133, 1.292294909320964, -0.3256821449540326]]
[[0.07347985689247791, 1.296020891487817, -0.32792941227116146]]
[[0.07347985689247791, 1.296020891487817, -0.32792941227116146]]
[[0.07347985689247791, 1.296020891487817, -0.32792941227116146]]
[[0.07347985689247791, 1.296020891487817, -0.32792941227116146]]
[[0.07423396114090153, 1.2987533852283044, -0.3295510951384317]]
[[0.07496133913089473, 1.3013848327167366, -0.3311434105496115]]
[[0.07496133913089473, 1.3013848327167366, -0.3311434105496115]]
[[0.07496133913089473, 1.3013848327167366, -0.3311434105496115]]
[[0.07496133913089473, 1.3013848327167366, -0.3311434105496115]]
[[0.07575222434673834, 1.3042491766648954, -0.3328537208859883]]
[[0.07575222434673834, 1.3042491766648954, -0.3328537208859883]]
[[0.07575222434673834, 1.3042491766648954, -0.3328537208859883]]
[[0.07575222434673834, 1.3042491766648954, -0.3328537208859883]]
[[0.07642029223046795, 1.3067366808529064, -0.33434612583753365]]
[[0.07642029223046795, 1.3067366808529064, -0.33434612583753365]]
[[0.07662916676923606, 1.3074264697379105, -0.3347415988519826]]
[[0.07662916676923606, 1.3074264697379105, -0.3347415988519826]]
[[0.07662916676923606, 1.3074264697379105, -0.3347415988519826]]
[[0.07662916676923606, 1.3074264697379105, -0.3347415988519826]]
[[0.07756657122278915, 1.3108202951019956, -0.33677655941885254]]
[[0.07756657122278915, 1.3108202951019956, -0.33677655941885254]]
[[0.07789806853941988, 1.3120201193576435, -0.33749849566452894]]
[[0.07789806853941988, 1.3120201193576435, -0.33749849566452894]]
[[0.07789806853941988, 1.3120201193576435, -0.33749849566452894]]
[[0.07789806853941988, 1.3120201193576435, -0.33749849566452894]]
[[0.07789806853941988, 1.3120201193576435, -0.33749849566452894]]
[[0.07865497130416893, 1.3147608784668259, -0.33913873338138756]]
[[0.07865497130416893, 1.3147608784668259, -0.33913873338138756]]
[[0.07865497130416893, 1.3147608784668259, -0.33913873338138756]]
[[0.07865497130416893, 1.3147608784668259, -0.33913873338138756]]
[[0.0792672397890953, 1.3169755122781803, -0.3404816020200454]]
[[0.0792672397890953, 1.3169755122781803, -0.3404816020200454]]
[[0.07980998164720396, 1.3189442600769437, -0.3416345483511405]]
[[0.07980998164720396, 1.3189442600769437, -0.3416345483511405]]
[[0.07980998164720396, 1.3189442600769437, -0.3416345483511405]]
[[0.07980998164720396, 1.3189442600769437, -0.3416345483511405]]
[[0.08059169957507467, 1.3217743416111558, -0.3433321301643263]]
[[0.08059169957507467, 1.3217743416111558, -0.3433321301643263]]
[[0.08059169957507467, 1.3217743416111558, -0.3433321301643263]]
[[0.08059169957507467, 1.3217743416111558, -0.3433321301643263]]
[[0.08127076058530974, 1.3242332342670828, -0.34480368177294685]]
[[0.08127076058530974, 1.3242332342670828, -0.34480368177294685]]
[[0.08127076058530974, 1.3242332342670828, -0.34480368177294685]]
[[0.08161528650776245, 1.32548130284104, -0.34554671416770777]]
[[0.08268498524571807, 1.329352833925235, -0.3478772832747985]]
[[0.08268498524571807, 1.329352833925235, -0.3478772832747985]]
[[0.08287210021782196, 1.33003224886055, -0.34827027833778734]]
[[0.08287210021782196, 1.33003224886055, -0.34827027833778734]]
[[0.08287210021782196, 1.33003224886055, -0.34827027833778734]]
[[0.08352911457734716, 1.3324094420692911, -0.3497065443531404]]
[[0.08397823410966904, 1.3340357123204392, -0.3506798038398281]]
[[0.08397823410966904, 1.3340357123204392, -0.3506798038398281]]
[[0.08447197424410927, 1.3358243552280307, -0.35174440489631675]]
[[0.08447197424410927, 1.3358243552280307, -0.35174440489631675]]
[[0.08447197424410927, 1.3358243552280307, -0.35174440489631675]]
[[0.08447197424410927, 1.3358243552280307, -0.35174440489631675]]
[[0.08447197424410927, 1.3358243552280307, -0.35174440489631675]]
[[0.08447197424410927, 1.3358243552280307, -0.35174440489631675]]
[[0.08557864889360764, 1.33983217863905, -0.35413904321217726]]
[[0.08557864889360764, 1.33983217863905, -0.35413904321217726]]
[[0.08635131351585082, 1.342630545475999, -0.35580986881387155]]
[[0.08635131351585082, 1.342630545475999, -0.35580986881387155]]
[[0.08652629774344708, 1.343263632900371, -0.3561926351109458]]
[[0.08652629774344708, 1.343263632900371, -0.3561926351109458]]
[[0.08652629774344708, 1.343263632900371, -0.3561926351109458]]
[[0.08652629774344708, 1.343263632900371, -0.3561926351109458]]
[[0.08739479755276827, 1.3464100766364715, -0.3580640795223776]]
[[0.08822010990513574, 1.3493974922565917, -0.35985962324151044]]
[[0.08822010990513574, 1.3493974922565917, -0.35985962324151044]]
[[0.08822010990513574, 1.3493974922565917, -0.35985962324151044]]
[[0.08822010990513574, 1.3493974922565917, -0.35985962324151044]]
[[0.08874407471486867, 1.3512929105497835, -0.3610075657099774]]
[[0.08874407471486867, 1.3512929105497835, -0.3610075657099774]]
[[0.0894926554687755, 1.3540054036130151, -0.36261727894989615]]
[[0.08985483122326374, 1.355314446956199, -0.36341818691899186]]
[[0.08985483122326374, 1.355314446956199, -0.36341818691899186]]
[[0.08985483122326374, 1.355314446956199, -0.36341818691899186]]
[[0.08985483122326374, 1.355314446956199, -0.36341818691899186]]
[[0.08985483122326374, 1.355314446956199, -0.36341818691899186]]
[[0.09061696866017432, 1.3580765627690028, -0.365053709344896]]
[[0.09061696866017432, 1.3580765627690028, -0.365053709344896]]
[[0.09084798724640092, 1.3589125516570713, -0.36555790427553614]]
[[0.09084798724640092, 1.3589125516570713, -0.36555790427553614]]
[[0.09084798724640092, 1.3589125516570713, -0.36555790427553614]]
[[0.09233805170443624, 1.3643081030103332, -0.3687869318844269]]
[[0.09233805170443624, 1.3643081030103332, -0.3687869318844269]]
[[0.09233805170443624, 1.3643081030103332, -0.3687869318844269]]
[[0.09276922817537822, 1.3658694010996477, -0.3697213080595433]]
[[0.09276922817537822, 1.3658694010996477, -0.3697213080595433]]
[[0.09293768008145192, 1.3664780342460756, -0.37009527157160316]]
[[0.09293768008145192, 1.3664780342460756, -0.37009527157160316]]
[[0.09293768008145192, 1.3664780342460756, -0.37009527157160316]]
[[0.09309909935256383, 1.36706387081998, -0.3704361517247051]]
[[0.09309909935256383, 1.36706387081998, -0.3704361517247051]]
[[0.09328273106443183, 1.3677274703279325, -0.3708430104660577]]
[[0.09328273106443183, 1.3677274703279325, -0.3708430104660577]]
[[0.0938212283636059, 1.3696763116571693, -0.3720170923944365]]
[[0.0938212283636059, 1.3696763116571693, -0.3720170923944365]]
[[0.0938212283636059, 1.3696763116571693, -0.3720170923944365]]
[[0.0938212283636059, 1.3696763116571693, -0.3720170923944365]]
[[0.09473300678780947, 1.372980814038053, -0.3739733239841875]]
[[0.09510950052400036, 1.3743435711729737, -0.3747927692203492]]
[[0.09510950052400036, 1.3743435711729737, -0.3747927692203492]]
[[0.0955254641685798, 1.3758492495865482, -0.37569774728243743]]
[[0.0955254641685798, 1.3758492495865482, -0.37569774728243743]]
[[0.0955254641685798, 1.3758492495865482, -0.37569774728243743]]
[[0.09632242492672674, 1.3787355931873522, -0.37742122355517993]]
[[0.09664042123320371, 1.3799287858228537, -0.37814016571817266]]
[[0.09664042123320371, 1.3799287858228537, -0.37814016571817266]]
[[0.09734240332669794, 1.3824265522489312, -0.3796476154300301]]
[[0.09734240332669794, 1.3824265522489312, -0.3796476154300301]]
[[0.09734240332669794, 1.3824265522489312, -0.3796476154300301]]
[[0.09804104923488222, 1.3849587640452388, -0.3811455492448632]]
[[0.09804104923488222, 1.3849587640452388, -0.3811455492448632]]
[[0.09804104923488222, 1.3849587640452388, -0.3811455492448632]]
[[0.09804104923488222, 1.3849587640452388, -0.3811455492448632]]
[[0.09877259082203266, 1.3876082236007283, -0.382727259630796]]
[[0.09877259082203266, 1.3876082236007283, -0.382727259630796]]
[[0.09877259082203266, 1.3876082236007283, -0.382727259630796]]
[[0.09877259082203266, 1.3876082236007283, -0.382727259630796]]
[[0.09877259082203266, 1.3876082236007283, -0.382727259630796]]
[[0.09957617537713101, 1.390516150237012, -0.3844811489580766]]
[[0.09957617537713101, 1.390516150237012, -0.3844811489580766]]
[[0.10047903705832276, 1.3937867636858352, -0.3864287636384258]]
[[0.10047903705832276, 1.3937867636858352, -0.3864287636384258]]
[[0.10085001634996041, 1.395129552913588, -0.38723625885885915]]
[[0.10085001634996041, 1.395129552913588, -0.38723625885885915]]
[[0.10085001634996041, 1.395129552913588, -0.38723625885885915]]
[[0.10111423876513853, 1.3960873747274836, -0.3878017017583266]]
[[0.10111423876513853, 1.3960873747274836, -0.3878017017583266]]
[[0.10111423876513853, 1.3960873747274836, -0.3878017017583266]]
[[0.10111423876513853, 1.3960873747274836, -0.3878017017583266]]
[[0.10196413610293659, 1.3991643351839562, -0.3896470310033946]]
[[0.10196413610293659, 1.3991643351839562, -0.3896470310033946]]
[[0.10196413610293659, 1.3991643351839562, -0.3896470310033946]]
[[0.10258971072590545, 1.4014282182629962, -0.39101159721424805]]
[[0.10258971072590545, 1.4014282182629962, -0.39101159721424805]]
[[0.10258971072590545, 1.4014282182629962, -0.39101159721424805]]
[[0.10258971072590545, 1.4014282182629962, -0.39101159721424805]]
[[0.10327947592830075, 1.403927205364821, -0.39249742354062356]]
[[0.10327947592830075, 1.403927205364821, -0.39249742354062356]]
[[0.10399965997362867, 1.4065350053022077, -0.39405809036500505]]
[[0.10399965997362867, 1.4065350053022077, -0.39405809036500505]]
[[0.10468062465552902, 1.4090002574428262, -0.3955373359772514]]
[[0.10514640390665975, 1.4106860522291076, -0.3965520507319453]]
[[0.10514640390665975, 1.4106860522291076, -0.3965520507319453]]
[[0.10514640390665975, 1.4106860522291076, -0.3965520507319453]]
[[0.10561477079688306, 1.412383351889555, -0.3975580983086766]]
[[0.10561477079688306, 1.412383351889555, -0.3975580983086766]]
[[0.10561477079688306, 1.412383351889555, -0.3975580983086766]]
[[0.10561477079688306, 1.412383351889555, -0.3975580983086766]]
[[0.10636892762949052, 1.4151117660694128, -0.3992084445128665]]
[[0.10733947668065097, 1.4186285442468125, -0.4012956030091417]]
[[0.10733947668065097, 1.4186285442468125, -0.4012956030091417]]
[[0.10733947668065097, 1.4186285442468125, -0.4012956030091417]]
[[0.10733947668065097, 1.4186285442468125, -0.4012956030091417]]
[[0.10807150729110576, 1.4212787070726238, -0.4028855104738236]]
[[0.10807150729110576, 1.4212787070726238, -0.4028855104738236]]
[[0.10855264559502942, 1.423020917896352, -0.40392815588334696]]
[[0.10855264559502942, 1.423020917896352, -0.40392815588334696]]
[[0.10855264559502942, 1.423020917896352, -0.40392815588334696]]
[[0.10855264559502942, 1.423020917896352, -0.40392815588334696]]
[[0.10931346968545497, 1.4257769436916017, -0.4055697539191565]]
[[0.10931346968545497, 1.4257769436916017, -0.4055697539191565]]
[[0.10955221694068878, 1.4266409182351203, -0.4060906971759979]]
[[0.10955221694068888, 1.4266409182351205, -0.40609069717599766]]
[[0.10955221694068888, 1.4266409182351205, -0.40609069717599766]]
[[0.1103259647045545, 1.4294426734020835, -0.40776743866081566]]
[[0.1103259647045545, 1.4294426734020835, -0.40776743866081566]]
[[0.1103259647045545, 1.4294426734020835, -0.40776743866081566]]
[[0.11085736936093932, 1.431367433377091, -0.4089154445371783]]
[[0.11085736936093932, 1.431367433377091, -0.4089154445371783]]
[[0.11085736936093932, 1.431367433377091, -0.4089154445371783]]
[[0.11153250301218895, 1.4338110375002255, -0.4103856227524323]]
[[0.11153250301218895, 1.4338110375002255, -0.4103856227524323]]
[[0.11153250301218895, 1.4338110375002255, -0.4103856227524323]]
[[0.11153250301218895, 1.4338110375002255, -0.4103856227524323]]
[[0.11211746535380251, 1.4359297308580845, -0.4116496902148148]]
[[0.11211746535380251, 1.4359297308580845, -0.4116496902148148]]
[[0.11292264380426092, 1.4388447633846604, -0.41339811189250897]]
[[0.11292264380426092, 1.4388447633846604, -0.41339811189250897]]
[[0.11341043970218764, 1.4406116152272752, -0.41445161589394175]]
[[0.11341043970218764, 1.4406116152272752, -0.41445161589394175]]
[[0.11341043970218764, 1.4406116152272752, -0.41445161589394175]]
[[0.11363872202008751, 1.441438229782524, -0.41494631255162306]]
[[0.11363872202008751, 1.441438229782524, -0.41494631255162306]]
[[0.11388667182403381, 1.442334726308375, -0.4154925510989649]]
[[0.11388667182403381, 1.442334726308375, -0.4154925510989649]]
[[0.11388667182403381, 1.442334726308375, -0.4154925510989649]]
[[0.11388667182403381, 1.442334726308375, -0.4154925510989649]]
[[0.11388667182403381, 1.442334726308375, -0.4154925510989649]]
[[0.11473522658791663, 1.4454073590256338, -0.41733140226104526]]
[[0.11550444761765252, 1.4481935234225782, -0.4189929811273423]]
[[0.11550444761765252, 1.4481935234225782, -0.4189929811273423]]
[[0.11589394598906083, 1.4496039043316813, -0.4198370392404751]]
[[0.11589394598906083, 1.4496039043316813, -0.4198370392404751]]
[[0.11589394598906083, 1.4496039043316813, -0.4198370392404751]]
[[0.11658383043062778, 1.4521030563277235, -0.4213249082993302]]
[[0.11725015830455657, 1.454515308312119, -0.4227724353796751]]
[[0.11725015830455657, 1.454515308312119, -0.4227724353796751]]
[[0.11725015830455657, 1.454515308312119, -0.4227724353796751]]
[[0.11725015830455657, 1.454515308312119, -0.4227724353796751]]
[[0.11725015830455657, 1.454515308312119, -0.4227724353796751]]
[[0.11725015830455657, 1.454515308312119, -0.4227724353796751]]
[[0.11795245011001784, 1.457071905239407, -0.424308515453677]]
[[0.11894722877844438, 1.4606598985856958, -0.4264536217456838]]
[[0.11894722877844438, 1.4606598985856958, -0.4264536217456838]]
[[0.11894722877844438, 1.4606598985856958, -0.4264536217456838]]
[[0.11894722877844438, 1.4606598985856958, -0.4264536217456838]]
[[0.11907872047009938, 1.4611352318485298, -0.42674392236310044]]
[[0.11907872047009938, 1.4611352318485298, -0.42674392236310044]]
[[0.11935221147512659, 1.4621268822731892, -0.42732766632054053]]
[[0.11935221147512659, 1.4621268822731892, -0.42732766632054053]]
[[0.11935221147512659, 1.4621268822731892, -0.42732766632054053]]
[[0.11935221147512659, 1.4621268822731892, -0.42732766632054053]]
[[0.11935221147512659, 1.4621268822731892, -0.42732766632054053]]
[[0.12016070221230252, 1.465053908652101, -0.42908326585232115]]
[[0.12016070221230252, 1.465053908652101, -0.42908326585232115]]
[[0.12016070221230252, 1.465053908652101, -0.42908326585232115]]
[[0.12016070221230252, 1.465053908652101, -0.42908326585232115]]
[[0.12093527050621108, 1.467858634973741, -0.43076178545764043]]
[[0.12118867552336643, 1.4687762192942473, -0.4313109239812887]]
[[0.12173882885053358, 1.4707683348117275, -0.4325031276292357]]
[[0.12173882885053358, 1.4707683348117275, -0.4325031276292357]]
[[0.12173882885053358, 1.4707683348117275, -0.4325031276292357]]
[[0.12173882885053358, 1.4707683348117275, -0.4325031276292357]]
[[0.12236774274747883, 1.4730448432105927, -0.43387136150349637]]
[[0.12236774274747883, 1.4730448432105927, -0.43387136150349637]]
[[0.12236774274747883, 1.4730448432105927, -0.43387136150349637]]
[[0.1230351424728951, 1.4754628445007436, -0.4353087209717692]]
[[0.12332661481669638, 1.4765177375789853, -0.43594392154529826]]
[[0.12332661481669638, 1.4765177375789853, -0.43594392154529826]]
[[0.12381190326082461, 1.4782725742807103, -0.4370116194990208]]
[[0.12381190326082461, 1.4782725742807103, -0.4370116194990208]]
[[0.12381190326082461, 1.4782725742807103, -0.4370116194990208]]
[[0.12381190326082461, 1.4782725742807103, -0.4370116194990208]]
[[0.12381190326082461, 1.4782725742807103, -0.4370116194990208]]
[[0.12448773294611967, 1.4807213674867712, -0.4384654626815181]]
[[0.12448773294611967, 1.4807213674867712, -0.4384654626815181]]
[[0.12448773294611967, 1.4807213674867712, -0.4384654626815181]]
[[0.12515022648945837, 1.4831202690342937, -0.4399011119452909]]
[[0.12515022648945837, 1.4831202690342937, -0.4399011119452909]]
[[0.12568319805394434, 1.4850515034321043, -0.44104716036274616]]
[[0.12568319805394434, 1.4850515034321043, -0.44104716036274616]]
[[0.12620406284452707, 1.486937030863098, -0.4421794632864007]]
[[0.12620406284452707, 1.486937030863098, -0.4421794632864007]]
[[0.12652266950828578, 1.4880917790612476, -0.44286275896680616]]
[[0.12652266950828578, 1.4880917790612476, -0.44286275896680616]]
[[0.12652266950828578, 1.4880917790612476, -0.44286275896680616]]
[[0.12756442004340146, 1.4918634435440001, -0.44512384154902085]]
[[0.12756442004340146, 1.4918634435440001, -0.44512384154902085]]
[[0.12814437791771602, 1.4939634818857772, -0.4463806328093294]]
[[0.12838701347805817, 1.4948420698011475, -0.4469064335013855]]
[[0.12838701347805817, 1.4948420698011475, -0.4469064335013855]]
[[0.12838701347805817, 1.4948420698011475, -0.4469064335013855]]
[[0.12872651699591647, 1.4960708846616213, -0.44764571949637433]]
[[0.12951930588342553, 1.4989415880944719, -0.449363723836377]]
[[0.12951930588342553, 1.4989415880944719, -0.449363723836377]]
[[0.12996324773475879, 1.5005477755003416, -0.4503346847698697]]
[[0.12996324773475879, 1.5005477755003416, -0.4503346847698697]]
[[0.12996324773475879, 1.5005477755003416, -0.4503346847698697]]
[[0.12996324773475879, 1.5005477755003416, -0.4503346847698697]]
[[0.130711306444793, 1.503258911979036, -0.45193969804730294]]
[[0.130711306444793, 1.503258911979036, -0.45193969804730294]]
[[0.13105354019766896, 1.5044970793256043, -0.45268846924083506]]
[[0.13105354019766896, 1.5044970793256043, -0.45268846924083506]]
[[0.13163193719719185, 1.5065906650913041, -0.453947231034467]]
[[0.13163193719719185, 1.5065906650913041, -0.453947231034467]]
[[0.13163193719719185, 1.5065906650913041, -0.453947231034467]]
[[0.13208095844429227, 1.5082173800689986, -0.45491492452358107]]
[[0.13208095844429227, 1.5082173800689986, -0.45491492452358107]]
[[0.13223366720665056, 1.508771408854254, -0.45523871300214]]
[[0.13223366720665056, 1.508771408854254, -0.45523871300214]]
[[0.13269711299415554, 1.5104490209980346, -0.45624658671388096]]
[[0.13269711299415554, 1.5104490209980346, -0.45624658671388096]]
[[0.1330548395627611, 1.51174673426439, -0.45700589022583427]]
[[0.1330548395627611, 1.51174673426439, -0.45700589022583427]]
[[0.1330548395627611, 1.51174673426439, -0.45700589022583427]]
[[0.1330548395627611, 1.51174673426439, -0.45700589022583427]]
[[0.1339978812762013, 1.5151577929819144, -0.45907432383304614]]
[[0.1339978812762013, 1.5151577929819144, -0.45907432383304614]]
[[0.1339978812762013, 1.5151577929819144, -0.45907432383304614]]
[[0.1339978812762013, 1.5151577929819144, -0.45907432383304614]]
[[0.1339978812762013, 1.5151577929819144, -0.45907432383304614]]
[[0.13482922125683441, 1.518168891265288, -0.46087051688089864]]
[[0.13482922125683441, 1.518168891265288, -0.46087051688089864]]
[[0.13482922125683441, 1.518168891265288, -0.46087051688089864]]
[[0.1351636010682224, 1.5193788862154631, -0.46160048394133435]]
[[0.1351636010682224, 1.5193788862154631, -0.46160048394133435]]
[[0.13564138880803459, 1.5211108326951064, -0.4626233781922551]]
[[0.13564138880803459, 1.5211108326951064, -0.4626233781922551]]
[[0.13564138880803459, 1.5211108326951064, -0.4626233781922551]]
[[0.13564138880803459, 1.5211108326951064, -0.4626233781922551]]
[[0.1363121660848216, 1.5235397297968314, -0.46407697862845176]]
[[0.1363121660848216, 1.5235397297968314, -0.46407697862845176]]
[[0.1363121660848216, 1.5235397297968314, -0.46407697862845176]]
[[0.13720430261990318, 1.526769639178993, -0.46601384185614037]]
[[0.13771853680374196, 1.52863115705859, -0.4671317759972071]]
[[0.13771853680374196, 1.52863115705859, -0.4671317759972071]]
[[0.1379396994915935, 1.5294330587921194, -0.46760390679355135]]
[[0.1379396994915935, 1.5294330587921194, -0.46760390679355135]]
[[0.1379396994915935, 1.5294330587921194, -0.46760390679355135]]
[[0.13826564934310273, 1.5306122618263844, -0.46831739013976303]]
[[0.13826564934310273, 1.5306122618263844, -0.46831739013976303]]
[[0.13873722057100696, 1.532319029469209, -0.46934465633329614]]
[[0.13873722057100696, 1.532319029469209, -0.46934465633329614]]
[[0.13873722057100696, 1.532319029469209, -0.46934465633329614]]
[[0.13953242388391895, 1.535199809947029, -0.4710589711442146]]
[[0.13953242388391895, 1.535199809947029, -0.4710589711442146]]
[[0.13953242388391895, 1.535199809947029, -0.4710589711442146]]
[[0.14008288173056552, 1.5371935618813746, -0.47224826602459324]]
[[0.14008288173056552, 1.5371935618813746, -0.47224826602459324]]
[[0.14061420542517306, 1.5391164274539129, -0.4734068024729927]]
[[0.14061420542517306, 1.5391164274539129, -0.4734068024729927]]
[[0.14061420542517306, 1.5391164274539129, -0.4734068024729927]]
[[0.14061420542517306, 1.5391164274539129, -0.4734068024729927]]
[[0.14128832197593663, 1.5415579498754637, -0.47486407057259683]]
[[0.14128832197593663, 1.5415579498754637, -0.47486407057259683]]
[[0.14128832197593663, 1.5415579498754637, -0.47486407057259683]]
[[0.14128832197593663, 1.5415579498754637, -0.47486407057259683]]
[[0.14128832197593663, 1.5415579498754637, -0.47486407057259683]]
[[0.14200717473748403, 1.5441590610978955, -0.4764343428091862]]
[[0.14200717473748403, 1.5441590610978955, -0.4764343428091862]]
[[0.14200717473748403, 1.5441590610978955, -0.4764343428091862]]
[[0.14272600414227804, 1.5467624896026169, -0.477988505401749]]
