-0.6275550264709058 1.167535433241679 -0.33976181746972245 
-0.6275539732158218 1.1675314133979722 -0.33976909266846733 
-0.6275545736545406 1.1675329876324039 -0.3397565132444066 
-0.6275541365953413 1.167530960859025 -0.3397553161714971 
-0.6275569131713169 1.1675426340051887 -0.3397487853745801 
-0.6275554477729393 1.1675370411791617 -0.33975890739022485 
-0.6275541365953413 1.167530960859025 -0.3397553161714971 
-0.6275558690749728 1.1675386491166446 -0.3397559973107268 
-0.627552256493356 1.167524143976249 -0.33977251868164426 
-0.6275537310504735 1.1675297717574384 -0.3397623334034018 
-0.6275554635301052 1.1675374600150576 -0.33976301454263225 
-0.6275554477729393 1.1675370411791617 -0.33975890739022485 
-0.6275545894117064 1.1675334064683 -0.33976062039681343 
-0.6275545578973749 1.1675325687965077 -0.3397524060919992 
-0.6275565392267868 1.1675421025749766 -0.3397618968018076 
-0.6275537310504735 1.1675297717574384 -0.3397623334034018 
-0.6275537310504735 1.1675297717574384 -0.3397623334034018 
-0.6275558441590673 1.1675381953255857 -0.3397519534209178 
-0.6275562812182666 1.1675402220989644 -0.3397531504938266 
-0.6275558848321386 1.1675390679525404 -0.3397601044631342 
-0.6275558848321386 1.1675390679525404 -0.3397601044631342 
-0.6275549949565742 1.1675345955698866 -0.33975360316490866 
-0.6275535361566225 1.167529386624593 -0.3397678955955584 
-0.6275554635301052 1.1675374600150576 -0.339763014542632 
-0.627554152352507 1.1675313796949212 -0.3397594233239042 
-0.6275545736545406 1.1675329876324039 -0.33975651324440637 
-0.6275545736545406 1.1675329876324039 -0.33975651324440637 
-0.6275539732158218 1.1675314133979722 -0.33976909266846733 
-0.6275554477729393 1.1675370411791617 -0.33975890739022485 
-0.6275562812182666 1.1675402220989644 -0.3397531504938266 
-0.6275537152933077 1.1675293529215423 -0.33975822625099494 
-0.6275541365953413 1.167530960859025 -0.3397553161714971 
-0.6275535519137883 1.1675298054604895 -0.33977200274796504 
-0.6275545578973749 1.1675325687965077 -0.3397524060919992 
-0.6275554635301052 1.1675374600150576 -0.339763014542632 
-0.6275546051688722 1.1675338253041962 -0.3397647275492205 
-0.6275545894117064 1.1675334064683 -0.33976062039681365 
-0.6275550264709058 1.167535433241679 -0.33976181746972245 
-0.6275550107137399 1.1675350144057832 -0.33975771031731594 
-0.6275563061341722 1.1675406758900233 -0.3397571943836364 
-0.6275560390529182 1.167538580458431 -0.3397463912287616 
-0.6275554320157736 1.1675366223432655 -0.3397548002378179 
-0.6275558690749728 1.1675386491166446 -0.3397559973107268 
-0.6275565392267868 1.1675421025749766 -0.3397618968018076 
-0.6275522407361903 1.1675237251403525 -0.3397684115292371 
-0.627553293991274 1.1675277449840598 -0.3397611363304929 
-0.6275526620382239 1.1675253330778355 -0.33976550144973927 
-0.6275554477729393 1.1675370411791617 -0.33975890739022485 
-0.62755501071374 1.1675350144057828 -0.33975771031731583 
-0.6275554320157736 1.1675366223432655 -0.3397548002378179 
-0.6275530990974232 1.1675273598512144 -0.3397666985226486 
-0.6275554635301052 1.1675374600150576 -0.339763014542632 
-0.6275537152933077 1.1675293529215425 -0.3397582262509947 
-0.6275558690749728 1.1675386491166446 -0.3397559973107268 
-0.6275554070998679 1.167536168552207 -0.33975075634800855 
-0.6275554477729393 1.1675370411791617 -0.33975890739022485 
-0.6275541365953413 1.167530960859025 -0.33975531617149735 
-0.6275541365953413 1.167530960859025 -0.3397553161714971 
-0.6275522407361903 1.1675237251403525 -0.3397684115292371 
-0.6275545736545406 1.1675329876324039 -0.33975651324440637 
-0.6275554477729393 1.1675370411791617 -0.33975890739022485 
-0.6275537310504735 1.1675297717574384 -0.3397623334034018 
-0.6275554320157736 1.1675366223432655 -0.3397548002378179 
-0.6275563061341722 1.1675406758900233 -0.3397571943836364 
-0.6275549700406686 1.1675341417788279 -0.3397495592750991 
-0.6275545736545406 1.1675329876324039 -0.33975651324440637 
-0.6275562812182666 1.1675402220989644 -0.3397531504938266 
-0.627554152352507 1.1675313796949216 -0.3397594233239043 
-0.6275546051688722 1.1675338253041962 -0.3397647275492205 
-0.6275541681096728 1.1675317985308171 -0.33976353047631147 
-0.6275550264709058 1.167535433241679 -0.33976181746972245 
-0.627554152352507 1.1675313796949212 -0.3397594233239042 
-0.6275536995361419 1.167528934085646 -0.33975411909858766 
-0.6275526777953896 1.1675257519137316 -0.33976960860214656 
-0.6275526777953896 1.1675257519137316 -0.33976960860214656 
-0.6275550264709057 1.1675354332416794 -0.33976181746972256 
-0.6275541365953413 1.167530960859025 -0.3397553161714971 
-0.62755501071374 1.1675350144057828 -0.33975771031731583 
-0.6275546051688722 1.1675338253041962 -0.3397647275492205 
-0.6275558690749728 1.1675386491166446 -0.3397559973107268 
-0.6275549949565742 1.1675345955698866 -0.33975360316490866 
-0.6275526620382239 1.1675253330778357 -0.33976550144973905 
-0.6275545736545405 1.1675329876324043 -0.3397565132444065 
-0.627556718277466 1.1675422488723435 -0.3397543475667365 
-0.6275541365953413 1.167530960859025 -0.3397553161714971 
-0.627554152352507 1.1675313796949212 -0.3397594233239042 
-0.6275513899765165 1.1675175399575441 -0.3397397537434538 
-0.6275545894117064 1.1675334064683 -0.33976062039681343 
-0.6275550264709058 1.167535433241679 -0.33976181746972245 
-0.6275536995361419 1.167528934085646 -0.33975411909858766 
-0.6275545894117063 1.1675334064683005 -0.33976062039681354 
-0.6275545736545405 1.1675329876324043 -0.3397565132444065 
-0.6275545736545406 1.1675329876324039 -0.33975651324440637 
-0.627554152352507 1.1675313796949212 -0.3397594233239042 
-0.6275563061341722 1.1675406758900233 -0.3397571943836364 
-0.6275541681096728 1.1675317985308171 -0.33976353047631147 
-0.6275549949565742 1.1675345955698866 -0.33975360316490866 
-0.62755501071374 1.1675350144057828 -0.33975771031731583 
-0.6275537310504735 1.1675297717574384 -0.339762333403402 
-0.6275550264709058 1.167535433241679 -0.33976181746972245 
-0.6275550264709058 1.1675354332416792 -0.3397618174697222 
-0.6275564761121176 1.1675406072318097 -0.33974758830167107 
-0.62755501071374 1.1675350144057828 -0.33975771031731583 
-0.6275545736545406 1.1675329876324039 -0.33975651324440637 
-0.627552256493356 1.167524143976249 -0.33977251868164426 
-0.6275545578973749 1.1675325687965077 -0.3397524060919992 
-0.6275532939912741 1.1675277449840593 -0.33976113633049276 
-0.6275546051688722 1.1675338253041962 -0.3397647275492205 
-0.6275545894117064 1.1675334064683 -0.33976062039681343 
-0.6275549949565742 1.1675345955698866 -0.33975360316490866 
-0.6275554320157736 1.1675366223432655 -0.3397548002378179 
-0.627554152352507 1.1675313796949212 -0.3397594233239042 
-0.627554152352507 1.1675313796949212 -0.3397594233239042 
-0.627556718277466 1.1675422488723435 -0.3397543475667365 
-0.6275544102750212 1.1675334401713509 -0.3397702897413769 
-0.6275558690749728 1.1675386491166446 -0.3397559973107268 
-0.6275558690749728 1.1675386491166446 -0.3397559973107268 
-0.6275535361566225 1.167529386624593 -0.3397678955955582 
-0.6275550264709058 1.167535433241679 -0.33976181746972245 
-0.6275550107137399 1.1675350144057832 -0.33975771031731594 
-0.6275546051688722 1.1675338253041962 -0.3397647275492205 
-0.6275554477729393 1.1675370411791617 -0.33975890739022485 
-0.6275546051688722 1.1675338253041962 -0.3397647275492205 
-0.6275545894117064 1.1675334064683 -0.33976062039681343 
-0.6275546051688722 1.1675338253041962 -0.3397647275492205 
-0.6275550264709058 1.167535433241679 -0.33976181746972245 
-0.6275558848321386 1.1675390679525404 -0.3397601044631342 
-0.6275541365953413 1.167530960859025 -0.33975531617149735 
-0.6275563061341722 1.1675406758900233 -0.3397571943836364 
-0.6275544102750212 1.1675334401713509 -0.3397702897413769 
-0.6275541365953413 1.167530960859025 -0.3397553161714971 
-0.6275545578973749 1.1675325687965077 -0.3397524060919992 
-0.6275550264709058 1.167535433241679 -0.33976181746972245 
-0.6275565392267868 1.1675421025749766 -0.3397618968018076 
-0.6275526935525554 1.1675261707496278 -0.3397737157545535 
-0.6275537152933077 1.1675293529215423 -0.33975822625099494 
-0.6275526620382239 1.1675253330778355 -0.33976550144973927 
-0.627554152352507 1.1675313796949212 -0.3397594233239042 
-0.6275549949565742 1.1675345955698866 -0.33975360316490866 
-0.6275554477729393 1.1675370411791617 -0.33975890739022485 
-0.6275562812182666 1.1675402220989644 -0.3397531504938268 
-0.6275526620382239 1.1675253330778355 -0.33976550144973927 
-0.62755501071374 1.1675350144057828 -0.33975771031731583 
-0.6275546051688722 1.1675338253041962 -0.3397647275492205 
-0.6275554477729393 1.1675370411791617 -0.33975890739022485 
-0.6275558848321386 1.1675390679525404 -0.3397601044631342 
-0.6275550422280716 1.167535852077575 -0.33976592462212973 
-0.6275550264709058 1.167535433241679 -0.33976181746972245 
-0.6275558690749728 1.1675386491166446 -0.3397559973107268 
-0.6275537310504735 1.1675297717574384 -0.3397623334034018 
-0.6275549700406686 1.1675341417788279 -0.3397495592750991 
-0.6275541681096728 1.1675317985308171 -0.33976353047631147 
-0.6275558690749728 1.1675386491166446 -0.3397559973107268 
-0.6275554477729393 1.1675370411791617 -0.33975890739022485 
-0.6275541681096728 1.1675317985308171 -0.33976353047631147 
-0.6275554320157736 1.1675366223432655 -0.3397548002378179 
-0.627554152352507 1.1675313796949212 -0.3397594233239042 
-0.6275545736545406 1.1675329876324039 -0.33975651324440637 
-0.6275546051688722 1.1675338253041962 -0.3397647275492205 
-0.6275550422280716 1.167535852077575 -0.33976592462212973 
-0.6275558441590673 1.1675381953255857 -0.3397519534209178 
-0.6275546051688722 1.1675338253041962 -0.3397647275492205 
-0.6275541681096728 1.1675317985308171 -0.33976353047631147 
-0.62755501071374 1.1675350144057828 -0.33975771031731605 
-0.6275558690749728 1.1675386491166446 -0.3397559973107268 
-0.6275541365953413 1.167530960859025 -0.3397553161714971 
-0.6275546051688722 1.1675338253041962 -0.3397647275492205 
-0.6275554635301052 1.1675374600150576 -0.339763014542632 
-0.6275554635301052 1.1675374600150576 -0.339763014542632 
-0.627552256493356 1.167524143976249 -0.33977251868164426 
-0.6275545578973749 1.1675325687965077 -0.3397524060919992 
-0.6275549700406686 1.1675341417788279 -0.3397495592750991 
-0.6275554477729393 1.1675370411791617 -0.33975890739022485 
-0.6275565392267868 1.1675421025749766 -0.3397618968018076 
-0.6275554320157736 1.1675366223432657 -0.3397548002378177 
-0.6275535361566225 1.167529386624593 -0.3397678955955584 
-0.62755501071374 1.1675350144057828 -0.33975771031731583 
-0.6275535361566225 1.167529386624593 -0.3397678955955582 
-0.6275550264709058 1.167535433241679 -0.33976181746972245 
-0.6275546051688722 1.1675338253041962 -0.3397647275492205 
-0.6275513690060932 1.1675196826688594 -0.3397660239248004 
-0.6275554635301052 1.1675374600150576 -0.339763014542632 
-0.6275535361566225 1.167529386624593 -0.3397678955955582 
-0.627554152352507 1.1675313796949212 -0.3397594233239042 
-0.6275545894117064 1.1675334064683 -0.33976062039681343 
-0.6275541681096728 1.1675317985308171 -0.33976353047631147 
-0.627556718277466 1.1675422488723435 -0.3397543475667365 
-0.6275541365953413 1.167530960859025 -0.3397553161714971 
-0.6275535361566225 1.167529386624593 -0.3397678955955582 
-0.6275564761121176 1.1675406072318097 -0.3397475883016713 
-0.6275558690749728 1.1675386491166446 -0.33975599731072703 
-0.62755501071374 1.1675350144057828 -0.33975771031731583 
-0.6275554635301052 1.1675374600150576 -0.339763014542632 
-0.6275569605288204 1.1675437105124595 -0.33975898672230953 
-0.6275558848321386 1.1675390679525404 -0.3397601044631342 
-0.6275545736545406 1.1675329876324039 -0.33975651324440637 
-0.6275558441590673 1.1675381953255857 -0.3397519534209178 
-0.6275558690749728 1.1675386491166446 -0.3397559973107268 
-0.6275545894117064 1.1675334064683 -0.33976062039681343 
-0.6275549949565742 1.1675345955698866 -0.33975360316490866 
