-0.5725550264709056 1.167535433241679 -0.3397618174697228 
-0.5725539732158218 1.1675314133979722 -0.33976909266846744 
-0.5725545736545403 1.167532987632404 -0.3397565132444067 
-0.5725541365953412 1.167530960859025 -0.3397553161714971 
-0.5725569131713169 1.1675426340051887 -0.3397487853745804 
-0.5725554477729391 1.1675370411791617 -0.3397589073902251 
-0.5725541365953412 1.167530960859025 -0.3397553161714971 
-0.5725558690749727 1.1675386491166444 -0.3397559973107268 
-0.5725522564933558 1.1675241439762492 -0.33977251868164415 
-0.5725537310504732 1.1675297717574384 -0.339762333403402 
-0.572555463530105 1.167537460015058 -0.33976301454263247 
-0.5725554477729391 1.1675370411791617 -0.3397589073902251 
-0.5725545894117063 1.1675334064683003 -0.3397606203968133 
-0.5725545578973747 1.167532568796508 -0.33975240609199897 
-0.5725565392267867 1.1675421025749766 -0.33976189680180746 
-0.5725537310504732 1.1675297717574384 -0.339762333403402 
-0.5725537310504732 1.1675297717574384 -0.339762333403402 
-0.572555844159067 1.167538195325586 -0.3397519534209177 
-0.5725562812182664 1.1675402220989646 -0.33975315049382715 
-0.5725558848321386 1.1675390679525408 -0.33976010446313454 
-0.5725558848321386 1.1675390679525408 -0.33976010446313454 
-0.572554994956574 1.1675345955698868 -0.33975360316490855 
-0.5725535361566224 1.1675293866245935 -0.3397678955955581 
-0.572555463530105 1.167537460015058 -0.33976301454263225 
-0.5725541523525068 1.1675313796949214 -0.33975942332390396 
-0.5725545736545403 1.167532987632404 -0.3397565132444065 
-0.5725545736545403 1.167532987632404 -0.3397565132444065 
-0.5725539732158218 1.1675314133979722 -0.33976909266846744 
-0.5725554477729391 1.1675370411791617 -0.3397589073902251 
-0.5725562812182664 1.1675402220989646 -0.33975315049382715 
-0.5725537152933076 1.1675293529215425 -0.3397582262509947 
-0.5725541365953412 1.167530960859025 -0.3397553161714971 
-0.5725535519137881 1.1675298054604895 -0.33977200274796526 
-0.5725545578973747 1.167532568796508 -0.33975240609199897 
-0.572555463530105 1.167537460015058 -0.33976301454263225 
-0.5725546051688721 1.1675338253041962 -0.3397647275492206 
-0.5725545894117063 1.1675334064683003 -0.33976062039681354 
-0.5725550264709056 1.167535433241679 -0.3397618174697228 
-0.5725550107137396 1.1675350144057832 -0.3397577103173157 
-0.5725563061341721 1.1675406758900235 -0.3397571943836364 
-0.5725560390529181 1.167538580458431 -0.3397463912287617 
-0.5725554320157733 1.1675366223432657 -0.3397548002378177 
-0.5725558690749727 1.1675386491166444 -0.3397559973107268 
-0.5725565392267867 1.1675421025749766 -0.33976189680180746 
-0.5725522407361902 1.1675237251403527 -0.339768411529237 
-0.5725532939912739 1.16752774498406 -0.33976113633049254 
-0.5725526620382237 1.1675253330778355 -0.3397655014497394 
-0.5725554477729391 1.1675370411791617 -0.3397589073902251 
-0.5725550107137397 1.1675350144057828 -0.3397577103173156 
-0.5725554320157733 1.1675366223432657 -0.3397548002378177 
-0.5725530990974229 1.1675273598512144 -0.3397666985226486 
-0.572555463530105 1.167537460015058 -0.33976301454263225 
-0.5725537152933076 1.1675293529215427 -0.3397582262509945 
-0.5725558690749727 1.1675386491166444 -0.3397559973107268 
-0.5725554070998677 1.167536168552207 -0.33975075634800833 
-0.5725554477729391 1.1675370411791617 -0.3397589073902251 
-0.5725541365953412 1.167530960859025 -0.33975531617149735 
-0.5725541365953412 1.167530960859025 -0.3397553161714971 
-0.5725522407361902 1.1675237251403527 -0.339768411529237 
-0.5725545736545403 1.167532987632404 -0.3397565132444065 
-0.5725554477729391 1.1675370411791617 -0.3397589073902251 
-0.5725537310504732 1.1675297717574384 -0.339762333403402 
-0.5725554320157733 1.1675366223432657 -0.3397548002378177 
-0.5725563061341721 1.1675406758900235 -0.3397571943836364 
-0.5725549700406684 1.167534141778828 -0.3397495592750991 
-0.5725545736545403 1.167532987632404 -0.3397565132444065 
-0.5725562812182664 1.1675402220989646 -0.33975315049382715 
-0.5725541523525067 1.1675313796949218 -0.3397594233239041 
-0.5725546051688721 1.1675338253041962 -0.3397647275492206 
-0.5725541681096726 1.1675317985308173 -0.33976353047631114 
-0.5725550264709056 1.167535433241679 -0.3397618174697228 
-0.5725541523525068 1.1675313796949214 -0.33975942332390396 
-0.5725536995361418 1.167528934085646 -0.33975411909858766 
-0.5725526777953893 1.1675257519137316 -0.33976960860214667 
-0.5725526777953893 1.1675257519137316 -0.33976960860214667 
-0.5725550264709054 1.1675354332416794 -0.3397618174697229 
-0.5725541365953412 1.167530960859025 -0.3397553161714971 
-0.5725550107137397 1.1675350144057828 -0.3397577103173156 
-0.5725546051688721 1.1675338253041962 -0.3397647275492206 
-0.5725558690749727 1.1675386491166444 -0.3397559973107268 
-0.572554994956574 1.1675345955698868 -0.33975360316490855 
-0.5725526620382237 1.1675253330778357 -0.33976550144973916 
-0.5725545736545403 1.1675329876324045 -0.3397565132444066 
-0.5725567182774658 1.1675422488723437 -0.3397543475667365 
-0.5725541365953412 1.167530960859025 -0.3397553161714971 
-0.5725541523525068 1.1675313796949214 -0.33975942332390396 
-0.5725513899765164 1.1675175399575441 -0.339739753743454 
-0.5725545894117063 1.1675334064683003 -0.3397606203968133 
-0.5725550264709056 1.167535433241679 -0.3397618174697228 
-0.5725536995361418 1.167528934085646 -0.33975411909858766 
-0.5725545894117061 1.1675334064683007 -0.33976062039681343 
-0.5725545736545403 1.1675329876324045 -0.3397565132444066 
-0.5725545736545403 1.167532987632404 -0.3397565132444065 
-0.5725541523525068 1.1675313796949214 -0.33975942332390396 
-0.5725563061341721 1.1675406758900235 -0.3397571943836364 
-0.5725541681096726 1.1675317985308173 -0.33976353047631114 
-0.572554994956574 1.1675345955698868 -0.33975360316490855 
-0.5725550107137397 1.1675350144057828 -0.3397577103173156 
-0.5725537310504732 1.1675297717574384 -0.33976233340340223 
-0.5725550264709056 1.167535433241679 -0.3397618174697228 
-0.5725550264709056 1.1675354332416792 -0.33976181746972256 
-0.5725564761121174 1.16754060723181 -0.33974758830167096 
-0.5725550107137397 1.1675350144057828 -0.3397577103173156 
-0.5725545736545403 1.167532987632404 -0.3397565132444065 
-0.5725522564933558 1.1675241439762492 -0.33977251868164415 
-0.5725545578973747 1.167532568796508 -0.33975240609199897 
-0.572553293991274 1.1675277449840595 -0.33976113633049243 
-0.5725546051688721 1.1675338253041962 -0.3397647275492206 
-0.5725545894117063 1.1675334064683003 -0.3397606203968133 
-0.572554994956574 1.1675345955698868 -0.33975360316490855 
-0.5725554320157733 1.1675366223432657 -0.3397548002378177 
-0.5725541523525068 1.1675313796949214 -0.33975942332390396 
-0.5725541523525068 1.1675313796949214 -0.33975942332390396 
-0.5725567182774658 1.1675422488723437 -0.3397543475667365 
-0.5725544102750211 1.167533440171351 -0.3397702897413767 
-0.5725558690749727 1.1675386491166444 -0.3397559973107268 
-0.5725558690749727 1.1675386491166444 -0.3397559973107268 
-0.5725535361566224 1.1675293866245935 -0.33976789559555787 
-0.5725550264709056 1.167535433241679 -0.3397618174697228 
-0.5725550107137396 1.1675350144057832 -0.3397577103173157 
-0.5725546051688721 1.1675338253041962 -0.3397647275492206 
-0.5725554477729391 1.1675370411791617 -0.3397589073902251 
-0.5725546051688721 1.1675338253041962 -0.3397647275492206 
-0.5725545894117063 1.1675334064683003 -0.3397606203968133 
-0.5725546051688721 1.1675338253041962 -0.3397647275492206 
-0.5725550264709056 1.167535433241679 -0.3397618174697228 
-0.5725558848321386 1.1675390679525408 -0.33976010446313454 
-0.5725541365953412 1.167530960859025 -0.33975531617149735 
-0.5725563061341721 1.1675406758900235 -0.3397571943836364 
-0.5725544102750211 1.167533440171351 -0.3397702897413767 
-0.5725541365953412 1.167530960859025 -0.3397553161714971 
-0.5725545578973747 1.167532568796508 -0.33975240609199897 
-0.5725550264709056 1.167535433241679 -0.3397618174697228 
-0.5725565392267867 1.1675421025749766 -0.33976189680180746 
-0.5725526935525552 1.1675261707496278 -0.3397737157545535 
-0.5725537152933076 1.1675293529215425 -0.3397582262509947 
-0.5725526620382237 1.1675253330778355 -0.3397655014497394 
-0.5725541523525068 1.1675313796949214 -0.33975942332390396 
-0.572554994956574 1.1675345955698868 -0.33975360316490855 
-0.5725554477729391 1.1675370411791617 -0.3397589073902251 
-0.5725562812182664 1.1675402220989646 -0.33975315049382737 
-0.5725526620382237 1.1675253330778355 -0.3397655014497394 
-0.5725550107137397 1.1675350144057828 -0.3397577103173156 
-0.5725546051688721 1.1675338253041962 -0.3397647275492206 
-0.5725554477729391 1.1675370411791617 -0.3397589073902251 
-0.5725558848321386 1.1675390679525408 -0.33976010446313454 
-0.5725550422280714 1.1675358520775754 -0.33976592462213007 
-0.5725550264709056 1.167535433241679 -0.3397618174697228 
-0.5725558690749727 1.1675386491166444 -0.3397559973107268 
-0.5725537310504732 1.1675297717574384 -0.339762333403402 
-0.5725549700406684 1.167534141778828 -0.3397495592750991 
-0.5725541681096726 1.1675317985308173 -0.33976353047631114 
-0.5725558690749727 1.1675386491166444 -0.3397559973107268 
-0.5725554477729391 1.1675370411791617 -0.3397589073902251 
-0.5725541681096726 1.1675317985308173 -0.33976353047631114 
-0.5725554320157733 1.1675366223432657 -0.3397548002378177 
-0.5725541523525068 1.1675313796949214 -0.33975942332390396 
-0.5725545736545403 1.167532987632404 -0.3397565132444065 
-0.5725546051688721 1.1675338253041962 -0.3397647275492206 
-0.5725550422280714 1.1675358520775754 -0.33976592462213007 
-0.572555844159067 1.167538195325586 -0.3397519534209177 
-0.5725546051688721 1.1675338253041962 -0.3397647275492206 
-0.5725541681096726 1.1675317985308173 -0.33976353047631114 
-0.5725550107137397 1.1675350144057828 -0.33975771031731583 
-0.5725558690749727 1.1675386491166444 -0.3397559973107268 
-0.5725541365953412 1.167530960859025 -0.3397553161714971 
-0.5725546051688721 1.1675338253041962 -0.3397647275492206 
-0.572555463530105 1.167537460015058 -0.33976301454263225 
-0.572555463530105 1.167537460015058 -0.33976301454263225 
-0.5725522564933558 1.1675241439762492 -0.33977251868164415 
-0.5725545578973747 1.167532568796508 -0.33975240609199897 
-0.5725549700406684 1.167534141778828 -0.3397495592750991 
-0.5725554477729391 1.1675370411791617 -0.3397589073902251 
-0.5725565392267867 1.1675421025749766 -0.33976189680180746 
-0.5725554320157733 1.167536622343266 -0.33975480023781746 
-0.5725535361566224 1.1675293866245935 -0.3397678955955581 
-0.5725550107137397 1.1675350144057828 -0.3397577103173156 
-0.5725535361566224 1.1675293866245935 -0.33976789559555787 
-0.5725550264709056 1.167535433241679 -0.3397618174697228 
-0.5725546051688721 1.1675338253041962 -0.3397647275492206 
-0.572551369006093 1.1675196826688594 -0.3397660239248006 
-0.572555463530105 1.167537460015058 -0.33976301454263225 
-0.5725535361566224 1.1675293866245935 -0.33976789559555787 
-0.5725541523525068 1.1675313796949214 -0.33975942332390396 
-0.5725545894117063 1.1675334064683003 -0.3397606203968133 
-0.5725541681096726 1.1675317985308173 -0.33976353047631114 
-0.5725567182774658 1.1675422488723437 -0.3397543475667365 
-0.5725541365953412 1.167530960859025 -0.3397553161714971 
-0.5725535361566224 1.1675293866245935 -0.33976789559555787 
-0.5725564761121174 1.16754060723181 -0.3397475883016712 
-0.5725558690749727 1.1675386491166444 -0.33975599731072703 
-0.5725550107137397 1.1675350144057828 -0.3397577103173156 
-0.572555463530105 1.167537460015058 -0.33976301454263225 
-0.5725569605288203 1.1675437105124595 -0.3397589867223094 
-0.5725558848321386 1.1675390679525408 -0.33976010446313454 
-0.5725545736545403 1.167532987632404 -0.3397565132444065 
-0.572555844159067 1.167538195325586 -0.3397519534209177 
-0.5725558690749727 1.1675386491166444 -0.3397559973107268 
-0.5725545894117063 1.1675334064683003 -0.3397606203968133 
-0.572554994956574 1.1675345955698868 -0.33975360316490855 
