-0.6275541681096728 1.1675317985308171 -0.33976353047631147 
-0.6275554477729393 1.1675370411791617 -0.33975890739022485 
-0.6275545894117064 1.1675334064683 -0.33976062039681343 
-0.6275545894117064 1.1675334064683 -0.33976062039681343 
-0.6275545894117064 1.1675334064683 -0.33976062039681343 
-0.6275549949565742 1.1675345955698866 -0.3397536031649089 
-0.6275545736545406 1.1675329876324039 -0.33975651324440637 
-0.6275554477729393 1.1675370411791617 -0.33975890739022485 
-0.6275541365953413 1.167530960859025 -0.3397553161714971 
-0.6275546051688722 1.1675338253041962 -0.3397647275492205 
-0.6275545736545406 1.1675329876324039 -0.3397565132444066 
-0.62755501071374 1.1675350144057828 -0.33975771031731583 
-0.6275558848321386 1.1675390679525404 -0.3397601044631342 
-0.6275550264709058 1.167535433241679 -0.33976181746972245 
-0.6275554320157736 1.1675366223432655 -0.3397548002378179 
-0.62755501071374 1.1675350144057828 -0.33975771031731583 
-0.6275541365953413 1.1675309608590252 -0.3397553161714969 
-0.6275554635301052 1.1675374600150576 -0.339763014542632 
-0.6275545894117064 1.1675334064683 -0.33976062039681343 
-0.6275531306117548 1.1675281975230067 -0.33977491282746286 
-0.6275554635301052 1.1675374600150576 -0.33976301454263225 
-0.6275545578973749 1.1675325687965077 -0.3397524060919992 
-0.6275550264709058 1.167535433241679 -0.33976181746972245 
-0.6275554070998679 1.167536168552207 -0.33975075634800855 
-0.6275554635301052 1.1675374600150576 -0.339763014542632 
-0.6275554477729393 1.1675370411791617 -0.33975890739022485 
-0.6275558848321386 1.1675390679525404 -0.3397601044631342 
-0.6275554635301052 1.1675374600150576 -0.339763014542632 
-0.6275565573722544 1.1675425324861373 -0.3397660104955963 
-0.6275535361566225 1.167529386624593 -0.3397678955955582 
-0.6275565392267868 1.167542102574977 -0.3397618968018077 
-0.6275545894117064 1.1675334064683 -0.33976062039681343 
-0.6275549949565742 1.1675345955698866 -0.33975360316490866 
-0.6275558690749728 1.1675386491166446 -0.3397559973107268 
-0.627554152352507 1.1675313796949212 -0.3397594233239042 
-0.6275532939912741 1.1675277449840593 -0.33976113633049276 
-0.6275532939912741 1.1675277449840593 -0.33976113633049276 
-0.6275550264709058 1.167535433241679 -0.33976181746972245 
-0.6275535361566225 1.167529386624593 -0.3397678955955584 
-0.62755501071374 1.1675350144057828 -0.33975771031731583 
-0.6275558848321386 1.1675390679525404 -0.3397601044631344 
-0.627554152352507 1.1675313796949212 -0.3397594233239042 
-0.6275558690749728 1.1675386491166446 -0.3397559973107268 
-0.6275537310504735 1.1675297717574384 -0.3397623334034018 
-0.6275550264709058 1.167535433241679 -0.33976181746972245 
-0.6275537310504735 1.1675297717574384 -0.3397623334034018 
-0.6275562812182666 1.1675402220989644 -0.3397531504938268 
-0.6275541681096728 1.1675317985308171 -0.33976353047631147 
-0.6275549949565742 1.1675345955698866 -0.33975360316490866 
-0.6275554635301052 1.1675374600150576 -0.339763014542632 
-0.6275545736545406 1.1675329876324039 -0.33975651324440637 
-0.6275558690749728 1.1675386491166446 -0.3397559973107268 
-0.6275537310504735 1.1675297717574384 -0.3397623334034018 
-0.6275573999763214 1.1675457483611025 -0.339760190336601 
-0.6275541681096728 1.1675317985308171 -0.33976353047631147 
-0.6275528435632107 1.167525310450049 -0.3397558386465581 
-0.6275541681096728 1.1675317985308171 -0.33976353047631147 
-0.6275545736545406 1.1675329876324039 -0.33975651324440637 
-0.6275556966227196 1.1675388867000116 -0.3397677169608032 
-0.6275545894117064 1.1675334064683 -0.33976062039681343 
-0.627554152352507 1.1675313796949212 -0.3397594233239042 
-0.627552256493356 1.167524143976249 -0.33977251868164426 
-0.6275546051688722 1.1675338253041962 -0.3397647275492205 
-0.627554152352507 1.1675313796949212 -0.3397594233239042 
-0.627554152352507 1.1675313796949212 -0.3397594233239044 
-0.6275550264709058 1.167535433241679 -0.33976181746972245 
-0.6275532939912741 1.1675277449840593 -0.33976113633049276 
-0.6275545894117064 1.1675334064683 -0.33976062039681365 
-0.6275532782341084 1.1675273261481636 -0.3397570291780855 
-0.62755501071374 1.1675350144057828 -0.33975771031731605 
-0.6275569605288204 1.1675437105124595 -0.33975898672230953 
-0.62755501071374 1.1675350144057828 -0.33975771031731583 
-0.6275549949565742 1.1675345955698866 -0.33975360316490866 
-0.62755501071374 1.1675350144057828 -0.33975771031731583 
-0.6275549949565742 1.1675345955698866 -0.33975360316490866 
-0.6275541681096728 1.1675317985308171 -0.33976353047631147 
-0.6275558441590673 1.1675381953255857 -0.3397519534209178 
-0.6275545736545406 1.167532987632404 -0.33975651324440614 
-0.6275558848321386 1.1675390679525404 -0.3397601044631342 
-0.6275550422280716 1.167535852077575 -0.33976592462212973 
-0.6275550422280716 1.167535852077575 -0.33976592462212996 
-0.627553114854589 1.1675277786871103 -0.3397708056750557 
-0.627553114854589 1.1675277786871103 -0.3397708056750557 
-0.62755501071374 1.1675350144057828 -0.33975771031731583 
-0.6275549949565741 1.167534595569887 -0.33975360316490877 
-0.627553114854589 1.1675277786871103 -0.3397708056750557 
-0.6275536861672779 1.1675285263250146 -0.3397500184875626 
-0.62755501071374 1.1675350144057828 -0.33975771031731605 
-0.6275550264709058 1.167535433241679 -0.33976181746972245 
-0.6275550422280716 1.167535852077575 -0.33976592462212973 
-0.6275545736545406 1.1675329876324039 -0.33975651324440637 
-0.6275550264709058 1.167535433241679 -0.33976181746972245 
-0.6275560141370126 1.167538126667372 -0.33974234733895203 
-0.6275554477729393 1.1675370411791617 -0.33975890739022485 
-0.627554152352507 1.1675313796949212 -0.3397594233239042 
-0.6275539889729876 1.1675318322338681 -0.3397731998208744 
-0.6275554477729393 1.1675370411791617 -0.33975890739022485 
-0.6275554320157736 1.1675366223432655 -0.3397548002378179 
-0.6275554477729393 1.1675370411791617 -0.33975890739022485 
-0.6275545894117064 1.1675334064683 -0.33976062039681343 
-0.627554152352507 1.1675313796949212 -0.3397594233239042 
-0.6275537152933077 1.1675293529215423 -0.33975822625099494 
-0.6275526777953896 1.1675257519137316 -0.3397696086021468 
-0.6275558690749728 1.1675386491166446 -0.3397559973107268 
-0.6275550646696694 1.167536474793787 -0.3397720820800495 
-0.6275562812182666 1.1675402220989644 -0.3397531504938266 
-0.6275562812182666 1.1675402220989644 -0.3397531504938266 
-0.6275545578973748 1.1675325687965081 -0.3397524060919993 
-0.6275539732158218 1.1675314133979722 -0.33976909266846733 
-0.627554152352507 1.1675313796949212 -0.3397594233239042 
-0.6275558441590673 1.1675381953255857 -0.3397519534209178 
-0.6275545894117064 1.1675334064683 -0.33976062039681343 
-0.6275546051688722 1.1675338253041962 -0.3397647275492205 
-0.6275558441590673 1.1675381953255857 -0.3397519534209178 
-0.62755501071374 1.1675350144057828 -0.33975771031731583 
-0.6275565392267868 1.1675421025749766 -0.3397618968018076 
-0.62755501071374 1.1675350144057828 -0.33975771031731583 
-0.6275541681096728 1.1675317985308171 -0.33976353047631147 
-0.6275563061341722 1.1675406758900233 -0.3397571943836364 
-0.6275541681096728 1.1675317985308171 -0.33976353047631147 
-0.6275563061341722 1.1675406758900233 -0.3397571943836366 
-0.6275554477729393 1.1675370411791617 -0.33975890739022485 
-0.6275545578973749 1.1675325687965077 -0.3397524060919992 
-0.6275545578973749 1.1675325687965077 -0.3397524060919992 
-0.6275545736545406 1.1675329876324039 -0.33975651324440637 
-0.627556718277466 1.1675422488723435 -0.3397543475667367 
-0.6275541208381755 1.1675305420231288 -0.33975120901908984 
-0.6275563061341722 1.1675406758900233 -0.3397571943836364 
-0.6275563061341722 1.1675406758900233 -0.3397571943836364 
-0.6275541681096728 1.1675317985308171 -0.3397635304763117 
-0.627554152352507 1.1675313796949212 -0.3397594233239042 
-0.62755501071374 1.1675350144057828 -0.33975771031731583 
-0.6275554477729393 1.1675370411791617 -0.33975890739022485 
-0.6275532782341084 1.1675273261481636 -0.3397570291780855 
-0.6275545894117064 1.1675334064683 -0.33976062039681343 
-0.6275563061341722 1.1675406758900233 -0.3397571943836364 
-0.6275537152933077 1.1675293529215423 -0.33975822625099494 
-0.6275558848321386 1.1675390679525404 -0.3397601044631342 
-0.6275554477729393 1.1675370411791617 -0.33975890739022485 
-0.6275554477729391 1.1675370411791621 -0.33975890739022496 
-0.6275546051688722 1.1675338253041962 -0.3397647275492205 
-0.6275517903081268 1.1675212906063421 -0.33976311384530256 
-0.6275545894117064 1.1675334064683 -0.33976062039681343 
-0.6275554320157736 1.1675366223432655 -0.3397548002378181 
-0.6275545736545406 1.1675329876324039 -0.33975651324440637 
-0.6275537310504735 1.1675297717574384 -0.3397623334034018 
-0.62755501071374 1.1675350144057828 -0.33975771031731583 
-0.6275535361566225 1.167529386624593 -0.3397678955955582 
-0.6275558690749728 1.1675386491166446 -0.3397559973107268 
-0.6275546051688722 1.1675338253041962 -0.3397647275492205 
-0.6275556966227197 1.1675388867000112 -0.3397677169608031 
-0.6275554320157736 1.1675366223432655 -0.3397548002378179 
-0.62755501071374 1.167535014405783 -0.3397577103173156 
-0.6275532939912741 1.1675277449840593 -0.33976113633049276 
-0.6275537152933077 1.1675293529215423 -0.33975822625099494 
-0.62755501071374 1.1675350144057828 -0.33975771031731583 
-0.6275558848321386 1.1675390679525404 -0.3397601044631344 
-0.6275562812182666 1.1675402220989644 -0.3397531504938268 
-0.6275554070998679 1.167536168552207 -0.33975075634800855 
-0.6275541365953413 1.167530960859025 -0.3397553161714971 
-0.62755501071374 1.1675350144057828 -0.33975771031731583 
-0.6273350709290394 1.1675563342332544 -0.3397468440580804 
-0.627554152352507 1.1675313796949212 -0.3397594233239042 
-0.6275541681096728 1.1675317985308171 -0.3397635304763117 
-0.6275545894117064 1.1675334064683 -0.33976062039681343 
-0.6275562812182666 1.1675402220989644 -0.3397531504938266 
-0.6275545894117064 1.1675334064683 -0.33976062039681343 
-0.627554152352507 1.1675313796949212 -0.3397594233239042 
-0.62755501071374 1.1675350144057828 -0.33975771031731583 
-0.6275550264709058 1.167535433241679 -0.33976181746972245 
-0.6275537310504735 1.1675297717574384 -0.3397623334034018 
-0.6275532939912741 1.1675277449840593 -0.33976113633049276 
-0.6275541681096728 1.1675317985308171 -0.33976353047631147 
-0.6275545736545406 1.1675329876324039 -0.33975651324440637 
-0.6275545894117064 1.1675334064683 -0.33976062039681343 
-0.6275560390529182 1.167538580458431 -0.3397463912287616 
-0.6275560390529182 1.167538580458431 -0.3397463912287616 
-0.6275530990974232 1.1675273598512144 -0.3397666985226486 
-0.627554152352507 1.1675313796949212 -0.3397594233239042 
-0.6275536995361419 1.167528934085646 -0.3397541190985879 
-0.6275545736545406 1.1675329876324039 -0.33975651324440637 
-0.6275554320157736 1.1675366223432655 -0.3397548002378179 
-0.62755501071374 1.1675350144057828 -0.33975771031731583 
-0.6275524222611771 1.167523702512566 -0.3397587487260558 
-0.6275546051688722 1.1675338253041962 -0.3397647275492205 
-0.6275539732158218 1.1675314133979722 -0.33976909266846733 
-0.6275550422280716 1.167535852077575 -0.33976592462212973 
-0.627554152352507 1.1675313796949212 -0.3397594233239042 
-0.6275554477729393 1.1675370411791617 -0.33975890739022485 
-0.6275549949565742 1.1675345955698866 -0.33975360316490866 
-0.6275558848321386 1.1675390679525404 -0.3397601044631342 
-0.6275565392267868 1.1675421025749766 -0.3397618968018076 
-0.6275530990974231 1.1675273598512148 -0.33976669852264874 
-0.6275563061341722 1.1675406758900233 -0.3397571943836364 
-0.6275526620382239 1.1675253330778355 -0.33976550144973927 
-0.6275545736545406 1.1675329876324039 -0.33975651324440637 
-0.6275537310504735 1.1675297717574384 -0.3397623334034018 
-0.6275554477729393 1.1675370411791617 -0.3397589073902251 
-0.6275545736545406 1.1675329876324039 -0.33975651324440637 
-0.6275558441590673 1.1675381953255857 -0.3397519534209178 
