-0.6825541681096728 1.1675317985308173 -0.33976353047631147 
-0.6825554477729394 1.167537041179162 -0.33975890739022496 
-0.6825545894117064 1.1675334064683003 -0.33976062039681376 
-0.6825545894117064 1.1675334064683003 -0.33976062039681376 
-0.6825545894117064 1.1675334064683003 -0.33976062039681376 
-0.6825549949565742 1.1675345955698868 -0.3397536031649091 
-0.6825545736545406 1.167532987632404 -0.33975651324440637 
-0.6825554477729394 1.167537041179162 -0.33975890739022496 
-0.6825541365953414 1.167530960859025 -0.33975531617149723 
-0.6825546051688722 1.1675338253041962 -0.3397647275492206 
-0.6825545736545406 1.167532987632404 -0.3397565132444066 
-0.6825550107137399 1.1675350144057828 -0.3397577103173156 
-0.6825558848321388 1.1675390679525406 -0.33976010446313454 
-0.6825550264709058 1.167535433241679 -0.33976181746972256 
-0.6825554320157735 1.1675366223432657 -0.3397548002378181 
-0.6825550107137399 1.1675350144057828 -0.3397577103173156 
-0.6825541365953414 1.1675309608590252 -0.339755316171497 
-0.6825554635301053 1.1675374600150579 -0.339763014542632 
-0.6825545894117064 1.1675334064683003 -0.33976062039681376 
-0.6825531306117548 1.167528197523007 -0.33977491282746286 
-0.6825554635301053 1.1675374600150579 -0.33976301454263225 
-0.682554557897375 1.1675325687965077 -0.3397524060919991 
-0.6825550264709058 1.167535433241679 -0.33976181746972256 
-0.682555407099868 1.167536168552207 -0.33975075634800866 
-0.6825554635301053 1.1675374600150579 -0.339763014542632 
-0.6825554477729394 1.167537041179162 -0.33975890739022496 
-0.6825558848321388 1.1675390679525406 -0.33976010446313454 
-0.6825554635301053 1.1675374600150579 -0.339763014542632 
-0.6825565573722543 1.1675425324861373 -0.3397660104955965 
-0.6825535361566225 1.1675293866245933 -0.3397678955955582 
-0.6825565392267867 1.167542102574977 -0.3397618968018078 
-0.6825545894117064 1.1675334064683003 -0.33976062039681376 
-0.6825549949565742 1.1675345955698868 -0.3397536031649089 
-0.682555869074973 1.1675386491166444 -0.3397559973107269 
-0.682554152352507 1.1675313796949214 -0.3397594233239043 
-0.6825532939912743 1.1675277449840595 -0.33976113633049276 
-0.6825532939912743 1.1675277449840595 -0.33976113633049276 
-0.6825550264709058 1.167535433241679 -0.33976181746972256 
-0.6825535361566225 1.1675293866245933 -0.3397678955955584 
-0.6825550107137399 1.1675350144057828 -0.3397577103173156 
-0.6825558848321388 1.1675390679525406 -0.33976010446313476 
-0.682554152352507 1.1675313796949214 -0.3397594233239043 
-0.682555869074973 1.1675386491166444 -0.3397559973107269 
-0.6825537310504736 1.1675297717574387 -0.33976233340340223 
-0.6825550264709058 1.167535433241679 -0.33976181746972256 
-0.6825537310504736 1.1675297717574387 -0.33976233340340223 
-0.6825562812182667 1.1675402220989648 -0.33975315049382715 
-0.6825541681096728 1.1675317985308173 -0.33976353047631147 
-0.6825549949565742 1.1675345955698868 -0.3397536031649089 
-0.6825554635301053 1.1675374600150579 -0.339763014542632 
-0.6825545736545406 1.167532987632404 -0.33975651324440637 
-0.682555869074973 1.1675386491166444 -0.3397559973107269 
-0.6825537310504736 1.1675297717574387 -0.33976233340340223 
-0.6825573999763215 1.1675457483611027 -0.3397601903366011 
-0.6825541681096728 1.1675317985308173 -0.33976353047631147 
-0.6825528435632108 1.167525310450049 -0.33975583864655823 
-0.6825541681096728 1.1675317985308173 -0.33976353047631147 
-0.6825545736545406 1.167532987632404 -0.33975651324440637 
-0.6825556966227196 1.1675388867000116 -0.3397677169608033 
-0.6825545894117064 1.1675334064683003 -0.33976062039681376 
-0.682554152352507 1.1675313796949214 -0.3397594233239043 
-0.682552256493356 1.167524143976249 -0.3397725186816445 
-0.6825546051688722 1.1675338253041962 -0.3397647275492206 
-0.682554152352507 1.1675313796949214 -0.3397594233239043 
-0.682554152352507 1.1675313796949214 -0.3397594233239045 
-0.6825550264709058 1.167535433241679 -0.33976181746972256 
-0.6825532939912743 1.1675277449840595 -0.33976113633049276 
-0.6825545894117064 1.1675334064683003 -0.339760620396814 
-0.6825532782341085 1.1675273261481636 -0.3397570291780856 
-0.6825550107137399 1.1675350144057828 -0.33975771031731583 
-0.6825569605288204 1.1675437105124593 -0.33975898672230964 
-0.6825550107137399 1.1675350144057828 -0.3397577103173156 
-0.6825549949565742 1.1675345955698868 -0.3397536031649089 
-0.6825550107137399 1.1675350144057828 -0.3397577103173156 
-0.6825549949565742 1.1675345955698868 -0.3397536031649089 
-0.6825541681096728 1.1675317985308173 -0.33976353047631147 
-0.6825558441590672 1.1675381953255857 -0.3397519534209179 
-0.6825545736545406 1.1675329876324043 -0.33975651324440614 
-0.6825558848321388 1.1675390679525406 -0.33976010446313454 
-0.6825550422280717 1.1675358520775752 -0.33976592462213007 
-0.6825550422280717 1.1675358520775752 -0.3397659246221303 
-0.6825531148545889 1.1675277786871103 -0.33977080567505613 
-0.6825531148545889 1.1675277786871103 -0.33977080567505613 
-0.6825550107137399 1.1675350144057828 -0.3397577103173156 
-0.6825549949565741 1.1675345955698873 -0.339753603164909 
-0.6825531148545889 1.1675277786871103 -0.33977080567505613 
-0.6825536861672779 1.1675285263250144 -0.3397500184875625 
-0.6825550107137399 1.1675350144057828 -0.33975771031731583 
-0.6825550264709058 1.167535433241679 -0.33976181746972256 
-0.6825550422280717 1.1675358520775752 -0.33976592462213007 
-0.6825545736545406 1.167532987632404 -0.33975651324440637 
-0.6825550264709058 1.167535433241679 -0.33976181746972256 
-0.6825560141370127 1.1675381266673721 -0.3397423473389526 
-0.6825554477729394 1.167537041179162 -0.33975890739022496 
-0.682554152352507 1.1675313796949214 -0.3397594233239043 
-0.6825539889729878 1.1675318322338681 -0.3397731998208745 
-0.6825554477729394 1.167537041179162 -0.33975890739022496 
-0.6825554320157735 1.1675366223432657 -0.3397548002378181 
-0.6825554477729394 1.167537041179162 -0.33975890739022496 
-0.6825545894117064 1.1675334064683003 -0.33976062039681376 
-0.682554152352507 1.1675313796949214 -0.3397594233239043 
-0.6825537152933078 1.1675293529215423 -0.33975822625099483 
-0.6825526777953896 1.1675257519137316 -0.3397696086021469 
-0.682555869074973 1.1675386491166444 -0.3397559973107269 
-0.6825550646696694 1.167536474793787 -0.33977208208004994 
-0.6825562812182667 1.1675402220989648 -0.3397531504938269 
-0.6825562812182667 1.1675402220989648 -0.3397531504938269 
-0.6825545578973748 1.1675325687965081 -0.3397524060919992 
-0.6825539732158219 1.1675314133979724 -0.3397690926684672 
-0.682554152352507 1.1675313796949214 -0.3397594233239043 
-0.6825558441590672 1.1675381953255857 -0.3397519534209179 
-0.6825545894117064 1.1675334064683003 -0.33976062039681376 
-0.6825546051688722 1.1675338253041962 -0.3397647275492206 
-0.6825558441590672 1.1675381953255857 -0.3397519534209179 
-0.6825550107137399 1.1675350144057828 -0.3397577103173156 
-0.6825565392267868 1.1675421025749766 -0.3397618968018077 
-0.6825550107137399 1.1675350144057828 -0.3397577103173156 
-0.6825541681096728 1.1675317985308173 -0.33976353047631147 
-0.6825563061341724 1.1675406758900233 -0.3397571943836367 
-0.6825541681096728 1.1675317985308173 -0.33976353047631147 
-0.6825563061341724 1.1675406758900233 -0.33975719438363694 
-0.6825554477729394 1.167537041179162 -0.33975890739022496 
-0.682554557897375 1.1675325687965077 -0.3397524060919991 
-0.682554557897375 1.1675325687965077 -0.3397524060919991 
-0.6825545736545406 1.167532987632404 -0.33975651324440637 
-0.6825567182774661 1.1675422488723435 -0.3397543475667367 
-0.6825541208381756 1.1675305420231292 -0.33975120901908995 
-0.6825563061341724 1.1675406758900233 -0.3397571943836367 
-0.6825563061341724 1.1675406758900233 -0.3397571943836367 
-0.6825541681096728 1.1675317985308173 -0.3397635304763117 
-0.682554152352507 1.1675313796949214 -0.3397594233239043 
-0.6825550107137399 1.1675350144057828 -0.3397577103173156 
-0.6825554477729394 1.167537041179162 -0.33975890739022496 
-0.6825532782341085 1.1675273261481636 -0.3397570291780856 
-0.6825545894117064 1.1675334064683003 -0.33976062039681376 
-0.6825563061341724 1.1675406758900233 -0.3397571943836367 
-0.6825537152933078 1.1675293529215423 -0.33975822625099483 
-0.6825558848321388 1.1675390679525406 -0.33976010446313454 
-0.6825554477729394 1.167537041179162 -0.33975890739022496 
-0.6825554477729393 1.1675370411791623 -0.3397589073902251 
-0.6825546051688722 1.1675338253041962 -0.3397647275492206 
-0.6825517903081268 1.1675212906063421 -0.3397631138453029 
-0.6825545894117064 1.1675334064683003 -0.33976062039681376 
-0.6825554320157735 1.1675366223432657 -0.33975480023781834 
-0.6825545736545406 1.167532987632404 -0.33975651324440637 
-0.6825537310504736 1.1675297717574387 -0.33976233340340223 
-0.6825550107137399 1.1675350144057828 -0.3397577103173156 
-0.6825535361566225 1.1675293866245933 -0.3397678955955582 
-0.682555869074973 1.1675386491166444 -0.3397559973107269 
-0.6825546051688722 1.1675338253041962 -0.3397647275492206 
-0.6825556966227198 1.1675388867000112 -0.3397677169608032 
-0.6825554320157735 1.1675366223432657 -0.3397548002378181 
-0.6825550107137399 1.167535014405783 -0.3397577103173154 
-0.6825532939912743 1.1675277449840595 -0.33976113633049276 
-0.6825537152933078 1.1675293529215423 -0.33975822625099483 
-0.6825550107137399 1.1675350144057828 -0.3397577103173156 
-0.6825558848321388 1.1675390679525406 -0.33976010446313476 
-0.6825562812182667 1.1675402220989648 -0.33975315049382715 
-0.682555407099868 1.167536168552207 -0.33975075634800866 
-0.6825541365953414 1.167530960859025 -0.33975531617149723 
-0.6825550107137399 1.1675350144057828 -0.3397577103173156 
-0.6823350709290394 1.1675563342332547 -0.33974684405808064 
-0.682554152352507 1.1675313796949214 -0.3397594233239043 
-0.6825541681096728 1.1675317985308173 -0.3397635304763117 
-0.6825545894117064 1.1675334064683003 -0.33976062039681376 
-0.6825562812182667 1.1675402220989648 -0.3397531504938269 
-0.6825545894117064 1.1675334064683003 -0.33976062039681376 
-0.682554152352507 1.1675313796949214 -0.3397594233239043 
-0.6825550107137399 1.1675350144057828 -0.3397577103173156 
-0.6825550264709058 1.167535433241679 -0.33976181746972256 
-0.6825537310504736 1.1675297717574387 -0.33976233340340223 
-0.6825532939912743 1.1675277449840595 -0.33976113633049276 
-0.6825541681096728 1.1675317985308173 -0.33976353047631147 
-0.6825545736545406 1.167532987632404 -0.33975651324440637 
-0.6825545894117064 1.1675334064683003 -0.33976062039681376 
-0.6825560390529183 1.167538580458431 -0.33974639122876193 
-0.6825560390529183 1.167538580458431 -0.33974639122876193 
-0.6825530990974232 1.1675273598512146 -0.33976669852264885 
-0.682554152352507 1.1675313796949214 -0.3397594233239043 
-0.6825536995361421 1.1675289340856463 -0.339754119098588 
-0.6825545736545406 1.167532987632404 -0.33975651324440637 
-0.6825554320157735 1.1675366223432657 -0.3397548002378181 
-0.6825550107137399 1.1675350144057828 -0.3397577103173156 
-0.6825524222611772 1.1675237025125662 -0.33975874872605594 
-0.6825546051688722 1.1675338253041962 -0.3397647275492206 
-0.6825539732158219 1.1675314133979724 -0.3397690926684672 
-0.6825550422280717 1.1675358520775752 -0.33976592462213007 
-0.682554152352507 1.1675313796949214 -0.3397594233239043 
-0.6825554477729394 1.167537041179162 -0.33975890739022496 
-0.6825549949565742 1.1675345955698868 -0.3397536031649089 
-0.6825558848321388 1.1675390679525406 -0.33976010446313454 
-0.6825565392267868 1.1675421025749766 -0.3397618968018077 
-0.6825530990974231 1.167527359851215 -0.33976669852264896 
-0.6825563061341724 1.1675406758900233 -0.3397571943836367 
-0.682552662038224 1.1675253330778355 -0.3397655014497394 
-0.6825545736545406 1.167532987632404 -0.33975651324440637 
-0.6825537310504736 1.1675297717574387 -0.33976233340340223 
-0.6825554477729394 1.167537041179162 -0.3397589073902252 
-0.6825545736545406 1.167532987632404 -0.33975651324440637 
-0.6825558441590672 1.1675381953255857 -0.3397519534209179 
