-0.5510667308338919 1.0556389914939408 -0.27915753245147445 
-0.5510667308338919 1.0556389914939408 -0.27915753245147445 
-0.5504266405078703 1.0526843307119824 -0.27742938880100776 
-0.5504266405078703 1.0526843307119824 -0.27742938880100776 
-0.5504266405078703 1.0526843307119824 -0.27742938880100776 
-0.5504266405078703 1.0526843307119824 -0.27742938880100776 
-0.5504266405078703 1.0526843307119824 -0.27742938880100776 
-0.5504266405078703 1.0526843307119824 -0.27742938880100776 
-0.5504266405078703 1.0526843307119824 -0.27742938880100776 
-0.5502835940461275 1.0520236826931122 -0.2770391193220484 
-0.5502835940461275 1.0520236826931122 -0.2770391193220484 
-0.5502835940461275 1.0520236826931122 -0.2770391193220484 
-0.5505624467284556 1.0533115402877162 -0.27779990494171847 
-0.5505624467284556 1.0533115402877162 -0.27779990494171847 
-0.5505624467284556 1.0533115402877162 -0.27779990494171847 
-0.5509407088507902 1.055057778232216 -0.27882325004702313 
-0.5509407088507902 1.055057778232216 -0.27882325004702313 
-0.5509407088507902 1.055057778232216 -0.27882325004702313 
-0.5509407088507902 1.055057778232216 -0.27882325004702313 
-0.5509407088507902 1.055057778232216 -0.27882325004702313 
-0.551446142915503 1.057392127755608 -0.2802027410097403 
-0.551446142915503 1.057392127755608 -0.2802027410097403 
-0.551446142915503 1.057392127755608 -0.2802027410097403 
-0.551446142915503 1.057392127755608 -0.2802027410097403 
-0.551446142915503 1.057392127755608 -0.2802027410097403 
-0.5517952501107805 1.0590054831531122 -0.2811673895632161 
-0.5517952501107805 1.0590054831531122 -0.2811673895632161 
-0.5517952501107805 1.0590054831531122 -0.2811673895632161 
-0.5523380046064709 1.0615114601748523 -0.2826400443836894 
-0.5523380046064709 1.0615114601748523 -0.2826400443836894 
-0.5531988998639821 1.0654870878927962 -0.28498473654245815 
-0.5531988998639821 1.0654870878927962 -0.28498473654245815 
-0.5531988998639821 1.0654870878927962 -0.28498473654245815 
-0.5537447901626222 1.0680089250362264 -0.2864821994828781 
-0.5537447901626222 1.0680089250362264 -0.2864821994828781 
-0.5537447901626222 1.0680089250362264 -0.2864821994828781 
-0.5537447901626222 1.0680089250362264 -0.2864821994828781 
-0.5537447901626222 1.0680089250362264 -0.2864821994828781 
-0.5537447901626221 1.0680089250362264 -0.2864821994828778 
-0.5543377863814338 1.0707469392187619 -0.288091927327497 
-0.5543377863814338 1.0707469392187619 -0.288091927327497 
-0.5543377863814338 1.0707469392187619 -0.288091927327497 
-0.5543377863814338 1.0707469392187619 -0.288091927327497 
-0.5550322235291419 1.0739551718760771 -0.2899987294928993 
-0.5550322235291419 1.0739551718760771 -0.2899987294928993 
-0.5550322235291419 1.0739551718760771 -0.2899987294928993 
-0.555229396469427 1.0748644207907658 -0.29052041786018257 
-0.555229396469427 1.0748644207907658 -0.29052041786018257 
-0.555229396469427 1.0748644207907658 -0.29052041786018257 
-0.5552293964694269 1.0748644207907658 -0.29052041786018223 
-0.5552293964694269 1.0748644207907658 -0.29052041786018223 
-0.5558404310303167 1.0776867767949998 -0.29219154878639697 
-0.5558404310303167 1.0776867767949998 -0.29219154878639697 
-0.5558404310303167 1.0776867767949998 -0.29219154878639697 
-0.5558404310303167 1.0776867767949998 -0.29219154878639697 
-0.5558404310303167 1.0776867767949998 -0.29219154878639697 
-0.5558404310303167 1.0776867767949998 -0.29219154878639697 
-0.5566155421075767 1.0812662175115813 -0.29430219847447703 
-0.5566155421075767 1.0812662175115813 -0.29430219847447703 
-0.5566155421075767 1.0812662175115813 -0.29430219847447703 
-0.5567843229277786 1.0820470951747763 -0.294778931051608 
-0.5567843229277786 1.0820470951747763 -0.294778931051608 
-0.5567843229277786 1.0820470951747763 -0.294778931051608 
-0.5571708825881533 1.083832043943308 -0.2958295072700674 
-0.5577671868619754 1.0865856805189653 -0.29745232358455775 
-0.5577671868619754 1.0865856805189653 -0.29745232358455775 
-0.5577671868619754 1.0865856805189653 -0.29745232358455775 
-0.5577671868619754 1.0865856805189653 -0.29745232358455775 
-0.5577671868619754 1.0865856805189653 -0.29745232358455775 
-0.558450622036218 1.0897424126496258 -0.299320982987222 
-0.558450622036218 1.0897424126496258 -0.299320982987222 
-0.558450622036218 1.0897424126496258 -0.299320982987222 
-0.558450622036218 1.0897424126496258 -0.299320982987222 
-0.558450622036218 1.0897424126496258 -0.299320982987222 
-0.558952568281371 1.0920599202080692 -0.3006823018509679 
-0.558952568281371 1.0920599202080692 -0.3006823018509679 
-0.558952568281371 1.0920599202080692 -0.3006823018509679 
-0.559424285593231 1.094238851247822 -0.30197333760022793 
-0.559424285593231 1.094238851247822 -0.30197333760022793 
-0.5599801715190464 1.096804965529377 -0.3034758120478225 
-0.5599801715190464 1.096804965529377 -0.3034758120478225 
-0.5599801715190464 1.096804965529377 -0.3034758120478225 
-0.5599801715190464 1.096804965529377 -0.3034758120478225 
-0.5604901133480797 1.0991612868405582 -0.30488120429946197 
-0.5604901133480797 1.0991612868405582 -0.30488120429946197 
-0.5607016291361393 1.1001384990883094 -0.30546233983951154 
-0.5612955016884696 1.1028805605432896 -0.3070744585592461 
-0.5612955016884696 1.1028805605432896 -0.3070744585592461 
-0.5612955016884696 1.1028805605432896 -0.3070744585592461 
-0.5612955016884696 1.1028805605432896 -0.3070744585592461 
-0.5617242014084203 1.1048604740428976 -0.30824406747020294 
-0.5617242014084203 1.1048604740428976 -0.30824406747020294 
-0.5617242014084203 1.1048604740428976 -0.30824406747020294 
-0.5617242014084203 1.1048604740428976 -0.30824406747020294 
-0.5624905038092496 1.1083987234876178 -0.3103246782342075 
-0.5624905038092496 1.1083987234876178 -0.3103246782342075 
-0.5624905038092496 1.1083987234876178 -0.3103246782342075 
-0.5624905038092496 1.1083987234876178 -0.3103246782342075 
-0.563106837516644 1.111246062295747 -0.3120162731366172 
-0.563106837516644 1.111246062295747 -0.3120162731366172 
-0.563472352510964 1.1129341624690952 -0.31301349700812797 
-0.563472352510964 1.1129341624690952 -0.31301349700812797 
-0.5638407931133291 1.1146371445093017 -0.3140348672005362 
-0.5642314635342713 1.116440052706019 -0.3150845574169556 
-0.5642314635342713 1.116440052706019 -0.3150845574169556 
-0.5642314635342713 1.116440052706019 -0.3150845574169556 
-0.5642314635342713 1.116440052706019 -0.3150845574169556 
-0.5648238499336701 1.1191762837492119 -0.31670481110943804 
-0.5648238499336701 1.1191762837492119 -0.31670481110943804 
-0.5648238499336701 1.1191762837492119 -0.31670481110943804 
-0.5656650138265898 1.1230611282440155 -0.3189997339632408 
-0.5656650138265898 1.1230611282440155 -0.3189997339632408 
-0.5656650138265898 1.1230611282440155 -0.3189997339632408 
-0.5659851302349753 1.1245399032972507 -0.3198771614002922 
-0.5659851302349753 1.1245399032972507 -0.3198771614002922 
-0.5659851302349753 1.1245399032972507 -0.3198771614002922 
-0.5665539746082301 1.1271660297980124 -0.3214169332707555 
-0.5665539746082301 1.1271660297980124 -0.3214169332707555 
-0.5665539746082301 1.1271660297980124 -0.3214169332707555 
-0.5673466870596234 1.130827794236694 -0.3235877938735645 
-0.5673466870596234 1.130827794236694 -0.3235877938735645 
-0.5673466870596234 1.130827794236694 -0.3235877938735645 
-0.5678258323752402 1.1330403420451902 -0.324890968828058 
-0.5678258323752402 1.1330403420451902 -0.324890968828058 
-0.5678258323752402 1.1330403420451902 -0.324890968828058 
-0.5678258323752402 1.1330403420451902 -0.324890968828058 
-0.5678258323752402 1.1330403420451902 -0.324890968828058 
-0.5678258323752402 1.1330403420451902 -0.324890968828058 
-0.5678258323752402 1.1330403420451902 -0.324890968828058 
-0.5687338967938912 1.1372338165555613 -0.32736435122995966 
-0.5687338967938912 1.1372338165555613 -0.32736435122995966 
-0.5687338967938912 1.1372338165555613 -0.32736435122995966 
-0.5687338967938912 1.1372338165555613 -0.32736435122995966 
-0.5696832422473598 1.141618632883674 -0.32995848587233967 
-0.5696832422473598 1.141618632883674 -0.32995848587233967 
-0.5696832422473598 1.141618632883674 -0.32995848587233967 
-0.5698916681646775 1.1425812304039458 -0.33052712820827923 
-0.5698916681646775 1.1425812304039458 -0.33052712820827923 
-0.5698916681646775 1.1425812304039458 -0.33052712820827923 
-0.5706299204863075 1.1459904420663558 -0.33253721723110663 
-0.5706299204863075 1.1459904420663558 -0.33253721723110663 
-0.5711714237226879 1.14849201793275 -0.3340227110778401 
-0.5711714237226879 1.14849201793275 -0.3340227110778401 
-0.5714875405081068 1.1499512878044633 -0.33487703686016224 
-0.5714875405081068 1.1499512878044633 -0.33487703686016224 
-0.5714875405081068 1.1499512878044633 -0.33487703686016224 
-0.5714875405081068 1.1499512878044633 -0.33487703686016224 
-0.5718397053542347 1.1515784202844737 -0.3358459643129371 
-0.5718397053542347 1.1515784202844737 -0.3358459643129371 
-0.5718397053542347 1.1515784202844737 -0.3358459643129371 
-0.5718397053542347 1.1515784202844737 -0.3358459643129371 
-0.5726793335655711 1.1554561723634054 -0.3381366974115785 
-0.5726793335655711 1.1554561723634054 -0.3381366974115785 
-0.5728264011178659 1.1561369413401223 -0.33855622191482104 
-0.5728264011178659 1.1561369413401223 -0.33855622191482104 
-0.5728264011178659 1.1561369413401223 -0.33855622191482104 
-0.5728264011178659 1.1561369413401223 -0.33855622191482104 
-0.5728264011178659 1.1561369413401223 -0.33855622191482104 
-0.5732153026962166 1.1579311561690306 -0.339594903119112 
-0.5732153026962166 1.1579311561690306 -0.339594903119112 
-0.5737971425976692 1.1606183346809018 -0.341182319909511 
-0.5737971425976692 1.1606183346809018 -0.341182319909511 
-0.5740619857837403 1.1618421794387412 -0.3419130102303988 
-0.5740619857837403 1.1618421794387412 -0.3419130102303988 
-0.5744285791859021 1.1635349157276915 -0.3429091130903801 
-0.5744285791859021 1.1635349157276915 -0.3429091130903801 
-0.5744285791859021 1.1635349157276915 -0.3429091130903801 
-0.5744285791859021 1.1635349157276915 -0.3429091130903801 
-0.5744285791859021 1.1635349157276915 -0.3429091130903801 
-0.5753225548229911 1.1676624688259216 -0.34533398781165225 
-0.5753225548229911 1.1676624688259216 -0.34533398781165225 
-0.5755315023882246 1.1686290179359775 -0.34592224941441485 
-0.5755315023882246 1.1686290179359775 -0.34592224941441485 
-0.5755315023882246 1.1686290179359775 -0.34592224941441485 
-0.5760891755329894 1.1712038954802133 -0.347435606348943 
-0.5767559041741924 1.174282781056954 -0.34925055940578165 
-0.5767559041741924 1.174282781056954 -0.34925055940578165 
-0.5768777346169305 1.1748468223616766 -0.3495991986408865 
-0.5768777346169305 1.1748468223616766 -0.3495991986408865 
-0.5770988549308199 1.1758673590417335 -0.350194348327589 
-0.5770988549308199 1.1758673590417335 -0.350194348327589 
-0.5770988549308199 1.1758673590417335 -0.350194348327589 
-0.5770988549308199 1.1758673590417335 -0.350194348327589 
-0.577544431038242 1.1779248702934444 -0.35140593739291326 
-0.577544431038242 1.1779248702934444 -0.35140593739291326 
-0.5779779906047322 1.1799279174245323 -0.3525969316813079 
-0.5779779906047322 1.1799279174245323 -0.3525969316813079 
-0.5783274399065023 1.1815407862916525 -0.3535381343932513 
-0.5783274399065023 1.1815407862916525 -0.3535381343932513 
-0.5783274399065023 1.1815407862916525 -0.3535381343932513 
-0.5788568091026813 1.183985124133952 -0.3549763904229408 
-0.5788568091026813 1.183985124133952 -0.3549763904229408 
-0.5788568091026813 1.183985124133952 -0.3549763904229408 
-0.5788568091026813 1.183985124133952 -0.3549763904229408 
-0.5788568091026812 1.183985124133952 -0.3549763904229405 
-0.5794281853879372 1.1866251752997514 -0.35654939250517637 
-0.5802224162121536 1.190293607795194 -0.35872033244004997 
-0.5802224162121536 1.190293607795194 -0.35872033244004997 
-0.5802224162121536 1.190293607795194 -0.35872033244004997 
-0.5803805538747353 1.1910229199921478 -0.35913958520066114 
-0.581095294058092 1.194323033684283 -0.3610795202743917 
-0.581095294058092 1.194323033684283 -0.3610795202743917 
-0.5814433538009957 1.1959324050741025 -0.36205138076402654 
-0.5815490553102155 1.1964195453192752 -0.36232757350063105 
-0.5815490553102155 1.1964195453192752 -0.36232757350063105 
-0.5815490553102155 1.1964195453192752 -0.36232757350063105 
-0.5819988331149271 1.198497150595664 -0.3635587523340389 
-0.5819988331149271 1.198497150595664 -0.3635587523340389 
-0.5823709469105076 1.2002160711961454 -0.36457804272219463 
-0.5823709469105076 1.2002160711961454 -0.36457804272219463 
-0.5823709469105076 1.2002160711961454 -0.36457804272219463 
-0.5823709469105076 1.2002160711961454 -0.36457804272219463 
-0.5829189671996056 1.2027463678406156 -0.3660650640528519 
-0.5829189671996056 1.2027463678406156 -0.3660650640528519 
-0.5835519245582907 1.2056696280174146 -0.3677919431071669 
-0.5837698012569525 1.2066762175942953 -0.3683904329336223 
-0.5837698012569525 1.2066762175942953 -0.3683904329336223 
-0.5842498563247941 1.208893655856834 -0.3697042163387346 
-0.5842498563247941 1.208893655856834 -0.3697042163387346 
-0.5842498563247941 1.208893655856834 -0.3697042163387346 
-0.5842498563247941 1.208893655856834 -0.3697042163387346 
-0.5842498563247941 1.208893655856834 -0.3697042163387346 
-0.5842498563247941 1.208893655856834 -0.3697042163387346 
-0.5851243402205635 1.2129316971344315 -0.3720819187818254 
-0.5851243402205635 1.2129316971344315 -0.3720819187818254 
-0.5854701208532553 1.2145290002430786 -0.37302936517164176 
-0.5854701208532553 1.2145290002430786 -0.37302936517164176 
-0.5860539847311097 1.2172265595794403 -0.37463449351801426 
-0.5862125796674332 1.2179583280766642 -0.3750590570453175 
-0.5862125796674332 1.2179583280766642 -0.3750590570453175 
-0.5862125796674332 1.2179583280766642 -0.3750590570453175 
-0.5862125796674332 1.2179583280766642 -0.3750590570453175 
-0.587072375012491 1.2219288759417102 -0.3774007483451006 
-0.587072375012491 1.2219288759417102 -0.3774007483451006 
-0.5872303541353281 1.2226588336164697 -0.37783582136681193 
-0.5872303541353281 1.2226588336164697 -0.37783582136681193 
-0.5872303541353281 1.2226588336164697 -0.37783582136681193 
-0.5872303541353281 1.2226588336164697 -0.37783582136681193 
-0.5879172523078818 1.2258305260525733 -0.37970173916617445 
-0.5879172523078818 1.2258305260525733 -0.37970173916617445 
-0.588431767828568 1.2282074614302043 -0.3811136032172867 
-0.5888183794152236 1.229993683276069 -0.38217651070503644 
-0.5888183794152236 1.229993683276069 -0.38217651070503644 
-0.5890403724661879 1.2310182506186977 -0.3827740414547821 
-0.5890403724661879 1.2310182506186977 -0.3827740414547821 
-0.589546962771241 1.2333578952162272 -0.3841561569715882 
-0.589546962771241 1.2333578952162272 -0.3841561569715882 
-0.589546962771241 1.2333578952162272 -0.3841561569715882 
-0.589546962771241 1.2333578952162272 -0.3841561569715882 
-0.5899942939433298 1.2354235120860773 -0.38537253432852514 
-0.5899942939433298 1.2354235120860773 -0.38537253432852514 
-0.5904620474485587 1.2375837921991553 -0.38664869253994094 
-0.5904620474485587 1.2375837921991553 -0.38664869253994094 
-0.5904620474485587 1.2375837921991553 -0.38664869253994094 
-0.5911465151640442 1.240744095051638 -0.3885060361247311 
-0.5913819561560806 1.241831968558717 -0.3891543893688477 
-0.5913819561560806 1.241831968558717 -0.3891543893688477 
-0.5913819561560806 1.241831968558717 -0.3891543893688477 
-0.5913819561560806 1.241831968558717 -0.3891543893688477 
-0.5922608921532991 1.2458919491716083 -0.39156049115059444 
-0.5922608921532991 1.2458919491716083 -0.39156049115059444 
-0.5924530998323958 1.2467799885465793 -0.39208894894152013 
-0.5924530998323958 1.2467799885465793 -0.39208894894152013 
-0.5924530998323958 1.2467799885465793 -0.39208894894152013 
-0.5924530998323958 1.2467799885465793 -0.39208894894152013 
-0.5924530998323958 1.2467799885465793 -0.39208894894152013 
-0.5924530998323958 1.2467799885465793 -0.39208894894152013 
-0.5924530998323958 1.2467799885465793 -0.39208894894152013 
-0.5932137018038933 1.2502917313417883 -0.3941518874603641 
-0.5932137018038933 1.2502917313417883 -0.3941518874603641 
-0.5932137018038933 1.2502917313417883 -0.3941518874603641 
-0.5932137018038933 1.2502917313417883 -0.3941518874603641 
-0.5938355016464051 1.2531641503112991 -0.39585645218976817 
-0.5938355016464051 1.2531641503112991 -0.39585645218976817 
-0.594188293620706 1.2547934902897624 -0.39681896421777674 
-0.5943822008417444 1.255688345595667 -0.3973398692189517 
-0.5943822008417444 1.255688345595667 -0.3973398692189517 
-0.5943822008417444 1.255688345595667 -0.3973398692189517 
-0.5947174743892698 1.257237467037712 -0.39826271263564317 
-0.5947174743892698 1.257237467037712 -0.39826271263564317 
-0.5947174743892698 1.257237467037712 -0.39826271263564317 
-0.5947174743892698 1.257237467037712 -0.39826271263564317 
-0.5952856481653815 1.2598603317194903 -0.3997987116659104 
-0.5952856481653815 1.2598603317194903 -0.3997987116659104 
-0.5952856481653815 1.2598603317194903 -0.3997987116659104 
-0.59623546214167 1.2642478210234303 -0.40240013103513206 
-0.59623546214167 1.2642478210234303 -0.40240013103513206 
-0.59623546214167 1.2642478210234303 -0.40240013103513206 
-0.59623546214167 1.2642478210234303 -0.40240013103513206 
-0.5967833238910234 1.2667787631457057 -0.4039029726268889 
-0.5967833238910234 1.2667787631457057 -0.4039029726268889 
-0.5967833238910234 1.2667787631457057 -0.4039029726268889 
-0.5967833238910234 1.2667787631457057 -0.4039029726268889 
-0.5967833238910234 1.2667787631457057 -0.4039029726268889 
-0.5967833238910234 1.2667787631457057 -0.4039029726268889 
-0.5975079881738027 1.2701255640167743 -0.4058800530007406 
-0.5980757577356597 1.2727470710118085 -0.40742095569480663 
-0.5980757577356597 1.2727470710118085 -0.40742095569480663 
-0.5980757577356597 1.2727470710118085 -0.40742095569480663 
-0.5988348985812291 1.2762537878204563 -0.4095002238670641 
-0.5988348985812291 1.2762537878204563 -0.4095002238670641 
-0.5988348985812291 1.2762537878204563 -0.4095002238670642 
-0.5990248503873388 1.2771300309560558 -0.4100062742252325 
-0.5990248503873388 1.2771300309560558 -0.4100062742252325 
-0.5990248503873388 1.2771300309560558 -0.4100062742252325 
-0.5990248503873388 1.2771300309560558 -0.4100062742252325 
-0.5999895502590116 1.2815857603696372 -0.4126422998778435 
-0.5999895502590116 1.2815857603696372 -0.4126422998778435 
-0.600305044711516 1.2830428448893947 -0.4135030541676967 
-0.6003050447115159 1.2830428448893947 -0.4135030541676964 
-0.6003050447115159 1.2830428448893947 -0.4135030541676964 
-0.6003050447115159 1.2830428448893947 -0.4135030541676964 
-0.6008509493218798 1.2855650925503748 -0.4150046193544852 
-0.6012131735699496 1.2872379946897121 -0.4159928651792223 
-0.6012131735699496 1.2872379946897121 -0.4159928651792223 
-0.6012131735699496 1.2872379946897121 -0.4159928651792223 
-0.6018278750016952 1.2900759081474822 -0.4176577475215263 
-0.6018278750016952 1.2900759081474822 -0.4176577475215263 
-0.6018278750016952 1.2900759081474822 -0.4176577475215263 
-0.6021845949662923 1.291723044797775 -0.4186269129704937 
-0.6021845949662923 1.291723044797775 -0.4186269129704937 
-0.6021845949662923 1.291723044797775 -0.4186269129704937 
-0.6021845949662923 1.291723044797775 -0.4186269129704937 
-0.6031275264496716 1.296077385183232 -0.421193478895978 
-0.6031275264496716 1.296077385183232 -0.421193478895978 
-0.6033048667409588 1.2968976143442965 -0.4216914440973031 
-0.6033048667409588 1.2968976143442965 -0.4216914440973031 
-0.6039338937117188 1.2998030667760179 -0.4234116631892769 
-0.6039338937117188 1.2998030667760179 -0.4234116631892769 
-0.6041407988585845 1.3007589851662802 -0.42398021965177 
-0.6041407988585845 1.3007589851662802 -0.42398021965177 
-0.6044775239415207 1.302313088301891 -0.42488670724952005 
-0.6050648657288172 1.3050260212295584 -0.4264931978743064 
-0.6050648657288172 1.3050260212295584 -0.4264931978743064 
-0.6050648657288172 1.3050260212295584 -0.4264931978743064 
-0.6050648657288172 1.3050260212295584 -0.4264931978743064 
-0.6057140204205196 1.308023398582674 -0.42825614123846434 
-0.6057140204205196 1.308023398582674 -0.42825614123846434 
-0.6059658913812265 1.309186643371637 -0.4289433134159685 
-0.6059658913812265 1.309186643371637 -0.4289433134159685 
-0.6059658913812265 1.309186643371637 -0.4289433134159685 
-0.6059658913812265 1.309186643371637 -0.4289433134159685 
-0.6065797660081051 1.312021771561046 -0.43061812961106616 
-0.6065797660081051 1.312021771561046 -0.43061812961106616 
-0.6073162745797555 1.315423274281306 -0.4326275244119234 
-0.6073162745797555 1.315423274281306 -0.4326275244119234 
-0.6074547459169358 1.3160634813133778 -0.43301343811253845 
-0.6074547459169358 1.3160634813133778 -0.43301343811253845 
-0.6074547459169358 1.3160634813133778 -0.43301343811253845 
-0.6074547459169358 1.3160634813133778 -0.43301343811253845 
-0.6074547459169358 1.3160634813133778 -0.43301343811253845 
-0.6074547459169358 1.3160634813133778 -0.43301343811253845 
-0.6084385220009867 1.3206069681848582 -0.43569744563748847 
-0.6084385220009867 1.3206069681848582 -0.43569744563748847 
-0.6084385220009866 1.3206069681848582 -0.43569744563748813 
-0.6084385220009866 1.3206069681848582 -0.43569744563748813 
-0.6084385220009866 1.3206069681848582 -0.43569744563748813 
-0.6084385220009866 1.3206069681848582 -0.43569744563748813 
-0.609487653338668 1.3254519483630394 -0.43855569678984774 
-0.609487653338668 1.3254519483630394 -0.43855569678984774 
-0.609487653338668 1.3254519483630394 -0.43855569678984774 
-0.6099457910033801 1.3275685073678227 -0.4398137467849689 
-0.6099457910033801 1.3275685073678227 -0.4398137467849689 
-0.6099457910033801 1.3275685073678227 -0.4398137467849689 
-0.6106178170584744 1.3306725474439538 -0.4416512790214585 
-0.611186868301311 1.3332992849343697 -0.4431875520880406 
-0.611186868301311 1.3332992849343697 -0.4431875520880406 
-0.6111868683013109 1.3332992849343697 -0.4431875520880403 
-0.6118159226967038 1.3362055528645667 -0.44491597240206227 
-0.6118159226967038 1.3362055528645667 -0.44491597240206227 
-0.6118159226967039 1.3362055528645667 -0.4449159724020626 
-0.6118159226967039 1.3362055528645667 -0.4449159724020626 
-0.6118159226967039 1.3362055528645667 -0.4449159724020626 
-0.6118159226967039 1.3362055528645667 -0.4449159724020626 
-0.6118159226967038 1.3362055528645667 -0.44491597240206227 
-0.6123681446830913 1.3387559435337146 -0.44642258350080255 
-0.6129865857431261 1.341611472569395 -0.44810173176173596 
-0.6129865857431261 1.341611472569395 -0.44810173176173596 
-0.6129865857431261 1.341611472569395 -0.44810173176173596 
-0.6129865857431261 1.341611472569395 -0.44810173176173596 
-0.612986585743126 1.341611472569395 -0.4481017317617356 
-0.612986585743126 1.341611472569395 -0.4481017317617356 
-0.612986585743126 1.341611472569395 -0.4481017317617356 
-0.612986585743126 1.341611472569395 -0.4481017317617356 
-0.6140344127704541 1.346450428900216 -0.450956424402296 
-0.6140344127704541 1.346450428900216 -0.450956424402296 
-0.6140344127704541 1.346450428900216 -0.450956424402296 
-0.6140344127704541 1.346450428900216 -0.450956424402296 
-0.6149880952237318 1.3508544217334 -0.4535523218846004 
-0.6149880952237318 1.3508544217334 -0.4535523218846004 
-0.615353875467734 1.3525446005027943 -0.4545603390989069 
-0.6154462417398928 1.352971186340491 -0.45481233929848974 
-0.6154462417398928 1.352971186340491 -0.45481233929848974 
-0.6158387706757253 1.354784736964454 -0.4558913909169783 
-0.6162608739920448 1.3567338411101775 -0.4570389398526714 
-0.6162608739920448 1.3567338411101775 -0.4570389398526714 
-0.6164813373554989 1.3577513437200563 -0.4576322972007102 
-0.6164813373554989 1.3577513437200563 -0.4576322972007102 
-0.6164813373554989 1.3577513437200563 -0.4576322972007102 
-0.6164813373554989 1.3577513437200563 -0.4576322972007102 
-0.6168429320777664 1.3594220272876916 -0.4586269519088314 
-0.6168429320777664 1.3594220272876916 -0.4586269519088314 
-0.6168429320777664 1.3594220272876916 -0.4586269519088314 
-0.6168429320777664 1.3594220272876916 -0.4586269519088314 
-0.6168429320777664 1.3594220272876916 -0.4586269519088314 
-0.6168429320777664 1.3594220272876916 -0.4586269519088314 
-0.6179166624188739 1.3643809603085517 -0.4615563790030873 
-0.6179166624188739 1.3643809603085517 -0.4615563790030873 
-0.6179166624188739 1.3643809603085517 -0.4615563790030873 
-0.6179166624188739 1.3643809603085517 -0.4615563790030873 
-0.6188271388526269 1.36858557450724 -0.4640363420352652 
-0.6188271388526269 1.36858557450724 -0.4640363420352652 
-0.6191509674646687 1.37008114963991 -0.4649198341688979 
-0.6191509674646687 1.37008114963991 -0.4649198341688979 
-0.6192935092875526 1.3707382690439502 -0.465294593986458 
-0.6192935092875526 1.3707382690439502 -0.465294593986458 
-0.6200179762912674 1.3740845032183606 -0.46727519932971895 
-0.6200179762912674 1.3740845032183606 -0.46727519932971895 
-0.6200179762912674 1.3740845032183606 -0.46727519932971895 
-0.6200179762912674 1.3740845032183606 -0.46727519932971895 
-0.6200179762912674 1.3740845032183606 -0.46727519932971895 
-0.6200179762912674 1.3740845032183606 -0.46727519932971895 
-0.6206240264183777 1.3768850370183974 -0.468946864240951 
-0.6206240264183777 1.3768850370183974 -0.468946864240951 
-0.6206240264183777 1.3768850370183974 -0.468946864240951 
-0.6206240264183777 1.3768850370183974 -0.468946864240951 
-0.6206240264183777 1.3768850370183974 -0.468946864240951 
-0.6213278505070544 1.3801355892106884 -0.4708670869225914 
-0.6213278505070544 1.3801355892106884 -0.4708670869225914 
-0.621797561151273 1.3823045637850615 -0.4721445215389747 
-0.621797561151273 1.3823045637850615 -0.4721445215389747 
-0.621797561151273 1.3823045637850615 -0.4721445215389747 
-0.621797561151273 1.3823045637850615 -0.4721445215389747 
-0.6222196459600176 1.38425323803505 -0.47328795678087976 
-0.6222196459600176 1.38425323803505 -0.47328795678087976 
-0.6226878591366176 1.3864159855216467 -0.4745694323003694 
-0.6226878591366176 1.3864159855216467 -0.4745694323003694 
-0.6226878591366176 1.3864159855216467 -0.4745694323003694 
-0.6226878591366176 1.3864159855216467 -0.4745694323003694 
-0.6230959630725527 1.3883014679699703 -0.4756909767362315 
-0.6230959630725527 1.3883014679699703 -0.4756909767362315 
-0.6230959630725527 1.3883014679699703 -0.4756909767362315 
-0.6230959630725527 1.3883014679699703 -0.4756909767362315 
-0.6230959630725527 1.3883014679699703 -0.4756909767362315 
-0.6237205838740709 1.3911862264606083 -0.4773951114053855 
-0.6237205838740709 1.3911862264606083 -0.4773951114053855 
-0.6237205838740709 1.3911862264606083 -0.4773951114053855 
