-0.551066730833892 0.9856389914939407 -0.27915753245147423 
-0.551066730833892 0.9856389914939407 -0.27915753245147423 
-0.5504266405078703 0.9826843307119827 -0.277429388801008 
-0.5504266405078703 0.9826843307119827 -0.277429388801008 
-0.5504266405078703 0.9826843307119827 -0.277429388801008 
-0.5504266405078703 0.9826843307119827 -0.277429388801008 
-0.5504266405078703 0.9826843307119827 -0.277429388801008 
-0.5504266405078703 0.9826843307119827 -0.277429388801008 
-0.5504266405078703 0.9826843307119827 -0.277429388801008 
-0.5502835940461275 0.9820236826931122 -0.2770391193220485 
-0.5502835940461275 0.9820236826931122 -0.2770391193220485 
-0.5502835940461275 0.9820236826931122 -0.2770391193220485 
-0.5505624467284556 0.9833115402877165 -0.27779990494171836 
-0.5505624467284556 0.9833115402877165 -0.27779990494171836 
-0.5505624467284556 0.9833115402877165 -0.27779990494171836 
-0.5509407088507902 0.9850577782322161 -0.27882325004702324 
-0.5509407088507902 0.9850577782322161 -0.27882325004702324 
-0.5509407088507902 0.9850577782322161 -0.27882325004702324 
-0.5509407088507902 0.9850577782322161 -0.27882325004702324 
-0.5509407088507902 0.9850577782322161 -0.27882325004702324 
-0.5514461429155029 0.9873921277556077 -0.28020274100973985 
-0.5514461429155029 0.9873921277556077 -0.28020274100973985 
-0.5514461429155029 0.9873921277556077 -0.28020274100973985 
-0.5514461429155029 0.9873921277556077 -0.28020274100973985 
-0.5514461429155029 0.9873921277556077 -0.28020274100973985 
-0.5517952501107803 0.9890054831531121 -0.28116738956321596 
-0.5517952501107803 0.9890054831531121 -0.28116738956321596 
-0.5517952501107803 0.9890054831531121 -0.28116738956321596 
-0.5523380046064709 0.9915114601748525 -0.28264004438368906 
-0.5523380046064709 0.9915114601748525 -0.28264004438368906 
-0.5531988998639821 0.9954870878927964 -0.2849847365424584 
-0.5531988998639821 0.9954870878927964 -0.2849847365424584 
-0.5531988998639821 0.9954870878927964 -0.2849847365424584 
-0.553744790162622 0.9980089250362263 -0.2864821994828779 
-0.553744790162622 0.9980089250362263 -0.2864821994828779 
-0.553744790162622 0.9980089250362263 -0.2864821994828779 
-0.553744790162622 0.9980089250362263 -0.2864821994828779 
-0.553744790162622 0.9980089250362263 -0.2864821994828779 
-0.5537447901626219 0.9980089250362263 -0.28648219948287756 
-0.5543377863814337 1.0007469392187616 -0.2880919273274968 
-0.5543377863814337 1.0007469392187616 -0.2880919273274968 
-0.5543377863814337 1.0007469392187616 -0.2880919273274968 
-0.5543377863814337 1.0007469392187616 -0.2880919273274968 
-0.5550322235291419 1.003955171876077 -0.28999872949289907 
-0.5550322235291419 1.003955171876077 -0.28999872949289907 
-0.5550322235291419 1.003955171876077 -0.28999872949289907 
-0.555229396469427 1.0048644207907658 -0.29052041786018235 
-0.555229396469427 1.0048644207907658 -0.29052041786018235 
-0.555229396469427 1.0048644207907658 -0.29052041786018235 
-0.5552293964694268 1.0048644207907658 -0.290520417860182 
-0.5552293964694268 1.0048644207907658 -0.290520417860182 
-0.5558404310303167 1.0076867767949995 -0.29219154878639675 
-0.5558404310303167 1.0076867767949995 -0.29219154878639675 
-0.5558404310303167 1.0076867767949995 -0.29219154878639675 
-0.5558404310303167 1.0076867767949995 -0.29219154878639675 
-0.5558404310303167 1.0076867767949995 -0.29219154878639675 
-0.5558404310303167 1.0076867767949995 -0.29219154878639675 
-0.5566155421075766 1.0112662175115812 -0.2943021984744769 
-0.5566155421075766 1.0112662175115812 -0.2943021984744769 
-0.5566155421075766 1.0112662175115812 -0.2943021984744769 
-0.5567843229277784 1.012047095174776 -0.2947789310516077 
-0.5567843229277784 1.012047095174776 -0.2947789310516077 
-0.5567843229277784 1.012047095174776 -0.2947789310516077 
-0.5571708825881533 1.013832043943308 -0.2958295072700675 
-0.5577671868619752 1.016585680518965 -0.29745232358455753 
-0.5577671868619752 1.016585680518965 -0.29745232358455753 
-0.5577671868619752 1.016585680518965 -0.29745232358455753 
-0.5577671868619752 1.016585680518965 -0.29745232358455753 
-0.5577671868619752 1.016585680518965 -0.29745232358455753 
-0.558450622036218 1.0197424126496255 -0.29932098298722154 
-0.558450622036218 1.0197424126496255 -0.29932098298722154 
-0.558450622036218 1.0197424126496255 -0.29932098298722154 
-0.558450622036218 1.0197424126496255 -0.29932098298722154 
-0.558450622036218 1.0197424126496255 -0.29932098298722154 
-0.558952568281371 1.022059920208069 -0.3006823018509679 
-0.558952568281371 1.022059920208069 -0.3006823018509679 
-0.558952568281371 1.022059920208069 -0.3006823018509679 
-0.559424285593231 1.024238851247822 -0.3019733376002278 
-0.559424285593231 1.024238851247822 -0.3019733376002278 
-0.5599801715190464 1.0268049655293772 -0.3034758120478226 
-0.5599801715190464 1.0268049655293772 -0.3034758120478226 
-0.5599801715190464 1.0268049655293772 -0.3034758120478226 
-0.5599801715190464 1.0268049655293772 -0.3034758120478226 
-0.5604901133480795 1.0291612868405582 -0.30488120429946175 
-0.5604901133480795 1.0291612868405582 -0.30488120429946175 
-0.5607016291361393 1.0301384990883093 -0.3054623398395113 
-0.5612955016884695 1.0328805605432896 -0.3070744585592464 
-0.5612955016884695 1.0328805605432896 -0.3070744585592464 
-0.5612955016884695 1.0328805605432896 -0.3070744585592464 
-0.5612955016884695 1.0328805605432896 -0.3070744585592464 
-0.5617242014084203 1.0348604740428973 -0.3082440674702025 
-0.5617242014084203 1.0348604740428973 -0.3082440674702025 
-0.5617242014084203 1.0348604740428973 -0.3082440674702025 
-0.5617242014084203 1.0348604740428973 -0.3082440674702025 
-0.5624905038092496 1.0383987234876177 -0.3103246782342073 
-0.5624905038092496 1.0383987234876177 -0.3103246782342073 
-0.5624905038092496 1.0383987234876177 -0.3103246782342073 
-0.5624905038092496 1.0383987234876177 -0.3103246782342073 
-0.563106837516644 1.041246062295747 -0.3120162731366174 
-0.563106837516644 1.041246062295747 -0.3120162731366174 
-0.5634723525109641 1.0429341624690955 -0.31301349700812797 
-0.5634723525109641 1.0429341624690955 -0.31301349700812797 
-0.563840793113329 1.0446371445093017 -0.31403486720053597 
-0.5642314635342713 1.0464400527060191 -0.31508455741695574 
-0.5642314635342713 1.0464400527060191 -0.31508455741695574 
-0.5642314635342713 1.0464400527060191 -0.31508455741695574 
-0.5642314635342713 1.0464400527060191 -0.31508455741695574 
-0.56482384993367 1.0491762837492118 -0.31670481110943793 
-0.56482384993367 1.0491762837492118 -0.31670481110943793 
-0.56482384993367 1.0491762837492118 -0.31670481110943793 
-0.56566501382659 1.0530611282440157 -0.31899973396324066 
-0.56566501382659 1.0530611282440157 -0.31899973396324066 
-0.56566501382659 1.0530611282440157 -0.31899973396324066 
-0.5659851302349753 1.0545399032972507 -0.3198771614002922 
-0.5659851302349753 1.0545399032972507 -0.3198771614002922 
-0.5659851302349753 1.0545399032972507 -0.3198771614002922 
-0.56655397460823 1.057166029798012 -0.32141693327075516 
-0.56655397460823 1.057166029798012 -0.32141693327075516 
-0.56655397460823 1.057166029798012 -0.32141693327075516 
-0.5673466870596234 1.0608277942366942 -0.32358779387356407 
-0.5673466870596234 1.0608277942366942 -0.32358779387356407 
-0.5673466870596234 1.0608277942366942 -0.32358779387356407 
-0.5678258323752402 1.0630403420451902 -0.324890968828058 
-0.5678258323752402 1.0630403420451902 -0.324890968828058 
-0.5678258323752402 1.0630403420451902 -0.324890968828058 
-0.5678258323752402 1.0630403420451902 -0.324890968828058 
-0.5678258323752402 1.0630403420451902 -0.324890968828058 
-0.5678258323752402 1.0630403420451902 -0.324890968828058 
-0.5678258323752402 1.0630403420451902 -0.324890968828058 
-0.5687338967938911 1.0672338165555613 -0.32736435122995977 
-0.5687338967938911 1.0672338165555613 -0.32736435122995977 
-0.5687338967938911 1.0672338165555613 -0.32736435122995977 
-0.5687338967938911 1.0672338165555613 -0.32736435122995977 
-0.5696832422473597 1.071618632883674 -0.32995848587234 
-0.5696832422473597 1.071618632883674 -0.32995848587234 
-0.5696832422473597 1.071618632883674 -0.32995848587234 
-0.5698916681646776 1.072581230403946 -0.3305271282082789 
-0.5698916681646776 1.072581230403946 -0.3305271282082789 
-0.5698916681646776 1.072581230403946 -0.3305271282082789 
-0.5706299204863073 1.075990442066356 -0.3325372172311071 
-0.5706299204863073 1.075990442066356 -0.3325372172311071 
-0.5711714237226879 1.0784920179327502 -0.33402271107783976 
-0.5711714237226879 1.0784920179327502 -0.33402271107783976 
-0.5714875405081069 1.0799512878044633 -0.3348770368601621 
-0.5714875405081069 1.0799512878044633 -0.3348770368601621 
-0.5714875405081069 1.0799512878044633 -0.3348770368601621 
-0.5714875405081069 1.0799512878044633 -0.3348770368601621 
-0.5718397053542347 1.0815784202844738 -0.3358459643129369 
-0.5718397053542347 1.0815784202844738 -0.3358459643129369 
-0.5718397053542347 1.0815784202844738 -0.3358459643129369 
-0.5718397053542347 1.0815784202844738 -0.3358459643129369 
-0.572679333565571 1.0854561723634055 -0.3381366974115785 
-0.572679333565571 1.0854561723634055 -0.3381366974115785 
-0.5728264011178659 1.0861369413401223 -0.3385562219148208 
-0.5728264011178659 1.0861369413401223 -0.3385562219148208 
-0.5728264011178659 1.0861369413401223 -0.3385562219148208 
-0.5728264011178659 1.0861369413401223 -0.3385562219148208 
-0.5728264011178659 1.0861369413401223 -0.3385562219148208 
-0.5732153026962165 1.0879311561690308 -0.3395949031191118 
-0.5732153026962165 1.0879311561690308 -0.3395949031191118 
-0.5737971425976691 1.0906183346809015 -0.34118231990951087 
-0.5737971425976691 1.0906183346809015 -0.34118231990951087 
-0.5740619857837403 1.0918421794387414 -0.3419130102303991 
-0.5740619857837403 1.0918421794387414 -0.3419130102303991 
-0.5744285791859021 1.0935349157276912 -0.34290911309037997 
-0.5744285791859021 1.0935349157276912 -0.34290911309037997 
-0.5744285791859021 1.0935349157276912 -0.34290911309037997 
-0.5744285791859021 1.0935349157276912 -0.34290911309037997 
-0.5744285791859021 1.0935349157276912 -0.34290911309037997 
-0.575322554822991 1.0976624688259211 -0.3453339878116525 
-0.575322554822991 1.0976624688259211 -0.3453339878116525 
-0.5755315023882245 1.0986290179359772 -0.34592224941441463 
-0.5755315023882245 1.0986290179359772 -0.34592224941441463 
-0.5755315023882245 1.0986290179359772 -0.34592224941441463 
-0.5760891755329894 1.1012038954802132 -0.3474356063489429 
-0.5767559041741923 1.104282781056954 -0.34925055940578176 
-0.5767559041741923 1.104282781056954 -0.34925055940578176 
-0.5768777346169304 1.1048468223616763 -0.3495991986408865 
-0.5768777346169304 1.1048468223616763 -0.3495991986408865 
-0.5770988549308199 1.1058673590417334 -0.35019434832758867 
-0.5770988549308199 1.1058673590417334 -0.35019434832758867 
-0.5770988549308199 1.1058673590417334 -0.35019434832758867 
-0.5770988549308199 1.1058673590417334 -0.35019434832758867 
-0.577544431038242 1.107924870293444 -0.35140593739291337 
-0.577544431038242 1.107924870293444 -0.35140593739291337 
-0.5779779906047322 1.1099279174245325 -0.3525969316813078 
-0.5779779906047322 1.1099279174245325 -0.3525969316813078 
-0.5783274399065021 1.1115407862916522 -0.3535381343932513 
-0.5783274399065021 1.1115407862916522 -0.3535381343932513 
-0.5783274399065021 1.1115407862916522 -0.3535381343932513 
-0.5788568091026813 1.113985124133952 -0.3549763904229407 
-0.5788568091026813 1.113985124133952 -0.3549763904229407 
-0.5788568091026813 1.113985124133952 -0.3549763904229407 
-0.5788568091026813 1.113985124133952 -0.3549763904229407 
-0.5788568091026812 1.113985124133952 -0.3549763904229404 
-0.5794281853879371 1.1166251752997511 -0.3565493925051765 
-0.5802224162121534 1.1202936077951942 -0.3587203324400494 
-0.5802224162121534 1.1202936077951942 -0.3587203324400494 
-0.5802224162121534 1.1202936077951942 -0.3587203324400494 
-0.5803805538747352 1.121022919992148 -0.35913958520066114 
-0.581095294058092 1.124323033684283 -0.3610795202743917 
-0.581095294058092 1.124323033684283 -0.3610795202743917 
-0.5814433538009955 1.1259324050741026 -0.36205138076402676 
-0.5815490553102156 1.1264195453192754 -0.3623275735006305 
-0.5815490553102156 1.1264195453192754 -0.3623275735006305 
-0.5815490553102156 1.1264195453192754 -0.3623275735006305 
-0.5819988331149271 1.128497150595664 -0.3635587523340388 
-0.5819988331149271 1.128497150595664 -0.3635587523340388 
-0.5823709469105075 1.1302160711961453 -0.36457804272219485 
-0.5823709469105075 1.1302160711961453 -0.36457804272219485 
-0.5823709469105075 1.1302160711961453 -0.36457804272219485 
-0.5823709469105075 1.1302160711961453 -0.36457804272219485 
-0.5829189671996055 1.1327463678406153 -0.3660650640528519 
-0.5829189671996055 1.1327463678406153 -0.3660650640528519 
-0.5835519245582909 1.1356696280174146 -0.3677919431071669 
-0.5837698012569527 1.136676217594296 -0.3683904329336223 
-0.5837698012569527 1.136676217594296 -0.3683904329336223 
-0.5842498563247941 1.1388936558568343 -0.36970421633873474 
-0.5842498563247941 1.1388936558568343 -0.36970421633873474 
-0.5842498563247941 1.1388936558568343 -0.36970421633873474 
-0.5842498563247941 1.1388936558568343 -0.36970421633873474 
-0.5842498563247941 1.1388936558568343 -0.36970421633873474 
-0.5842498563247941 1.1388936558568343 -0.36970421633873474 
-0.5851243402205635 1.1429316971344317 -0.37208191878182517 
-0.5851243402205635 1.1429316971344317 -0.37208191878182517 
-0.5854701208532552 1.1445290002430784 -0.3730293651716422 
-0.5854701208532552 1.1445290002430784 -0.3730293651716422 
-0.5860539847311097 1.1472265595794402 -0.37463449351801426 
-0.5862125796674331 1.147958328076664 -0.3750590570453173 
-0.5862125796674331 1.147958328076664 -0.3750590570453173 
-0.5862125796674331 1.147958328076664 -0.3750590570453173 
-0.5862125796674331 1.147958328076664 -0.3750590570453173 
-0.5870723750124909 1.1519288759417101 -0.3774007483451004 
-0.5870723750124909 1.1519288759417101 -0.3774007483451004 
-0.5872303541353282 1.1526588336164696 -0.37783582136681193 
-0.5872303541353282 1.1526588336164696 -0.37783582136681193 
-0.5872303541353282 1.1526588336164696 -0.37783582136681193 
-0.5872303541353282 1.1526588336164696 -0.37783582136681193 
-0.5879172523078817 1.1558305260525732 -0.3797017391661749 
-0.5879172523078817 1.1558305260525732 -0.3797017391661749 
-0.5884317678285678 1.158207461430204 -0.3811136032172867 
-0.5888183794152235 1.159993683276069 -0.3821765107050371 
-0.5888183794152235 1.159993683276069 -0.3821765107050371 
-0.5890403724661879 1.161018250618698 -0.3827740414547821 
-0.5890403724661879 1.161018250618698 -0.3827740414547821 
-0.589546962771241 1.163357895216227 -0.3841561569715878 
-0.589546962771241 1.163357895216227 -0.3841561569715878 
-0.589546962771241 1.163357895216227 -0.3841561569715878 
-0.589546962771241 1.163357895216227 -0.3841561569715878 
-0.5899942939433298 1.1654235120860774 -0.38537253432852514 
-0.5899942939433298 1.1654235120860774 -0.38537253432852514 
-0.5904620474485587 1.1675837921991552 -0.3866486925399414 
-0.5904620474485587 1.1675837921991552 -0.3866486925399414 
-0.5904620474485587 1.1675837921991552 -0.3866486925399414 
-0.591146515164044 1.1707440950516381 -0.3885060361247309 
-0.5913819561560805 1.171831968558717 -0.3891543893688475 
-0.5913819561560805 1.171831968558717 -0.3891543893688475 
-0.5913819561560805 1.171831968558717 -0.3891543893688475 
-0.5913819561560805 1.171831968558717 -0.3891543893688475 
-0.5922608921532992 1.1758919491716082 -0.39156049115059444 
-0.5922608921532992 1.1758919491716082 -0.39156049115059444 
-0.5924530998323957 1.176779988546579 -0.39208894894152035 
-0.5924530998323957 1.176779988546579 -0.39208894894152035 
-0.5924530998323957 1.176779988546579 -0.39208894894152035 
-0.5924530998323957 1.176779988546579 -0.39208894894152035 
-0.5924530998323957 1.176779988546579 -0.39208894894152035 
-0.5924530998323957 1.176779988546579 -0.39208894894152035 
-0.5924530998323957 1.176779988546579 -0.39208894894152035 
-0.5932137018038934 1.1802917313417887 -0.39415188746036456 
-0.5932137018038934 1.1802917313417887 -0.39415188746036456 
-0.5932137018038934 1.1802917313417887 -0.39415188746036456 
-0.5932137018038934 1.1802917313417887 -0.39415188746036456 
-0.593835501646405 1.183164150311299 -0.39585645218976884 
-0.593835501646405 1.183164150311299 -0.39585645218976884 
-0.594188293620706 1.1847934902897628 -0.3968189642177765 
-0.5943822008417443 1.1856883455956668 -0.3973398692189519 
-0.5943822008417443 1.1856883455956668 -0.3973398692189519 
-0.5943822008417443 1.1856883455956668 -0.3973398692189519 
-0.5947174743892698 1.187237467037712 -0.39826271263564383 
-0.5947174743892698 1.187237467037712 -0.39826271263564383 
-0.5947174743892698 1.187237467037712 -0.39826271263564383 
-0.5947174743892698 1.187237467037712 -0.39826271263564383 
-0.5952856481653817 1.1898603317194905 -0.3997987116659102 
-0.5952856481653817 1.1898603317194905 -0.3997987116659102 
-0.5952856481653817 1.1898603317194905 -0.3997987116659102 
-0.59623546214167 1.19424782102343 -0.4024001310351323 
-0.59623546214167 1.19424782102343 -0.4024001310351323 
-0.59623546214167 1.19424782102343 -0.4024001310351323 
-0.59623546214167 1.19424782102343 -0.4024001310351323 
-0.5967833238910234 1.1967787631457054 -0.40390297262688846 
-0.5967833238910234 1.1967787631457054 -0.40390297262688846 
-0.5967833238910234 1.1967787631457054 -0.40390297262688846 
-0.5967833238910234 1.1967787631457054 -0.40390297262688846 
-0.5967833238910234 1.1967787631457054 -0.40390297262688846 
-0.5967833238910234 1.1967787631457054 -0.40390297262688846 
-0.5975079881738026 1.2001255640167745 -0.4058800530007406 
-0.5980757577356597 1.202747071011808 -0.40742095569480685 
-0.5980757577356597 1.202747071011808 -0.40742095569480685 
-0.5980757577356597 1.202747071011808 -0.40742095569480685 
-0.5988348985812291 1.2062537878204562 -0.40950022386706453 
-0.5988348985812291 1.2062537878204562 -0.40950022386706453 
-0.5988348985812291 1.2062537878204562 -0.40950022386706464 
-0.5990248503873388 1.2071300309560558 -0.4100062742252323 
-0.5990248503873388 1.2071300309560558 -0.4100062742252323 
-0.5990248503873388 1.2071300309560558 -0.4100062742252323 
-0.5990248503873388 1.2071300309560558 -0.4100062742252323 
-0.5999895502590118 1.2115857603696376 -0.4126422998778433 
-0.5999895502590118 1.2115857603696376 -0.4126422998778433 
-0.600305044711516 1.2130428448893948 -0.4135030541676965 
-0.6003050447115159 1.2130428448893948 -0.41350305416769617 
-0.6003050447115159 1.2130428448893948 -0.41350305416769617 
-0.6003050447115159 1.2130428448893948 -0.41350305416769617 
-0.6008509493218797 1.2155650925503747 -0.41500461935448585 
-0.6012131735699495 1.2172379946897118 -0.41599286517922185 
-0.6012131735699495 1.2172379946897118 -0.41599286517922185 
-0.6012131735699495 1.2172379946897118 -0.41599286517922185 
-0.6018278750016953 1.2200759081474823 -0.4176577475215263 
-0.6018278750016953 1.2200759081474823 -0.4176577475215263 
-0.6018278750016953 1.2200759081474823 -0.4176577475215263 
-0.6021845949662921 1.2217230447977747 -0.4186269129704937 
-0.6021845949662921 1.2217230447977747 -0.4186269129704937 
-0.6021845949662921 1.2217230447977747 -0.4186269129704937 
-0.6021845949662921 1.2217230447977747 -0.4186269129704937 
-0.6031275264496716 1.226077385183232 -0.421193478895978 
-0.6031275264496716 1.226077385183232 -0.421193478895978 
-0.6033048667409587 1.2268976143442967 -0.4216914440973033 
-0.6033048667409587 1.2268976143442967 -0.4216914440973033 
-0.6039338937117189 1.2298030667760178 -0.42341166318927714 
-0.6039338937117189 1.2298030667760178 -0.42341166318927714 
-0.6041407988585845 1.2307589851662801 -0.42398021965177 
-0.6041407988585845 1.2307589851662801 -0.42398021965177 
-0.6044775239415208 1.2323130883018913 -0.42488670724952027 
-0.6050648657288173 1.235026021229558 -0.4264931978743064 
-0.6050648657288173 1.235026021229558 -0.4264931978743064 
-0.6050648657288173 1.235026021229558 -0.4264931978743064 
-0.6050648657288173 1.235026021229558 -0.4264931978743064 
-0.6057140204205196 1.2380233985826743 -0.42825614123846434 
-0.6057140204205196 1.2380233985826743 -0.42825614123846434 
-0.6059658913812265 1.2391866433716374 -0.4289433134159685 
-0.6059658913812265 1.2391866433716374 -0.4289433134159685 
-0.6059658913812265 1.2391866433716374 -0.4289433134159685 
-0.6059658913812265 1.2391866433716374 -0.4289433134159685 
-0.6065797660081053 1.242021771561046 -0.4306181296110668 
-0.6065797660081053 1.242021771561046 -0.4306181296110668 
-0.6073162745797553 1.2454232742813058 -0.4326275244119234 
-0.6073162745797553 1.2454232742813058 -0.4326275244119234 
-0.6074547459169357 1.2460634813133775 -0.43301343811253823 
-0.6074547459169357 1.2460634813133775 -0.43301343811253823 
-0.6074547459169357 1.2460634813133775 -0.43301343811253823 
-0.6074547459169357 1.2460634813133775 -0.43301343811253823 
-0.6074547459169357 1.2460634813133775 -0.43301343811253823 
-0.6074547459169357 1.2460634813133775 -0.43301343811253823 
-0.6084385220009867 1.2506069681848586 -0.43569744563748825 
-0.6084385220009867 1.2506069681848586 -0.43569744563748825 
-0.6084385220009866 1.2506069681848586 -0.4356974456374879 
-0.6084385220009866 1.2506069681848586 -0.4356974456374879 
-0.6084385220009866 1.2506069681848586 -0.4356974456374879 
-0.6084385220009866 1.2506069681848586 -0.4356974456374879 
-0.6094876533386682 1.2554519483630397 -0.43855569678984796 
-0.6094876533386682 1.2554519483630397 -0.43855569678984796 
-0.6094876533386682 1.2554519483630397 -0.43855569678984796 
-0.60994579100338 1.2575685073678229 -0.4398137467849689 
-0.60994579100338 1.2575685073678229 -0.4398137467849689 
-0.60994579100338 1.2575685073678229 -0.4398137467849689 
-0.6106178170584744 1.260672547443954 -0.4416512790214585 
-0.611186868301311 1.2632992849343698 -0.4431875520880406 
-0.611186868301311 1.2632992849343698 -0.4431875520880406 
-0.6111868683013109 1.2632992849343698 -0.4431875520880403 
-0.6118159226967037 1.266205552864567 -0.44491597240206227 
-0.6118159226967037 1.266205552864567 -0.44491597240206227 
-0.6118159226967039 1.266205552864567 -0.4449159724020626 
-0.6118159226967039 1.266205552864567 -0.4449159724020626 
-0.6118159226967039 1.266205552864567 -0.4449159724020626 
-0.6118159226967039 1.266205552864567 -0.4449159724020626 
-0.6118159226967037 1.266205552864567 -0.44491597240206227 
-0.6123681446830913 1.2687559435337148 -0.4464225835008032 
-0.6129865857431263 1.2716114725693952 -0.4481017317617364 
-0.6129865857431263 1.2716114725693952 -0.4481017317617364 
-0.6129865857431263 1.2716114725693952 -0.4481017317617364 
-0.6129865857431263 1.2716114725693952 -0.4481017317617364 
-0.6129865857431261 1.2716114725693952 -0.44810173176173607 
-0.6129865857431261 1.2716114725693952 -0.44810173176173607 
-0.6129865857431261 1.2716114725693952 -0.44810173176173607 
-0.6129865857431261 1.2716114725693952 -0.44810173176173607 
-0.614034412770454 1.2764504289002159 -0.4509564244022962 
-0.614034412770454 1.2764504289002159 -0.4509564244022962 
-0.614034412770454 1.2764504289002159 -0.4509564244022962 
-0.614034412770454 1.2764504289002159 -0.4509564244022962 
-0.6149880952237317 1.2808544217334 -0.4535523218846004 
-0.6149880952237317 1.2808544217334 -0.4535523218846004 
-0.6153538754677339 1.2825446005027947 -0.4545603390989067 
-0.6154462417398928 1.2829711863404911 -0.45481233929848996 
-0.6154462417398928 1.2829711863404911 -0.45481233929848996 
-0.6158387706757253 1.284784736964454 -0.4558913909169783 
-0.6162608739920449 1.2867338411101772 -0.45703893985267163 
-0.6162608739920449 1.2867338411101772 -0.45703893985267163 
-0.6164813373554989 1.2877513437200563 -0.4576322972007102 
-0.6164813373554989 1.2877513437200563 -0.4576322972007102 
-0.6164813373554989 1.2877513437200563 -0.4576322972007102 
-0.6164813373554989 1.2877513437200563 -0.4576322972007102 
-0.6168429320777664 1.2894220272876915 -0.4586269519088314 
-0.6168429320777664 1.2894220272876915 -0.4586269519088314 
-0.6168429320777664 1.2894220272876915 -0.4586269519088314 
-0.6168429320777664 1.2894220272876915 -0.4586269519088314 
-0.6168429320777664 1.2894220272876915 -0.4586269519088314 
-0.6168429320777664 1.2894220272876915 -0.4586269519088314 
-0.6179166624188739 1.2943809603085519 -0.4615563790030873 
-0.6179166624188739 1.2943809603085519 -0.4615563790030873 
-0.6179166624188739 1.2943809603085519 -0.4615563790030873 
-0.6179166624188739 1.2943809603085519 -0.4615563790030873 
-0.6188271388526269 1.2985855745072403 -0.46403634203526567 
-0.6188271388526269 1.2985855745072403 -0.46403634203526567 
-0.6191509674646687 1.3000811496399098 -0.4649198341688977 
-0.6191509674646687 1.3000811496399098 -0.4649198341688977 
-0.6192935092875524 1.3007382690439504 -0.465294593986458 
-0.6192935092875524 1.3007382690439504 -0.465294593986458 
-0.6200179762912674 1.3040845032183606 -0.46727519932971917 
-0.6200179762912674 1.3040845032183606 -0.46727519932971917 
-0.6200179762912674 1.3040845032183606 -0.46727519932971917 
-0.6200179762912674 1.3040845032183606 -0.46727519932971917 
-0.6200179762912674 1.3040845032183606 -0.46727519932971917 
-0.6200179762912674 1.3040845032183606 -0.46727519932971917 
-0.6206240264183776 1.3068850370183973 -0.4689468642409512 
-0.6206240264183776 1.3068850370183973 -0.4689468642409512 
-0.6206240264183776 1.3068850370183973 -0.4689468642409512 
-0.6206240264183776 1.3068850370183973 -0.4689468642409512 
-0.6206240264183776 1.3068850370183973 -0.4689468642409512 
-0.6213278505070543 1.3101355892106883 -0.47086708692259116 
-0.6213278505070543 1.3101355892106883 -0.47086708692259116 
-0.6217975611512729 1.3123045637850614 -0.4721445215389749 
-0.6217975611512729 1.3123045637850614 -0.4721445215389749 
-0.6217975611512729 1.3123045637850614 -0.4721445215389749 
-0.6217975611512729 1.3123045637850614 -0.4721445215389749 
-0.6222196459600176 1.3142532380350502 -0.47328795678087976 
-0.6222196459600176 1.3142532380350502 -0.47328795678087976 
-0.6226878591366175 1.316415985521647 -0.47456943230036897 
-0.6226878591366175 1.316415985521647 -0.47456943230036897 
-0.6226878591366175 1.316415985521647 -0.47456943230036897 
-0.6226878591366175 1.316415985521647 -0.47456943230036897 
-0.6230959630725523 1.31830146796997 -0.47569097673623084 
-0.6230959630725523 1.31830146796997 -0.47569097673623084 
-0.6230959630725523 1.31830146796997 -0.47569097673623084 
-0.6230959630725523 1.31830146796997 -0.47569097673623084 
-0.6237205838740708 1.3211862264606085 -0.4773951114053848 
-0.6237205838740708 1.3211862264606085 -0.4773951114053848 
-0.6237205838740708 1.3211862264606085 -0.4773951114053848 
-0.6237205838740708 1.3211862264606085 -0.4773951114053848 
