-0.6610667308338922 0.9856389914939407 -0.27915753245147423 
-0.6610667308338922 0.9856389914939407 -0.27915753245147423 
-0.6604266405078705 0.9826843307119826 -0.27742938880100776 
-0.6604266405078705 0.9826843307119826 -0.27742938880100776 
-0.6604266405078705 0.9826843307119826 -0.27742938880100776 
-0.6604266405078705 0.9826843307119826 -0.27742938880100776 
-0.6604266405078705 0.9826843307119826 -0.27742938880100776 
-0.6604266405078705 0.9826843307119826 -0.27742938880100776 
-0.6604266405078705 0.9826843307119826 -0.27742938880100776 
-0.6602835940461277 0.9820236826931121 -0.2770391193220485 
-0.6602835940461277 0.9820236826931121 -0.2770391193220485 
-0.6602835940461277 0.9820236826931121 -0.2770391193220485 
-0.6605624467284558 0.9833115402877166 -0.27779990494171836 
-0.6605624467284558 0.9833115402877166 -0.27779990494171836 
-0.6605624467284558 0.9833115402877166 -0.27779990494171836 
-0.6609407088507904 0.9850577782322156 -0.27882325004702324 
-0.6609407088507904 0.9850577782322156 -0.27882325004702324 
-0.6609407088507904 0.9850577782322156 -0.27882325004702324 
-0.6609407088507904 0.9850577782322156 -0.27882325004702324 
-0.6609407088507904 0.9850577782322156 -0.27882325004702324 
-0.6614461429155032 0.9873921277556077 -0.2802027410097401 
-0.6614461429155032 0.9873921277556077 -0.2802027410097401 
-0.6614461429155032 0.9873921277556077 -0.2802027410097401 
-0.6614461429155032 0.9873921277556077 -0.2802027410097401 
-0.6614461429155032 0.9873921277556077 -0.2802027410097401 
-0.6617952501107804 0.9890054831531121 -0.2811673895632163 
-0.6617952501107804 0.9890054831531121 -0.2811673895632163 
-0.6617952501107804 0.9890054831531121 -0.2811673895632163 
-0.662338004606471 0.9915114601748523 -0.28264004438368906 
-0.662338004606471 0.9915114601748523 -0.28264004438368906 
-0.6631988998639822 0.9954870878927963 -0.2849847365424584 
-0.6631988998639822 0.9954870878927963 -0.2849847365424584 
-0.6631988998639822 0.9954870878927963 -0.2849847365424584 
-0.6637447901626223 0.9980089250362264 -0.2864821994828779 
-0.6637447901626223 0.9980089250362264 -0.2864821994828779 
-0.6637447901626223 0.9980089250362264 -0.2864821994828779 
-0.6637447901626223 0.9980089250362264 -0.2864821994828779 
-0.6637447901626223 0.9980089250362264 -0.2864821994828779 
-0.6637447901626222 0.9980089250362264 -0.28648219948287756 
-0.6643377863814339 1.0007469392187616 -0.2880919273274969 
-0.6643377863814339 1.0007469392187616 -0.2880919273274969 
-0.6643377863814339 1.0007469392187616 -0.2880919273274969 
-0.6643377863814339 1.0007469392187616 -0.2880919273274969 
-0.6650322235291422 1.0039551718760773 -0.28999872949289907 
-0.6650322235291422 1.0039551718760773 -0.28999872949289907 
-0.6650322235291422 1.0039551718760773 -0.28999872949289907 
-0.6652293964694271 1.0048644207907658 -0.2905204178601827 
-0.6652293964694271 1.0048644207907658 -0.2905204178601827 
-0.6652293964694271 1.0048644207907658 -0.2905204178601827 
-0.665229396469427 1.0048644207907658 -0.29052041786018235 
-0.665229396469427 1.0048644207907658 -0.29052041786018235 
-0.6658404310303169 1.0076867767949997 -0.29219154878639686 
-0.6658404310303169 1.0076867767949997 -0.29219154878639686 
-0.6658404310303169 1.0076867767949997 -0.29219154878639686 
-0.6658404310303169 1.0076867767949997 -0.29219154878639686 
-0.6658404310303169 1.0076867767949997 -0.29219154878639686 
-0.6658404310303169 1.0076867767949997 -0.29219154878639686 
-0.6666155421075769 1.0112662175115814 -0.29430219847447703 
-0.6666155421075769 1.0112662175115814 -0.29430219847447703 
-0.6666155421075769 1.0112662175115814 -0.29430219847447703 
-0.6667843229277786 1.0120470951747758 -0.29477893105160824 
-0.6667843229277786 1.0120470951747758 -0.29477893105160824 
-0.6667843229277786 1.0120470951747758 -0.29477893105160824 
-0.6671708825881535 1.0138320439433082 -0.2958295072700674 
-0.6677671868619754 1.0165856805189653 -0.29745232358455775 
-0.6677671868619754 1.0165856805189653 -0.29745232358455775 
-0.6677671868619754 1.0165856805189653 -0.29745232358455775 
-0.6677671868619754 1.0165856805189653 -0.29745232358455775 
-0.6677671868619754 1.0165856805189653 -0.29745232358455775 
-0.6684506220362182 1.0197424126496255 -0.299320982987222 
-0.6684506220362182 1.0197424126496255 -0.299320982987222 
-0.6684506220362182 1.0197424126496255 -0.299320982987222 
-0.6684506220362182 1.0197424126496255 -0.299320982987222 
-0.6684506220362182 1.0197424126496255 -0.299320982987222 
-0.6689525682813711 1.0220599202080687 -0.3006823018509679 
-0.6689525682813711 1.0220599202080687 -0.3006823018509679 
-0.6689525682813711 1.0220599202080687 -0.3006823018509679 
-0.6694242855932312 1.024238851247822 -0.3019733376002277 
-0.6694242855932312 1.024238851247822 -0.3019733376002277 
-0.6699801715190468 1.026804965529377 -0.3034758120478226 
-0.6699801715190468 1.026804965529377 -0.3034758120478226 
-0.6699801715190468 1.026804965529377 -0.3034758120478226 
-0.6699801715190468 1.026804965529377 -0.3034758120478226 
-0.6704901133480798 1.0291612868405582 -0.3048812042994622 
-0.6704901133480798 1.0291612868405582 -0.3048812042994622 
-0.6707016291361395 1.0301384990883093 -0.30546233983951177 
-0.6712955016884699 1.0328805605432896 -0.3070744585592464 
-0.6712955016884699 1.0328805605432896 -0.3070744585592464 
-0.6712955016884699 1.0328805605432896 -0.3070744585592464 
-0.6712955016884699 1.0328805605432896 -0.3070744585592464 
-0.6717242014084205 1.0348604740428975 -0.30824406747020294 
-0.6717242014084205 1.0348604740428975 -0.30824406747020294 
-0.6717242014084205 1.0348604740428975 -0.30824406747020294 
-0.6717242014084205 1.0348604740428975 -0.30824406747020294 
-0.6724905038092498 1.0383987234876177 -0.3103246782342073 
-0.6724905038092498 1.0383987234876177 -0.3103246782342073 
-0.6724905038092498 1.0383987234876177 -0.3103246782342073 
-0.6724905038092498 1.0383987234876177 -0.3103246782342073 
-0.6731068375166442 1.041246062295747 -0.3120162731366175 
-0.6731068375166442 1.041246062295747 -0.3120162731366175 
-0.6734723525109642 1.0429341624690953 -0.31301349700812797 
-0.6734723525109642 1.0429341624690953 -0.31301349700812797 
-0.6738407931133292 1.0446371445093017 -0.3140348672005363 
-0.6742314635342715 1.046440052706019 -0.3150845574169556 
-0.6742314635342715 1.046440052706019 -0.3150845574169556 
-0.6742314635342715 1.046440052706019 -0.3150845574169556 
-0.6742314635342715 1.046440052706019 -0.3150845574169556 
-0.6748238499336702 1.0491762837492118 -0.31670481110943804 
-0.6748238499336702 1.0491762837492118 -0.31670481110943804 
-0.6748238499336702 1.0491762837492118 -0.31670481110943804 
-0.67566501382659 1.0530611282440157 -0.31899973396324066 
-0.67566501382659 1.0530611282440157 -0.31899973396324066 
-0.67566501382659 1.0530611282440157 -0.31899973396324066 
-0.6759851302349754 1.0545399032972504 -0.31987716140029254 
-0.6759851302349754 1.0545399032972504 -0.31987716140029254 
-0.6759851302349754 1.0545399032972504 -0.31987716140029254 
-0.6765539746082302 1.057166029798012 -0.32141693327075527 
-0.6765539746082302 1.057166029798012 -0.32141693327075527 
-0.6765539746082302 1.057166029798012 -0.32141693327075527 
-0.6773466870596235 1.0608277942366942 -0.3235877938735644 
-0.6773466870596235 1.0608277942366942 -0.3235877938735644 
-0.6773466870596235 1.0608277942366942 -0.3235877938735644 
-0.6778258323752404 1.0630403420451902 -0.3248909688280581 
-0.6778258323752404 1.0630403420451902 -0.3248909688280581 
-0.6778258323752404 1.0630403420451902 -0.3248909688280581 
-0.6778258323752404 1.0630403420451902 -0.3248909688280581 
-0.6778258323752404 1.0630403420451902 -0.3248909688280581 
-0.6778258323752404 1.0630403420451902 -0.3248909688280581 
-0.6778258323752404 1.0630403420451902 -0.3248909688280581 
-0.6787338967938913 1.0672338165555613 -0.32736435122995944 
-0.6787338967938913 1.0672338165555613 -0.32736435122995944 
-0.6787338967938913 1.0672338165555613 -0.32736435122995944 
-0.6787338967938913 1.0672338165555613 -0.32736435122995944 
-0.6796832422473599 1.0716186328836739 -0.3299584858723401 
-0.6796832422473599 1.0716186328836739 -0.3299584858723401 
-0.6796832422473599 1.0716186328836739 -0.3299584858723401 
-0.6798916681646777 1.0725812304039457 -0.3305271282082791 
-0.6798916681646777 1.0725812304039457 -0.3305271282082791 
-0.6798916681646777 1.0725812304039457 -0.3305271282082791 
-0.6806299204863075 1.075990442066356 -0.33253721723110685 
-0.6806299204863075 1.075990442066356 -0.33253721723110685 
-0.6811714237226882 1.0784920179327502 -0.33402271107783976 
-0.6811714237226882 1.0784920179327502 -0.33402271107783976 
-0.6814875405081071 1.0799512878044633 -0.33487703686016224 
-0.6814875405081071 1.0799512878044633 -0.33487703686016224 
-0.6814875405081071 1.0799512878044633 -0.33487703686016224 
-0.6814875405081071 1.0799512878044633 -0.33487703686016224 
-0.6818397053542348 1.0815784202844734 -0.335845964312937 
-0.6818397053542348 1.0815784202844734 -0.335845964312937 
-0.6818397053542348 1.0815784202844734 -0.335845964312937 
-0.6818397053542348 1.0815784202844734 -0.335845964312937 
-0.6826793335655712 1.0854561723634053 -0.33813669741157837 
-0.6826793335655712 1.0854561723634053 -0.33813669741157837 
-0.682826401117866 1.086136941340122 -0.33855622191482115 
-0.682826401117866 1.086136941340122 -0.33855622191482115 
-0.682826401117866 1.086136941340122 -0.33855622191482115 
-0.682826401117866 1.086136941340122 -0.33855622191482115 
-0.682826401117866 1.086136941340122 -0.33855622191482115 
-0.6832153026962167 1.0879311561690308 -0.339594903119112 
-0.6832153026962167 1.0879311561690308 -0.339594903119112 
-0.6837971425976693 1.0906183346809017 -0.3411823199095112 
-0.6837971425976693 1.0906183346809017 -0.3411823199095112 
-0.6840619857837406 1.0918421794387412 -0.3419130102303991 
-0.6840619857837406 1.0918421794387412 -0.3419130102303991 
-0.684428579185902 1.093534915727691 -0.3429091130903802 
-0.684428579185902 1.093534915727691 -0.3429091130903802 
-0.684428579185902 1.093534915727691 -0.3429091130903802 
-0.684428579185902 1.093534915727691 -0.3429091130903802 
-0.684428579185902 1.093534915727691 -0.3429091130903802 
-0.6853225548229912 1.0976624688259211 -0.3453339878116526 
-0.6853225548229912 1.0976624688259211 -0.3453339878116526 
-0.6855315023882248 1.0986290179359777 -0.34592224941441496 
-0.6855315023882248 1.0986290179359777 -0.34592224941441496 
-0.6855315023882248 1.0986290179359777 -0.34592224941441496 
-0.6860891755329896 1.101203895480213 -0.3474356063489431 
-0.6867559041741925 1.104282781056954 -0.3492505594057821 
-0.6867559041741925 1.104282781056954 -0.3492505594057821 
-0.6868777346169306 1.1048468223616765 -0.3495991986408862 
-0.6868777346169306 1.1048468223616765 -0.3495991986408862 
-0.68709885493082 1.1058673590417332 -0.350194348327589 
-0.68709885493082 1.1058673590417332 -0.350194348327589 
-0.68709885493082 1.1058673590417332 -0.350194348327589 
-0.68709885493082 1.1058673590417332 -0.350194348327589 
-0.6875444310382421 1.107924870293444 -0.3514059373929137 
-0.6875444310382421 1.107924870293444 -0.3514059373929137 
-0.6879779906047324 1.1099279174245322 -0.3525969316813077 
-0.6879779906047324 1.1099279174245322 -0.3525969316813077 
-0.6883274399065025 1.1115407862916524 -0.35353813439325144 
-0.6883274399065025 1.1115407862916524 -0.35353813439325144 
-0.6883274399065025 1.1115407862916524 -0.35353813439325144 
-0.6888568091026815 1.113985124133952 -0.3549763904229408 
-0.6888568091026815 1.113985124133952 -0.3549763904229408 
-0.6888568091026815 1.113985124133952 -0.3549763904229408 
-0.6888568091026815 1.113985124133952 -0.3549763904229408 
-0.6888568091026814 1.113985124133952 -0.3549763904229405 
-0.6894281853879373 1.1166251752997511 -0.3565493925051769 
-0.6902224162121536 1.120293607795194 -0.35872033244004964 
-0.6902224162121536 1.120293607795194 -0.35872033244004964 
-0.6902224162121536 1.120293607795194 -0.35872033244004964 
-0.6903805538747354 1.1210229199921478 -0.3591395852006616 
-0.6910952940580921 1.124323033684283 -0.3610795202743917 
-0.6910952940580921 1.124323033684283 -0.3610795202743917 
-0.6914433538009958 1.1259324050741026 -0.36205138076402665 
-0.6915490553102157 1.1264195453192751 -0.3623275735006307 
-0.6915490553102157 1.1264195453192751 -0.3623275735006307 
-0.6915490553102157 1.1264195453192751 -0.3623275735006307 
-0.6919988331149272 1.128497150595664 -0.36355875233403867 
-0.6919988331149272 1.128497150595664 -0.36355875233403867 
-0.6923709469105077 1.1302160711961455 -0.36457804272219485 
-0.6923709469105077 1.1302160711961455 -0.36457804272219485 
-0.6923709469105077 1.1302160711961455 -0.36457804272219485 
-0.6923709469105077 1.1302160711961455 -0.36457804272219485 
-0.6929189671996057 1.132746367840615 -0.3660650640528518 
-0.6929189671996057 1.132746367840615 -0.3660650640528518 
-0.693551924558291 1.1356696280174146 -0.3677919431071669 
-0.6937698012569528 1.1366762175942955 -0.3683904329336226 
-0.6937698012569528 1.1366762175942955 -0.3683904329336226 
-0.6942498563247943 1.138893655856834 -0.3697042163387345 
-0.6942498563247943 1.138893655856834 -0.3697042163387345 
-0.6942498563247943 1.138893655856834 -0.3697042163387345 
-0.6942498563247943 1.138893655856834 -0.3697042163387345 
-0.6942498563247943 1.138893655856834 -0.3697042163387345 
-0.6942498563247943 1.138893655856834 -0.3697042163387345 
-0.6951243402205635 1.1429316971344312 -0.37208191878182517 
-0.6951243402205635 1.1429316971344312 -0.37208191878182517 
-0.6954701208532554 1.1445290002430784 -0.3730293651716422 
-0.6954701208532554 1.1445290002430784 -0.3730293651716422 
-0.6960539847311098 1.1472265595794402 -0.3746344935180145 
-0.6962125796674333 1.1479583280766643 -0.3750590570453173 
-0.6962125796674333 1.1479583280766643 -0.3750590570453173 
-0.6962125796674333 1.1479583280766643 -0.3750590570453173 
-0.6962125796674333 1.1479583280766643 -0.3750590570453173 
-0.6970723750124912 1.1519288759417101 -0.3774007483451006 
-0.6970723750124912 1.1519288759417101 -0.3774007483451006 
-0.6972303541353282 1.1526588336164691 -0.37783582136681215 
-0.6972303541353282 1.1526588336164691 -0.37783582136681215 
-0.6972303541353282 1.1526588336164691 -0.37783582136681215 
-0.6972303541353282 1.1526588336164691 -0.37783582136681215 
-0.697917252307882 1.155830526052573 -0.3797017391661751 
-0.697917252307882 1.155830526052573 -0.3797017391661751 
-0.698431767828568 1.158207461430204 -0.3811136032172867 
-0.698818379415224 1.159993683276069 -0.3821765107050371 
-0.698818379415224 1.159993683276069 -0.3821765107050371 
-0.699040372466188 1.161018250618698 -0.3827740414547821 
-0.699040372466188 1.161018250618698 -0.3827740414547821 
-0.6995469627712412 1.1633578952162271 -0.384156156971588 
-0.6995469627712412 1.1633578952162271 -0.384156156971588 
-0.6995469627712412 1.1633578952162271 -0.384156156971588 
-0.6995469627712412 1.1633578952162271 -0.384156156971588 
-0.6999942939433299 1.165423512086077 -0.38537253432852536 
-0.6999942939433299 1.165423512086077 -0.38537253432852536 
-0.7004620474485588 1.167583792199155 -0.38664869253994094 
-0.7004620474485588 1.167583792199155 -0.38664869253994094 
-0.7004620474485588 1.167583792199155 -0.38664869253994094 
-0.7011465151640442 1.170744095051638 -0.38850603612473134 
-0.7013819561560807 1.1718319685587169 -0.38915438936884794 
-0.7013819561560807 1.1718319685587169 -0.38915438936884794 
-0.7013819561560807 1.1718319685587169 -0.38915438936884794 
-0.7013819561560807 1.1718319685587169 -0.38915438936884794 
-0.7022608921532993 1.175891949171608 -0.39156049115059466 
-0.7022608921532993 1.175891949171608 -0.39156049115059466 
-0.7024530998323958 1.176779988546579 -0.39208894894152013 
-0.7024530998323958 1.176779988546579 -0.39208894894152013 
-0.7024530998323958 1.176779988546579 -0.39208894894152013 
-0.7024530998323958 1.176779988546579 -0.39208894894152013 
-0.7024530998323958 1.176779988546579 -0.39208894894152013 
-0.7024530998323958 1.176779988546579 -0.39208894894152013 
-0.7024530998323958 1.176779988546579 -0.39208894894152013 
-0.7032137018038935 1.1802917313417884 -0.39415188746036456 
-0.7032137018038935 1.1802917313417884 -0.39415188746036456 
-0.7032137018038935 1.1802917313417884 -0.39415188746036456 
-0.7032137018038935 1.1802917313417884 -0.39415188746036456 
-0.7038355016464053 1.1831641503112988 -0.3958564521897686 
-0.7038355016464053 1.1831641503112988 -0.3958564521897686 
-0.7041882936207062 1.1847934902897626 -0.39681896421777696 
-0.7043822008417445 1.1856883455956668 -0.3973398692189519 
-0.7043822008417445 1.1856883455956668 -0.3973398692189519 
-0.7043822008417445 1.1856883455956668 -0.3973398692189519 
-0.7047174743892699 1.187237467037712 -0.3982627126356434 
-0.7047174743892699 1.187237467037712 -0.3982627126356434 
-0.7047174743892699 1.187237467037712 -0.3982627126356434 
-0.7047174743892699 1.187237467037712 -0.3982627126356434 
-0.7052856481653819 1.1898603317194898 -0.39979871166591086 
-0.7052856481653819 1.1898603317194898 -0.39979871166591086 
-0.7052856481653819 1.1898603317194898 -0.39979871166591086 
-0.7062354621416701 1.1942478210234297 -0.40240013103513206 
-0.7062354621416701 1.1942478210234297 -0.40240013103513206 
-0.7062354621416701 1.1942478210234297 -0.40240013103513206 
-0.7062354621416701 1.1942478210234297 -0.40240013103513206 
-0.7067833238910236 1.1967787631457052 -0.40390297262688846 
-0.7067833238910236 1.1967787631457052 -0.40390297262688846 
-0.7067833238910236 1.1967787631457052 -0.40390297262688846 
-0.7067833238910236 1.1967787631457052 -0.40390297262688846 
-0.7067833238910236 1.1967787631457052 -0.40390297262688846 
-0.7067833238910236 1.1967787631457052 -0.40390297262688846 
-0.7075079881738029 1.2001255640167745 -0.4058800530007406 
-0.7080757577356599 1.2027470710118078 -0.40742095569480685 
-0.7080757577356599 1.2027470710118078 -0.40742095569480685 
-0.7080757577356599 1.2027470710118078 -0.40742095569480685 
-0.7088348985812292 1.206253787820456 -0.4095002238670643 
-0.7088348985812292 1.206253787820456 -0.4095002238670643 
-0.7088348985812292 1.206253787820456 -0.4095002238670644 
-0.7090248503873391 1.2071300309560558 -0.4100062742252325 
-0.7090248503873391 1.2071300309560558 -0.4100062742252325 
-0.7090248503873391 1.2071300309560558 -0.4100062742252325 
-0.7090248503873391 1.2071300309560558 -0.4100062742252325 
-0.7099895502590118 1.2115857603696372 -0.4126422998778435 
-0.7099895502590118 1.2115857603696372 -0.4126422998778435 
-0.7103050447115162 1.2130428448893946 -0.4135030541676963 
-0.7103050447115161 1.2130428448893946 -0.41350305416769595 
-0.7103050447115161 1.2130428448893946 -0.41350305416769595 
-0.7103050447115161 1.2130428448893946 -0.41350305416769595 
-0.71085094932188 1.2155650925503747 -0.4150046193544856 
-0.7112131735699497 1.2172379946897123 -0.41599286517922185 
-0.7112131735699497 1.2172379946897123 -0.41599286517922185 
-0.7112131735699497 1.2172379946897123 -0.41599286517922185 
-0.7118278750016955 1.220075908147482 -0.4176577475215263 
-0.7118278750016955 1.220075908147482 -0.4176577475215263 
-0.7118278750016955 1.220075908147482 -0.4176577475215263 
-0.7121845949662923 1.2217230447977745 -0.4186269129704935 
-0.7121845949662923 1.2217230447977745 -0.4186269129704935 
-0.7121845949662923 1.2217230447977745 -0.4186269129704935 
-0.7121845949662923 1.2217230447977745 -0.4186269129704935 
-0.7131275264496717 1.2260773851832318 -0.42119347889597825 
-0.7131275264496717 1.2260773851832318 -0.42119347889597825 
-0.7133048667409589 1.2268976143442967 -0.4216914440973031 
-0.7133048667409589 1.2268976143442967 -0.4216914440973031 
-0.713933893711719 1.2298030667760178 -0.42341166318927714 
-0.713933893711719 1.2298030667760178 -0.42341166318927714 
-0.7141407988585847 1.2307589851662804 -0.42398021965177024 
-0.7141407988585847 1.2307589851662804 -0.42398021965177024 
-0.7144775239415209 1.2323130883018911 -0.42488670724952005 
-0.7150648657288173 1.2350260212295578 -0.4264931978743062 
-0.7150648657288173 1.2350260212295578 -0.4264931978743062 
-0.7150648657288173 1.2350260212295578 -0.4264931978743062 
-0.7150648657288173 1.2350260212295578 -0.4264931978743062 
-0.7157140204205198 1.2380233985826739 -0.42825614123846434 
-0.7157140204205198 1.2380233985826739 -0.42825614123846434 
-0.7159658913812266 1.2391866433716372 -0.4289433134159685 
-0.7159658913812266 1.2391866433716372 -0.4289433134159685 
-0.7159658913812266 1.2391866433716372 -0.4289433134159685 
-0.7159658913812266 1.2391866433716372 -0.4289433134159685 
-0.7165797660081054 1.242021771561046 -0.4306181296110664 
-0.7165797660081054 1.242021771561046 -0.4306181296110664 
-0.7173162745797554 1.2454232742813056 -0.4326275244119232 
-0.7173162745797554 1.2454232742813056 -0.4326275244119232 
-0.7174547459169359 1.2460634813133777 -0.43301343811253823 
-0.7174547459169359 1.2460634813133777 -0.43301343811253823 
-0.7174547459169359 1.2460634813133777 -0.43301343811253823 
-0.7174547459169359 1.2460634813133777 -0.43301343811253823 
-0.7174547459169359 1.2460634813133777 -0.43301343811253823 
-0.7174547459169359 1.2460634813133777 -0.43301343811253823 
-0.718438522000987 1.2506069681848584 -0.4356974456374887 
-0.718438522000987 1.2506069681848584 -0.4356974456374887 
-0.7184385220009869 1.2506069681848584 -0.43569744563748836 
-0.7184385220009869 1.2506069681848584 -0.43569744563748836 
-0.7184385220009869 1.2506069681848584 -0.43569744563748836 
-0.7184385220009869 1.2506069681848584 -0.43569744563748836 
-0.7194876533386682 1.2554519483630397 -0.43855569678984774 
-0.7194876533386682 1.2554519483630397 -0.43855569678984774 
-0.7194876533386682 1.2554519483630397 -0.43855569678984774 
-0.7199457910033803 1.2575685073678227 -0.4398137467849689 
-0.7199457910033803 1.2575685073678227 -0.4398137467849689 
-0.7199457910033803 1.2575685073678227 -0.4398137467849689 
-0.7206178170584748 1.2606725474439542 -0.44165127902145873 
-0.7211868683013113 1.2632992849343698 -0.44318755208804084 
-0.7211868683013113 1.2632992849343698 -0.44318755208804084 
-0.7211868683013112 1.2632992849343698 -0.4431875520880405 
-0.721815922696704 1.2662055528645668 -0.4449159724020625 
-0.721815922696704 1.2662055528645668 -0.4449159724020625 
-0.7218159226967041 1.2662055528645668 -0.4449159724020628 
-0.7218159226967041 1.2662055528645668 -0.4449159724020628 
-0.7218159226967041 1.2662055528645668 -0.4449159724020628 
-0.7218159226967041 1.2662055528645668 -0.4449159724020628 
-0.721815922696704 1.2662055528645668 -0.4449159724020625 
-0.7223681446830914 1.2687559435337148 -0.446422583500803 
-0.7229865857431265 1.2716114725693952 -0.4481017317617364 
-0.7229865857431265 1.2716114725693952 -0.4481017317617364 
-0.7229865857431265 1.2716114725693952 -0.4481017317617364 
-0.7229865857431265 1.2716114725693952 -0.4481017317617364 
-0.7229865857431264 1.2716114725693952 -0.44810173176173607 
-0.7229865857431264 1.2716114725693952 -0.44810173176173607 
-0.7229865857431264 1.2716114725693952 -0.44810173176173607 
-0.7229865857431264 1.2716114725693952 -0.44810173176173607 
-0.7240344127704544 1.2764504289002159 -0.4509564244022962 
-0.7240344127704544 1.2764504289002159 -0.4509564244022962 
-0.7240344127704544 1.2764504289002159 -0.4509564244022962 
-0.7240344127704544 1.2764504289002159 -0.4509564244022962 
-0.724988095223732 1.2808544217334001 -0.45355232188460015 
-0.724988095223732 1.2808544217334001 -0.45355232188460015 
-0.7253538754677342 1.282544600502795 -0.45456033909890714 
-0.725446241739893 1.282971186340491 -0.45481233929848996 
-0.725446241739893 1.282971186340491 -0.45481233929848996 
-0.7258387706757256 1.2847847369644538 -0.4558913909169785 
-0.7262608739920451 1.2867338411101774 -0.45703893985267185 
-0.7262608739920451 1.2867338411101774 -0.45703893985267185 
-0.7264813373554992 1.2877513437200565 -0.45763229720071064 
-0.7264813373554992 1.2877513437200565 -0.45763229720071064 
-0.7264813373554992 1.2877513437200565 -0.45763229720071064 
-0.7264813373554992 1.2877513437200565 -0.45763229720071064 
-0.7268429320777666 1.2894220272876917 -0.4586269519088316 
-0.7268429320777666 1.2894220272876917 -0.4586269519088316 
-0.7268429320777666 1.2894220272876917 -0.4586269519088316 
-0.7268429320777666 1.2894220272876917 -0.4586269519088316 
-0.7268429320777666 1.2894220272876917 -0.4586269519088316 
-0.7268429320777666 1.2894220272876917 -0.4586269519088316 
-0.7279166624188741 1.2943809603085519 -0.46155637900308755 
-0.7279166624188741 1.2943809603085519 -0.46155637900308755 
-0.7279166624188741 1.2943809603085519 -0.46155637900308755 
-0.7279166624188741 1.2943809603085519 -0.46155637900308755 
-0.7288271388526271 1.2985855745072399 -0.4640363420352659 
-0.7288271388526271 1.2985855745072399 -0.4640363420352659 
-0.7291509674646687 1.3000811496399096 -0.4649198341688979 
-0.7291509674646687 1.3000811496399096 -0.4649198341688979 
-0.7292935092875528 1.3007382690439504 -0.4652945939864578 
-0.7292935092875528 1.3007382690439504 -0.4652945939864578 
-0.7300179762912676 1.3040845032183608 -0.46727519932971895 
-0.7300179762912676 1.3040845032183608 -0.46727519932971895 
-0.7300179762912676 1.3040845032183608 -0.46727519932971895 
-0.7300179762912676 1.3040845032183608 -0.46727519932971895 
-0.7300179762912676 1.3040845032183608 -0.46727519932971895 
-0.7300179762912676 1.3040845032183608 -0.46727519932971895 
-0.7306240264183779 1.3068850370183975 -0.46894686424095144 
-0.7306240264183779 1.3068850370183975 -0.46894686424095144 
-0.7306240264183779 1.3068850370183975 -0.46894686424095144 
-0.7306240264183779 1.3068850370183975 -0.46894686424095144 
-0.7306240264183779 1.3068850370183975 -0.46894686424095144 
-0.7313278505070546 1.3101355892106883 -0.4708670869225914 
-0.7313278505070546 1.3101355892106883 -0.4708670869225914 
-0.7317975611512731 1.3123045637850617 -0.4721445215389751 
-0.7317975611512731 1.3123045637850617 -0.4721445215389751 
-0.7317975611512731 1.3123045637850617 -0.4721445215389751 
-0.7317975611512731 1.3123045637850617 -0.4721445215389751 
-0.7322196459600178 1.31425323803505 -0.47328795678088 
-0.7322196459600178 1.31425323803505 -0.47328795678088 
-0.7326878591366176 1.3164159855216466 -0.47456943230036897 
-0.7326878591366176 1.3164159855216466 -0.47456943230036897 
-0.7326878591366176 1.3164159855216466 -0.47456943230036897 
-0.7326878591366176 1.3164159855216466 -0.47456943230036897 
-0.7330959630725526 1.3183014679699703 -0.47569097673623106 
-0.7330959630725526 1.3183014679699703 -0.47569097673623106 
-0.7330959630725526 1.3183014679699703 -0.47569097673623106 
-0.7330959630725526 1.3183014679699703 -0.47569097673623106 
-0.733720583874071 1.3211862264606082 -0.4773951114053848 
-0.733720583874071 1.3211862264606082 -0.4773951114053848 
-0.733720583874071 1.3211862264606082 -0.4773951114053848 
-0.733720583874071 1.3211862264606082 -0.4773951114053848 
