-0.6600972159009516 1.111300903012226 -0.5511249651034966 
-0.6600972159009516 1.111300903012226 -0.5511249651034966 
-0.6600972159009516 1.111300903012226 -0.5511249651034966 
-0.6600972159009516 1.111300903012226 -0.5511249651034966 
-0.6600948466664066 1.1112910211202012 -0.551130705930458 
-0.6601007744197759 1.111313872871458 -0.5510941984949738 
-0.6601007744197759 1.111313872871458 -0.5510941984949738 
-0.6601007744197759 1.111313872871458 -0.5510941984949738 
-0.6602482025920936 1.1118729846409243 -0.5500770673614588 
-0.6602482025920936 1.1118729846409243 -0.5500770673614588 
-0.6602482025920936 1.1118729846409243 -0.5500770673614588 
-0.6605557431455579 1.1130400564867462 -0.5479640965896417 
-0.6605557431455579 1.1130400564867462 -0.5479640965896417 
-0.6609382791677068 1.114492082057342 -0.5453400856350539 
-0.6609382791677068 1.114492082057342 -0.5453400856350539 
-0.6609382791677068 1.114492082057342 -0.5453400856350539 
-0.6612087327692112 1.1155180575074082 -0.5434777029302138 
-0.6613875738175955 1.1161970901626372 -0.5422531871676657 
-0.6613875738175955 1.1161970901626372 -0.5422531871676657 
-0.6615399197148598 1.1167761117619892 -0.5412170251451551 
-0.6615399197148598 1.1167761117619892 -0.5412170251451551 
-0.6615399197148599 1.1167761117619894 -0.5412170251451555 
-0.6619739396007803 1.1184211910531312 -0.53821185409288 
-0.6619739396007803 1.1184211910531312 -0.53821185409288 
-0.6619739396007803 1.1184211910531312 -0.53821185409288 
-0.6619739396007803 1.1184211910531312 -0.53821185409288 
-0.6619739396007803 1.1184211910531312 -0.53821185409288 
-0.6625650255116684 1.1206646351877239 -0.534155015098511 
-0.6626712241474725 1.1210683571971916 -0.5334338116488586 
-0.6626712241474725 1.1210683571971916 -0.5334338116488586 
-0.6626712241474725 1.1210683571971916 -0.5334338116488586 
-0.6626712241474725 1.1210683571971916 -0.5334338116488586 
-0.663112133320336 1.1227424346221784 -0.5304150630689246 
-0.663112133320336 1.1227424346221784 -0.5304150630689246 
-0.66340678012271 1.123859685560413 -0.5283801422735364 
-0.6634067801227101 1.1238596855604133 -0.5283801422735367 
-0.6634067801227101 1.1238596855604133 -0.5283801422735367 
-0.6637789615096839 1.125271703218642 -0.5258188343864498 
-0.6637789615096839 1.125271703218642 -0.5258188343864498 
-0.6637789615096839 1.125271703218642 -0.5258188343864498 
-0.6637789615096839 1.125271703218642 -0.5258188343864498 
-0.6637789615096839 1.125271703218642 -0.5258188343864498 
-0.6644079463961251 1.1276586097392427 -0.5214973663198998 
-0.6644079463961251 1.1276586097392427 -0.5214973663198998 
-0.6644079463961251 1.1276586097392427 -0.5214973663198998 
-0.6645619028993534 1.1282424955787298 -0.5204353820044314 
-0.6645619028993534 1.1282424955787298 -0.5204353820044314 
-0.6649162658801238 1.1295884995289975 -0.5180154722603114 
-0.6649162658801238 1.1295884995289975 -0.5180154722603114 
-0.6652947660557462 1.1310243186565483 -0.5154086526629149 
-0.6652947660557462 1.1310243186565483 -0.5154086526629149 
-0.6652947660557462 1.1310243186565483 -0.5154086526629149 
-0.6652947660557462 1.1310243186565483 -0.5154086526629149 
-0.6657187993998492 1.132633997970258 -0.5125016307474377 
-0.6657187993998492 1.132633997970258 -0.5125016307474377 
-0.6657187993998492 1.132633997970258 -0.5125016307474377 
-0.6661832685057892 1.134396590937886 -0.5093104755186133 
-0.6661832685057892 1.134396590937886 -0.5093104755186133 
-0.6665278307973946 1.1357032639263058 -0.5069326081796917 
-0.6665278307973946 1.1357032639263058 -0.5069326081796917 
-0.6665278307973946 1.1357032639263058 -0.5069326081796917 
-0.6669832557722747 1.137431892512816 -0.5038078104996639 
-0.6669832557722747 1.137431892512816 -0.5038078104996639 
-0.6672162223454243 1.138315966907161 -0.5022072035087142 
-0.6672162223454243 1.138315966907161 -0.5022072035087142 
-0.6676366689547741 1.1399115008779364 -0.49931850676072975 
-0.6676366689547741 1.1399115008779364 -0.49931850676072975 
-0.6679622956998822 1.1411468504148337 -0.4970770545689218 
-0.6679622956998822 1.1411468504148337 -0.4970770545689218 
-0.6679622956998822 1.1411468504148337 -0.4970770545689218 
-0.6679622956998822 1.1411468504148337 -0.4970770545689218 
-0.6679622956998822 1.1411468504148337 -0.4970770545689218 
-0.6679622956998822 1.1411468504148337 -0.4970770545689218 
-0.6682774306186969 1.1423430985629324 -0.4949161258313908 
-0.6682774306186969 1.1423430985629324 -0.4949161258313908 
-0.6682774306186969 1.1423430985629324 -0.4949161258313908 
-0.6687086227318159 1.1439794101637697 -0.49195360163158885 
-0.6687086227318159 1.1439794101637697 -0.49195360163158885 
-0.6687086227318159 1.1439794101637697 -0.49195360163158885 
-0.6692794440098041 1.1461452374306784 -0.48802752971874197 
-0.6696735471004873 1.1476408015646005 -0.4853198272635173 
-0.6696735471004873 1.1476408015646005 -0.4853198272635173 
-0.6696735471004873 1.1476408015646005 -0.4853198272635173 
-0.6696735471004873 1.1476408015646005 -0.4853198272635173 
-0.6699597733317374 1.148726273123863 -0.4833448355093901 
-0.6699597733317374 1.148726273123863 -0.4833448355093901 
-0.6699597733317374 1.148726273123863 -0.4833448355093901 
-0.6702911511448904 1.1499845194384517 -0.48107655176804354 
-0.6702911511448904 1.1499845194384517 -0.48107655176804354 
-0.6702911511448904 1.1499845194384517 -0.48107655176804354 
-0.6702911511448904 1.1499845194384517 -0.48107655176804354 
-0.6708430299057415 1.1520788193830966 -0.47728484469679877 
-0.6708430299057415 1.1520788193830966 -0.47728484469679877 
-0.6709317662432086 1.152416808704375 -0.47668993437858664 
-0.6709317662432086 1.152416808704375 -0.47668993437858664 
-0.6709317662432086 1.152416808704375 -0.47668993437858664 
-0.6709317662432086 1.152416808704375 -0.47668993437858664 
-0.6716038705025305 1.1549660992220256 -0.47205745622748196 
-0.6716038705025305 1.1549660992220256 -0.47205745622748196 
-0.6716038705025305 1.1549660992220256 -0.47205745622748196 
-0.6716038705025305 1.1549660992220256 -0.47205745622748196 
-0.6721579394087553 1.15707031501323 -0.4682696776738393 
-0.6721579394087553 1.15707031501323 -0.4682696776738393 
-0.6721579394087553 1.15707031501323 -0.4682696776738393 
-0.6721579394087553 1.15707031501323 -0.4682696776738393 
-0.6725014264581197 1.1583725508271225 -0.4658949783812778 
-0.6725014264581197 1.1583725508271225 -0.4658949783812778 
-0.6727693387065476 1.1593888822104388 -0.4640500561534735 
-0.6727693387065476 1.1593888822104388 -0.4640500561534735 
-0.6727693387065476 1.1593888822104388 -0.4640500561534735 
-0.6727693387065476 1.1593888822104388 -0.4640500561534735 
-0.6732679482681267 1.1612813900471557 -0.46062855688902027 
-0.6735396633383685 1.1623121525883255 -0.4587575072082595 
-0.6735396633383685 1.1623121525883255 -0.4587575072082595 
-0.6736693498152608 1.1628032216723163 -0.457853809204426 
-0.6736693498152608 1.1628032216723163 -0.457853809204426 
-0.6739371620371455 1.1638209593490254 -0.4560306945319894 
-0.6739371620371455 1.1638209593490254 -0.4560306945319894 
-0.6739371620371455 1.1638209593490254 -0.4560306945319894 
-0.6739371620371455 1.1638209593490254 -0.4560306945319894 
-0.6743841363211818 1.1655171620020703 -0.45295973823928626 
-0.6746912533157999 1.1666826265034338 -0.4508496775469759 
-0.6746912533157999 1.1666826265034338 -0.4508496775469759 
-0.6746912533157999 1.1666826265034338 -0.4508496775469759 
-0.6746912533157999 1.1666826265034338 -0.4508496775469759 
-0.6751447559307465 1.1684036032264993 -0.4477338680723204 
-0.6751447559307465 1.1684036032264993 -0.4477338680723204 
-0.6751447559307465 1.1684036032264993 -0.4477338680723204 
-0.6752882042625555 1.1689479688638063 -0.4467483000587238 
-0.6752882042625555 1.1689479688638063 -0.4467483000587238 
-0.6752882042625555 1.1689479688638063 -0.4467483000587238 
-0.6758740278780634 1.1711716188183223 -0.4427296910345164 
-0.6758740278780634 1.1711716188183223 -0.4427296910345164 
-0.6760113389142415 1.171692160103674 -0.44177997192804774 
-0.6760113389142415 1.171692160103674 -0.44177997192804774 
-0.6763485979417024 1.1729725434570537 -0.43946913673573196 
-0.6763485979417024 1.1729725434570537 -0.43946913673573196 
-0.676743971708924 1.1744729296243508 -0.4367527040419885 
-0.676743971708924 1.1744729296243508 -0.4367527040419885 
-0.676743971708924 1.1744729296243508 -0.4367527040419885 
-0.6770958931040061 1.1758071725583268 -0.43432005620969694 
-0.6770958931040061 1.1758071725583268 -0.43432005620969694 
-0.6772442499529604 1.1763714130832483 -0.43331552056970346 
-0.6775507224015084 1.177534431625653 -0.43120988825925033 
-0.6775507224015084 1.177534431625653 -0.43120988825925033 
-0.6775507224015084 1.177534431625653 -0.43120988825925033 
-0.6775507224015084 1.177534431625653 -0.43120988825925033 
-0.6779248261484155 1.1789541011473261 -0.4286395921667918 
-0.6779248261484155 1.1789541011473261 -0.4286395921667918 
-0.6779248261484155 1.1789541011473261 -0.4286395921667918 
-0.6783794132134043 1.1806795499871903 -0.4255205513831779 
-0.6783794132134043 1.1806795499871903 -0.4255205513831779 
-0.6783794132134043 1.1806795499871903 -0.4255205513831779 
-0.6783794132134043 1.1806795499871903 -0.4255205513831779 
-0.6789895929405123 1.1829942026623295 -0.42131774788094534 
-0.6789895929405123 1.1829942026623295 -0.42131774788094534 
-0.6789895929405123 1.1829942026623295 -0.42131774788094534 
-0.6789895929405123 1.1829942026623295 -0.42131774788094534 
-0.6793555066446912 1.1843833263625414 -0.41881003948378315 
-0.6798043777357339 1.1860867271233784 -0.41572605109590044 
-0.6798043777357339 1.1860867271233784 -0.41572605109590044 
-0.6798043777357339 1.1860867271233784 -0.41572605109590044 
-0.6800547647091677 1.1870356616368787 -0.4139909999312976 
-0.6803484178282448 1.1881503894671235 -0.4119776628348044 
-0.6803484178282448 1.1881503894671235 -0.4119776628348044 
-0.6806551276091429 1.1893146654374105 -0.40987461937440495 
-0.6806551276091429 1.1893146654374105 -0.40987461937440495 
-0.6806551276091429 1.1893146654374105 -0.40987461937440495 
-0.6807744154303342 1.1897685932133124 -0.4090698037561671 
-0.6807744154303342 1.1897685932133124 -0.4090698037561671 
-0.6807744154303342 1.1897685932133124 -0.4090698037561671 
-0.681319123384681 1.1918353242001385 -0.4053231445711307 
-0.6814873839105027 1.19247295752892 -0.4041565661953215 
-0.6814873839105027 1.19247295752892 -0.4041565661953215 
-0.6814873839105027 1.19247295752892 -0.4041565661953215 
-0.6814873839105027 1.19247295752892 -0.4041565661953215 
-0.6814873839105027 1.19247295752892 -0.4041565661953215 
-0.6819202262904771 1.1941151748673964 -0.40117848431288383 
-0.6819202262904771 1.1941151748673964 -0.40117848431288383 
-0.6819202262904771 1.1941151748673964 -0.40117848431288383 
-0.6824776000380504 1.1962306842765689 -0.39735324314825893 
-0.6824776000380504 1.1962306842765689 -0.39735324314825893 
-0.682579190465716 1.1966174530079299 -0.3966700182432972 
-0.682579190465716 1.1966174530079299 -0.3966700182432972 
-0.682579190465716 1.1966174530079299 -0.3966700182432972 
-0.682579190465716 1.1966174530079299 -0.3966700182432972 
-0.6829051755558517 1.197852914636129 -0.3944113474718538 
-0.6829051755558517 1.197852914636129 -0.3944113474718538 
-0.6829051755558517 1.197852914636129 -0.3944113474718538 
-0.6829051755558517 1.197852914636129 -0.3944113474718538 
-0.6829051755558517 1.197852914636129 -0.3944113474718538 
-0.6834571287383224 1.1999487447762016 -0.3906338856381397 
-0.6834571287383224 1.1999487447762016 -0.3906338856381397 
-0.6835638719456502 1.2003529287935475 -0.3898899646792924 
-0.6835638719456502 1.2003529287935475 -0.3898899646792924 
-0.6835638719456502 1.2003529287935475 -0.3898899646792924 
-0.6835638719456502 1.2003529287935475 -0.3898899646792924 
-0.6840655907475951 1.2022561653890147 -0.38643444488652334 
-0.6840655907475951 1.2022561653890147 -0.38643444488652334 
-0.6840655907475951 1.2022561653890147 -0.38643444488652334 
-0.6842221284314766 1.202850916793126 -0.3853673848138319 
-0.6842221284314766 1.202850916793126 -0.3853673848138319 
-0.6844818273214108 1.2038360796708591 -0.3835788928234072 
-0.6844818273214108 1.2038360796708591 -0.3835788928234072 
-0.6844818273214108 1.2038360796708591 -0.3835788928234072 
-0.6851129604551731 1.2062320294689846 -0.379253202232247 
-0.6851129604551731 1.2062320294689846 -0.379253202232247 
-0.6853716026851536 1.2072130050571024 -0.3774698718724778 
-0.6853716026851536 1.2072130050571024 -0.3774698718724778 
-0.6853716026851536 1.2072130050571024 -0.3774698718724778 
-0.6855804783211386 1.2080042287414166 -0.37601788184859886 
-0.6859634658589073 1.2094583264840244 -0.3733950112456945 
-0.6859634658589073 1.2094583264840244 -0.3733950112456945 
-0.6859634658589073 1.2094583264840244 -0.3733950112456945 
-0.6863900499305733 1.2110778648071254 -0.3704725857000739 
-0.6863900499305733 1.2110778648071254 -0.3704725857000739 
-0.6863900499305733 1.2110778648071254 -0.3704725857000739 
-0.6864655014816704 1.2113650835027512 -0.36996472963311544 
-0.6864655014816704 1.2113650835027512 -0.36996472963311544 
-0.6864655014816704 1.2113650835027512 -0.36996472963311544 
-0.6870161187737844 1.2134545963562924 -0.36618168953779096 
-0.6871335747946296 1.2138987203769374 -0.365355726822315 
-0.6871335747946296 1.2138987203769374 -0.365355726822315 
-0.6871335747946296 1.2138987203769374 -0.365355726822315 
-0.6871335747946296 1.2138987203769374 -0.365355726822315 
-0.6875968384378497 1.2156579865643466 -0.36218761033213853 
-0.6875968384378497 1.2156579865643466 -0.36218761033213853 
-0.6877063744385685 1.2160736598181756 -0.36143503846682323 
-0.6879733999084129 1.2170857350150712 -0.3595856717877096 
-0.6879733999084129 1.2170857350150712 -0.3595856717877096 
-0.6879733999084129 1.2170857350150712 -0.3595856717877096 
-0.6884292739950659 1.218816424701692 -0.35646200791798277 
-0.6884292739950659 1.218816424701692 -0.35646200791798277 
-0.6888957654874828 1.2205852632393714 -0.3532400569284194 
-0.6889536129823317 1.2208074629715364 -0.3528742706155473 
