-0.6600972159009516 1.0413009030122262 -0.5511249651034968 
-0.6600972159009516 1.0413009030122262 -0.5511249651034968 
-0.6600972159009516 1.0413009030122262 -0.5511249651034968 
-0.6600972159009516 1.0413009030122262 -0.5511249651034968 
-0.6600948466664066 1.0412910211202013 -0.5511307059304578 
-0.6601007744197759 1.041313872871458 -0.551094198494974 
-0.6601007744197759 1.041313872871458 -0.551094198494974 
-0.6601007744197759 1.041313872871458 -0.551094198494974 
-0.6602482025920937 1.0418729846409247 -0.5500770673614586 
-0.6602482025920937 1.0418729846409247 -0.5500770673614586 
-0.6602482025920937 1.0418729846409247 -0.5500770673614586 
-0.6605557431455579 1.0430400564867461 -0.5479640965896424 
-0.6605557431455579 1.0430400564867461 -0.5479640965896424 
-0.6609382791677068 1.0444920820573422 -0.5453400856350545 
-0.6609382791677068 1.0444920820573422 -0.5453400856350545 
-0.6609382791677068 1.0444920820573422 -0.5453400856350545 
-0.6612087327692112 1.0455180575074081 -0.5434777029302145 
-0.6613875738175955 1.0461970901626372 -0.5422531871676657 
-0.6613875738175955 1.0461970901626372 -0.5422531871676657 
-0.6615399197148597 1.0467761117619894 -0.5412170251451551 
-0.6615399197148597 1.0467761117619894 -0.5412170251451551 
-0.6615399197148598 1.0467761117619896 -0.5412170251451555 
-0.6619739396007803 1.0484211910531314 -0.53821185409288 
-0.6619739396007803 1.0484211910531314 -0.53821185409288 
-0.6619739396007803 1.0484211910531314 -0.53821185409288 
-0.6619739396007803 1.0484211910531314 -0.53821185409288 
-0.6619739396007803 1.0484211910531314 -0.53821185409288 
-0.6625650255116684 1.050664635187724 -0.534155015098511 
-0.6626712241474725 1.0510683571971915 -0.5334338116488591 
-0.6626712241474725 1.0510683571971915 -0.5334338116488591 
-0.6626712241474725 1.0510683571971915 -0.5334338116488591 
-0.6626712241474725 1.0510683571971915 -0.5334338116488591 
-0.663112133320336 1.0527424346221783 -0.5304150630689246 
-0.663112133320336 1.0527424346221783 -0.5304150630689246 
-0.66340678012271 1.0538596855604128 -0.5283801422735368 
-0.6634067801227101 1.053859685560413 -0.5283801422735371 
-0.6634067801227101 1.053859685560413 -0.5283801422735371 
-0.6637789615096837 1.0552717032186418 -0.5258188343864505 
-0.6637789615096837 1.0552717032186418 -0.5258188343864505 
-0.6637789615096837 1.0552717032186418 -0.5258188343864505 
-0.6637789615096837 1.0552717032186418 -0.5258188343864505 
-0.6637789615096837 1.0552717032186418 -0.5258188343864505 
-0.6644079463961251 1.0576586097392426 -0.5214973663199001 
-0.6644079463961251 1.0576586097392426 -0.5214973663199001 
-0.6644079463961251 1.0576586097392426 -0.5214973663199001 
-0.6645619028993532 1.0582424955787297 -0.5204353820044314 
-0.6645619028993532 1.0582424955787297 -0.5204353820044314 
-0.6649162658801236 1.0595884995289975 -0.5180154722603107 
-0.6649162658801236 1.0595884995289975 -0.5180154722603107 
-0.6652947660557462 1.0610243186565482 -0.5154086526629149 
-0.6652947660557462 1.0610243186565482 -0.5154086526629149 
-0.6652947660557462 1.0610243186565482 -0.5154086526629149 
-0.6652947660557462 1.0610243186565482 -0.5154086526629149 
-0.6657187993998492 1.0626339979702581 -0.5125016307474377 
-0.6657187993998492 1.0626339979702581 -0.5125016307474377 
-0.6657187993998492 1.0626339979702581 -0.5125016307474377 
-0.6661832685057892 1.064396590937886 -0.5093104755186131 
-0.6661832685057892 1.064396590937886 -0.5093104755186131 
-0.6665278307973946 1.065703263926306 -0.5069326081796919 
-0.6665278307973946 1.065703263926306 -0.5069326081796919 
-0.6665278307973946 1.065703263926306 -0.5069326081796919 
-0.6669832557722747 1.067431892512816 -0.5038078104996642 
-0.6669832557722747 1.067431892512816 -0.5038078104996642 
-0.6672162223454243 1.0683159669071611 -0.5022072035087144 
-0.6672162223454243 1.0683159669071611 -0.5022072035087144 
-0.6676366689547741 1.0699115008779363 -0.49931850676073 
-0.6676366689547741 1.0699115008779363 -0.49931850676073 
-0.6679622956998822 1.0711468504148338 -0.49707705456892204 
-0.6679622956998822 1.0711468504148338 -0.49707705456892204 
-0.6679622956998822 1.0711468504148338 -0.49707705456892204 
-0.6679622956998822 1.0711468504148338 -0.49707705456892204 
-0.6679622956998822 1.0711468504148338 -0.49707705456892204 
-0.6679622956998822 1.0711468504148338 -0.49707705456892204 
-0.6682774306186968 1.0723430985629323 -0.4949161258313912 
-0.6682774306186968 1.0723430985629323 -0.4949161258313912 
-0.6682774306186968 1.0723430985629323 -0.4949161258313912 
-0.6687086227318159 1.0739794101637696 -0.49195360163158863 
-0.6687086227318159 1.0739794101637696 -0.49195360163158863 
-0.6687086227318159 1.0739794101637696 -0.49195360163158863 
-0.6692794440098041 1.0761452374306786 -0.4880275297187424 
-0.6696735471004873 1.0776408015646006 -0.4853198272635175 
-0.6696735471004873 1.0776408015646006 -0.4853198272635175 
-0.6696735471004873 1.0776408015646006 -0.4853198272635175 
-0.6696735471004873 1.0776408015646006 -0.4853198272635175 
-0.6699597733317375 1.078726273123863 -0.4833448355093908 
-0.6699597733317375 1.078726273123863 -0.4833448355093908 
-0.6699597733317375 1.078726273123863 -0.4833448355093908 
-0.6702911511448904 1.0799845194384516 -0.481076551768044 
-0.6702911511448904 1.0799845194384516 -0.481076551768044 
-0.6702911511448904 1.0799845194384516 -0.481076551768044 
-0.6702911511448904 1.0799845194384516 -0.481076551768044 
-0.6708430299057415 1.0820788193830968 -0.47728484469679944 
-0.6708430299057415 1.0820788193830968 -0.47728484469679944 
-0.6709317662432085 1.082416808704375 -0.4766899343785871 
-0.6709317662432085 1.082416808704375 -0.4766899343785871 
-0.6709317662432085 1.082416808704375 -0.4766899343785871 
-0.6709317662432085 1.082416808704375 -0.4766899343785871 
-0.6716038705025305 1.0849660992220258 -0.4720574562274824 
-0.6716038705025305 1.0849660992220258 -0.4720574562274824 
-0.6716038705025305 1.0849660992220258 -0.4720574562274824 
-0.6716038705025305 1.0849660992220258 -0.4720574562274824 
-0.6721579394087553 1.0870703150132301 -0.4682696776738391 
-0.6721579394087553 1.0870703150132301 -0.4682696776738391 
-0.6721579394087553 1.0870703150132301 -0.4682696776738391 
-0.6721579394087553 1.0870703150132301 -0.4682696776738391 
-0.6725014264581197 1.0883725508271227 -0.4658949783812778 
-0.6725014264581197 1.0883725508271227 -0.4658949783812778 
-0.6727693387065476 1.089388882210439 -0.46405005615347417 
-0.6727693387065476 1.089388882210439 -0.46405005615347417 
-0.6727693387065476 1.089388882210439 -0.46405005615347417 
-0.6727693387065476 1.089388882210439 -0.46405005615347417 
-0.6732679482681267 1.0912813900471554 -0.46062855688902027 
-0.6735396633383686 1.0923121525883257 -0.4587575072082597 
-0.6735396633383686 1.0923121525883257 -0.4587575072082597 
-0.6736693498152607 1.0928032216723162 -0.45785380920442575 
-0.6736693498152607 1.0928032216723162 -0.45785380920442575 
-0.6739371620371454 1.0938209593490251 -0.45603069453198986 
-0.6739371620371454 1.0938209593490251 -0.45603069453198986 
-0.6739371620371454 1.0938209593490251 -0.45603069453198986 
-0.6739371620371454 1.0938209593490251 -0.45603069453198986 
-0.6743841363211818 1.0955171620020703 -0.4529597382392867 
-0.6746912533157998 1.0966826265034335 -0.45084967754697614 
-0.6746912533157998 1.0966826265034335 -0.45084967754697614 
-0.6746912533157998 1.0966826265034335 -0.45084967754697614 
-0.6746912533157998 1.0966826265034335 -0.45084967754697614 
-0.6751447559307465 1.0984036032264992 -0.44773386807232085 
-0.6751447559307465 1.0984036032264992 -0.44773386807232085 
-0.6751447559307465 1.0984036032264992 -0.44773386807232085 
-0.6752882042625554 1.0989479688638062 -0.4467483000587238 
-0.6752882042625554 1.0989479688638062 -0.4467483000587238 
-0.6752882042625554 1.0989479688638062 -0.4467483000587238 
-0.6758740278780633 1.1011716188183225 -0.4427296910345162 
-0.6758740278780633 1.1011716188183225 -0.4427296910345162 
-0.6760113389142415 1.101692160103674 -0.44177997192804797 
-0.6760113389142415 1.101692160103674 -0.44177997192804797 
-0.6763485979417023 1.1029725434570539 -0.43946913673573196 
-0.6763485979417023 1.1029725434570539 -0.43946913673573196 
-0.6767439717089239 1.1044729296243512 -0.4367527040419885 
-0.6767439717089239 1.1044729296243512 -0.4367527040419885 
-0.6767439717089239 1.1044729296243512 -0.4367527040419885 
-0.677095893104006 1.1058071725583267 -0.4343200562096965 
-0.677095893104006 1.1058071725583267 -0.4343200562096965 
-0.6772442499529604 1.1063714130832485 -0.43331552056970346 
-0.6775507224015083 1.107534431625653 -0.43120988825925055 
-0.6775507224015083 1.107534431625653 -0.43120988825925055 
-0.6775507224015083 1.107534431625653 -0.43120988825925055 
-0.6775507224015083 1.107534431625653 -0.43120988825925055 
-0.6779248261484154 1.108954101147326 -0.4286395921667918 
-0.6779248261484154 1.108954101147326 -0.4286395921667918 
-0.6779248261484154 1.108954101147326 -0.4286395921667918 
-0.6783794132134043 1.1106795499871904 -0.4255205513831781 
-0.6783794132134043 1.1106795499871904 -0.4255205513831781 
-0.6783794132134043 1.1106795499871904 -0.4255205513831781 
-0.6783794132134043 1.1106795499871904 -0.4255205513831781 
-0.6789895929405122 1.1129942026623292 -0.42131774788094556 
-0.6789895929405122 1.1129942026623292 -0.42131774788094556 
-0.6789895929405122 1.1129942026623292 -0.42131774788094556 
-0.6789895929405122 1.1129942026623292 -0.42131774788094556 
-0.6793555066446912 1.1143833263625416 -0.4188100394837827 
-0.6798043777357338 1.116086727123378 -0.41572605109590044 
-0.6798043777357338 1.116086727123378 -0.41572605109590044 
-0.6798043777357338 1.116086727123378 -0.41572605109590044 
-0.6800547647091677 1.1170356616368786 -0.4139909999312976 
-0.680348417828245 1.1181503894671239 -0.4119776628348044 
-0.680348417828245 1.1181503894671239 -0.4119776628348044 
-0.6806551276091429 1.1193146654374102 -0.40987461937440517 
-0.6806551276091429 1.1193146654374102 -0.40987461937440517 
-0.6806551276091429 1.1193146654374102 -0.40987461937440517 
-0.6807744154303342 1.1197685932133123 -0.40906980375616686 
-0.6807744154303342 1.1197685932133123 -0.40906980375616686 
-0.6807744154303342 1.1197685932133123 -0.40906980375616686 
-0.681319123384681 1.1218353242001387 -0.4053231445711307 
-0.6814873839105027 1.1224729575289196 -0.4041565661953219 
-0.6814873839105027 1.1224729575289196 -0.4041565661953219 
-0.6814873839105027 1.1224729575289196 -0.4041565661953219 
-0.6814873839105027 1.1224729575289196 -0.4041565661953219 
-0.6814873839105027 1.1224729575289196 -0.4041565661953219 
-0.6819202262904771 1.1241151748673965 -0.40117848431288383 
-0.6819202262904771 1.1241151748673965 -0.40117848431288383 
-0.6819202262904771 1.1241151748673965 -0.40117848431288383 
-0.6824776000380505 1.126230684276569 -0.39735324314825937 
-0.6824776000380505 1.126230684276569 -0.39735324314825937 
-0.682579190465716 1.1266174530079298 -0.3966700182432974 
-0.682579190465716 1.1266174530079298 -0.3966700182432974 
-0.682579190465716 1.1266174530079298 -0.3966700182432974 
-0.682579190465716 1.1266174530079298 -0.3966700182432974 
-0.6829051755558517 1.1278529146361287 -0.3944113474718538 
-0.6829051755558517 1.1278529146361287 -0.3944113474718538 
-0.6829051755558517 1.1278529146361287 -0.3944113474718538 
-0.6829051755558517 1.1278529146361287 -0.3944113474718538 
-0.6829051755558517 1.1278529146361287 -0.3944113474718538 
-0.6834571287383224 1.1299487447762016 -0.39063388563814017 
-0.6834571287383224 1.1299487447762016 -0.39063388563814017 
-0.6835638719456502 1.1303529287935477 -0.3898899646792928 
-0.6835638719456502 1.1303529287935477 -0.3898899646792928 
-0.6835638719456502 1.1303529287935477 -0.3898899646792928 
-0.6835638719456502 1.1303529287935477 -0.3898899646792928 
-0.684065590747595 1.1322561653890146 -0.38643444488652334 
-0.684065590747595 1.1322561653890146 -0.38643444488652334 
-0.684065590747595 1.1322561653890146 -0.38643444488652334 
-0.6842221284314766 1.132850916793126 -0.3853673848138326 
-0.6842221284314766 1.132850916793126 -0.3853673848138326 
-0.6844818273214108 1.1338360796708593 -0.3835788928234074 
-0.6844818273214108 1.1338360796708593 -0.3835788928234074 
-0.6844818273214108 1.1338360796708593 -0.3835788928234074 
-0.685112960455173 1.1362320294689845 -0.379253202232247 
-0.685112960455173 1.1362320294689845 -0.379253202232247 
-0.6853716026851535 1.1372130050571023 -0.37746987187247805 
-0.6853716026851535 1.1372130050571023 -0.37746987187247805 
-0.6853716026851535 1.1372130050571023 -0.37746987187247805 
-0.6855804783211384 1.1380042287414165 -0.3760178818485993 
-0.6859634658589072 1.1394583264840243 -0.3733950112456943 
-0.6859634658589072 1.1394583264840243 -0.3733950112456943 
-0.6859634658589072 1.1394583264840243 -0.3733950112456943 
-0.6863900499305732 1.1410778648071251 -0.3704725857000746 
-0.6863900499305732 1.1410778648071251 -0.3704725857000746 
-0.6863900499305732 1.1410778648071251 -0.3704725857000746 
-0.6864655014816704 1.1413650835027513 -0.36996472963311566 
-0.6864655014816704 1.1413650835027513 -0.36996472963311566 
-0.6864655014816704 1.1413650835027513 -0.36996472963311566 
-0.6870161187737843 1.1434545963562923 -0.36618168953779073 
-0.6871335747946294 1.143898720376937 -0.3653557268223152 
-0.6871335747946294 1.143898720376937 -0.3653557268223152 
-0.6871335747946294 1.143898720376937 -0.3653557268223152 
-0.6871335747946294 1.143898720376937 -0.3653557268223152 
-0.6875968384378497 1.1456579865643468 -0.3621876103321384 
-0.6875968384378497 1.1456579865643468 -0.3621876103321384 
-0.6877063744385685 1.146073659818176 -0.36143503846682346 
-0.6879733999084128 1.1470857350150714 -0.3595856717877096 
-0.6879733999084128 1.1470857350150714 -0.3595856717877096 
-0.6879733999084128 1.1470857350150714 -0.3595856717877096 
-0.6884292739950659 1.1488164247016923 -0.3564620079179831 
-0.6884292739950659 1.1488164247016923 -0.3564620079179831 
-0.6888957654874825 1.1505852632393712 -0.3532400569284192 
-0.6889536129823317 1.1508074629715364 -0.35287427061554755 
