-0.5500972159009514 1.111300903012226 -0.5511249651034968 
-0.5500972159009514 1.111300903012226 -0.5511249651034968 
-0.5500972159009514 1.111300903012226 -0.5511249651034968 
-0.5500972159009514 1.111300903012226 -0.5511249651034968 
-0.5500948466664064 1.1112910211202016 -0.551130705930458 
-0.5501007744197757 1.1113138728714582 -0.5510941984949735 
-0.5501007744197757 1.1113138728714582 -0.5510941984949735 
-0.5501007744197757 1.1113138728714582 -0.5510941984949735 
-0.5502482025920934 1.1118729846409248 -0.5500770673614583 
-0.5502482025920934 1.1118729846409248 -0.5500770673614583 
-0.5502482025920934 1.1118729846409248 -0.5500770673614583 
-0.5505557431455577 1.1130400564867464 -0.5479640965896417 
-0.5505557431455577 1.1130400564867464 -0.5479640965896417 
-0.5509382791677064 1.114492082057342 -0.5453400856350541 
-0.5509382791677064 1.114492082057342 -0.5453400856350541 
-0.5509382791677064 1.114492082057342 -0.5453400856350541 
-0.5512087327692109 1.1155180575074084 -0.543477702930214 
-0.5513875738175953 1.1161970901626372 -0.5422531871676655 
-0.5513875738175953 1.1161970901626372 -0.5422531871676655 
-0.5515399197148595 1.1167761117619894 -0.5412170251451549 
-0.5515399197148595 1.1167761117619894 -0.5412170251451549 
-0.5515399197148596 1.1167761117619897 -0.5412170251451552 
-0.5519739396007801 1.1184211910531312 -0.5382118540928804 
-0.5519739396007801 1.1184211910531312 -0.5382118540928804 
-0.5519739396007801 1.1184211910531312 -0.5382118540928804 
-0.5519739396007801 1.1184211910531312 -0.5382118540928804 
-0.5519739396007801 1.1184211910531312 -0.5382118540928804 
-0.5525650255116683 1.120664635187724 -0.5341550150985108 
-0.5526712241474723 1.1210683571971916 -0.5334338116488588 
-0.5526712241474723 1.1210683571971916 -0.5334338116488588 
-0.5526712241474723 1.1210683571971916 -0.5334338116488588 
-0.5526712241474723 1.1210683571971916 -0.5334338116488588 
-0.5531121333203357 1.1227424346221786 -0.5304150630689248 
-0.5531121333203357 1.1227424346221786 -0.5304150630689248 
-0.5534067801227098 1.1238596855604128 -0.5283801422735364 
-0.5534067801227098 1.123859685560413 -0.5283801422735367 
-0.5534067801227098 1.123859685560413 -0.5283801422735367 
-0.5537789615096835 1.1252717032186421 -0.52581883438645 
-0.5537789615096835 1.1252717032186421 -0.52581883438645 
-0.5537789615096835 1.1252717032186421 -0.52581883438645 
-0.5537789615096835 1.1252717032186421 -0.52581883438645 
-0.5537789615096835 1.1252717032186421 -0.52581883438645 
-0.5544079463961249 1.1276586097392425 -0.5214973663198996 
-0.5544079463961249 1.1276586097392425 -0.5214973663198996 
-0.5544079463961249 1.1276586097392425 -0.5214973663198996 
-0.554561902899353 1.1282424955787298 -0.5204353820044312 
-0.554561902899353 1.1282424955787298 -0.5204353820044312 
-0.5549162658801234 1.1295884995289975 -0.5180154722603105 
-0.5549162658801234 1.1295884995289975 -0.5180154722603105 
-0.5552947660557459 1.131024318656548 -0.5154086526629149 
-0.5552947660557459 1.131024318656548 -0.5154086526629149 
-0.5552947660557459 1.131024318656548 -0.5154086526629149 
-0.5552947660557459 1.131024318656548 -0.5154086526629149 
-0.5557187993998491 1.1326339979702582 -0.5125016307474375 
-0.5557187993998491 1.1326339979702582 -0.5125016307474375 
-0.5557187993998491 1.1326339979702582 -0.5125016307474375 
-0.556183268505789 1.1343965909378861 -0.5093104755186137 
-0.556183268505789 1.1343965909378861 -0.5093104755186137 
-0.5565278307973944 1.1357032639263063 -0.5069326081796917 
-0.5565278307973944 1.1357032639263063 -0.5069326081796917 
-0.5565278307973944 1.1357032639263063 -0.5069326081796917 
-0.5569832557722744 1.1374318925128157 -0.5038078104996639 
-0.5569832557722744 1.1374318925128157 -0.5038078104996639 
-0.557216222345424 1.138315966907161 -0.502207203508714 
-0.557216222345424 1.138315966907161 -0.502207203508714 
-0.5576366689547738 1.1399115008779364 -0.49931850676073 
-0.5576366689547738 1.1399115008779364 -0.49931850676073 
-0.5579622956998819 1.1411468504148339 -0.4970770545689218 
-0.5579622956998819 1.1411468504148339 -0.4970770545689218 
-0.5579622956998819 1.1411468504148339 -0.4970770545689218 
-0.5579622956998819 1.1411468504148339 -0.4970770545689218 
-0.5579622956998819 1.1411468504148339 -0.4970770545689218 
-0.5579622956998819 1.1411468504148339 -0.4970770545689218 
-0.5582774306186967 1.1423430985629324 -0.4949161258313908 
-0.5582774306186967 1.1423430985629324 -0.4949161258313908 
-0.5582774306186967 1.1423430985629324 -0.4949161258313908 
-0.5587086227318157 1.14397941016377 -0.49195360163158863 
-0.5587086227318157 1.14397941016377 -0.49195360163158863 
-0.5587086227318157 1.14397941016377 -0.49195360163158863 
-0.5592794440098038 1.1461452374306784 -0.4880275297187422 
-0.5596735471004871 1.1476408015646007 -0.4853198272635175 
-0.5596735471004871 1.1476408015646007 -0.4853198272635175 
-0.5596735471004871 1.1476408015646007 -0.4853198272635175 
-0.5596735471004871 1.1476408015646007 -0.4853198272635175 
-0.5599597733317372 1.1487262731238628 -0.48334483550939056 
-0.5599597733317372 1.1487262731238628 -0.48334483550939056 
-0.5599597733317372 1.1487262731238628 -0.48334483550939056 
-0.56029115114489 1.1499845194384517 -0.481076551768044 
-0.56029115114489 1.1499845194384517 -0.481076551768044 
-0.56029115114489 1.1499845194384517 -0.481076551768044 
-0.56029115114489 1.1499845194384517 -0.481076551768044 
-0.5608430299057413 1.152078819383097 -0.477284844696799 
-0.5608430299057413 1.152078819383097 -0.477284844696799 
-0.5609317662432083 1.1524168087043754 -0.4766899343785871 
-0.5609317662432083 1.1524168087043754 -0.4766899343785871 
-0.5609317662432083 1.1524168087043754 -0.4766899343785871 
-0.5609317662432083 1.1524168087043754 -0.4766899343785871 
-0.5616038705025301 1.1549660992220259 -0.4720574562274824 
-0.5616038705025301 1.1549660992220259 -0.4720574562274824 
-0.5616038705025301 1.1549660992220259 -0.4720574562274824 
-0.5616038705025301 1.1549660992220259 -0.4720574562274824 
-0.5621579394087552 1.1570703150132302 -0.46826967767383954 
-0.5621579394087552 1.1570703150132302 -0.46826967767383954 
-0.5621579394087552 1.1570703150132302 -0.46826967767383954 
-0.5621579394087552 1.1570703150132302 -0.46826967767383954 
-0.5625014264581194 1.1583725508271225 -0.4658949783812776 
-0.5625014264581194 1.1583725508271225 -0.4658949783812776 
-0.5627693387065474 1.1593888822104388 -0.46405005615347394 
-0.5627693387065474 1.1593888822104388 -0.46405005615347394 
-0.5627693387065474 1.1593888822104388 -0.46405005615347394 
-0.5627693387065474 1.1593888822104388 -0.46405005615347394 
-0.5632679482681265 1.1612813900471555 -0.4606285568890205 
-0.5635396633383682 1.1623121525883258 -0.4587575072082597 
-0.5635396633383682 1.1623121525883258 -0.4587575072082597 
-0.5636693498152605 1.1628032216723163 -0.45785380920442575 
-0.5636693498152605 1.1628032216723163 -0.45785380920442575 
-0.5639371620371452 1.1638209593490252 -0.4560306945319894 
-0.5639371620371452 1.1638209593490252 -0.4560306945319894 
-0.5639371620371452 1.1638209593490252 -0.4560306945319894 
-0.5639371620371452 1.1638209593490252 -0.4560306945319894 
-0.5643841363211815 1.1655171620020703 -0.45295973823928626 
-0.5646912533157997 1.1666826265034338 -0.45084967754697614 
-0.5646912533157997 1.1666826265034338 -0.45084967754697614 
-0.5646912533157997 1.1666826265034338 -0.45084967754697614 
-0.5646912533157997 1.1666826265034338 -0.45084967754697614 
-0.5651447559307463 1.1684036032264993 -0.44773386807232063 
-0.5651447559307463 1.1684036032264993 -0.44773386807232063 
-0.5651447559307463 1.1684036032264993 -0.44773386807232063 
-0.5652882042625552 1.168947968863806 -0.4467483000587238 
-0.5652882042625552 1.168947968863806 -0.4467483000587238 
-0.5652882042625552 1.168947968863806 -0.4467483000587238 
-0.5658740278780631 1.1711716188183223 -0.44272969103451665 
-0.5658740278780631 1.1711716188183223 -0.44272969103451665 
-0.5660113389142412 1.1716921601036738 -0.44177997192804774 
-0.5660113389142412 1.1716921601036738 -0.44177997192804774 
-0.5663485979417022 1.172972543457054 -0.4394691367357313 
-0.5663485979417022 1.172972543457054 -0.4394691367357313 
-0.5667439717089238 1.1744729296243512 -0.43675270404198896 
-0.5667439717089238 1.1744729296243512 -0.43675270404198896 
-0.5667439717089238 1.1744729296243512 -0.43675270404198896 
-0.5670958931040058 1.1758071725583268 -0.43432005620969716 
-0.5670958931040058 1.1758071725583268 -0.43432005620969716 
-0.5672442499529602 1.1763714130832486 -0.43331552056970346 
-0.5675507224015081 1.177534431625653 -0.43120988825925033 
-0.5675507224015081 1.177534431625653 -0.43120988825925033 
-0.5675507224015081 1.177534431625653 -0.43120988825925033 
-0.5675507224015081 1.177534431625653 -0.43120988825925033 
-0.5679248261484152 1.1789541011473261 -0.42863959216679137 
-0.5679248261484152 1.1789541011473261 -0.42863959216679137 
-0.5679248261484152 1.1789541011473261 -0.42863959216679137 
-0.5683794132134041 1.1806795499871903 -0.4255205513831779 
-0.5683794132134041 1.1806795499871903 -0.4255205513831779 
-0.5683794132134041 1.1806795499871903 -0.4255205513831779 
-0.5683794132134041 1.1806795499871903 -0.4255205513831779 
-0.568989592940512 1.182994202662329 -0.42131774788094556 
-0.568989592940512 1.182994202662329 -0.42131774788094556 
-0.568989592940512 1.182994202662329 -0.42131774788094556 
-0.568989592940512 1.182994202662329 -0.42131774788094556 
-0.569355506644691 1.1843833263625418 -0.4188100394837827 
-0.5698043777357337 1.1860867271233781 -0.4157260510959002 
-0.5698043777357337 1.1860867271233781 -0.4157260510959002 
-0.5698043777357337 1.1860867271233781 -0.4157260510959002 
-0.5700547647091675 1.1870356616368787 -0.4139909999312976 
-0.5703484178282446 1.188150389467124 -0.4119776628348042 
-0.5703484178282446 1.188150389467124 -0.4119776628348042 
-0.5706551276091427 1.1893146654374105 -0.40987461937440495 
-0.5706551276091427 1.1893146654374105 -0.40987461937440495 
-0.5706551276091427 1.1893146654374105 -0.40987461937440495 
-0.570774415430334 1.1897685932133124 -0.4090698037561671 
-0.570774415430334 1.1897685932133124 -0.4090698037561671 
-0.570774415430334 1.1897685932133124 -0.4090698037561671 
-0.5713191233846808 1.1918353242001387 -0.4053231445711307 
-0.5714873839105024 1.1924729575289197 -0.4041565661953219 
-0.5714873839105024 1.1924729575289197 -0.4041565661953219 
-0.5714873839105024 1.1924729575289197 -0.4041565661953219 
-0.5714873839105024 1.1924729575289197 -0.4041565661953219 
-0.5714873839105024 1.1924729575289197 -0.4041565661953219 
-0.5719202262904769 1.1941151748673966 -0.40117848431288405 
-0.5719202262904769 1.1941151748673966 -0.40117848431288405 
-0.5719202262904769 1.1941151748673966 -0.40117848431288405 
-0.5724776000380503 1.1962306842765689 -0.39735324314825915 
-0.5724776000380503 1.1962306842765689 -0.39735324314825915 
-0.5725791904657159 1.19661745300793 -0.3966700182432972 
-0.5725791904657159 1.19661745300793 -0.3966700182432972 
-0.5725791904657159 1.19661745300793 -0.3966700182432972 
-0.5725791904657159 1.19661745300793 -0.3966700182432972 
-0.5729051755558514 1.197852914636129 -0.3944113474718538 
-0.5729051755558514 1.197852914636129 -0.3944113474718538 
-0.5729051755558514 1.197852914636129 -0.3944113474718538 
-0.5729051755558514 1.197852914636129 -0.3944113474718538 
-0.5729051755558514 1.197852914636129 -0.3944113474718538 
-0.5734571287383221 1.1999487447762016 -0.39063388563814017 
-0.5734571287383221 1.1999487447762016 -0.39063388563814017 
-0.57356387194565 1.2003529287935475 -0.38988996467929216 
-0.57356387194565 1.2003529287935475 -0.38988996467929216 
-0.57356387194565 1.2003529287935475 -0.38988996467929216 
-0.57356387194565 1.2003529287935475 -0.38988996467929216 
-0.5740655907475948 1.2022561653890147 -0.38643444488652356 
-0.5740655907475948 1.2022561653890147 -0.38643444488652356 
-0.5740655907475948 1.2022561653890147 -0.38643444488652356 
-0.5742221284314764 1.202850916793126 -0.3853673848138319 
-0.5742221284314764 1.202850916793126 -0.3853673848138319 
-0.5744818273214106 1.2038360796708594 -0.3835788928234074 
-0.5744818273214106 1.2038360796708594 -0.3835788928234074 
-0.5744818273214106 1.2038360796708594 -0.3835788928234074 
-0.5751129604551729 1.2062320294689848 -0.3792532022322468 
-0.5751129604551729 1.2062320294689848 -0.3792532022322468 
-0.5753716026851534 1.2072130050571024 -0.3774698718724778 
-0.5753716026851534 1.2072130050571024 -0.3774698718724778 
-0.5753716026851534 1.2072130050571024 -0.3774698718724778 
-0.5755804783211383 1.2080042287414166 -0.3760178818485991 
-0.575963465858907 1.2094583264840244 -0.37339501124569474 
-0.575963465858907 1.2094583264840244 -0.37339501124569474 
-0.575963465858907 1.2094583264840244 -0.37339501124569474 
-0.576390049930573 1.2110778648071252 -0.37047258570007413 
-0.576390049930573 1.2110778648071252 -0.37047258570007413 
-0.576390049930573 1.2110778648071252 -0.37047258570007413 
-0.5764655014816702 1.2113650835027516 -0.36996472963311566 
-0.5764655014816702 1.2113650835027516 -0.36996472963311566 
-0.5764655014816702 1.2113650835027516 -0.36996472963311566 
-0.577016118773784 1.2134545963562924 -0.36618168953779096 
-0.5771335747946292 1.2138987203769371 -0.3653557268223152 
-0.5771335747946292 1.2138987203769371 -0.3653557268223152 
-0.5771335747946292 1.2138987203769371 -0.3653557268223152 
-0.5771335747946292 1.2138987203769371 -0.3653557268223152 
-0.5775968384378495 1.2156579865643469 -0.36218761033213853 
-0.5775968384378495 1.2156579865643469 -0.36218761033213853 
-0.5777063744385684 1.2160736598181758 -0.3614350384668229 
-0.5779733999084126 1.2170857350150712 -0.35958567178770995 
-0.5779733999084126 1.2170857350150712 -0.35958567178770995 
-0.5779733999084126 1.2170857350150712 -0.35958567178770995 
-0.5784292739950656 1.2188164247016922 -0.3564620079179829 
-0.5784292739950656 1.2188164247016922 -0.3564620079179829 
-0.5788957654874824 1.2205852632393714 -0.3532400569284192 
-0.5789536129823316 1.2208074629715366 -0.35287427061554744 
