-0.5877625291894358 1.2464464212173116 -0.3497306827006079 
-0.5855437848563328 1.2380461107615062 -0.36494647133723757 
-0.5863988493897621 1.2412825098628264 -0.35907154165794064 
-0.5858026950478417 1.2390248000477988 -0.36315239454180437 
-0.5872898583293853 1.2446560706754175 -0.35296284192951843 
-0.5858820953934615 1.2393259626789037 -0.3626143736728439 
-0.5876880011895402 1.2461638853725217 -0.3502374210272996 
-0.5865278800127818 1.2417721169866078 -0.35819957851988393 
-0.58816740071359 1.2479793561265822 -0.34695490968682396 
-0.5869022713703866 1.243188044014531 -0.3556137703100992 
-0.5876200062032761 1.2459060849908627 -0.3506993694345859 
-0.5863389578078559 1.241056814907332 -0.35949481695195995 
-0.5870800360172914 1.2438616360763817 -0.3544013701461338 
-0.5861527429861821 1.2403510515369263 -0.36076305208761195 
-0.5876284400655065 1.2459380174955252 -0.3506415474199859 
-0.5863978140441395 1.241278945838162 -0.3590828607465204 
-0.5872328344781947 1.244439630499243 -0.35334745099825526 
-0.5860078851949031 1.2398016962252367 -0.3617456241494008 
-0.5879499491993789 1.2471556796201775 -0.34844152239440995 
-0.586344990543763 1.2410780531101737 -0.35943445165555266 
-0.5875906795867586 1.2457954038334906 -0.350904651648727 
-0.5859864076318142 1.2397216243957165 -0.36190765735731045 
-0.5875328845038191 1.2455772906685643 -0.3513093326553932 
-0.5863648979610927 1.241154674150906 -0.3593127521112959 
-0.5870872573383721 1.2438896896815337 -0.35436030288707676 
-0.5860214367941287 1.239853896677685 -0.361663278857586 
-0.5867343085087142 1.2425533458047964 -0.3567800972617432 
-0.5855417755662691 1.2380365459582623 -0.3649370438900942 
-0.5875794440700493 1.2457519725918411 -0.35097111802843584 
-0.5865103074005709 1.2417045150311168 -0.35830739273633005 
-0.5869338268605175 1.2433094773953781 -0.3554206309183493 
-0.5857759412748333 1.238924395270088 -0.36334638027818733 
-0.5875796989565025 1.2457538286906589 -0.3509799341403834 
-0.5859778911358408 1.2396877778705822 -0.3619470637193789 
-0.5876341426113032 1.245959608620122 -0.3506024511344029 
-0.58598782478299 1.239725742981105 -0.36188315703751917 
-0.587627175908914 1.2459332311135354 -0.35065021439591615 
-0.5858381913272781 1.2391597319817658 -0.3629153771142729 
-0.5875518247940646 1.2456479347972629 -0.351166816771433 
-0.5857153540325972 1.2386949983055215 -0.3637617624968552 
-0.5878355476414678 1.2467225295186402 -0.34922585208479195 
-0.5862318297447866 1.2406492467199364 -0.36020607702158014 
-0.5877405679289238 1.2463632709316481 -0.34988124768392037 
-0.5865876275597631 1.2419983346755459 -0.3577899531976364 
-0.5878843219110738 1.2469075559317968 -0.34889567966920343 
-0.5865499592327352 1.2418541107973362 -0.3580291995655016 
-0.5881929256329096 1.2480756432008895 -0.34677569166307154 
-0.5872055901904065 1.2443361233988437 -0.3535300383140205 
-0.5876147020433335 1.2458854672311357 -0.3507293916413615 
-0.5862820638213528 1.2408394442641184 -0.3598616754379025 
-0.5879988764635681 1.2473400382367323 -0.34809551663495975 
-0.5860965330225247 1.2401373368951405 -0.36113786037012197 
-0.5876956119368167 1.2461930574057012 -0.3501894630615252 
-0.5861782844858026 1.2404477574153787 -0.3605879412162638 
-0.5881964539888135 1.2480881113109468 -0.3467409378859313 
-0.5867638547087812 1.2426652143823993 -0.35657753042284956 
-0.5885674259675032 1.249494297991029 -0.34421658321460713 
-0.5861474814820236 1.2403314863228363 -0.3608033454460906 
-0.5875659777823927 1.2457018772306663 -0.35107400562365476 
-0.5861772399127594 1.2404441584536199 -0.36059932356744195 
-0.5879037290506797 1.2469806797122407 -0.3487584047479444 
-0.5868270642904623 1.242902224964815 -0.3561167227138441 
-0.5883438493206977 1.248647074323711 -0.3457409686096844 
-0.5872307567018308 1.2444322985831169 -0.35336803886990387 
-0.588563803340372 1.2494798698528555 -0.3442329780604316 
-0.5867040429828975 1.2424371525471791 -0.35696861356737 
-0.5877804672946607 1.246514338929635 -0.34960770021003673 
-0.586697293453994 1.2424119513902738 -0.35701908566274865 
-0.5882642462395912 1.2483453230767725 -0.3462825013652928 
-0.586665846405328 1.2422928857711388 -0.3572346845968367 
-0.5885703290011226 1.2495042214489358 -0.3441840177260236 
-0.586568543257387 1.241924474106297 -0.3579017886930682 
-0.5882541403397319 1.2483074158879033 -0.3463560075877371 
-0.5873141095969301 1.2447473564303881 -0.3527902340348025 
-0.5886847137109706 1.2499367727460755 -0.3433934607737459 
-0.5870266535158349 1.2436598739128226 -0.3547715779533407 
-0.5885099797972766 1.2492760817787898 -0.3446019887947437 
-0.5876199801277928 1.245905451249371 -0.3506932054352879 
-0.5894786743891061 1.2529437779926427 -0.33796068125350265 
-0.5879710615372156 1.247235615693118 -0.3482967775701161 
-0.5892572181744488 1.2521049387870877 -0.3394747499286339 
-0.5879290583196313 1.2470765820375123 -0.34858474891635116 
-0.5892652368027618 1.2521352991224837 -0.33941977473094564 
-0.587679744522837 1.246132267742706 -0.3502898073749361 
-0.58955460536994 1.2532300246892256 -0.3374253419959973 
-0.5880702747611759 1.2476112593365865 -0.34761657811609237 
-0.5895930685941365 1.2533765442271296 -0.3371721811481183 
-0.5885000510929443 1.2492384894647668 -0.3446700593502242 
-0.5895406271670751 1.2531763860601186 -0.33751271093543045 
-0.58832825310571 1.2485883795634258 -0.34585211607795674 
-0.589966941464144 1.2547928232948218 -0.33461737455632 
-0.5885928916507372 1.2495891137155548 -0.34402298688674726 
-0.5895529828054521 1.2532251264172012 -0.3374512275515632 
-0.5882986292147168 1.2484749697618518 -0.3460404311379395 
-0.5889118985469082 1.250797836817719 -0.34184645981232964 
-0.587780026253022 1.2465123130191282 -0.3496065031371416 
-0.589009864194577 1.251169112883343 -0.34117903448664055 
-0.5880144677357383 1.2473983602005165 -0.3479802052930676 
-0.5889638636294271 1.250995300395637 -0.3414986322154232 
-0.5876837323752204 1.246146831637459 -0.35025612414549534 
-0.5890701968181219 1.251396833749344 -0.34075695626551605 
-0.5874135611270426 1.2451244373685297 -0.35211474354032135 
-0.5889019532622748 1.2507598256995518 -0.341910423215406 
-0.5870589402597557 1.2437821188075857 -0.35455022212283216 
-0.5882604042966724 1.2483298875186204 -0.3462983009453613 
-0.5866800273436796 1.2423471130160797 -0.35714380377075594 
-0.5876111386522882 1.2458725104427444 -0.3507601647912928 
-0.5865696636468166 1.2419299632219827 -0.35790889179840124 
-0.5876729900511165 1.2461066937893 -0.35033611559669486 
-0.5873533630432403 1.2448959788317386 -0.3525211149427806 
-0.5879017621486381 1.2469719874543812 -0.34875712834301276 
-0.5864735896203264 1.2415658492607964 -0.35856334829149394 
-0.5876888574650961 1.246167483452295 -0.3502357712832834 
-0.5869711321273892 1.2434496574133105 -0.35515222900569 
-0.5872527087349225 1.2445154139316856 -0.35321753714918935 
-0.586299457095735 1.2409069002744664 -0.3597614104565283 
-0.5874752168755035 1.2453582359660498 -0.3516962565378824 
-0.5863494550084507 1.2410954915942725 -0.3594101863451977 
-0.5871727401608021 1.2442133469279149 -0.3537742381789224 
-0.5861307651453687 1.2402674824471178 -0.36090950991852044 
-0.5874519914583989 1.2452702992983962 -0.35185548849712545 
-0.5860849249276826 1.240093386029861 -0.3612174447184442 
-0.5871908573360938 1.2442812305851296 -0.35364158634378784 
-0.5863336207550731 1.2410355395395674 -0.3595187449634183 
-0.5880307998567765 1.2474617984449607 -0.34788721551046675 
-0.5862538902193432 1.240734729830217 -0.36007803484320333 
-0.5872542017024847 1.244521422671001 -0.3532115222859089 
-0.5862937803576598 1.2408857628911092 -0.3598045506319174 
-0.5879683044130608 1.2472248205718124 -0.3483114594093266 
-0.5859177686006629 1.2394610294874648 -0.362369800468858 
-0.5878270526686123 1.2466894745941515 -0.3492735294728856 
-0.585920136298622 1.2394707061807433 -0.36236200933636564 
-0.5866726527602534 1.242319547207276 -0.3571985842641823 
-0.5856495145136232 1.2384460710639602 -0.3642173748114038 
-0.5873595253532785 1.2449198457412833 -0.3524852093143883 
-0.5864248061233 1.2413807879105456 -0.35889358396968085 
-0.5875746165224112 1.2457342294214597 -0.35101055815429794 
-0.586419994888201 1.2413632835440565 -0.35893501113845616 
-0.586955951146319 1.2433925348222927 -0.355260529657051 
-0.5865702487233803 1.2419314663990457 -0.35789643889952427 
-0.5880890710164965 1.2476824261987278 -0.3474877122039046 
-0.5866587193554746 1.2422667921941029 -0.3572941107872083 
-0.587518679900048 1.245522440752681 -0.35139405602355844 
-0.5861089992674624 1.240184536910238 -0.3610523926001826 
-0.5879112805618703 1.247008380395638 -0.3486960684780632 
-0.5866289775050398 1.2421545388674642 -0.35750223981826157 
-0.5876871522668651 1.2461606711597988 -0.35024324118631833 
-0.5860001380333445 1.2397736107928037 -0.3618135226114412 
-0.5876502149030711 1.2460208179692478 -0.3504964813662341 
-0.5861577996125518 1.2403701970648857 -0.3607283841838914 
-0.5876058771481297 1.2458529452286538 -0.3508004581497708 
-0.5865111563232461 1.2417077292438399 -0.35830157257731143 
-0.5875887621578586 1.2457877879878136 -0.3509135765915169 
-0.5858077701290525 1.239044015449948 -0.36311760011288774 
-0.5875083525420997 1.2454836950735362 -0.3514690805483549 
-0.5862245046345019 1.2406227573233153 -0.3602710588627289 
-0.5870919294813635 1.2439080895779668 -0.3543366895636949 
-0.5865510372341424 1.2418587273676374 -0.3580281516286238 
-0.5880083807065628 1.2473760234443938 -0.3480303561589885 
-0.5862181488163976 1.2405983367350315 -0.360310413115172 
-0.5872565270124214 1.244530226818895 -0.3531955801112052 
-0.5861689924734766 1.2404125757608984 -0.3606516466524805 
-0.587559362135018 1.2456752277470642 -0.35110037989052945 
-0.5863648979610927 1.241154674150906 -0.3593127521112959 
-0.5878397738000033 1.2467385307080663 -0.34919687781489406 
-0.5865073712063493 1.2416937539649202 -0.35833174392010436 
-0.5878716360825866 1.2468591684964685 -0.3489784320638948 
-0.5861090585035479 1.2401860082600196 -0.3610667709042893 
-0.5878823384287315 1.2468984448697924 -0.3488902961118663 
-0.5865181396059365 1.241734525554571 -0.35825791646820293 
-0.5881515332996102 1.2479185664635868 -0.3470552540002354 
-0.5869103160741831 1.2432190380914188 -0.3555649591117085 
-0.5874551398832892 1.2452818639177734 -0.35182968227359634 
-0.586184605268765 1.2404716893253283 -0.360544606336613 
-0.5880662534804286 1.2475956778332913 -0.34763992693123325 
-0.5866007522875873 1.2420489169510833 -0.3577105114439493 
-0.5873732796879905 1.2449726348095655 -0.3523993521359262 
-0.5862591517235012 1.2407542950443073 -0.36003774148472534 
-0.5876531157943888 1.2460309103568574 -0.35046602944576055 
-0.5860152763586302 1.239829680838185 -0.3616949508083781 
-0.5878070014841197 1.2466135562871148 -0.3494109990984061 
-0.5859431236773365 1.2395573855539763 -0.3622001885270707 
-0.5873259983859469 1.2447936171357252 -0.3527235096882342 
-0.5864497201583347 1.2414751180665504 -0.3587227749549985 
-0.5876025330728717 1.2458409958602408 -0.3508318265654591 
-0.5861274210701105 1.2402555330787048 -0.36094087833420885 
-0.587550789448442 1.2456443707725984 -0.3511781358600128 
-0.5859757922268104 1.2396801850094643 -0.36196565146535076 
-0.5876184945131109 1.245899826377105 -0.35070339071357104 
-0.5862764531367197 1.2408198020970886 -0.3599191241134182 
-0.5878277154361022 1.2466925189951856 -0.3492753283529193 
-0.5864702547724886 1.241553934829478 -0.3585946534445843 
-0.5880571736987714 1.2475612997319918 -0.3477021773276948 
-0.5865523271984563 1.2418639674908667 -0.35802352854249997 
-0.5876409394710462 1.2459860551189124 -0.35056429395485544 
-0.5865307569709178 1.2417814067030228 -0.35816084903200296 
-0.5878493112036003 1.2467753535240176 -0.3491399316437317 
-0.5863391368779225 1.2410567808522226 -0.35948514760739614 
-0.5873080344730004 1.2447252456821616 -0.3528424482889989 
-0.5860915190519392 1.2401192439128175 -0.36118279942554465 
