-0.697762529189436 1.1764464212173116 -0.3497306827006077 
-0.695543784856333 1.168046110761506 -0.3649464713372378 
-0.6963988493897622 1.1712825098628261 -0.35907154165794064 
-0.695802695047842 1.169024800047799 -0.3631523945418048 
-0.6972898583293854 1.1746560706754174 -0.35296284192951854 
-0.6958820953934616 1.1693259626789037 -0.3626143736728442 
-0.6976880011895406 1.176163885372522 -0.3502374210272995 
-0.696527880012782 1.171772116986608 -0.35819957851988393 
-0.6981674007135902 1.1779793561265821 -0.3469549096868243 
-0.6969022713703868 1.1731880440145313 -0.35561377031009944 
-0.6976200062032762 1.1759060849908627 -0.35069936943458613 
-0.696338957807856 1.1710568149073317 -0.35949481695195995 
-0.6970800360172915 1.1738616360763814 -0.35440137014613393 
-0.6961527429861823 1.1703510515369266 -0.3607630520876126 
-0.6976284400655065 1.1759380174955252 -0.350641547419986 
-0.6963978140441397 1.171278945838162 -0.35908286074652074 
-0.697232834478195 1.1744396304992433 -0.35334745099825526 
-0.6960078851949034 1.1698016962252369 -0.3617456241494006 
-0.6979499491993791 1.1771556796201774 -0.34844152239440984 
-0.6963449905437632 1.1710780531101739 -0.3594344516555529 
-0.6975906795867588 1.1757954038334908 -0.350904651648727 
-0.6959864076318145 1.1697216243957165 -0.36190765735731034 
-0.6975328845038193 1.1755772906685642 -0.3513093326553932 
-0.6956972036967036 1.1686262770400175 -0.3638862000271813 
-0.6970872573383723 1.1738896896815336 -0.3543603028870771 
-0.6960214367941289 1.1698538966776852 -0.361663278857586 
-0.6967343085087145 1.1725533458047965 -0.3567800972617433 
-0.6955417755662692 1.168036545958262 -0.3649370438900943 
-0.6975794440700496 1.1757519725918415 -0.3509711180284363 
-0.696510307400571 1.1717045150311165 -0.3583073927363305 
-0.6969338268605176 1.173309477395378 -0.3554206309183494 
-0.6957759412748337 1.168924395270088 -0.36334638027818755 
-0.6975796989565028 1.175753828690659 -0.3509799341403834 
-0.6959778911358409 1.1696877778705819 -0.3619470637193791 
-0.6976341426113033 1.1759596086201218 -0.35060245113440336 
-0.6959878247829903 1.1697257429811054 -0.36188315703751883 
-0.697627175908914 1.1759332311135353 -0.35065021439591626 
-0.6958381913272783 1.169159731981766 -0.36291537711427313 
-0.6975518247940646 1.1756479347972624 -0.35116681677143313 
-0.6957153540325974 1.1686949983055221 -0.36376176249685543 
-0.697835547641468 1.1767225295186405 -0.3492258520847922 
-0.6962318297447868 1.1706492467199365 -0.36020607702158025 
-0.697740567928924 1.176363270931648 -0.3498812476839207 
-0.6965876275597632 1.1719983346755458 -0.3577899531976365 
-0.6978843219110741 1.1769075559317967 -0.34889567966920354 
-0.6965499592327354 1.1718541107973361 -0.3580291995655016 
-0.6981929256329098 1.1780756432008894 -0.3467756916630713 
-0.6972055901904066 1.1743361233988439 -0.3535300383140205 
-0.6976147020433338 1.1758854672311356 -0.3507293916413615 
-0.6962820638213529 1.1708394442641183 -0.35986167543790215 
-0.6979988764635683 1.1773400382367325 -0.3480955166349604 
-0.6960965330225249 1.1701373368951404 -0.36113786037012197 
-0.697695611936817 1.1761930574057011 -0.3501894630615249 
-0.6961782844858028 1.1704477574153789 -0.36058794121626403 
-0.6981964539888137 1.178088111310947 -0.3467409378859312 
-0.6967638547087815 1.1726652143823995 -0.3565775304228498 
-0.6985674259675033 1.179494297991029 -0.3442165832146069 
-0.6961474814820239 1.170331486322836 -0.3608033454460907 
-0.6975659777823929 1.1757018772306667 -0.3510740056236549 
-0.6961772399127597 1.1704441584536198 -0.36059932356744206 
-0.69790372905068 1.176980679712241 -0.34875840474794495 
-0.6968270642904624 1.1729022249648149 -0.3561167227138444 
-0.6983438493206979 1.178647074323711 -0.3457409686096846 
-0.6972307567018309 1.1744322985831168 -0.35336803886990364 
-0.6985638033403722 1.1794798698528557 -0.34423297806043207 
-0.6967040429828976 1.1724371525471788 -0.35696861356737 
-0.6977804672946609 1.1765143389296349 -0.34960770021003695 
-0.6966972934539941 1.1724119513902738 -0.35701908566274876 
-0.6982642462395913 1.1783453230767722 -0.3462825013652929 
-0.6966658464053282 1.1722928857711388 -0.3572346845968367 
-0.6985703290011227 1.1795042214489355 -0.3441840177260238 
-0.6965685432573873 1.171924474106297 -0.3579017886930681 
-0.6982541403397321 1.1783074158879034 -0.3463560075877369 
-0.6973141095969303 1.1747473564303883 -0.3527902340348026 
-0.6986847137109709 1.1799367727460754 -0.3433934607737459 
-0.6970266535158351 1.1736598739128226 -0.354771577953341 
-0.6985099797972769 1.17927608177879 -0.3446019887947438 
-0.6976199801277929 1.175905451249371 -0.3506932054352879 
-0.6994786743891064 1.182943777992643 -0.337960681253503 
-0.6979710615372159 1.177235615693118 -0.3482967775701167 
-0.6992572181744489 1.1821049387870877 -0.33947474992863413 
-0.6979290583196315 1.1770765820375124 -0.3485847489163513 
-0.6992652368027619 1.1821352991224834 -0.33941977473094564 
-0.6976797445228371 1.1761322677427057 -0.3502898073749362 
-0.6995546053699401 1.1832300246892256 -0.3374253419959973 
-0.6980702747611761 1.1776112593365866 -0.34761657811609226 
-0.6995930685941365 1.1833765442271296 -0.3371721811481183 
-0.6985000510929447 1.1792384894647672 -0.34467005935022443 
-0.6995406271670753 1.1831763860601185 -0.33751271093543034 
-0.6983282531057103 1.1785883795634262 -0.34585211607795663 
-0.6999669414641442 1.1847928232948217 -0.33461737455632046 
-0.6985928916507375 1.179589113715555 -0.3440229868867477 
-0.6995529828054523 1.1832251264172016 -0.33745122755156365 
-0.698298629214717 1.178474969761852 -0.34604043113793914 
-0.6989118985469084 1.1807978368177192 -0.34184645981232953 
-0.6977800262530223 1.1765123130191284 -0.3496065031371415 
-0.6990098641945772 1.1811691128833428 -0.34117903448664055 
-0.6980144677357385 1.1773983602005165 -0.3479802052930677 
-0.6989638636294272 1.1809953003956373 -0.341498632215423 
-0.6976837323752205 1.1761468316374593 -0.35025612414549534 
-0.699070196818122 1.1813968337493437 -0.3407569562655157 
-0.6974135611270427 1.17512443736853 -0.3521147435403216 
-0.6989019532622749 1.1807598256995515 -0.341910423215406 
-0.6970589402597559 1.173782118807586 -0.35455022212283216 
-0.6982604042966726 1.1783298875186203 -0.3462983009453614 
-0.6966800273436796 1.1723471130160796 -0.3571438037707557 
-0.6976111386522883 1.175872510442744 -0.350760164791293 
-0.6965696636468168 1.1719299632219826 -0.35790889179840135 
-0.6976729900511166 1.1761066937892999 -0.35033611559669475 
-0.6973533630432405 1.1748959788317384 -0.3525211149427807 
-0.6979017621486383 1.1769719874543814 -0.3487571283430123 
-0.6964735896203266 1.1715658492607965 -0.35856334829149394 
-0.6976888574650965 1.1761674834522953 -0.35023577128328376 
-0.6969711321273894 1.1734496574133109 -0.35515222900569043 
-0.6972527087349225 1.1745154139316856 -0.35321753714918924 
-0.6962994570957353 1.1709069002744663 -0.3597614104565281 
-0.6974752168755037 1.17535823596605 -0.3516962565378827 
-0.6963494550084508 1.1710954915942726 -0.3594101863451975 
-0.6971727401608023 1.174213346927915 -0.35377423817892284 
-0.6961307651453688 1.1702674824471178 -0.36090950991852044 
-0.6974519914583991 1.1752702992983963 -0.35185548849712556 
-0.6960849249276828 1.170093386029861 -0.36121744471844386 
-0.6971908573360939 1.1742812305851296 -0.3536415863437876 
-0.6963336207550732 1.1710355395395668 -0.35951874496341807 
-0.6980307998567767 1.177461798444961 -0.347887215510467 
-0.6962538902193433 1.1707347298302169 -0.3600780348432032 
-0.697254201702485 1.1745214226710012 -0.353211522285909 
-0.6962937803576599 1.1708857628911093 -0.3598045506319175 
-0.6979683044130609 1.1772248205718123 -0.34831145940932695 
-0.6959177686006631 1.1694610294874648 -0.36236980046885825 
-0.6978270526686126 1.1766894745941514 -0.3492735294728856 
-0.6959201362986223 1.1694707061807432 -0.36236200933636564 
-0.6966726527602536 1.172319547207276 -0.3571985842641825 
-0.6956495145136234 1.1684460710639601 -0.3642173748114036 
-0.6973595253532785 1.174919845741283 -0.3524852093143883 
-0.6964248061233002 1.1713807879105456 -0.35889358396968085 
-0.6975746165224113 1.1757342294214597 -0.3510105581542978 
-0.6964199948882013 1.1713632835440566 -0.35893501113845605 
-0.6969559511463193 1.1733925348222927 -0.355260529657051 
-0.6965702487233802 1.1719314663990454 -0.3578964388995245 
-0.6980890710164968 1.177682426198728 -0.3474877122039043 
-0.696658719355475 1.172266792194103 -0.3572941107872085 
-0.6975186799000481 1.175522440752681 -0.35139405602355867 
-0.6961089992674626 1.1701845369102377 -0.36105239260018274 
-0.6979112805618705 1.177008380395638 -0.3486960684780639 
-0.6966289775050402 1.1721545388674641 -0.35750223981826135 
-0.6976871522668653 1.176160671159799 -0.3502432411863181 
-0.6960001380333447 1.1697736107928038 -0.3618135226114414 
-0.6976502149030713 1.1760208179692482 -0.35049648136623435 
-0.696157799612552 1.1703701970648859 -0.36072838418389197 
-0.6976058771481299 1.175852945228654 -0.350800458149771 
-0.6965111563232462 1.1717077292438396 -0.35830157257731154 
-0.6975887621578587 1.1757877879878136 -0.3509135765915171 
-0.6958077701290527 1.169044015449948 -0.3631176001128884 
-0.6975083525420999 1.1754836950735366 -0.35146908054835546 
-0.6962245046345021 1.1706227573233154 -0.36027105886272937 
-0.6970919294813636 1.1739080895779666 -0.3543366895636948 
-0.6965510372341424 1.171858727367637 -0.3580281516286239 
-0.698008380706563 1.1773760234443937 -0.3480303561589886 
-0.6962181488163978 1.1705983367350314 -0.36031041311517176 
-0.6972565270124216 1.174530226818895 -0.35319558011120533 
-0.6961689924734769 1.1704125757608983 -0.3606516466524806 
-0.6975593621350182 1.1756752277470643 -0.3511003798905298 
-0.696364897961093 1.1711546741509062 -0.3593127521112961 
-0.6978397738000035 1.1767385307080664 -0.34919687781489406 
-0.6965073712063495 1.1716937539649201 -0.3583317439201046 
-0.6978716360825868 1.1768591684964684 -0.3489784320638949 
-0.6961090585035482 1.1701860082600195 -0.3610667709042893 
-0.6978823384287317 1.1768984448697923 -0.3488902961118666 
-0.6965181396059367 1.171734525554571 -0.35825791646820304 
-0.6981515332996103 1.1779185664635867 -0.34705525400023574 
-0.6969103160741831 1.1732190380914187 -0.3555649591117087 
-0.6974551398832894 1.1752818639177736 -0.35182968227359646 
-0.6961846052687651 1.1704716893253282 -0.3605446063366131 
-0.6980662534804287 1.177595677833291 -0.34763992693123313 
-0.6966007522875876 1.1720489169510835 -0.3577105114439495 
-0.6973732796879906 1.1749726348095655 -0.3523993521359262 
-0.6962591517235015 1.1707542950443073 -0.36003774148472556 
-0.697653115794389 1.1760309103568576 -0.35046602944576033 
-0.6960152763586304 1.169829680838185 -0.361694950808378 
-0.6978070014841198 1.176613556287115 -0.3494109990984061 
-0.6959431236773366 1.1695573855539765 -0.3622001885270709 
-0.6973259983859471 1.174793617135725 -0.35272350968823407 
-0.6964497201583348 1.1714751180665504 -0.3587227749549988 
-0.6976025330728718 1.1758409958602405 -0.35083182656545897 
-0.6961274210701107 1.1702555330787046 -0.36094087833420885 
-0.6975507894484422 1.1756443707725985 -0.3511781358600129 
-0.6959757922268106 1.1696801850094645 -0.36196565146535076 
-0.6976184945131112 1.1758998263771054 -0.35070339071357104 
-0.6962764531367199 1.1708198020970886 -0.3599191241134182 
-0.6978277154361023 1.1766925189951856 -0.3492753283529192 
-0.6964702547724888 1.171553934829478 -0.3585946534445845 
-0.6980571736987716 1.1775612997319918 -0.34770217732769537 
-0.6965523271984565 1.171863967490867 -0.35802352854249986 
-0.6976409394710464 1.1759860551189123 -0.35056429395485567 
-0.696530756970918 1.1717814067030228 -0.35816084903200285 
-0.6978493112036004 1.1767753535240173 -0.34913993164373147 
-0.6963391368779228 1.1710567808522228 -0.3594851476073966 
-0.6973080344730007 1.1747252456821617 -0.35284244828899913 
-0.6960915190519393 1.1701192439128179 -0.3611827994255443 
