-0.5877625291894358 1.1764464212173114 -0.3497306827006077 
-0.5855437848563328 1.168046110761506 -0.3649464713372377 
-0.5863988493897621 1.1712825098628263 -0.35907154165794064 
-0.5858026950478419 1.169024800047799 -0.3631523945418045 
-0.5872898583293852 1.1746560706754177 -0.35296284192951854 
-0.5858820953934614 1.1693259626789037 -0.362614373672844 
-0.5876880011895402 1.1761638853725218 -0.3502374210272997 
-0.5865278800127818 1.171772116986608 -0.3581995785198837 
-0.58816740071359 1.177979356126582 -0.34695490968682396 
-0.5869022713703866 1.1731880440145313 -0.35561377031009933 
-0.5876200062032761 1.1759060849908627 -0.35069936943458624 
-0.5863389578078559 1.1710568149073317 -0.35949481695195995 
-0.5870800360172914 1.1738616360763816 -0.35440137014613404 
-0.586152742986182 1.1703510515369264 -0.3607630520876123 
-0.5876284400655063 1.1759380174955252 -0.3506415474199859 
-0.5863978140441394 1.1712789458381618 -0.3590828607465205 
-0.5872328344781949 1.174439630499243 -0.35334745099825515 
-0.5860078851949032 1.1698016962252367 -0.3617456241494006 
-0.5879499491993788 1.177155679620177 -0.34844152239440995 
-0.5863449905437631 1.1710780531101739 -0.35943445165555277 
-0.5875906795867586 1.1757954038334903 -0.350904651648727 
-0.5859864076318143 1.1697216243957165 -0.36190765735731045 
-0.5875328845038192 1.1755772906685644 -0.3513093326553932 
-0.5863648979610928 1.1711546741509062 -0.3593127521112962 
-0.5870872573383721 1.1738896896815334 -0.3543603028870769 
-0.5860214367941287 1.169853896677685 -0.361663278857586 
-0.5867343085087142 1.1725533458047963 -0.3567800972617432 
-0.5855417755662691 1.1680365459582622 -0.36493704389009396 
-0.5875794440700494 1.1757519725918415 -0.35097111802843606 
-0.5865103074005709 1.1717045150311167 -0.3583073927363304 
-0.5869338268605173 1.1733094773953778 -0.3554206309183492 
-0.5857759412748333 1.1689243952700878 -0.3633463802781872 
-0.5875796989565025 1.1757538286906586 -0.3509799341403833 
-0.5859778911358406 1.1696877778705819 -0.36194706371937924 
-0.5876341426113032 1.1759596086201218 -0.35060245113440314 
-0.5859878247829902 1.1697257429811054 -0.36188315703751917 
-0.5876271759089139 1.1759332311135355 -0.35065021439591615 
-0.5858381913272781 1.1691597319817661 -0.36291537711427313 
-0.5875518247940645 1.1756479347972624 -0.35116681677143313 
-0.5857153540325971 1.1686949983055215 -0.3637617624968552 
-0.5878355476414677 1.17672252951864 -0.34922585208479195 
-0.5862318297447866 1.1706492467199363 -0.3602060770215799 
-0.5877405679289237 1.1763632709316476 -0.3498812476839206 
-0.5865876275597632 1.171998334675546 -0.3577899531976364 
-0.5878843219110739 1.1769075559317965 -0.3488956796692033 
-0.5865499592327353 1.1718541107973364 -0.35802919956550194 
-0.5881929256329095 1.1780756432008894 -0.34677569166307143 
-0.5872055901904065 1.1743361233988436 -0.3535300383140204 
-0.5876147020433335 1.1758854672311359 -0.35072939164136163 
-0.5862820638213528 1.1708394442641183 -0.35986167543790226 
-0.5879988764635682 1.1773400382367325 -0.3480955166349601 
-0.5860965330225247 1.1701373368951404 -0.3611378603701222 
-0.5876956119368169 1.176193057405701 -0.35018946306152476 
-0.5861782844858024 1.1704477574153787 -0.3605879412162637 
-0.5881964539888135 1.178088111310947 -0.3467409378859314 
-0.5867638547087813 1.1726652143823992 -0.35657753042285 
-0.5885674259675031 1.1794942979910288 -0.3442165832146068 
-0.5861474814820236 1.170331486322836 -0.3608033454460904 
-0.5875659777823927 1.1757018772306664 -0.35107400562365465 
-0.5861772399127595 1.1704441584536198 -0.36059932356744195 
-0.5879037290506797 1.1769806797122406 -0.34875840474794473 
-0.5868270642904622 1.172902224964815 -0.3561167227138444 
-0.5883438493206977 1.178647074323711 -0.34574096860968395 
-0.5872307567018308 1.174432298583117 -0.35336803886990387 
-0.5885638033403718 1.1794798698528555 -0.34423297806043196 
-0.5867040429828975 1.172437152547179 -0.35696861356737 
-0.5877804672946607 1.1765143389296349 -0.34960770021003684 
-0.5866972934539941 1.172411951390274 -0.35701908566274887 
-0.5882642462395911 1.1783453230767724 -0.3462825013652928 
-0.586665846405328 1.1722928857711388 -0.3572346845968367 
-0.5885703290011226 1.1795042214489357 -0.3441840177260238 
-0.5865685432573872 1.171924474106297 -0.3579017886930682 
-0.5882541403397317 1.1783074158879032 -0.3463560075877369 
-0.5873141095969301 1.174747356430388 -0.3527902340348026 
-0.5886847137109708 1.1799367727460754 -0.343393460773746 
-0.5870266535158347 1.1736598739128221 -0.3547715779533409 
-0.5885099797972766 1.1792760817787897 -0.3446019887947438 
-0.5876199801277928 1.175905451249371 -0.35069320543528815 
-0.5894786743891061 1.1829437779926426 -0.33796068125350287 
-0.5879710615372156 1.1772356156931176 -0.3482967775701161 
-0.5892572181744488 1.1821049387870879 -0.33947474992863425 
-0.5879290583196313 1.1770765820375122 -0.3485847489163513 
-0.5892652368027618 1.1821352991224834 -0.33941977473094564 
-0.587679744522837 1.1761322677427057 -0.35028980737493653 
-0.58955460536994 1.1832300246892258 -0.33742534199599705 
-0.5880702747611759 1.1776112593365862 -0.3476165781160925 
-0.5895930685941364 1.1833765442271296 -0.33717218114811875 
-0.5885000510929445 1.179238489464767 -0.3446700593502243 
-0.5895406271670751 1.1831763860601185 -0.33751271093543034 
-0.58832825310571 1.178588379563426 -0.34585211607795674 
-0.589966941464144 1.1847928232948215 -0.3346173745563201 
-0.5885928916507374 1.179589113715555 -0.3440229868867475 
-0.589552982805452 1.1832251264172011 -0.33745122755156354 
-0.5882986292147169 1.178474969761852 -0.3460404311379396 
-0.5889118985469081 1.180797836817719 -0.34184645981232964 
-0.587780026253022 1.1765123130191282 -0.3496065031371416 
-0.589009864194577 1.1811691128833428 -0.34117903448664066 
-0.5880144677357384 1.1773983602005165 -0.3479802052930676 
-0.5889638636294272 1.1809953003956373 -0.34149863221542276 
-0.5876837323752204 1.1761468316374593 -0.35025612414549556 
-0.5890701968181219 1.181396833749344 -0.34075695626551594 
-0.5874135611270426 1.1751244373685297 -0.35211474354032146 
-0.5889019532622748 1.1807598256995515 -0.34191042321540577 
-0.5870589402597557 1.1737821188075857 -0.35455022212283205 
-0.5882604042966724 1.1783298875186206 -0.3462983009453615 
-0.5866800273436795 1.1723471130160796 -0.35714380377075594 
-0.5876111386522882 1.1758725104427443 -0.350760164791293 
-0.5865696636468167 1.1719299632219828 -0.35790889179840113 
-0.5876729900511164 1.1761066937893 -0.35033611559669475 
-0.5873533630432404 1.1748959788317384 -0.3525211149427807 
-0.5879017621486382 1.1769719874543814 -0.34875712834301253 
-0.5864735896203264 1.171565849260796 -0.35856334829149417 
-0.5876888574650962 1.176167483452295 -0.3502357712832833 
-0.586971132127389 1.1734496574133104 -0.3551522290056902 
-0.5872527087349224 1.1745154139316856 -0.3532175371491896 
-0.5862994570957352 1.1709069002744663 -0.35976141045652854 
-0.5874752168755034 1.1753582359660497 -0.3516962565378827 
-0.5863494550084507 1.1710954915942728 -0.3594101863451976 
-0.587172740160802 1.1742133469279148 -0.3537742381789226 
-0.5861307651453687 1.1702674824471178 -0.36090950991852055 
-0.5874519914583988 1.175270299298396 -0.35185548849712545 
-0.5860849249276827 1.1700933860298612 -0.3612174447184442 
-0.5871908573360938 1.1742812305851296 -0.35364158634378773 
-0.5863336207550731 1.1710355395395668 -0.3595187449634182 
-0.5880307998567765 1.1774617984449607 -0.34788721551046664 
-0.5862538902193433 1.170734729830217 -0.3600780348432032 
-0.5872542017024848 1.174521422671001 -0.3532115222859089 
-0.5862937803576598 1.1708857628911093 -0.3598045506319174 
-0.5879683044130608 1.1772248205718123 -0.34831145940932684 
-0.5859177686006629 1.169461029487465 -0.36236980046885825 
-0.5878270526686125 1.1766894745941516 -0.3492735294728858 
-0.585920136298622 1.169470706180743 -0.362362009336366 
-0.5866726527602533 1.172319547207276 -0.3571985842641823 
-0.5856495145136233 1.1684460710639604 -0.3642173748114037 
-0.5873595253532785 1.1749198457412837 -0.35248520931438854 
-0.5864248061233 1.1713807879105456 -0.35889358396968096 
-0.587574616522411 1.1757342294214597 -0.35101055815429805 
-0.586419994888201 1.1713632835440564 -0.35893501113845594 
-0.5869559511463189 1.1733925348222924 -0.355260529657051 
-0.5865702487233801 1.1719314663990459 -0.35789643889952427 
-0.5880890710164965 1.1776824261987278 -0.3474877122039044 
-0.5866587193554746 1.1722667921941026 -0.3572941107872084 
-0.587518679900048 1.175522440752681 -0.35139405602355833 
-0.5861089992674625 1.1701845369102382 -0.36105239260018296 
-0.5879112805618705 1.1770083803956382 -0.34869606847806367 
-0.58662897750504 1.1721545388674643 -0.35750223981826124 
-0.587687152266865 1.1761606711597987 -0.3502432411863182 
-0.5860001380333446 1.1697736107928036 -0.3618135226114413 
-0.587650214903071 1.1760208179692477 -0.35049648136623457 
-0.5861577996125518 1.1703701970648857 -0.36072838418389164 
-0.5876058771481297 1.1758529452286537 -0.350800458149771 
-0.586511156323246 1.1717077292438396 -0.35830157257731166 
-0.5875887621578586 1.1757877879878138 -0.350913576591517 
-0.5858077701290526 1.169044015449948 -0.36311760011288796 
-0.5875083525420994 1.1754836950735361 -0.3514690805483549 
-0.5862245046345019 1.1706227573233152 -0.36027105886272914 
-0.5870919294813635 1.1739080895779668 -0.3543366895636946 
-0.5865510372341424 1.1718587273676375 -0.3580281516286241 
-0.5880083807065629 1.1773760234443937 -0.3480303561589886 
-0.5862181488163977 1.1705983367350317 -0.36031041311517187 
-0.5872565270124213 1.1745302268188949 -0.3531955801112051 
-0.5861689924734765 1.170412575760898 -0.3606516466524805 
-0.587559362135018 1.1756752277470641 -0.3511003798905292 
-0.5863648979610928 1.1711546741509062 -0.3593127521112962 
-0.5878397738000034 1.1767385307080662 -0.34919687781489406 
-0.5865073712063492 1.1716937539649201 -0.3583317439201046 
-0.5878716360825866 1.1768591684964684 -0.34897843206389445 
-0.586109058503548 1.1701860082600195 -0.3610667709042893 
-0.5878823384287315 1.1768984448697921 -0.3488902961118665 
-0.5865181396059365 1.171734525554571 -0.35825791646820315 
-0.5881515332996101 1.1779185664635867 -0.34705525400023574 
-0.586910316074183 1.1732190380914187 -0.3555649591117087 
-0.5874551398832892 1.1752818639177736 -0.351829682273596 
-0.5861846052687649 1.1704716893253277 -0.36054460633661267 
-0.5880662534804285 1.1775956778332912 -0.34763992693123313 
-0.5866007522875873 1.1720489169510835 -0.3577105114439496 
-0.5873732796879905 1.1749726348095653 -0.3523993521359262 
-0.5862591517235012 1.170754295044307 -0.36003774148472545 
-0.587653115794389 1.1760309103568574 -0.35046602944576066 
-0.5860152763586303 1.1698296808381852 -0.36169495080837843 
-0.5878070014841197 1.176613556287115 -0.34941099909840645 
-0.5859431236773363 1.169557385553976 -0.3622001885270708 
-0.5873259983859469 1.1747936171357252 -0.3527235096882342 
-0.5864497201583346 1.1714751180665504 -0.35872277495499905 
-0.5876025330728717 1.1758409958602405 -0.35083182656545886 
-0.5861274210701105 1.1702555330787046 -0.36094087833420885 
-0.587550789448442 1.1756443707725983 -0.35117813586001256 
-0.5859757922268104 1.1696801850094647 -0.36196565146535087 
-0.5876184945131111 1.1758998263771052 -0.35070339071357126 
-0.5862764531367197 1.1708198020970886 -0.3599191241134182 
-0.5878277154361021 1.1766925189951858 -0.3492753283529195 
-0.5864702547724887 1.171553934829478 -0.3585946534445841 
-0.5880571736987714 1.1775612997319918 -0.34770217732769526 
-0.5865523271984563 1.1718639674908666 -0.35802352854249997 
-0.5876409394710462 1.1759860551189123 -0.3505642939548559 
-0.5865307569709179 1.171781406703023 -0.3581608490320033 
-0.5878493112036003 1.1767753535240173 -0.3491399316437316 
-0.5863391368779225 1.1710567808522225 -0.3594851476073966 
-0.5873080344730004 1.1747252456821615 -0.352842448288999 
-0.5860915190519391 1.1701192439128176 -0.36118279942554454 
