-0.6427625291894359 1.1764464212173114 -0.3497306827006076 
-0.6405437848563329 1.168046110761506 -0.3649464713372377 
-0.6413988493897622 1.1712825098628261 -0.35907154165794075 
-0.6408026950478419 1.1690248000477987 -0.3631523945418048 
-0.6422898583293853 1.1746560706754174 -0.3529628419295182 
-0.6408820953934616 1.1693259626789037 -0.3626143736728442 
-0.6426880011895404 1.176163885372522 -0.3502374210272996 
-0.6415278800127819 1.171772116986608 -0.3581995785198838 
-0.64316740071359 1.1779793561265821 -0.34695490968682363 
-0.6419022713703868 1.1731880440145313 -0.35561377031009944 
-0.6426200062032762 1.1759060849908625 -0.3506993694345859 
-0.641338957807856 1.1710568149073315 -0.35949481695196006 
-0.6420800360172915 1.1738616360763812 -0.35440137014613393 
-0.6411527429861822 1.1703510515369264 -0.36076305208761217 
-0.6426284400655065 1.1759380174955252 -0.3506415474199859 
-0.6413978140441395 1.171278945838162 -0.35908286074652074 
-0.6422328344781949 1.174439630499243 -0.35334745099825493 
-0.6410078851949034 1.1698016962252369 -0.3617456241494009 
-0.642949949199379 1.1771556796201772 -0.34844152239440995 
-0.6413449905437631 1.1710780531101737 -0.3594344516555529 
-0.6425906795867586 1.1757954038334906 -0.3509046516487273 
-0.6409864076318144 1.1697216243957163 -0.3619076573573101 
-0.6425328845038192 1.1755772906685642 -0.3513093326553931 
-0.6413648979610929 1.171154674150906 -0.3593127521112959 
-0.6420872573383722 1.1738896896815334 -0.35436030288707665 
-0.6410214367941287 1.169853896677685 -0.361663278857586 
-0.6417343085087144 1.1725533458047963 -0.356780097261743 
-0.640541775566269 1.168036545958262 -0.36493704389009407 
-0.6425794440700495 1.175751972591841 -0.35097111802843606 
-0.6415103074005709 1.1717045150311163 -0.35830739273633017 
-0.6419338268605177 1.173309477395378 -0.3554206309183493 
-0.6407759412748334 1.168924395270088 -0.36334638027818755 
-0.6425796989565027 1.1757538286906588 -0.35097993414038353 
-0.6409778911358407 1.1696877778705819 -0.3619470637193788 
-0.6426341426113032 1.1759596086201216 -0.35060245113440325 
-0.6409878247829903 1.1697257429811052 -0.36188315703751917 
-0.6426271759089139 1.175933231113535 -0.35065021439591626 
-0.6408381913272783 1.1691597319817657 -0.362915377114273 
-0.6425518247940647 1.1756479347972624 -0.35116681677143313 
-0.6407153540325972 1.1686949983055217 -0.3637617624968553 
-0.6428355476414679 1.1767225295186403 -0.34922585208479207 
-0.6412318297447867 1.1706492467199363 -0.36020607702158003 
-0.6427405679289239 1.1763632709316478 -0.34988124768392004 
-0.6415876275597632 1.1719983346755458 -0.3577899531976365 
-0.6428843219110738 1.1769075559317965 -0.3488956796692033 
-0.6415499592327355 1.1718541107973361 -0.3580291995655017 
-0.6431929256329096 1.1780756432008894 -0.346775691663071 
-0.6422055901904066 1.1743361233988436 -0.3535300383140205 
-0.6426147020433337 1.1758854672311356 -0.35072939164136163 
-0.6412820638213529 1.1708394442641181 -0.35986167543790204 
-0.6429988764635683 1.1773400382367327 -0.3480955166349603 
-0.6410965330225249 1.1701373368951404 -0.36113786037012185 
-0.6426956119368168 1.176193057405701 -0.35018946306152454 
-0.6411782844858025 1.1704477574153787 -0.36058794121626403 
-0.6431964539888136 1.1780881113109467 -0.3467409378859314 
-0.6417638547087814 1.172665214382399 -0.35657753042284945 
-0.6435674259675033 1.1794942979910288 -0.3442165832146069 
-0.6411474814820237 1.1703314863228358 -0.3608033454460904 
-0.6425659777823928 1.1757018772306664 -0.351074005623655 
-0.6411772399127595 1.1704441584536196 -0.3605993235674416 
-0.6429037290506797 1.1769806797122409 -0.34875840474794473 
-0.6418270642904623 1.1729022249648149 -0.3561167227138441 
-0.6433438493206978 1.1786470743237112 -0.3457409686096844 
-0.6422307567018308 1.1744322985831168 -0.353368038869904 
-0.643563803340372 1.1794798698528555 -0.34423297806043174 
-0.6417040429828975 1.1724371525471786 -0.35696861356736986 
-0.6427804672946608 1.1765143389296346 -0.3496077002100365 
-0.6416972934539942 1.172411951390274 -0.35701908566274876 
-0.6432642462395912 1.1783453230767724 -0.3462825013652928 
-0.6416658464053282 1.1722928857711385 -0.3572346845968364 
-0.6435703290011227 1.1795042214489355 -0.3441840177260235 
-0.6415685432573872 1.171924474106297 -0.3579017886930681 
-0.6432541403397318 1.1783074158879032 -0.34635600758773677 
-0.6423141095969302 1.174747356430388 -0.3527902340348027 
-0.6436847137109708 1.1799367727460754 -0.3433934607737458 
-0.642026653515835 1.1736598739128226 -0.3547715779533409 
-0.6435099797972768 1.1792760817787897 -0.3446019887947436 
-0.642619980127793 1.175905451249371 -0.35069320543528815 
-0.6444786743891062 1.1829437779926428 -0.33796068125350287 
-0.6429710615372157 1.1772356156931179 -0.3482967775701161 
-0.6442572181744489 1.1821049387870877 -0.33947474992863413 
-0.6429290583196313 1.1770765820375124 -0.3485847489163513 
-0.6442652368027619 1.1821352991224834 -0.33941977473094564 
-0.6426797445228372 1.1761322677427057 -0.3502898073749361 
-0.64455460536994 1.1832300246892253 -0.33742534199599705 
-0.643070274761176 1.1776112593365864 -0.34761657811609237 
-0.6445930685941366 1.1833765442271296 -0.3371721811481183 
-0.6435000510929445 1.179238489464767 -0.34467005935022443 
-0.6445406271670753 1.1831763860601185 -0.33751271093543034 
-0.6433282531057101 1.1785883795634258 -0.3458521160779565 
-0.644966941464144 1.1847928232948213 -0.33461737455632 
-0.6435928916507374 1.1795891137155547 -0.3440229868867475 
-0.6445529828054521 1.1832251264172013 -0.3374512275515634 
-0.6432986292147169 1.1784749697618517 -0.34604043113793936 
-0.6439118985469082 1.1807978368177192 -0.34184645981232975 
-0.6427800262530221 1.1765123130191284 -0.3496065031371417 
-0.6440098641945772 1.1811691128833428 -0.3411790344866402 
-0.6430144677357384 1.1773983602005162 -0.3479802052930677 
-0.6439638636294271 1.1809953003956368 -0.34149863221542276 
-0.6426837323752206 1.1761468316374593 -0.35025612414549556 
-0.6440701968181219 1.1813968337493435 -0.34075695626551605 
-0.6424135611270427 1.1751244373685297 -0.3521147435403216 
-0.643901953262275 1.1807598256995515 -0.34191042321540566 
-0.6420589402597557 1.1737821188075859 -0.35455022212283205 
-0.6432604042966724 1.1783298875186201 -0.3462983009453613 
-0.6416800273436797 1.1723471130160796 -0.35714380377075583 
-0.6426111386522884 1.175872510442744 -0.3507601647912929 
-0.6415696636468167 1.1719299632219824 -0.357908891798401 
-0.6426729900511166 1.1761066937892997 -0.35033611559669475 
-0.6423533630432405 1.1748959788317384 -0.3525211149427807 
-0.6429017621486381 1.176971987454381 -0.3487571283430123 
-0.6414735896203264 1.1715658492607963 -0.35856334829149417 
-0.6426888574650963 1.176167483452295 -0.3502357712832832 
-0.6419711321273891 1.1734496574133104 -0.3551522290056903 
-0.6422527087349226 1.1745154139316856 -0.35321753714918935 
-0.6412994570957351 1.170906900274466 -0.3597614104565281 
-0.6424752168755035 1.1753582359660497 -0.35169625653788283 
-0.6413494550084509 1.1710954915942724 -0.3594101863451976 
-0.6421727401608022 1.1742133469279148 -0.3537742381789222 
-0.6411307651453687 1.1702674824471178 -0.36090950991852067 
-0.6424519914583989 1.175270299298396 -0.35185548849712567 
-0.6410849249276829 1.1700933860298612 -0.36121744471844397 
-0.6421908573360939 1.1742812305851296 -0.35364158634378784 
-0.6413336207550733 1.171035539539567 -0.35951874496341807 
-0.6430307998567766 1.1774617984449607 -0.3478872155104672 
-0.6412538902193432 1.1707347298302169 -0.3600780348432032 
-0.6422542017024848 1.1745214226710012 -0.35321152228590913 
-0.6412937803576598 1.1708857628911093 -0.3598045506319172 
-0.6429683044130609 1.1772248205718123 -0.3483114594093266 
-0.6409177686006631 1.1694610294874646 -0.362369800468858 
-0.6428270526686125 1.1766894745941514 -0.3492735294728857 
-0.6409201362986221 1.169470706180743 -0.3623620093363652 
-0.6416726527602534 1.172319547207276 -0.3571985842641825 
-0.6406495145136234 1.1684460710639601 -0.3642173748114035 
-0.6423595253532786 1.1749198457412833 -0.3524852093143881 
-0.6414248061233001 1.1713807879105453 -0.35889358396968074 
-0.6425746165224112 1.1757342294214597 -0.3510105581542977 
-0.641419994888201 1.1713632835440562 -0.3589350111384555 
-0.6419559511463191 1.1733925348222924 -0.35526052965705057 
-0.6415702487233803 1.1719314663990454 -0.3578964388995244 
-0.6430890710164966 1.177682426198728 -0.3474877122039045 
-0.6416587193554747 1.1722667921941028 -0.3572941107872085 
-0.6425186799000482 1.175522440752681 -0.35139405602355844 
-0.6411089992674626 1.1701845369102377 -0.3610523926001823 
-0.6429112805618705 1.177008380395638 -0.34869606847806334 
-0.64162897750504 1.172154538867464 -0.3575022398182611 
-0.6426871522668651 1.1761606711597987 -0.3502432411863182 
-0.6410001380333445 1.1697736107928034 -0.36181352261144073 
-0.6426502149030711 1.1760208179692477 -0.35049648136623435 
-0.6411577996125517 1.1703701970648857 -0.36072838418389175 
-0.6426058771481298 1.1758529452286537 -0.350800458149771 
-0.6415111563232462 1.1717077292438396 -0.3583015725773113 
-0.6425887621578587 1.1757877879878136 -0.3509135765915169 
-0.6408077701290527 1.169044015449948 -0.36311760011288785 
-0.6425083525420996 1.1754836950735366 -0.35146908054835524 
-0.6412245046345021 1.1706227573233154 -0.36027105886272925 
-0.6420919294813635 1.1739080895779666 -0.3543366895636946 
-0.6415510372341424 1.171858727367637 -0.35802815162862367 
-0.6430083807065631 1.1773760234443937 -0.3480303561589887 
-0.6412181488163977 1.1705983367350314 -0.36031041311517176 
-0.6422565270124214 1.1745302268188949 -0.3531955801112051 
-0.6411689924734766 1.1704125757608983 -0.36065164665248073 
-0.6425593621350182 1.1756752277470641 -0.35110037989052945 
-0.6413648979610929 1.171154674150906 -0.3593127521112959 
-0.6428397738000035 1.1767385307080664 -0.34919687781489406 
-0.6415073712063494 1.17169375396492 -0.3583317439201047 
-0.6428716360825867 1.1768591684964684 -0.34897843206389445 
-0.6411090585035479 1.1701860082600195 -0.36106677090428885 
-0.6428823384287315 1.1768984448697921 -0.3488902961118665 
-0.6415181396059366 1.1717345255545712 -0.35825791646820293 
-0.6431515332996104 1.177918566463587 -0.3470552540002356 
-0.6419103160741831 1.1732190380914185 -0.3555649591117084 
-0.6424551398832894 1.1752818639177736 -0.35182968227359623 
-0.641184605268765 1.1704716893253282 -0.3605446063366131 
-0.6430662534804287 1.1775956778332912 -0.3476399269312329 
-0.6416007522875874 1.1720489169510835 -0.3577105114439493 
-0.6423732796879905 1.1749726348095653 -0.3523993521359262 
-0.6412591517235012 1.170754295044307 -0.3600377414847252 
-0.642653115794389 1.1760309103568574 -0.35046602944576044 
-0.6410152763586303 1.169829680838185 -0.361694950808378 
-0.6428070014841198 1.1766135562871147 -0.3494109990984058 
-0.6409431236773364 1.1695573855539763 -0.36220018852707103 
-0.642325998385947 1.174793617135725 -0.35272350968823385 
-0.6414497201583348 1.1714751180665504 -0.3587227749549986 
-0.6426025330728717 1.1758409958602403 -0.35083182656545875 
-0.6411274210701106 1.1702555330787046 -0.3609408783342084 
-0.6425507894484421 1.1756443707725985 -0.3511781358600128 
-0.6409757922268106 1.1696801850094645 -0.36196565146535076 
-0.6426184945131113 1.1758998263771054 -0.35070339071357126 
-0.6412764531367198 1.1708198020970884 -0.3599191241134181 
-0.6428277154361023 1.1766925189951856 -0.3492753283529192 
-0.6414702547724888 1.1715539348294777 -0.3585946534445842 
-0.6430571736987716 1.1775612997319918 -0.3477021773276948 
-0.6415523271984563 1.1718639674908669 -0.35802352854249975 
-0.6426409394710463 1.175986055118912 -0.35056429395485533 
-0.641530756970918 1.171781406703023 -0.3581608490320032 
-0.6428493112036003 1.1767753535240173 -0.3491399316437317 
-0.6413391368779227 1.1710567808522228 -0.3594851476073966 
-0.6423080344730006 1.1747252456821615 -0.352842448288999 
-0.6410915190519392 1.1701192439128179 -0.36118279942554443 
