-0.6050967923421054 1.1112992956677679 -0.5511278751830027 
-0.6050967923421054 1.1112992956677679 -0.5511278751830027 
-0.6050972322460775 1.1113013218256078 -0.5511290722559019 
-0.6050972322460775 1.1113013218256078 -0.5511290722559019 
-0.6050972322460775 1.1113013218256078 -0.5511290722559019 
-0.6050957101292247 1.1112946546224998 -0.5511289929238512 
-0.6051028971141698 1.1113224623933304 -0.5510859320805561 
-0.6051028971141698 1.1113224623933304 -0.5510859320805561 
-0.6053434275995795 1.1122347065347196 -0.5494270392509717 
-0.6053434275995795 1.1122347065347196 -0.5494270392509717 
-0.6053434275995795 1.1122347065347196 -0.5494270392509717 
-0.6053434275995795 1.1122347065347196 -0.5494270392509717 
-0.6053434275995795 1.1122347065347196 -0.5494270392509717 
-0.6057933901113038 1.113942783283095 -0.5463418698596427 
-0.6057933901113038 1.113942783283095 -0.5463418698596427 
-0.6057933901113038 1.113942783283095 -0.5463418698596427 
-0.6061585870849547 1.115327761900452 -0.543822231038696 
-0.6061585870849547 1.115327761900452 -0.543822231038696 
-0.6063996133136684 1.1162433125101967 -0.5421767869352461 
-0.6063996133136684 1.1162433125101967 -0.5421767869352461 
-0.6063996133136684 1.1162433125101967 -0.5421767869352461 
-0.6068492826537109 1.117948851520175 -0.5390767770406277 
-0.6070829101180566 1.1188357906868602 -0.5374758488202265 
-0.6070829101180566 1.1188357906868602 -0.5374758488202265 
-0.6070829101180566 1.1188357906868602 -0.5374758488202265 
-0.6070829101180566 1.1188357906868602 -0.5374758488202265 
-0.6074981039731977 1.1204119254205704 -0.5346295589987891 
-0.6074981039731977 1.1204119254205704 -0.5346295589987891 
-0.6079865545005843 1.1222649902041377 -0.5312673207191696 
-0.6079865545005843 1.1222649902041377 -0.5312673207191696 
-0.6079865545005843 1.1222649902041377 -0.5312673207191696 
-0.6084291579088321 1.123945497006958 -0.5282369318212106 
-0.6084291579088321 1.123945497006958 -0.5282369318212106 
-0.6084291579088321 1.123945497006958 -0.5282369318212106 
-0.6088918767733704 1.1257002002858667 -0.5250430451476842 
-0.609010252263051 1.1261494181196954 -0.5242297411883285 
-0.6095103350727904 1.1280475167197455 -0.5207981199082017 
-0.6096718532511173 1.1286597412347465 -0.519679963322208 
-0.6096718532511173 1.1286597412347465 -0.519679963322208 
-0.609929680886972 1.1296381597603404 -0.5179085473167699 
-0.6102200128195749 1.1307411751592356 -0.5159285656788537 
-0.6102200128195749 1.1307411751592356 -0.5159285656788537 
-0.6102200128195749 1.1307411751592356 -0.5159285656788537 
-0.6102200128195749 1.1307411751592356 -0.5159285656788537 
-0.6105083246548598 1.1318343858151372 -0.513937169550861 
-0.6105083246548598 1.1318343858151372 -0.513937169550861 
-0.6105083246548598 1.1318343858151372 -0.513937169550861 
-0.6110901684298586 1.134043289637494 -0.509950123646572 
-0.6110901684298586 1.134043289637494 -0.509950123646572 
-0.6110901684298586 1.134043289637494 -0.509950123646572 
-0.6114570596388939 1.1354346976326837 -0.5074188445076013 
-0.6114570596388939 1.1354346976326837 -0.5074188445076013 
-0.6116556388828827 1.136187204787047 -0.5060418157458413 
-0.6116556388828827 1.136187204787047 -0.5060418157458413 
-0.6116556388828828 1.1361872047870472 -0.5060418157458416 
-0.6120967716135024 1.137862311898805 -0.5030236755144293 
-0.6120967716135024 1.137862311898805 -0.5030236755144293 
-0.6120967716135024 1.137862311898805 -0.5030236755144293 
-0.6125600608096494 1.1396220318418666 -0.49985960291406006 
-0.6125600608096494 1.1396220318418666 -0.49985960291406006 
-0.6126729413126081 1.140050040211168 -0.49907983304808434 
-0.6126729413126081 1.140050040211168 -0.49907983304808434 
-0.6126729413126081 1.140050040211168 -0.49907983304808434 
-0.613167887480653 1.1419270414379923 -0.4956645272817035 
-0.613167887480653 1.1419270414379923 -0.4956645272817035 
-0.613167887480653 1.1419270414379923 -0.4956645272817035 
-0.6136728043859183 1.1438434847302295 -0.4921996931376482 
-0.6138274054352167 1.144429816528675 -0.49113328044032234 
-0.6141201344444501 1.1455396084023055 -0.4891093916144358 
-0.6141201344444501 1.1455396084023055 -0.4891093916144358 
-0.6141201344444501 1.1455396084023055 -0.4891093916144358 
-0.6141201344444501 1.1455396084023055 -0.4891093916144358 
-0.6145416658372128 1.1471399744906199 -0.48622170377647644 
-0.6145416658372128 1.1471399744906199 -0.48622170377647644 
-0.6149661505302504 1.148751545975971 -0.4833137021031906 
-0.6151015880751877 1.1492655118376534 -0.482383172549818 
-0.6151015880751877 1.1492655118376534 -0.482383172549818 
-0.6151015880751877 1.1492655118376534 -0.482383172549818 
-0.6156132379534615 1.1512071490010294 -0.4788678597690541 
-0.6156132379534615 1.1512071490010294 -0.4788678597690541 
-0.6158795467332505 1.1522190000153214 -0.47705293024921125 
-0.6158795467332505 1.1522190000153214 -0.47705293024921125 
-0.6162912748663161 1.153779844069517 -0.47420515816557773 
-0.6162912748663161 1.153779844069517 -0.47420515816557773 
-0.6162912748663161 1.153779844069517 -0.47420515816557773 
-0.6165488815149469 1.1547574239806113 -0.47243526046249107 
-0.6165488815149469 1.1547574239806113 -0.47243526046249107 
-0.6169543910005955 1.1562966305169355 -0.46965340932599653 
-0.6169543910005955 1.1562966305169355 -0.46965340932599653 
-0.6169543910005955 1.1562966305169355 -0.46965340932599653 
-0.6174411191691384 1.1581426210947459 -0.4662966408237208 
-0.6174411191691384 1.1581426210947459 -0.4662966408237208 
-0.6176330795968452 1.1588721554154928 -0.4649904497556663 
-0.6176330795968452 1.1588721554154928 -0.4649904497556663 
-0.6176330795968452 1.1588721554154928 -0.4649904497556663 
-0.6176330795968452 1.1588721554154928 -0.4649904497556663 
-0.6180427714946246 1.1604268768139352 -0.4621756437220972 
-0.6180427714946246 1.1604268768139352 -0.4621756437220972 
-0.6180427714946246 1.1604268768139352 -0.4621756437220972 
-0.6185455563310097 1.1623345156416587 -0.45871701914556584 
-0.6185455563310097 1.1623345156416587 -0.45871701914556584 
-0.6185455563310097 1.1623345156416587 -0.45871701914556584 
-0.6189853669458665 1.164003533207996 -0.4556952811540753 
-0.6189853669458665 1.164003533207996 -0.4556952811540753 
-0.6189853669458665 1.164003533207996 -0.4556952811540753 
-0.6193780548648828 1.1654946179606305 -0.4530078387996497 
-0.6197047335364666 1.166733781987933 -0.4507570611035647 
-0.6197047335364666 1.166733781987933 -0.4507570611035647 
-0.6197047335364666 1.166733781987933 -0.4507570611035647 
-0.6201728241378879 1.1685110089964188 -0.4475515613344567 
-0.6203356293378788 1.1691284743581767 -0.44642878166235 
-0.6203356293378788 1.1691284743581767 -0.44642878166235 
-0.6203356293378788 1.1691284743581767 -0.44642878166235 
-0.6208470185680373 1.1710682314095489 -0.4429047225736149 
-0.6209588749346086 1.1714927101156276 -0.44213620853361446 
-0.6209588749346086 1.1714927101156276 -0.44213620853361446 
-0.6209588749346086 1.1714927101156276 -0.44213620853361446 
-0.6214959772453277 1.1735305787867456 -0.43844180425449175 
-0.6216504644192733 1.1741184397928823 -0.43739936940185875 
-0.6216504644192733 1.1741184397928823 -0.43739936940185875 
-0.6216504644192733 1.1741184397928823 -0.43739936940185875 
-0.62213949204175 1.175972624210721 -0.4340205078083632 
-0.62213949204175 1.175972624210721 -0.4340205078083632 
-0.62213949204175 1.175972624210721 -0.4340205078083632 
-0.62213949204175 1.175972624210721 -0.4340205078083632 
-0.6225989620709572 1.1777174941825468 -0.4308784555085452 
-0.6228470705765916 1.178658495812832 -0.4291674975608408 
-0.6228470705765916 1.178658495812832 -0.4291674975608408 
-0.6228470705765916 1.178658495812832 -0.4291674975608408 
-0.6232464333921232 1.1801736630545598 -0.42641943848458075 
-0.6232464333921232 1.1801736630545598 -0.42641943848458075 
-0.6234931898694328 1.1811120294855533 -0.42474728281540663 
-0.6234931898694328 1.1811120294855533 -0.42474728281540663 
-0.6234931898694328 1.1811120294855533 -0.42474728281540663 
-0.6239223617185482 1.1827383563430267 -0.4217712240160365 
-0.6239223617185482 1.1827383563430267 -0.4217712240160365 
-0.6243455593899215 1.1843446869816212 -0.4188678454288637 
-0.6243455593899215 1.1843446869816212 -0.4188678454288637 
-0.6247154108698709 1.1857475042445884 -0.41631830276007764 
-0.6247154108698709 1.1857475042445884 -0.41631830276007764 
-0.6250219020673917 1.1869109526722756 -0.4142167841434119 
-0.6251245280764072 1.1873011170806607 -0.41352012658176807 
-0.6251245280764072 1.1873011170806607 -0.41352012658176807 
-0.6251245280764072 1.1873011170806607 -0.41352012658176807 
-0.6256265054559913 1.189206582716971 -0.41007758677457096 
-0.6260096463633189 1.190660012749022 -0.4074388828278044 
-0.6260096463633189 1.190660012749022 -0.4074388828278044 
-0.6264279332803853 1.1922466374284713 -0.4045565854351376 
-0.6264279332803853 1.1922466374284713 -0.4045565854351376 
-0.6264279332803853 1.1922466374284713 -0.4045565854351376 
-0.626512845550749 1.1925692239789332 -0.40397741143436483 
-0.626512845550749 1.1925692239789332 -0.40397741143436483 
-0.626512845550749 1.1925692239789332 -0.40397741143436483 
-0.627013603359649 1.194470775093174 -0.4005516896453014 
-0.627013603359649 1.194470775093174 -0.4005516896453014 
-0.627013603359649 1.194470775093174 -0.4005516896453014 
-0.6274483028857383 1.196119149041938 -0.39755031105736194 
-0.6274483028857383 1.196119149041938 -0.39755031105736194 
-0.6274483028857383 1.196119149041938 -0.39755031105736194 
-0.6279368022818173 1.1979732902652804 -0.39419827412546704 
-0.6279368022818173 1.1979732902652804 -0.39419827412546704 
-0.6279368022818173 1.1979732902652804 -0.39419827412546704 
-0.62836692629002 1.1996055485627013 -0.39124308838702837 
-0.62836692629002 1.1996055485627013 -0.39124308838702837 
-0.6288479919943175 1.2014304096446897 -0.3879294666014801 
-0.6288479919943175 1.2014304096446897 -0.3879294666014801 
-0.629247827404073 1.2029484406710214 -0.38519081890293017 
-0.629247827404073 1.2029484406710214 -0.38519081890293017 
-0.629649899383575 1.2044735320115336 -0.38241992694526816 
-0.629649899383575 1.2044735320115336 -0.38241992694526816 
-0.629649899383575 1.2044735320115336 -0.38241992694526816 
-0.6299372522962908 1.2055647082573693 -0.3804540951433797 
-0.6299372522962908 1.2055647082573693 -0.3804540951433797 
-0.6299372522962908 1.2055647082573693 -0.3804540951433797 
-0.6299372522962908 1.2055647082573693 -0.3804540951433797 
-0.6304674863466739 1.2075777606517069 -0.3768216361006491 
-0.6304674863466739 1.2075777606517069 -0.3768216361006491 
-0.6304674863466739 1.2075777606517069 -0.3768216361006491 
-0.6307315653201977 1.208578654321936 -0.3749925134528822 
-0.6307315653201977 1.208578654321936 -0.3749925134528822 
-0.6312636636540208 1.2105982471976722 -0.37134092811965314 
-0.6312636636540208 1.2105982471976722 -0.37134092811965314 
-0.6318018992834745 1.2126416644253633 -0.36765349387929724 
-0.6318018992834745 1.2126416644253633 -0.36765349387929724 
-0.6318018992834745 1.2126416644253633 -0.36765349387929724 
-0.6321818471543305 1.2140826205605948 -0.36503250837642076 
-0.6321818471543305 1.2140826205605948 -0.36503250837642076 
-0.6321818471543305 1.2140826205605948 -0.36503250837642076 
-0.6326320449279288 1.2157923036656924 -0.3619541615127473 
-0.6326320449279288 1.2157923036656924 -0.3619541615127473 
-0.6326320449279288 1.2157923036656924 -0.3619541615127473 
-0.6326320449279288 1.2157923036656924 -0.3619541615127473 
-0.6329768515225238 1.2171004379527344 -0.35958093332939123 
-0.6329768515225238 1.2171004379527344 -0.35958093332939123 
-0.6335598590288751 1.2193119759866455 -0.3555648177537347 
-0.6335598590288751 1.2193119759866455 -0.3555648177537347 
-0.6335598590288751 1.2193119759866455 -0.3555648177537347 
-0.6335598590288751 1.2193119759866455 -0.3555648177537347 
