-0.5500967923421054 1.111299295667768 -0.5511278751830027 
-0.5500967923421054 1.111299295667768 -0.5511278751830027 
-0.5500972322460773 1.111301321825608 -0.5511290722559021 
-0.5500972322460773 1.111301321825608 -0.5511290722559021 
-0.5500972322460773 1.111301321825608 -0.5511290722559021 
-0.5500957101292245 1.1112946546224998 -0.5511289929238508 
-0.5501028971141696 1.1113224623933302 -0.5510859320805563 
-0.5501028971141696 1.1113224623933302 -0.5510859320805563 
-0.5503434275995793 1.1122347065347196 -0.5494270392509717 
-0.5503434275995793 1.1122347065347196 -0.5494270392509717 
-0.5503434275995793 1.1122347065347196 -0.5494270392509717 
-0.5503434275995793 1.1122347065347196 -0.5494270392509717 
-0.5503434275995793 1.1122347065347196 -0.5494270392509717 
-0.5507933901113038 1.1139427832830953 -0.5463418698596434 
-0.5507933901113038 1.1139427832830953 -0.5463418698596434 
-0.5507933901113038 1.1139427832830953 -0.5463418698596434 
-0.5511585870849545 1.115327761900452 -0.543822231038696 
-0.5511585870849545 1.115327761900452 -0.543822231038696 
-0.5513996133136684 1.1162433125101967 -0.5421767869352467 
-0.5513996133136684 1.1162433125101967 -0.5421767869352467 
-0.5513996133136684 1.1162433125101967 -0.5421767869352467 
-0.5518492826537107 1.1179488515201754 -0.5390767770406282 
-0.5520829101180564 1.1188357906868602 -0.537475848820226 
-0.5520829101180564 1.1188357906868602 -0.537475848820226 
-0.5520829101180564 1.1188357906868602 -0.537475848820226 
-0.5520829101180564 1.1188357906868602 -0.537475848820226 
-0.5524981039731977 1.1204119254205702 -0.5346295589987891 
-0.5524981039731977 1.1204119254205702 -0.5346295589987891 
-0.552986554500584 1.1222649902041375 -0.5312673207191698 
-0.552986554500584 1.1222649902041375 -0.5312673207191698 
-0.552986554500584 1.1222649902041375 -0.5312673207191698 
-0.553429157908832 1.123945497006958 -0.5282369318212112 
-0.553429157908832 1.123945497006958 -0.5282369318212112 
-0.553429157908832 1.123945497006958 -0.5282369318212112 
-0.55389187677337 1.1257002002858667 -0.5250430451476842 
-0.5540102522630508 1.1261494181196956 -0.5242297411883281 
-0.5545103350727902 1.1280475167197452 -0.5207981199082015 
-0.554671853251117 1.1286597412347463 -0.519679963322208 
-0.554671853251117 1.1286597412347463 -0.519679963322208 
-0.5549296808869719 1.1296381597603407 -0.5179085473167699 
-0.5552200128195749 1.1307411751592358 -0.5159285656788539 
-0.5552200128195749 1.1307411751592358 -0.5159285656788539 
-0.5552200128195749 1.1307411751592358 -0.5159285656788539 
-0.5552200128195749 1.1307411751592358 -0.5159285656788539 
-0.5555083246548596 1.1318343858151376 -0.5139371695508608 
-0.5555083246548596 1.1318343858151376 -0.5139371695508608 
-0.5555083246548596 1.1318343858151376 -0.5139371695508608 
-0.5560901684298586 1.134043289637494 -0.509950123646572 
-0.5560901684298586 1.134043289637494 -0.509950123646572 
-0.5560901684298586 1.134043289637494 -0.509950123646572 
-0.5564570596388936 1.1354346976326837 -0.5074188445076013 
-0.5564570596388936 1.1354346976326837 -0.5074188445076013 
-0.5566556388828824 1.1361872047870467 -0.5060418157458415 
-0.5566556388828824 1.1361872047870467 -0.5060418157458415 
-0.5566556388828825 1.136187204787047 -0.5060418157458418 
-0.5570967716135021 1.1378623118988047 -0.5030236755144297 
-0.5570967716135021 1.1378623118988047 -0.5030236755144297 
-0.5570967716135021 1.1378623118988047 -0.5030236755144297 
-0.5575600608096494 1.1396220318418668 -0.4998596029140603 
-0.5575600608096494 1.1396220318418668 -0.4998596029140603 
-0.5576729413126079 1.1400500402111682 -0.49907983304808523 
-0.5576729413126079 1.1400500402111682 -0.49907983304808523 
-0.5576729413126079 1.1400500402111682 -0.49907983304808523 
-0.5581678874806527 1.1419270414379923 -0.49566452728170307 
-0.5581678874806527 1.1419270414379923 -0.49566452728170307 
-0.5581678874806527 1.1419270414379923 -0.49566452728170307 
-0.5586728043859182 1.1438434847302292 -0.492199693137648 
-0.5588274054352165 1.144429816528675 -0.49113328044032234 
-0.55912013444445 1.1455396084023055 -0.4891093916144358 
-0.55912013444445 1.1455396084023055 -0.4891093916144358 
-0.55912013444445 1.1455396084023055 -0.4891093916144358 
-0.55912013444445 1.1455396084023055 -0.4891093916144358 
-0.5595416658372127 1.1471399744906199 -0.4862217037764769 
-0.5595416658372127 1.1471399744906199 -0.4862217037764769 
-0.5599661505302501 1.1487515459759707 -0.4833137021031908 
-0.5601015880751874 1.1492655118376531 -0.4823831725498182 
-0.5601015880751874 1.1492655118376531 -0.4823831725498182 
-0.5601015880751874 1.1492655118376531 -0.4823831725498182 
-0.5606132379534613 1.1512071490010292 -0.4788678597690543 
-0.5606132379534613 1.1512071490010292 -0.4788678597690543 
-0.5608795467332504 1.1522190000153214 -0.47705293024921147 
-0.5608795467332504 1.1522190000153214 -0.47705293024921147 
-0.5612912748663158 1.153779844069517 -0.47420515816557773 
-0.5612912748663158 1.153779844069517 -0.47420515816557773 
-0.5612912748663158 1.153779844069517 -0.47420515816557773 
-0.5615488815149466 1.1547574239806115 -0.47243526046249107 
-0.5615488815149466 1.1547574239806115 -0.47243526046249107 
-0.5619543910005953 1.1562966305169355 -0.4696534093259961 
-0.5619543910005953 1.1562966305169355 -0.4696534093259961 
-0.5619543910005953 1.1562966305169355 -0.4696534093259961 
-0.5624411191691383 1.1581426210947459 -0.466296640823721 
-0.5624411191691383 1.1581426210947459 -0.466296640823721 
-0.5626330795968449 1.1588721554154922 -0.4649904497556656 
-0.5626330795968449 1.1588721554154922 -0.4649904497556656 
-0.5626330795968449 1.1588721554154922 -0.4649904497556656 
-0.5626330795968449 1.1588721554154922 -0.4649904497556656 
-0.5630427714946244 1.160426876813935 -0.4621756437220974 
-0.5630427714946244 1.160426876813935 -0.4621756437220974 
-0.5630427714946244 1.160426876813935 -0.4621756437220974 
-0.5635455563310094 1.162334515641659 -0.4587170191455663 
-0.5635455563310094 1.162334515641659 -0.4587170191455663 
-0.5635455563310094 1.162334515641659 -0.4587170191455663 
-0.5639853669458663 1.164003533207996 -0.4556952811540753 
-0.5639853669458663 1.164003533207996 -0.4556952811540753 
-0.5639853669458663 1.164003533207996 -0.4556952811540753 
-0.5643780548648829 1.1654946179606305 -0.4530078387996497 
-0.5647047335364664 1.1667337819879329 -0.4507570611035647 
-0.5647047335364664 1.1667337819879329 -0.4507570611035647 
-0.5647047335364664 1.1667337819879329 -0.4507570611035647 
-0.5651728241378876 1.1685110089964188 -0.44755156133445695 
-0.5653356293378786 1.1691284743581767 -0.44642878166235045 
-0.5653356293378786 1.1691284743581767 -0.44642878166235045 
-0.5653356293378786 1.1691284743581767 -0.44642878166235045 
-0.565847018568037 1.1710682314095489 -0.4429047225736149 
-0.5659588749346083 1.1714927101156278 -0.44213620853361446 
-0.5659588749346083 1.1714927101156278 -0.44213620853361446 
-0.5659588749346083 1.1714927101156278 -0.44213620853361446 
-0.5664959772453275 1.173530578786746 -0.438441804254492 
-0.5666504644192731 1.1741184397928826 -0.43739936940185875 
-0.5666504644192731 1.1741184397928826 -0.43739936940185875 
-0.5666504644192731 1.1741184397928826 -0.43739936940185875 
-0.5671394920417498 1.1759726242107211 -0.43402050780836343 
-0.5671394920417498 1.1759726242107211 -0.43402050780836343 
-0.5671394920417498 1.1759726242107211 -0.43402050780836343 
-0.5671394920417498 1.1759726242107211 -0.43402050780836343 
-0.5675989620709573 1.1777174941825472 -0.4308784555085454 
-0.5678470705765915 1.1786584958128317 -0.4291674975608408 
-0.5678470705765915 1.1786584958128317 -0.4291674975608408 
-0.5678470705765915 1.1786584958128317 -0.4291674975608408 
-0.5682464333921229 1.1801736630545598 -0.42641943848458075 
-0.5682464333921229 1.1801736630545598 -0.42641943848458075 
-0.5684931898694326 1.181112029485553 -0.4247472828154064 
-0.5684931898694326 1.181112029485553 -0.4247472828154064 
-0.5684931898694326 1.181112029485553 -0.4247472828154064 
-0.5689223617185482 1.182738356343027 -0.4217712240160365 
-0.5689223617185482 1.182738356343027 -0.4217712240160365 
-0.5693455593899213 1.1843446869816212 -0.4188678454288637 
-0.5693455593899213 1.1843446869816212 -0.4188678454288637 
-0.5697154108698709 1.1857475042445884 -0.4163183027600774 
-0.5697154108698709 1.1857475042445884 -0.4163183027600774 
-0.5700219020673916 1.1869109526722756 -0.4142167841434117 
-0.5701245280764069 1.18730111708066 -0.41352012658176784 
-0.5701245280764069 1.18730111708066 -0.41352012658176784 
-0.5701245280764069 1.18730111708066 -0.41352012658176784 
-0.5706265054559914 1.1892065827169713 -0.4100775867745712 
-0.5710096463633187 1.1906600127490217 -0.40743888282780416 
-0.5710096463633187 1.1906600127490217 -0.40743888282780416 
-0.5714279332803851 1.1922466374284713 -0.40455658543513806 
-0.5714279332803851 1.1922466374284713 -0.40455658543513806 
-0.5714279332803851 1.1922466374284713 -0.40455658543513806 
-0.5715128455507488 1.192569223978933 -0.40397741143436505 
-0.5715128455507488 1.192569223978933 -0.40397741143436505 
-0.5715128455507488 1.192569223978933 -0.40397741143436505 
-0.5720136033596488 1.1944707750931742 -0.4005516896453014 
-0.5720136033596488 1.1944707750931742 -0.4005516896453014 
-0.5720136033596488 1.1944707750931742 -0.4005516896453014 
-0.5724483028857381 1.1961191490419385 -0.39755031105736216 
-0.5724483028857381 1.1961191490419385 -0.39755031105736216 
-0.5724483028857381 1.1961191490419385 -0.39755031105736216 
-0.5729368022818171 1.1979732902652802 -0.3941982741254668 
-0.5729368022818171 1.1979732902652802 -0.3941982741254668 
-0.5729368022818171 1.1979732902652802 -0.3941982741254668 
-0.5733669262900198 1.1996055485627009 -0.39124308838702815 
-0.5733669262900198 1.1996055485627009 -0.39124308838702815 
-0.5738479919943174 1.2014304096446897 -0.3879294666014801 
-0.5738479919943174 1.2014304096446897 -0.3879294666014801 
-0.5742478274040729 1.2029484406710211 -0.38519081890292994 
-0.5742478274040729 1.2029484406710211 -0.38519081890292994 
-0.5746498993835748 1.2044735320115336 -0.3824199269452684 
-0.5746498993835748 1.2044735320115336 -0.3824199269452684 
-0.5746498993835748 1.2044735320115336 -0.3824199269452684 
-0.5749372522962908 1.2055647082573693 -0.38045409514337947 
-0.5749372522962908 1.2055647082573693 -0.38045409514337947 
-0.5749372522962908 1.2055647082573693 -0.38045409514337947 
-0.5749372522962908 1.2055647082573693 -0.38045409514337947 
-0.5754674863466738 1.2075777606517066 -0.37682163610064934 
-0.5754674863466738 1.2075777606517066 -0.37682163610064934 
-0.5754674863466738 1.2075777606517066 -0.37682163610064934 
-0.5757315653201974 1.208578654321936 -0.3749925134528824 
-0.5757315653201974 1.208578654321936 -0.3749925134528824 
-0.5762636636540206 1.2105982471976717 -0.37134092811965336 
-0.5762636636540206 1.2105982471976717 -0.37134092811965336 
-0.5768018992834744 1.2126416644253633 -0.36765349387929724 
-0.5768018992834744 1.2126416644253633 -0.36765349387929724 
-0.5768018992834744 1.2126416644253633 -0.36765349387929724 
-0.5771818471543303 1.2140826205605946 -0.3650325083764203 
-0.5771818471543303 1.2140826205605946 -0.3650325083764203 
-0.5771818471543303 1.2140826205605946 -0.3650325083764203 
-0.5776320449279287 1.2157923036656921 -0.3619541615127473 
-0.5776320449279287 1.2157923036656921 -0.3619541615127473 
-0.5776320449279287 1.2157923036656921 -0.3619541615127473 
-0.5776320449279287 1.2157923036656921 -0.3619541615127473 
-0.5779768515225238 1.2171004379527348 -0.35958093332939134 
-0.5779768515225238 1.2171004379527348 -0.35958093332939134 
-0.578559859028875 1.2193119759866455 -0.3555648177537344 
-0.578559859028875 1.2193119759866455 -0.3555648177537344 
-0.578559859028875 1.2193119759866455 -0.3555648177537344 
-0.578559859028875 1.2193119759866455 -0.3555648177537344 
