-0.6600967923421056 1.1112992956677679 -0.5511278751830029 
-0.6600967923421056 1.1112992956677679 -0.5511278751830029 
-0.6600972322460776 1.1113013218256076 -0.5511290722559015 
-0.6600972322460776 1.1113013218256076 -0.5511290722559015 
-0.6600972322460776 1.1113013218256076 -0.5511290722559015 
-0.6600957101292249 1.1112946546224998 -0.5511289929238514 
-0.6601028971141699 1.1113224623933302 -0.5510859320805566 
-0.6601028971141699 1.1113224623933302 -0.5510859320805566 
-0.6603434275995795 1.1122347065347196 -0.5494270392509712 
-0.6603434275995795 1.1122347065347196 -0.5494270392509712 
-0.6603434275995795 1.1122347065347196 -0.5494270392509712 
-0.6603434275995795 1.1122347065347196 -0.5494270392509712 
-0.6603434275995795 1.1122347065347196 -0.5494270392509712 
-0.660793390111304 1.113942783283095 -0.5463418698596427 
-0.660793390111304 1.113942783283095 -0.5463418698596427 
-0.660793390111304 1.113942783283095 -0.5463418698596427 
-0.6611585870849548 1.1153277619004518 -0.543822231038696 
-0.6611585870849548 1.1153277619004518 -0.543822231038696 
-0.6613996133136686 1.1162433125101967 -0.5421767869352463 
-0.6613996133136686 1.1162433125101967 -0.5421767869352463 
-0.6613996133136686 1.1162433125101967 -0.5421767869352463 
-0.661849282653711 1.117948851520175 -0.539076777040628 
-0.6620829101180566 1.1188357906868602 -0.537475848820226 
-0.6620829101180566 1.1188357906868602 -0.537475848820226 
-0.6620829101180566 1.1188357906868602 -0.537475848820226 
-0.6620829101180566 1.1188357906868602 -0.537475848820226 
-0.6624981039731979 1.1204119254205704 -0.5346295589987888 
-0.6624981039731979 1.1204119254205704 -0.5346295589987888 
-0.6629865545005843 1.1222649902041377 -0.5312673207191698 
-0.6629865545005843 1.1222649902041377 -0.5312673207191698 
-0.6629865545005843 1.1222649902041377 -0.5312673207191698 
-0.6634291579088322 1.1239454970069578 -0.528236931821211 
-0.6634291579088322 1.1239454970069578 -0.528236931821211 
-0.6634291579088322 1.1239454970069578 -0.528236931821211 
-0.6638918767733704 1.1257002002858665 -0.525043045147684 
-0.6640102522630511 1.1261494181196954 -0.5242297411883283 
-0.6645103350727904 1.1280475167197452 -0.5207981199082017 
-0.6646718532511173 1.1286597412347465 -0.519679963322208 
-0.6646718532511173 1.1286597412347465 -0.519679963322208 
-0.6649296808869721 1.1296381597603407 -0.5179085473167697 
-0.6652200128195751 1.1307411751592356 -0.515928565678853 
-0.6652200128195751 1.1307411751592356 -0.515928565678853 
-0.6652200128195751 1.1307411751592356 -0.515928565678853 
-0.6652200128195751 1.1307411751592356 -0.515928565678853 
-0.6655083246548598 1.1318343858151372 -0.513937169550861 
-0.6655083246548598 1.1318343858151372 -0.513937169550861 
-0.6655083246548598 1.1318343858151372 -0.513937169550861 
-0.6660901684298588 1.1340432896374937 -0.5099501236465722 
-0.6660901684298588 1.1340432896374937 -0.5099501236465722 
-0.6660901684298588 1.1340432896374937 -0.5099501236465722 
-0.6664570596388939 1.1354346976326837 -0.5074188445076013 
-0.6664570596388939 1.1354346976326837 -0.5074188445076013 
-0.6666556388828827 1.1361872047870467 -0.5060418157458415 
-0.6666556388828827 1.1361872047870467 -0.5060418157458415 
-0.6666556388828828 1.136187204787047 -0.5060418157458418 
-0.6670967716135024 1.137862311898805 -0.5030236755144295 
-0.6670967716135024 1.137862311898805 -0.5030236755144295 
-0.6670967716135024 1.137862311898805 -0.5030236755144295 
-0.6675600608096495 1.1396220318418668 -0.49985960291406006 
-0.6675600608096495 1.1396220318418668 -0.49985960291406006 
-0.6676729413126081 1.1400500402111677 -0.49907983304808523 
-0.6676729413126081 1.1400500402111677 -0.49907983304808523 
-0.6676729413126081 1.1400500402111677 -0.49907983304808523 
-0.668167887480653 1.1419270414379923 -0.4956645272817026 
-0.668167887480653 1.1419270414379923 -0.4956645272817026 
-0.668167887480653 1.1419270414379923 -0.4956645272817026 
-0.6686728043859184 1.1438434847302295 -0.4921996931376478 
-0.6688274054352167 1.144429816528675 -0.4911332804403221 
-0.6691201344444502 1.1455396084023055 -0.4891093916144358 
-0.6691201344444502 1.1455396084023055 -0.4891093916144358 
-0.6691201344444502 1.1455396084023055 -0.4891093916144358 
-0.6691201344444502 1.1455396084023055 -0.4891093916144358 
-0.669541665837213 1.14713997449062 -0.48622170377647667 
-0.669541665837213 1.14713997449062 -0.48622170377647667 
-0.6699661505302504 1.148751545975971 -0.4833137021031908 
-0.6701015880751877 1.1492655118376534 -0.482383172549818 
-0.6701015880751877 1.1492655118376534 -0.482383172549818 
-0.6701015880751877 1.1492655118376534 -0.482383172549818 
-0.6706132379534615 1.1512071490010292 -0.4788678597690543 
-0.6706132379534615 1.1512071490010292 -0.4788678597690543 
-0.6708795467332505 1.1522190000153212 -0.4770529302492119 
-0.6708795467332505 1.1522190000153212 -0.4770529302492119 
-0.6712912748663161 1.1537798440695168 -0.47420515816557796 
-0.6712912748663161 1.1537798440695168 -0.47420515816557796 
-0.6712912748663161 1.1537798440695168 -0.47420515816557796 
-0.671548881514947 1.1547574239806113 -0.4724352604624906 
-0.671548881514947 1.1547574239806113 -0.4724352604624906 
-0.6719543910005955 1.1562966305169355 -0.4696534093259963 
-0.6719543910005955 1.1562966305169355 -0.4696534093259963 
-0.6719543910005955 1.1562966305169355 -0.4696534093259963 
-0.6724411191691384 1.1581426210947459 -0.466296640823721 
-0.6724411191691384 1.1581426210947459 -0.466296640823721 
-0.6726330795968452 1.1588721554154924 -0.46499044975566584 
-0.6726330795968452 1.1588721554154924 -0.46499044975566584 
-0.6726330795968452 1.1588721554154924 -0.46499044975566584 
-0.6726330795968452 1.1588721554154924 -0.46499044975566584 
-0.6730427714946248 1.1604268768139352 -0.4621756437220974 
-0.6730427714946248 1.1604268768139352 -0.4621756437220974 
-0.6730427714946248 1.1604268768139352 -0.4621756437220974 
-0.6735455563310098 1.1623345156416587 -0.45871701914556606 
-0.6735455563310098 1.1623345156416587 -0.45871701914556606 
-0.6735455563310098 1.1623345156416587 -0.45871701914556606 
-0.6739853669458665 1.1640035332079959 -0.4556952811540753 
-0.6739853669458665 1.1640035332079959 -0.4556952811540753 
-0.6739853669458665 1.1640035332079959 -0.4556952811540753 
-0.674378054864883 1.1654946179606303 -0.4530078387996499 
-0.6747047335364668 1.166733781987933 -0.4507570611035647 
-0.6747047335364668 1.166733781987933 -0.4507570611035647 
-0.6747047335364668 1.166733781987933 -0.4507570611035647 
-0.6751728241378879 1.1685110089964186 -0.4475515613344567 
-0.6753356293378789 1.1691284743581767 -0.44642878166235045 
-0.6753356293378789 1.1691284743581767 -0.44642878166235045 
-0.6753356293378789 1.1691284743581767 -0.44642878166235045 
-0.6758470185680373 1.1710682314095486 -0.4429047225736149 
-0.6759588749346086 1.1714927101156274 -0.44213620853361424 
-0.6759588749346086 1.1714927101156274 -0.44213620853361424 
-0.6759588749346086 1.1714927101156274 -0.44213620853361424 
-0.6764959772453278 1.173530578786746 -0.43844180425449153 
-0.6766504644192733 1.1741184397928819 -0.4373993694018592 
-0.6766504644192733 1.1741184397928819 -0.4373993694018592 
-0.6766504644192733 1.1741184397928819 -0.4373993694018592 
-0.6771394920417502 1.175972624210721 -0.4340205078083632 
-0.6771394920417502 1.175972624210721 -0.4340205078083632 
-0.6771394920417502 1.175972624210721 -0.4340205078083632 
-0.6771394920417502 1.175972624210721 -0.4340205078083632 
-0.6775989620709575 1.177717494182547 -0.4308784555085452 
-0.6778470705765918 1.1786584958128319 -0.4291674975608408 
-0.6778470705765918 1.1786584958128319 -0.4291674975608408 
-0.6778470705765918 1.1786584958128319 -0.4291674975608408 
-0.6782464333921231 1.1801736630545596 -0.42641943848458075 
-0.6782464333921231 1.1801736630545596 -0.42641943848458075 
-0.678493189869433 1.1811120294855533 -0.4247472828154064 
-0.678493189869433 1.1811120294855533 -0.4247472828154064 
-0.678493189869433 1.1811120294855533 -0.4247472828154064 
-0.6789223617185484 1.1827383563430267 -0.4217712240160367 
-0.6789223617185484 1.1827383563430267 -0.4217712240160367 
-0.6793455593899216 1.1843446869816212 -0.4188678454288641 
-0.6793455593899216 1.1843446869816212 -0.4188678454288641 
-0.6797154108698711 1.1857475042445886 -0.4163183027600774 
-0.6797154108698711 1.1857475042445886 -0.4163183027600774 
-0.6800219020673919 1.1869109526722759 -0.4142167841434117 
-0.6801245280764072 1.1873011170806602 -0.41352012658176807 
-0.6801245280764072 1.1873011170806602 -0.41352012658176807 
-0.6801245280764072 1.1873011170806602 -0.41352012658176807 
-0.6806265054559915 1.1892065827169713 -0.4100775867745712 
-0.681009646363319 1.190660012749022 -0.40743888282780416 
-0.681009646363319 1.190660012749022 -0.40743888282780416 
-0.6814279332803854 1.192246637428471 -0.40455658543513784 
-0.6814279332803854 1.192246637428471 -0.40455658543513784 
-0.6814279332803854 1.192246637428471 -0.40455658543513784 
-0.6815128455507491 1.1925692239789327 -0.4039774114343653 
-0.6815128455507491 1.1925692239789327 -0.4039774114343653 
-0.6815128455507491 1.1925692239789327 -0.4039774114343653 
-0.682013603359649 1.194470775093174 -0.4005516896453014 
-0.682013603359649 1.194470775093174 -0.4005516896453014 
-0.682013603359649 1.194470775093174 -0.4005516896453014 
-0.6824483028857383 1.196119149041938 -0.39755031105736194 
-0.6824483028857383 1.196119149041938 -0.39755031105736194 
-0.6824483028857383 1.196119149041938 -0.39755031105736194 
-0.6829368022818173 1.1979732902652804 -0.39419827412546704 
-0.6829368022818173 1.1979732902652804 -0.39419827412546704 
-0.6829368022818173 1.1979732902652804 -0.39419827412546704 
-0.68336692629002 1.199605548562701 -0.39124308838702815 
-0.68336692629002 1.199605548562701 -0.39124308838702815 
-0.6838479919943177 1.2014304096446897 -0.3879294666014801 
-0.6838479919943177 1.2014304096446897 -0.3879294666014801 
-0.6842478274040731 1.2029484406710211 -0.38519081890292994 
-0.6842478274040731 1.2029484406710211 -0.38519081890292994 
-0.684649899383575 1.2044735320115336 -0.38241992694526816 
-0.684649899383575 1.2044735320115336 -0.38241992694526816 
-0.684649899383575 1.2044735320115336 -0.38241992694526816 
-0.684937252296291 1.2055647082573693 -0.3804540951433797 
-0.684937252296291 1.2055647082573693 -0.3804540951433797 
-0.684937252296291 1.2055647082573693 -0.3804540951433797 
-0.684937252296291 1.2055647082573693 -0.3804540951433797 
-0.6854674863466741 1.2075777606517066 -0.3768216361006491 
-0.6854674863466741 1.2075777606517066 -0.3768216361006491 
-0.6854674863466741 1.2075777606517066 -0.3768216361006491 
-0.6857315653201977 1.2085786543219357 -0.3749925134528824 
-0.6857315653201977 1.2085786543219357 -0.3749925134528824 
-0.6862636636540208 1.210598247197672 -0.37134092811965336 
-0.6862636636540208 1.210598247197672 -0.37134092811965336 
-0.6868018992834746 1.212641664425363 -0.367653493879297 
-0.6868018992834746 1.212641664425363 -0.367653493879297 
-0.6868018992834746 1.212641664425363 -0.367653493879297 
-0.6871818471543305 1.2140826205605946 -0.36503250837642054 
-0.6871818471543305 1.2140826205605946 -0.36503250837642054 
-0.6871818471543305 1.2140826205605946 -0.36503250837642054 
-0.6876320449279288 1.215792303665692 -0.36195416151274684 
-0.6876320449279288 1.215792303665692 -0.36195416151274684 
-0.6876320449279288 1.215792303665692 -0.36195416151274684 
-0.6876320449279288 1.215792303665692 -0.36195416151274684 
-0.687976851522524 1.2171004379527344 -0.35958093332939134 
-0.687976851522524 1.2171004379527344 -0.35958093332939134 
-0.6885598590288752 1.2193119759866455 -0.35556481775373416 
-0.6885598590288752 1.2193119759866455 -0.35556481775373416 
-0.6885598590288752 1.2193119759866455 -0.35556481775373416 
-0.6885598590288752 1.2193119759866455 -0.35556481775373416 
