-0.704751719238255 1.2122407627441234 -0.4895544192324921 
-0.7047407192351071 1.2121900977262214 -0.4895244858686312 
-0.7047450857512609 1.2122097016782287 -0.48953036240230396 
-0.7047450857512609 1.2122097016782287 -0.48953036240230396 
-0.7047450857512609 1.2122097016782287 -0.48953036240230396 
-0.7047450857512609 1.2122097016782287 -0.48953036240230396 
-0.7047420784412292 1.2121970376968747 -0.4895362215881591 
-0.7047420784412292 1.2121970376968747 -0.4895362215881591 
-0.7047479463290026 1.2122228772401393 -0.48953814664683937 
-0.7047479463290026 1.2122228772401393 -0.48953814664683937 
-0.7047479463290026 1.2122228772401393 -0.48953814664683937 
-0.7047460447885182 1.212215306333138 -0.4895470148683978 
-0.7047460447885182 1.2122153063331376 -0.4895470148683978 
-0.7047431562540025 1.2122016659436734 -0.48953518019267284 
-0.7047431562540025 1.2122016659436734 -0.48953518019267284 
-0.7047431562540025 1.2122016659436734 -0.48953518019267284 
-0.7047431562540025 1.2122016659436734 -0.48953518019267284 
-0.7047431562540025 1.2122016659436734 -0.48953518019267284 
-0.7047429163511204 1.212200217443521 -0.4895304646917451 
-0.7047429163511204 1.212200217443521 -0.4895304646917451 
-0.7047429163511204 1.212200217443521 -0.4895304646917451 
-0.7047429163511204 1.2122002174435207 -0.4895304646917451 
-0.7047464403905904 1.2122164488500429 -0.4895400543577024 
-0.7047464403905904 1.2122164488500429 -0.4895400543577024 
-0.7047464403905902 1.2122164488500429 -0.4895400543577021 
-0.7047464403905902 1.2122164488500429 -0.4895400543577021 
-0.7047482000064786 1.2122245534814031 -0.48954484264929854 
-0.7047482000064786 1.2122245534814031 -0.48954484264929854 
-0.7047482000064786 1.2122245534814031 -0.48954484264929854 
-0.7047442059433168 1.2122056493625484 -0.48952796825650613 
-0.7047442059433168 1.2122056493625484 -0.48952796825650613 
-0.7047442059433168 1.2122056493625484 -0.48952796825650613 
-0.7047422251735193 1.2121965261163181 -0.4895225781577688 
-0.7039134759751661 1.2126495160471216 -0.4895276629716039 
-0.7039134759751661 1.2126495160471216 -0.4895276629716039 
-0.7029938241669601 1.213156308672059 -0.4895359689013379 
-0.70385535533166 1.2127133609138598 -0.48954501573839493 
-0.70385535533166 1.2127133609138598 -0.48954501573839493 
-0.7047475088288775 1.2122208621542 -0.48953695611532244 
-0.7047475088288775 1.2122208621542 -0.48953695611532244 
-0.7047493149096112 1.2122300321534343 -0.48955193921326123 
-0.7047493149096112 1.2122300321534343 -0.48955193921326123 
-0.7047493149096112 1.2122300321534343 -0.48955193921326123 
-0.7047431049814633 1.212200578431998 -0.48952497230356684 
-0.7047431049814633 1.212200578431998 -0.48952497230356684 
-0.7047431049814633 1.212200578431998 -0.48952497230356684 
-0.7047431049814633 1.212200578431998 -0.48952497230356684 
-0.7047464403905904 1.2122164488500429 -0.4895400543577024 
-0.7047464403905904 1.2122164488500429 -0.4895400543577024 
-0.7047464403905904 1.2122164488500429 -0.4895400543577024 
-0.7047464403905904 1.2122164488500429 -0.4895400543577024 
-0.7047429163511204 1.212200217443521 -0.4895304646917451 
-0.7047429163511204 1.212200217443521 -0.4895304646917451 
-0.7047429163511204 1.212200217443521 -0.4895304646917451 
-0.7047429163511204 1.212200217443521 -0.4895304646917451 
-0.7047479463290026 1.2122228772401393 -0.48953814664683937 
-0.7047479463290026 1.2122228772401393 -0.48953814664683937 
-0.7047457817365559 1.2122134151492332 -0.4895382620190445 
-0.7047457817365559 1.2122134151492332 -0.4895382620190445 
-0.7047457817365559 1.2122134151492332 -0.4895382620190445 
-0.7047527689275692 1.2122447461629984 -0.4895472072963247 
-0.7047527689275692 1.2122447461629984 -0.4895472072963247 
-0.7047527689275692 1.2122447461629984 -0.4895472072963247 
-0.7047453581777098 1.2122118078047748 -0.4895411720985512 
-0.7047453581777098 1.2122118078047748 -0.4895411720985512 
-0.7047453581777098 1.2122118078047748 -0.4895411720985512 
-0.7047473201985345 1.2122205011657228 -0.4895424485035005 
-0.7047473201985345 1.2122205011657228 -0.4895424485035005 
-0.7047488586605132 1.2122275871822124 -0.4895466349879567 
-0.7047488586605132 1.2122275871822124 -0.4895466349879567 
-0.7047488586605132 1.2122275871822124 -0.4895466349879567 
-0.7047420784412292 1.2121970376968747 -0.4895362215881591 
-0.7047420784412292 1.2121970376968747 -0.4895362215881591 
-0.7047429163511204 1.212200217443521 -0.4895304646917451 
-0.7047429163511204 1.212200217443521 -0.4895304646917451 
-0.7047499222911064 1.2122319783425684 -0.4895435236628125 
-0.7047479463290026 1.2122228772401393 -0.48953814664683937 
-0.7047479463290026 1.2122228772401393 -0.48953814664683937 
-0.7047479463290026 1.2122228772401393 -0.48953814664683937 
-0.704740295676261 1.2121884903817632 -0.48952739594813766 
-0.704740295676261 1.2121884903817632 -0.48952739594813766 
-0.704740295676261 1.2121884903817632 -0.48952739594813766 
-0.704740295676261 1.2121884903817632 -0.48952739594813766 
-0.7047506370253742 1.2122361216988553 -0.48955553697334087 
-0.7047422251735193 1.2121965261163181 -0.4895225781577688 
-0.7047422251735193 1.2121965261163181 -0.4895225781577688 
-0.7047422251735193 1.2121965261163181 -0.4895225781577688 
-0.7047422251735193 1.2121965261163181 -0.4895225781577688 
-0.7047450670022881 1.2122092717929465 -0.48952624870851635 
-0.7047450670022881 1.2122092717929465 -0.48952624870851635 
-0.7047450670022881 1.2122092717929465 -0.48952624870851635 
-0.7047503645989255 1.2122340155723095 -0.48954472727709386 
-0.7047503645989255 1.2122340155723095 -0.48954472727709386 
-0.7047516867146885 1.2122401051177305 -0.4895483250371737 
-0.7047516867146885 1.2122401051177305 -0.4895483250371737 
-0.7047474900799047 1.2122204322689176 -0.4895328424215353 
-0.7047474900799047 1.2122204322689176 -0.4895328424215353 
-0.7047474900799047 1.2122204322689176 -0.4895328424215353 
-0.7047474900799047 1.2122204322689176 -0.4895328424215353 
-0.7047444735620719 1.212207733345293 -0.48953876486998826 
-0.7047444735620719 1.212207733345293 -0.48953876486998826 
-0.704745965559205 1.2122137539939088 -0.4895327565481027 
-0.704745965559205 1.2122137539939088 -0.4895327565481027 
-0.7047459655592048 1.2122137539939088 -0.48953275654810235 
-0.7047459655592048 1.2122137539939088 -0.48953275654810235 
-0.704746389118051 1.212215361338367 -0.489529846468596 
-0.7047468314258701 1.2122173985681082 -0.48953105008287734 
-0.7047468314258701 1.2122173985681082 -0.48953105008287734 
-0.7047521102735345 1.2122417124621887 -0.48954541495766724 
-0.7047521102735345 1.2122417124621887 -0.48954541495766724 
-0.7047413453655752 1.212192473800638 -0.4895201840119705 
-0.7047464822886433 1.212217321419077 -0.48954820539991495 
-0.7047464822886433 1.212217321419077 -0.48954820539991495 
-0.7047464822886433 1.212217321419077 -0.48954820539991495 
-0.7047464822886433 1.212217321419077 -0.48954820539991495 
-0.7047464591395632 1.2122168787353251 -0.48954416805149004 
-0.7047464591395632 1.2122168787353251 -0.48954416805149004 
-0.7047484351016671 1.2122259798377542 -0.48954954506746273 
-0.7047484351016671 1.2122259798377542 -0.48954954506746273 
-0.704745965559205 1.2122137539939088 -0.4895327565481027 
-0.704745965559205 1.2122137539939088 -0.4895327565481027 
-0.7047468314258701 1.2122173985681082 -0.48953105008287734 
-0.7047468314258701 1.2122173985681082 -0.48953105008287734 
-0.7047512444068695 1.2122380678879896 -0.48954712142289214 
-0.7047512444068695 1.2122380678879896 -0.48954712142289214 
-0.7047439660404345 1.2122042008623957 -0.48952325275557795 
-0.7047439660404345 1.2122042008623957 -0.48952325275557795 
-0.7047439660404345 1.2122042008623957 -0.48952325275557795 
-0.7047439660404345 1.2122042008623957 -0.48952325275557795 
-0.7047439660404345 1.2122042008623957 -0.48952325275557795 
-0.7047435937541278 1.2122036810296128 -0.48953637072419043 
-0.7047435937541278 1.2122036810296128 -0.48953637072419043 
-0.7047422251735193 1.2121965261163181 -0.4895225781577688 
-0.704744643443442 1.2122076644484878 -0.48952915878802283 
-0.704744643443442 1.2122076644484878 -0.48952915878802283 
-0.7047464403905902 1.2122164488500429 -0.4895400543577021 
-0.7047464403905902 1.2122164488500429 -0.4895400543577021 
-0.7047403375743139 1.2121893629507974 -0.4895355469903504 
-0.7047468966396884 1.2122188938212644 -0.48954535858300674 
-0.7047422251735193 1.2121965261163181 -0.4895225781577688 
-0.7047493149096112 1.2122300321534343 -0.48955193921326123 
-0.7047493149096112 1.2122300321534343 -0.48955193921326123 
-0.7047426487323654 1.2121981334607765 -0.48951966807826275 
-0.7047503645989255 1.2122340155723095 -0.48954472727709386 
-0.7047503645989255 1.2122340155723095 -0.48954472727709386 
-0.703211143276571 1.21303481261744 -0.4895464539921075 
-0.7047494847909812 1.212229963256629 -0.4895423331312956 
-0.7047494847909812 1.212229963256629 -0.4895423331312956 
-0.7047494847909812 1.212229963256629 -0.4895423331312956 
-0.7047444596207928 1.2122073256038122 -0.4895346642589653 
-0.7047444596207928 1.2122073256038122 -0.4895346642589653 
-0.7047444596207928 1.2122073256038122 -0.4895346642589653 
-0.7047444596207928 1.2122073256038122 -0.4895346642589653 
-0.7047444596207928 1.2122073256038122 -0.4895346642589653 
-0.7047440592110269 1.2122061609431054 -0.4895416116868967 
-0.7047440592110269 1.2122061609431054 -0.4895416116868967 
-0.7047460447885182 1.212215306333138 -0.4895470148683978 
-0.7047460447885182 1.212215306333138 -0.4895470148683978 
-0.7047479463290024 1.2122228772401393 -0.48953814664683903 
-0.7047479463290024 1.2122228772401393 -0.48953814664683903 
-0.7047479463290024 1.2122228772401393 -0.48953814664683903 
-0.7047475088288775 1.2122208621542 -0.48953695611532244 
-0.7047475088288775 1.2122208621542 -0.48953695611532244 
-0.7047475088288775 1.2122208621542 -0.48953695611532244 
-0.7047475088288775 1.2122208621542 -0.48953695611532244 
-0.7047464403905904 1.2122164488500429 -0.4895400543577024 
-0.7047464403905904 1.2122164488500429 -0.4895400543577024 
-0.704745965559205 1.2122137539939088 -0.4895327565481027 
-0.704745965559205 1.2122137539939088 -0.4895327565481027 
-0.704745965559205 1.2122137539939088 -0.4895327565481027 
-0.7047469245964622 1.2122193586488177 -0.4895494090141961 
-0.7047499222911062 1.2122319783425684 -0.4895435236628122 
-0.7047499222911062 1.2122319783425684 -0.4895435236628122 
-0.7047499222911062 1.2122319783425684 -0.4895435236628122 
-0.704741787673394 1.212194511030379 -0.4895213876262514 
-0.704741787673394 1.212194511030379 -0.4895213876262514 
-0.704741787673394 1.212194511030379 -0.4895213876262514 
-0.704741787673394 1.212194511030379 -0.4895213876262514 
-0.7047422251735193 1.2121965261163181 -0.4895225781577688 
-0.7047422251735193 1.2121965261163181 -0.4895225781577688 
-0.7047477625063533 1.2122225383954637 -0.4895436521177816 
-0.7047477625063533 1.2122225383954637 -0.4895436521177816 
-0.7047477625063533 1.2122225383954637 -0.4895436521177816 
-0.7047477625063533 1.2122225383954637 -0.4895436521177816 
-0.7047416177920239 1.2121945799271838 -0.48953099370821707 
-0.7047416177920239 1.2121945799271838 -0.48953099370821707 
-0.704746407867024 1.2122157912236498 -0.4895339601623834 
-0.704746407867024 1.2122157912236498 -0.4895339601623834 
-0.70474204135087 1.2121961872716425 -0.48952808362871125 
-0.7047470665210586 1.2122188249244594 -0.4895357525010413 
-0.7047470665210586 1.2122188249244594 -0.4895357525010413 
-0.7047470665210586 1.2122188249244594 -0.4895357525010413 
-0.7047470665210586 1.2122188249244594 -0.4895357525010413 
-0.704746389118051 1.212215361338367 -0.489529846468596 
-0.704746389118051 1.212215361338367 -0.489529846468596 
-0.704746389118051 1.212215361338367 -0.489529846468596 
-0.704746389118051 1.212215361338367 -0.489529846468596 
-0.7047450857512609 1.2122097016782287 -0.48953036240230396 
-0.7047450857512609 1.2122097016782287 -0.48953036240230396 
-0.7047450857512609 1.2122097016782287 -0.48953036240230396 
-0.7047475088288775 1.2122208621542 -0.48953695611532244 
-0.7047475088288775 1.2122208621542 -0.48953695611532244 
-0.7047449158698907 1.2122097705750339 -0.48953996848426984 
-0.7047449158698907 1.2122097705750339 -0.48953996848426984 
-0.7047449158698907 1.2122097705750339 -0.48953996848426984 
-0.7047449158698907 1.2122097705750339 -0.48953996848426984 
-0.704744897120918 1.2122093406897514 -0.4895358547904822 
-0.704744897120918 1.2122093406897514 -0.4895358547904822 
-0.7047453394287368 1.2122113779194923 -0.48953705840476336 
-0.7047499222911064 1.2122319783425684 -0.4895435236628125 
-0.7047494847909812 1.212229963256629 -0.4895423331312956 
-0.7047494847909812 1.212229963256629 -0.4895423331312956 
-0.7047494847909812 1.212229963256629 -0.4895423331312956 
-0.7047494847909812 1.212229963256629 -0.4895423331312956 
-0.7047479463290026 1.2122228772401393 -0.48953814664683937 
-0.7047440360619467 1.2122057182593535 -0.4895375743384711 
-0.7047440360619467 1.2122057182593535 -0.4895375743384711 
-0.7047483698878487 1.2122244845845978 -0.48953523656733355 
-0.7047483698878487 1.2122244845845978 -0.48953523656733355 
-0.7047473389475072 1.212220931051005 -0.48954656219728787 
-0.7047501759685825 1.212233654583832 -0.4895502196652719 
-0.7047501759685825 1.212233654583832 -0.4895502196652719 
-0.7047501759685822 1.212233654583832 -0.48955021966527157 
-0.7047415990430512 1.2121941500419013 -0.4895268800144301 
-0.7047415990430512 1.2121941500419013 -0.4895268800144301 
-0.7047503645989255 1.2122340155723095 -0.48954472727709386 
-0.704741175484205 1.212192542697443 -0.48952979009393593 
-0.704741175484205 1.212192542697443 -0.48952979009393593 
-0.704741175484205 1.212192542697443 -0.48952979009393593 
-0.7047497524097364 1.2122320472393735 -0.48955312974477816 
-0.7047497524097364 1.2122320472393735 -0.48955312974477816 
-0.7047497524097364 1.2122320472393735 -0.48955312974477816 
-0.7047497524097364 1.2122320472393735 -0.48955312974477816 
-0.704745197670826 1.2122120916442212 -0.48955283502740987 
-0.7047477625063533 1.2122225383954637 -0.4895436521177816 
-0.7047479463290026 1.2122228772401393 -0.48953814664683937 
-0.7047464403905904 1.2122164488500429 -0.4895400543577024 
-0.704745509310107 1.2122113090226871 -0.4895274523227977 
-0.7047508020990506 1.2122360306582485 -0.48954591780861123 
-0.7047464403905904 1.2122164488500429 -0.4895400543577024 
-0.7047400605810724 1.2121870640254118 -0.48952269352997413 
-0.7047443756580016 1.2122054004653733 -0.48951624206504873 
-0.7047407192351071 1.2121900977262214 -0.4895244858686312 
-0.7047431562540025 1.2122016659436734 -0.48953518019267284 
-0.7047422251735193 1.2121965261163181 -0.4895225781577688 
-0.7047477764476325 1.2122229461369445 -0.489547752728805 
-0.7047468126768971 1.2122169686828255 -0.4895269363890902 
-0.7047492961606384 1.212229602268152 -0.4895478255194736 
-0.7047446295021629 1.2122072567070068 -0.48952505817699987 
-0.7047492496957926 1.2122285369002779 -0.4895376307131315 
-0.704745965559205 1.2122137539939088 -0.4895327565481027 
-0.7047436217109017 1.2122041458571664 -0.4895404211553793 
-0.7047435424815885 1.2122025935179372 -0.489526162835084 
-0.7047477764476325 1.2122229461369445 -0.489547752728805 
-0.7047483698878487 1.2122244845845978 -0.48953523656733355 
-0.7047468314258701 1.2122173985681082 -0.48953105008287734 
-0.7047503458499526 1.2122335856870268 -0.48954061358330647 
-0.7047450857512609 1.2122097016782287 -0.48953036240230396 
-0.7047492961606384 1.212229602268152 -0.4895478255194736 
-0.7047479323877236 1.2122224694986583 -0.4895340460358162 
-0.7047475088288775 1.2122208621542 -0.48953695611532244 
-0.704745509310107 1.2122113090226871 -0.4895274523227977 
-0.7047464591395632 1.2122168787353251 -0.48954416805149004 
-0.7047431049814633 1.212200578431998 -0.48952497230356684 
-0.704744897120918 1.2122093406897514 -0.4895358547904822 
-0.704744897120918 1.2122093406897514 -0.4895358547904822 
-0.7047431049814633 1.212200578431998 -0.48952497230356684 
-0.70474204135087 1.2121961872716425 -0.48952808362871125 
-0.704744643443442 1.2122076644484878 -0.48952915878802283 
-0.7047415990430512 1.2121941500419013 -0.4895268800144301 
-0.7047473201985345 1.2122205011657228 -0.4895424485035005 
-0.7047468826984093 1.2122184860797836 -0.48954125797198333 
-0.7047468826984093 1.2122184860797836 -0.48954125797198333 
-0.7047479463290026 1.2122228772401393 -0.48953814664683937 
-0.7047470665210586 1.2122188249244594 -0.4895357525010413 
-0.7047468966396884 1.2122188938212644 -0.48954535858300674 
-0.7047464822886433 1.212217321419077 -0.48954820539991495 
-0.7047497524097364 1.2122320472393735 -0.48955312974477816 
-0.7047479463290026 1.2122228772401393 -0.48953814664683937 
-0.7047459468102323 1.2122133241086264 -0.4895286428543153 
-0.7047414712264192 1.212195271508111 -0.4895467572480994 
-0.7047499222911062 1.2122319783425684 -0.4895435236628122 
-0.7047468826984091 1.2122184860797836 -0.489541257971983 
-0.7047411615429259 1.2121921349559623 -0.4895256894829123 
-0.7047426674813378 1.2121985633460588 -0.4895237817720498 
-0.7047470665210586 1.2122188249244594 -0.4895357525010413 
-0.7047482000064786 1.2122245534814031 -0.48954484264929854 
-0.7047420784412292 1.2121970376968747 -0.4895362215881591 
-0.7047454905611342 1.2122108791374047 -0.48952333862901054 
-0.7047488261369467 1.2122269295558195 -0.4895405407926381 
-0.7047512117166176 1.212237230261226 -0.48953890711808157 
-0.7047420552921491 1.2121965950131233 -0.489532184239734 
-0.7042811056083402 1.212459584134142 -0.48954459974940656 
-0.7047470665210586 1.2122188249244594 -0.4895357525010413 
-0.704746407867024 1.2122157912236498 -0.4895339601623834 
-0.7029988866684087 1.2131796260950707 -0.489549745051751 
-0.7047460168317442 1.212214841505584 -0.4895429644372087 
-0.7047468826984093 1.2122184860797836 -0.48954125797198333 
-0.7047475088288775 1.2122208621542 -0.48953695611532244 
-0.7047449438266644 1.2122102354025874 -0.4895440189154584 
-0.7047468826984093 1.2122184860797836 -0.48954125797198333 
-0.7047472549847161 1.2122190059125664 -0.4895281400033713 
-0.7047450857512609 1.2122097016782287 -0.48953036240230396 
-0.7047488726017922 1.2122279949236934 -0.4895507355989799 
-0.7047464591395632 1.2122168787353251 -0.48954416805149004 
-0.7047468966396884 1.2122188938212644 -0.48954535858300674 
-0.7047427419029575 1.212200093541486 -0.48953802700958127 
-0.7047488261369467 1.2122269295558195 -0.4895405407926381 
-0.7047460447885182 1.212215306333138 -0.4895470148683978 
-0.7047499222911064 1.2122319783425684 -0.4895435236628125 
-0.70474204135087 1.2121961872716425 -0.48952808362871125 
-0.7047453581777098 1.2122118078047748 -0.4895411720985512 
-0.7047435285403094 1.2122021857764564 -0.489522062224061 
-0.7047468826984093 1.2122184860797836 -0.48954125797198333 
-0.7047422251735193 1.2121965261163181 -0.4895225781577688 
-0.7037410400039391 1.2127759359405343 -0.489551538978826 
-0.704748858660513 1.2122275871822124 -0.48954663498795636 
-0.7047429163511204 1.212200217443521 -0.4895304646917451 
-0.704741640941104 1.212195022610936 -0.4895350310566424 
-0.7047496732546389 1.2122301442447363 -0.4895347206336256 
-0.7047453581777098 1.2122118078047748 -0.4895411720985512 
-0.7029959934004153 1.2131656129063968 -0.4895337465024048 
-0.7047494847909812 1.212229963256629 -0.4895423331312956 
-0.7047475088288775 1.2122208621542 -0.48953695611532244 
-0.7047477764476325 1.2122229461369445 -0.489547752728805 
-0.704746407867024 1.2122157912236498 -0.4895339601623834 
-0.7047431049814633 1.212200578431998 -0.48952497230356684 
-0.7047460168317442 1.212214841505584 -0.4895429644372087 
-0.7047427885344886 1.2122013389097306 -0.4895503419254148 
-0.7047444596207928 1.2122073256038122 -0.4895346642589653 
-0.7047429163511204 1.212200217443521 -0.4895304646917451 
-0.7047479463290026 1.2122228772401393 -0.48953814664683937 
-0.7047492496957928 1.2122285369002779 -0.48953763071313183 
-0.7047435937541278 1.2122036810296128 -0.48953637072419043 
-0.7047468826984093 1.2122184860797836 -0.48954125797198333 
-0.7047424788509953 1.2121982023575817 -0.48952927416022773 
-0.704745965559205 1.2122137539939088 -0.4895327565481027 
-0.7047479463290026 1.2122228772401393 -0.48953814664683937 
-0.7047479463290026 1.2122228772401393 -0.48953814664683937 
-0.7047512117166176 1.212237230261226 -0.48953890711808157 
-0.7047453394287368 1.2122113779194923 -0.48953705840476336 
-0.7047470665210586 1.2122188249244594 -0.4895357525010413 
-0.7047422251735193 1.2121965261163181 -0.4895225781577688 
-0.7047464822886433 1.212217321419077 -0.48954820539991495 
-0.7047422251735193 1.2121965261163181 -0.4895225781577688 
-0.7047516867146885 1.2122401051177305 -0.4895483250371737 
-0.704741787673394 1.212194511030379 -0.4895213876262514 
-0.704746501037616 1.2122177513043595 -0.48955231909370167 
-0.7047474900799047 1.2122204322689176 -0.4895328424215353 
-0.7047444735620719 1.212207733345293 -0.48953876486998826 
-0.7047450857512609 1.2122097016782287 -0.48953036240230396 
-0.7047503645989255 1.2122340155723095 -0.48954472727709386 
-0.7047403236330346 1.2121889552093164 -0.48953144637932655 
-0.704745965559205 1.2122137539939088 -0.4895327565481027 
-0.7047474900799047 1.2122204322689176 -0.4895328424215353 
-0.7047455232513862 1.212211716764168 -0.48953155293382156 
-0.7047457817365559 1.2122134151492332 -0.4895382620190445 
-0.7047468966396884 1.2122188938212644 -0.48954535858300674 
-0.7047479323877236 1.2122224694986583 -0.4895340460358162 
-0.7047474900799047 1.2122204322689176 -0.4895328424215353 
-0.7029973759223029 1.2131731755611723 -0.4895516396798496 
-0.7047473201985345 1.2122205011657228 -0.4895424485035005 
-0.7047435937541278 1.2122036810296128 -0.48953637072419043 
-0.7047497384684573 1.212231639497893 -0.489549029133755 
-0.7029978182301218 1.2131752127909132 -0.48955284329413074 
-0.7047424788509953 1.2121982023575817 -0.48952927416022773 
-0.7047446295021629 1.2122072567070068 -0.48952505817699987 
-0.7047503645989255 1.2122340155723095 -0.48954472727709386 
-0.7047403236330346 1.2121889552093164 -0.48953144637932655 
-0.704746501037616 1.2122177513043595 -0.48955231909370167 
-0.702999375441073 1.2131827286926853 -0.48956114347237434 
-0.70474204135087 1.2121961872716425 -0.48952808362871125 
-0.70474204135087 1.2121961872716425 -0.48952808362871125 
-0.7047477764476325 1.2122229461369445 -0.489547752728805 
-0.7047435798128484 1.212203273288132 -0.48953227011316625 
-0.704741640941104 1.212195022610936 -0.4895350310566424 
-0.704747611133055 1.2122232078325892 -0.4895594025749004 
-0.7047501947175553 1.2122340844691146 -0.4895543333590595 
-0.7047477625063533 1.2122225383954637 -0.4895436521177816 
-0.7040440646875569 1.212606541488726 -0.48954760733920644 
-0.7047450857512607 1.2122097016782287 -0.48953036240230363 
-0.7047482000064786 1.2122245534814031 -0.48954484264929854 
-0.704746389118051 1.212215361338367 -0.489529846468596 
-0.7047475971917759 1.2122228000911086 -0.48955530196387675 
-0.7047464403905904 1.2122164488500429 -0.4895400543577024 
-0.7047422112322401 1.212196118374837 -0.4895184775467454 
-0.7047427558442366 1.2122005012829673 -0.489542127620604 
-0.7047431794030827 1.2122021086274253 -0.4895392175410982 
-0.7047420784412292 1.2121970376968747 -0.4895362215881591 
-0.704745509310107 1.2122113090226871 -0.4895274523227977 
-0.7047483886368214 1.21222491446988 -0.4895393502611205 
-0.7047455232513862 1.212211716764168 -0.48953155293382156 
-0.7047407379840798 1.2121905276115037 -0.4895285995624188 
-0.704746407867024 1.2122157912236493 -0.4895339601623834 
-0.7047457817365559 1.2122134151492332 -0.4895382620190445 
-0.7047460168317442 1.212214841505584 -0.4895429644372087 
-0.7047476785435622 1.2122206132570248 -0.48952522992386527 
-0.7047453394287368 1.2122113779194923 -0.48953705840476336 
-0.704746407867024 1.2122157912236498 -0.4895339601623834 
-0.70474204135087 1.2121961872716425 -0.48952808362871125 
-0.7047450857512609 1.2122097016782287 -0.48953036240230396 
-0.7032180156013785 1.213058958497696 -0.48954776617540285 
-0.7047400605810724 1.2121870640254118 -0.48952269352997413 
-0.7047468966396881 1.2122188938212644 -0.4895453585830064 
-0.7047488261369467 1.2122269295558195 -0.4895405407926381 
-0.7047473620965874 1.2122213737347571 -0.4895505995457132 
-0.7047512256578967 1.212237638002707 -0.489543007729105 
-0.7047431562540023 1.2122016659436734 -0.4895351801926725 
-0.7047429163511204 1.212200217443521 -0.4895304646917451 
-0.7047444596207928 1.2122073256038122 -0.4895346642589653 
-0.7047440173129739 1.2122052883740715 -0.48953346064468417 
-0.7047477625063533 1.2122225383954637 -0.4895436521177816 
-0.7047445015188456 1.2122081981728463 -0.4895428153011776 
-0.704746407867024 1.2122157912236498 -0.4895339601623834 
-0.704745509310107 1.2122113090226871 -0.4895274523227977 
-0.7047444735620719 1.212207733345293 -0.48953876486998826 
-0.7047435424815885 1.2122025935179372 -0.489526162835084 
-0.7047431049814633 1.212200578431998 -0.48952497230356684 
-0.704746407867024 1.2122157912236498 -0.4895339601623834 
-0.704746407867024 1.2122157912236498 -0.4895339601623834 
-0.7047477625063533 1.2122225383954637 -0.4895436521177816 
-0.7047468826984093 1.2122184860797836 -0.48954125797198333 
-0.7047497803665101 1.212232512066927 -0.48955718017596794 
-0.704745509310107 1.2122113090226871 -0.4895274523227977 
-0.7047488586605132 1.2122275871822124 -0.4895466349879567 
-0.7047469245964622 1.2122193586488177 -0.4895494090141961 
-0.7047494847909812 1.212229963256629 -0.4895423331312956 
-0.7030022312111213 1.2131958821107944 -0.48956891463414554 
-0.7047512444068695 1.2122380678879896 -0.48954712142289214 
-0.7047488586605132 1.2122275871822124 -0.4895466349879567 
-0.7047445015188456 1.2122081981728463 -0.4895428153011776 
-0.7047449158698907 1.2122097705750339 -0.48953996848426984 
-0.7047483698878487 1.2122244845845978 -0.48953523656733355 
