-0.6497517192382549 1.2822407627441235 -0.4895544192324919 
-0.649740719235107 1.2821900977262213 -0.4895244858686314 
-0.6497450857512608 1.2822097016782288 -0.48953036240230396 
-0.6497450857512608 1.2822097016782288 -0.48953036240230396 
-0.6497450857512608 1.2822097016782288 -0.48953036240230396 
-0.6497450857512608 1.2822097016782288 -0.48953036240230396 
-0.6497420784412291 1.282197037696875 -0.4895362215881598 
-0.6497420784412291 1.282197037696875 -0.4895362215881598 
-0.6497479463290023 1.2822228772401392 -0.48953814664683937 
-0.6497479463290023 1.2822228772401392 -0.48953814664683937 
-0.6497479463290023 1.2822228772401392 -0.48953814664683937 
-0.649746044788518 1.2822153063331378 -0.489547014868398 
-0.649746044788518 1.2822153063331376 -0.489547014868398 
-0.6497431562540026 1.2822016659436737 -0.48953518019267284 
-0.6497431562540026 1.2822016659436737 -0.48953518019267284 
-0.6497431562540026 1.2822016659436737 -0.48953518019267284 
-0.6497431562540026 1.2822016659436737 -0.48953518019267284 
-0.6497431562540026 1.2822016659436737 -0.48953518019267284 
-0.6497429163511204 1.282200217443521 -0.4895304646917449 
-0.6497429163511204 1.282200217443521 -0.4895304646917449 
-0.6497429163511204 1.282200217443521 -0.4895304646917449 
-0.6497429163511204 1.2822002174435205 -0.4895304646917449 
-0.6497464403905904 1.2822164488500427 -0.489540054357702 
-0.6497464403905904 1.2822164488500427 -0.489540054357702 
-0.6497464403905902 1.2822164488500427 -0.48954005435770165 
-0.6497464403905902 1.2822164488500427 -0.48954005435770165 
-0.6497482000064785 1.282224553481403 -0.48954484264929876 
-0.6497482000064785 1.282224553481403 -0.48954484264929876 
-0.6497482000064785 1.282224553481403 -0.48954484264929876 
-0.6497442059433167 1.2822056493625487 -0.4895279682565059 
-0.6497442059433167 1.2822056493625487 -0.4895279682565059 
-0.6497442059433167 1.2822056493625487 -0.4895279682565059 
-0.6497422251735192 1.2821965261163182 -0.4895225781577688 
-0.6489134759751659 1.2826495160471214 -0.48952766297160344 
-0.6489134759751659 1.2826495160471214 -0.48952766297160344 
-0.6479938241669599 1.2831563086720588 -0.48953596890133744 
-0.6488553553316598 1.28271336091386 -0.4895450157383947 
-0.6488553553316598 1.28271336091386 -0.4895450157383947 
-0.6497475088288773 1.2822208621542002 -0.4895369561153222 
-0.6497475088288773 1.2822208621542002 -0.4895369561153222 
-0.6497493149096111 1.2822300321534343 -0.48955193921326123 
-0.6497493149096111 1.2822300321534343 -0.48955193921326123 
-0.6497493149096111 1.2822300321534343 -0.48955193921326123 
-0.6497431049814633 1.2822005784319983 -0.48952497230356706 
-0.6497431049814633 1.2822005784319983 -0.48952497230356706 
-0.6497431049814633 1.2822005784319983 -0.48952497230356706 
-0.6497431049814633 1.2822005784319983 -0.48952497230356706 
-0.6497464403905904 1.2822164488500427 -0.489540054357702 
-0.6497464403905904 1.2822164488500427 -0.489540054357702 
-0.6497464403905904 1.2822164488500427 -0.489540054357702 
-0.6497464403905904 1.2822164488500427 -0.489540054357702 
-0.6497429163511204 1.282200217443521 -0.4895304646917449 
-0.6497429163511204 1.282200217443521 -0.4895304646917449 
-0.6497429163511204 1.282200217443521 -0.4895304646917449 
-0.6497429163511204 1.282200217443521 -0.4895304646917449 
-0.6497479463290023 1.2822228772401392 -0.48953814664683937 
-0.6497479463290023 1.2822228772401392 -0.48953814664683937 
-0.6497457817365557 1.2822134151492333 -0.4895382620190445 
-0.6497457817365557 1.2822134151492333 -0.4895382620190445 
-0.6497457817365557 1.2822134151492333 -0.4895382620190445 
-0.6497527689275691 1.2822447461629982 -0.4895472072963245 
-0.6497527689275691 1.2822447461629982 -0.4895472072963245 
-0.6497527689275691 1.2822447461629982 -0.4895472072963245 
-0.6497453581777096 1.2822118078047746 -0.4895411720985505 
-0.6497453581777096 1.2822118078047746 -0.4895411720985505 
-0.6497453581777096 1.2822118078047746 -0.4895411720985505 
-0.6497473201985343 1.2822205011657228 -0.48954244850350026 
-0.6497473201985343 1.2822205011657228 -0.48954244850350026 
-0.6497488586605131 1.2822275871822126 -0.4895466349879565 
-0.6497488586605131 1.2822275871822126 -0.4895466349879565 
-0.6497488586605131 1.2822275871822126 -0.4895466349879565 
-0.6497420784412291 1.282197037696875 -0.4895362215881598 
-0.6497420784412291 1.282197037696875 -0.4895362215881598 
-0.6497429163511204 1.282200217443521 -0.4895304646917449 
-0.6497429163511204 1.282200217443521 -0.4895304646917449 
-0.6497499222911063 1.2822319783425684 -0.4895435236628125 
-0.6497479463290023 1.2822228772401392 -0.48953814664683937 
-0.6497479463290023 1.2822228772401392 -0.48953814664683937 
-0.6497479463290023 1.2822228772401392 -0.48953814664683937 
-0.6497402956762608 1.2821884903817629 -0.48952739594813766 
-0.6497402956762608 1.2821884903817629 -0.48952739594813766 
-0.6497402956762608 1.2821884903817629 -0.48952739594813766 
-0.6497402956762608 1.2821884903817629 -0.48952739594813766 
-0.6497506370253741 1.2822361216988554 -0.4895555369733404 
-0.6497422251735192 1.2821965261163182 -0.4895225781577688 
-0.6497422251735192 1.2821965261163182 -0.4895225781577688 
-0.6497422251735192 1.2821965261163182 -0.4895225781577688 
-0.6497422251735192 1.2821965261163182 -0.4895225781577688 
-0.6497450670022881 1.2822092717929463 -0.4895262487085166 
-0.6497450670022881 1.2822092717929463 -0.4895262487085166 
-0.6497450670022881 1.2822092717929463 -0.4895262487085166 
-0.6497503645989253 1.2822340155723095 -0.4895447272770934 
-0.6497503645989253 1.2822340155723095 -0.4895447272770934 
-0.6497516867146882 1.2822401051177301 -0.48954832503717327 
-0.6497516867146882 1.2822401051177301 -0.48954832503717327 
-0.6497474900799045 1.2822204322689177 -0.48953284242153483 
-0.6497474900799045 1.2822204322689177 -0.48953284242153483 
-0.6497474900799045 1.2822204322689177 -0.48953284242153483 
-0.6497474900799045 1.2822204322689177 -0.48953284242153483 
-0.6497444735620718 1.2822077333452933 -0.4895387648699885 
-0.6497444735620718 1.2822077333452933 -0.4895387648699885 
-0.6497459655592049 1.282213753993909 -0.48953275654810224 
-0.6497459655592049 1.282213753993909 -0.48953275654810224 
-0.6497459655592047 1.282213753993909 -0.4895327565481019 
-0.6497459655592047 1.282213753993909 -0.4895327565481019 
-0.649746389118051 1.282215361338367 -0.489529846468596 
-0.6497468314258699 1.282217398568108 -0.48953105008287756 
-0.6497468314258699 1.282217398568108 -0.48953105008287756 
-0.6497521102735344 1.2822417124621888 -0.489545414957667 
-0.6497521102735344 1.2822417124621888 -0.489545414957667 
-0.649741345365575 1.2821924738006378 -0.48952018401197006 
-0.6497464822886431 1.2822173214190768 -0.48954820539991495 
-0.6497464822886431 1.2822173214190768 -0.48954820539991495 
-0.6497464822886431 1.2822173214190768 -0.48954820539991495 
-0.6497464822886431 1.2822173214190768 -0.48954820539991495 
-0.6497464591395631 1.2822168787353252 -0.4895441680514898 
-0.6497464591395631 1.2822168787353252 -0.4895441680514898 
-0.649748435101667 1.2822259798377542 -0.48954954506746295 
-0.649748435101667 1.2822259798377542 -0.48954954506746295 
-0.6497459655592049 1.282213753993909 -0.48953275654810224 
-0.6497459655592049 1.282213753993909 -0.48953275654810224 
-0.6497468314258699 1.282217398568108 -0.48953105008287756 
-0.6497468314258699 1.282217398568108 -0.48953105008287756 
-0.6497512444068694 1.2822380678879894 -0.48954712142289214 
-0.6497512444068694 1.2822380678879894 -0.48954712142289214 
-0.6497439660404345 1.282204200862396 -0.4895232527555775 
-0.6497439660404345 1.282204200862396 -0.4895232527555775 
-0.6497439660404345 1.282204200862396 -0.4895232527555775 
-0.6497439660404345 1.282204200862396 -0.4895232527555775 
-0.6497439660404345 1.282204200862396 -0.4895232527555775 
-0.6497435937541278 1.2822036810296131 -0.48953637072419043 
-0.6497435937541278 1.2822036810296131 -0.48953637072419043 
-0.6497422251735192 1.2821965261163182 -0.4895225781577688 
-0.649744643443442 1.282207664448488 -0.48952915878802283 
-0.649744643443442 1.282207664448488 -0.48952915878802283 
-0.6497464403905902 1.2822164488500427 -0.48954005435770165 
-0.6497464403905902 1.2822164488500427 -0.48954005435770165 
-0.6497403375743138 1.2821893629507977 -0.4895355469903502 
-0.6497468966396882 1.2822188938212644 -0.48954535858300696 
-0.6497422251735192 1.2821965261163182 -0.4895225781577688 
-0.6497493149096111 1.2822300321534343 -0.48955193921326123 
-0.6497493149096111 1.2822300321534343 -0.48955193921326123 
-0.6497426487323653 1.2821981334607766 -0.48951966807826275 
-0.6497503645989253 1.2822340155723095 -0.4895447272770934 
-0.6497503645989253 1.2822340155723095 -0.4895447272770934 
-0.6482111432765709 1.2830348126174402 -0.4895464539921075 
-0.6497494847909813 1.2822299632566292 -0.4895423331312949 
-0.6497494847909813 1.2822299632566292 -0.4895423331312949 
-0.6497494847909813 1.2822299632566292 -0.4895423331312949 
-0.6497444596207926 1.2822073256038125 -0.48953466425896486 
-0.6497444596207926 1.2822073256038125 -0.48953466425896486 
-0.6497444596207926 1.2822073256038125 -0.48953466425896486 
-0.6497444596207926 1.2822073256038125 -0.48953466425896486 
-0.6497444596207926 1.2822073256038125 -0.48953466425896486 
-0.6497440592110267 1.2822061609431057 -0.48954161168689647 
-0.6497440592110267 1.2822061609431057 -0.48954161168689647 
-0.649746044788518 1.2822153063331378 -0.489547014868398 
-0.649746044788518 1.2822153063331378 -0.489547014868398 
-0.6497479463290021 1.2822228772401392 -0.48953814664683903 
-0.6497479463290021 1.2822228772401392 -0.48953814664683903 
-0.6497479463290021 1.2822228772401392 -0.48953814664683903 
-0.6497475088288773 1.2822208621542002 -0.4895369561153222 
-0.6497475088288773 1.2822208621542002 -0.4895369561153222 
-0.6497475088288773 1.2822208621542002 -0.4895369561153222 
-0.6497475088288773 1.2822208621542002 -0.4895369561153222 
-0.6497464403905904 1.2822164488500427 -0.489540054357702 
-0.6497464403905904 1.2822164488500427 -0.489540054357702 
-0.6497459655592049 1.282213753993909 -0.48953275654810224 
-0.6497459655592049 1.282213753993909 -0.48953275654810224 
-0.6497459655592049 1.282213753993909 -0.48953275654810224 
-0.6497469245964621 1.2822193586488178 -0.48954940901419586 
-0.6497499222911061 1.2822319783425684 -0.4895435236628122 
-0.6497499222911061 1.2822319783425684 -0.4895435236628122 
-0.6497499222911061 1.2822319783425684 -0.4895435236628122 
-0.6497417876733939 1.282194511030379 -0.4895213876262514 
-0.6497417876733939 1.282194511030379 -0.4895213876262514 
-0.6497417876733939 1.282194511030379 -0.4895213876262514 
-0.6497417876733939 1.282194511030379 -0.4895213876262514 
-0.6497422251735192 1.2821965261163182 -0.4895225781577688 
-0.6497422251735192 1.2821965261163182 -0.4895225781577688 
-0.6497477625063534 1.2822225383954637 -0.4895436521177816 
-0.6497477625063534 1.2822225383954637 -0.4895436521177816 
-0.6497477625063534 1.2822225383954637 -0.4895436521177816 
-0.6497477625063534 1.2822225383954637 -0.4895436521177816 
-0.6497416177920239 1.282194579927184 -0.48953099370821684 
-0.6497416177920239 1.282194579927184 -0.48953099370821684 
-0.6497464078670239 1.2822157912236498 -0.4895339601623834 
-0.6497464078670239 1.2822157912236498 -0.4895339601623834 
-0.64974204135087 1.2821961872716425 -0.4895280836287106 
-0.6497470665210584 1.2822188249244595 -0.4895357525010411 
-0.6497470665210584 1.2822188249244595 -0.4895357525010411 
-0.6497470665210584 1.2822188249244595 -0.4895357525010411 
-0.6497470665210584 1.2822188249244595 -0.4895357525010411 
-0.649746389118051 1.282215361338367 -0.489529846468596 
-0.649746389118051 1.282215361338367 -0.489529846468596 
-0.649746389118051 1.282215361338367 -0.489529846468596 
-0.649746389118051 1.282215361338367 -0.489529846468596 
-0.6497450857512608 1.2822097016782288 -0.48953036240230396 
-0.6497450857512608 1.2822097016782288 -0.48953036240230396 
-0.6497450857512608 1.2822097016782288 -0.48953036240230396 
-0.6497475088288773 1.2822208621542002 -0.4895369561153222 
-0.6497475088288773 1.2822208621542002 -0.4895369561153222 
-0.6497449158698907 1.2822097705750337 -0.4895399684842694 
-0.6497449158698907 1.2822097705750337 -0.4895399684842694 
-0.6497449158698907 1.2822097705750337 -0.4895399684842694 
-0.6497449158698907 1.2822097705750337 -0.4895399684842694 
-0.6497448971209179 1.2822093406897515 -0.489535854790482 
-0.6497448971209179 1.2822093406897515 -0.489535854790482 
-0.6497453394287368 1.2822113779194921 -0.48953705840476336 
-0.6497499222911063 1.2822319783425684 -0.4895435236628125 
-0.6497494847909813 1.2822299632566292 -0.4895423331312949 
-0.6497494847909813 1.2822299632566292 -0.4895423331312949 
-0.6497494847909813 1.2822299632566292 -0.4895423331312949 
-0.6497494847909813 1.2822299632566292 -0.4895423331312949 
-0.6497479463290023 1.2822228772401392 -0.48953814664683937 
-0.6497440360619465 1.2822057182593538 -0.48953757433847156 
-0.6497440360619465 1.2822057182593538 -0.48953757433847156 
-0.6497483698878486 1.2822244845845978 -0.4895352365673331 
-0.6497483698878486 1.2822244845845978 -0.4895352365673331 
-0.6497473389475072 1.2822209310510053 -0.48954656219728787 
-0.6497501759685824 1.282233654583832 -0.4895502196652719 
-0.6497501759685824 1.282233654583832 -0.4895502196652719 
-0.6497501759685822 1.282233654583832 -0.48955021966527157 
-0.6497415990430512 1.2821941500419018 -0.4895268800144297 
-0.6497415990430512 1.2821941500419018 -0.4895268800144297 
-0.6497503645989253 1.2822340155723095 -0.4895447272770934 
-0.6497411754842051 1.2821925426974432 -0.4895297900939357 
-0.6497411754842051 1.2821925426974432 -0.4895297900939357 
-0.6497411754842051 1.2821925426974432 -0.4895297900939357 
-0.6497497524097363 1.2822320472393738 -0.4895531297447784 
-0.6497497524097363 1.2822320472393738 -0.4895531297447784 
-0.6497497524097363 1.2822320472393738 -0.4895531297447784 
-0.6497497524097363 1.2822320472393738 -0.4895531297447784 
-0.649745197670826 1.2822120916442215 -0.4895528350274101 
-0.6497477625063534 1.2822225383954637 -0.4895436521177816 
-0.6497479463290023 1.2822228772401392 -0.48953814664683937 
-0.6497464403905904 1.2822164488500427 -0.489540054357702 
-0.6497455093101069 1.2822113090226872 -0.4895274523227977 
-0.6497508020990506 1.2822360306582485 -0.489545917808611 
-0.6497464403905904 1.2822164488500427 -0.489540054357702 
-0.6497400605810724 1.2821870640254118 -0.4895226935299737 
-0.6497443756580016 1.2822054004653733 -0.4895162420650485 
-0.649740719235107 1.2821900977262213 -0.4895244858686314 
-0.6497431562540026 1.2822016659436737 -0.48953518019267284 
-0.6497422251735192 1.2821965261163182 -0.4895225781577688 
-0.6497477764476323 1.2822229461369445 -0.489547752728805 
-0.6497468126768972 1.2822169686828255 -0.48952693638908995 
-0.6497492961606381 1.2822296022681519 -0.48954782551947384 
-0.6497446295021629 1.2822072567070073 -0.48952505817699965 
-0.6497492496957924 1.282228536900278 -0.4895376307131313 
-0.6497459655592049 1.282213753993909 -0.48953275654810224 
-0.6497436217109015 1.2822041458571665 -0.48954042115537955 
-0.6497435424815885 1.2822025935179377 -0.48952616283508377 
-0.6497477764476323 1.2822229461369445 -0.489547752728805 
-0.6497483698878486 1.2822244845845978 -0.4895352365673331 
-0.6497468314258699 1.282217398568108 -0.48953105008287756 
-0.6497503458499524 1.2822335856870268 -0.4895406135833067 
-0.6497450857512608 1.2822097016782288 -0.48953036240230396 
-0.6497492961606381 1.2822296022681519 -0.48954782551947384 
-0.6497479323877234 1.2822224694986586 -0.4895340460358162 
-0.6497475088288773 1.2822208621542002 -0.4895369561153222 
-0.6497455093101069 1.2822113090226872 -0.4895274523227977 
-0.6497464591395631 1.2822168787353252 -0.4895441680514898 
-0.6497431049814633 1.2822005784319983 -0.48952497230356706 
-0.6497448971209179 1.2822093406897515 -0.489535854790482 
-0.6497448971209179 1.2822093406897515 -0.489535854790482 
-0.6497431049814633 1.2822005784319983 -0.48952497230356706 
-0.64974204135087 1.2821961872716425 -0.4895280836287106 
-0.649744643443442 1.282207664448488 -0.48952915878802283 
-0.6497415990430512 1.2821941500419018 -0.4895268800144297 
-0.6497473201985343 1.2822205011657228 -0.48954244850350026 
-0.6497468826984093 1.2822184860797838 -0.4895412579719831 
-0.6497468826984093 1.2822184860797838 -0.4895412579719831 
-0.6497479463290023 1.2822228772401392 -0.48953814664683937 
-0.6497470665210584 1.2822188249244595 -0.4895357525010411 
-0.6497468966396882 1.2822188938212644 -0.48954535858300696 
-0.6497464822886431 1.2822173214190768 -0.48954820539991495 
-0.6497497524097363 1.2822320472393738 -0.4895531297447784 
-0.6497479463290023 1.2822228772401392 -0.48953814664683937 
-0.6497459468102321 1.2822133241086264 -0.48952864285431485 
-0.6497414712264192 1.2821952715081113 -0.48954675724809915 
-0.6497499222911061 1.2822319783425684 -0.4895435236628122 
-0.6497468826984091 1.2822184860797838 -0.4895412579719828 
-0.6497411615429258 1.2821921349559622 -0.4895256894829123 
-0.6497426674813378 1.282198563346059 -0.4895237817720489 
-0.6497470665210584 1.2822188249244595 -0.4895357525010411 
-0.6497482000064785 1.282224553481403 -0.48954484264929876 
-0.6497420784412291 1.282197037696875 -0.4895362215881598 
-0.6497454905611342 1.2822108791374047 -0.4895233386290101 
-0.6497488261369466 1.2822269295558195 -0.48954054079263787 
-0.6497512117166175 1.2822372302612262 -0.48953890711808135 
-0.649742055292149 1.2821965950131233 -0.48953218423973444 
-0.6492811056083401 1.282459584134142 -0.4895445997494068 
-0.6497470665210584 1.2822188249244595 -0.4895357525010411 
-0.6497464078670239 1.2822157912236498 -0.4895339601623834 
-0.6479988866684085 1.2831796260950707 -0.489549745051751 
-0.6497460168317442 1.2822148415055843 -0.4895429644372087 
-0.6497468826984093 1.2822184860797838 -0.4895412579719831 
-0.6497475088288773 1.2822208621542002 -0.4895369561153222 
-0.6497449438266644 1.2822102354025873 -0.4895440189154584 
-0.6497468826984093 1.2822184860797838 -0.4895412579719831 
-0.6497472549847161 1.2822190059125664 -0.4895281400033713 
-0.6497450857512608 1.2822097016782288 -0.48953036240230396 
-0.6497488726017921 1.2822279949236934 -0.4895507355989801 
-0.6497464591395631 1.2822168787353252 -0.4895441680514898 
-0.6497468966396882 1.2822188938212644 -0.48954535858300696 
-0.6497427419029574 1.2822000935414863 -0.48953802700958104 
-0.6497488261369466 1.2822269295558195 -0.48954054079263787 
-0.649746044788518 1.2822153063331378 -0.489547014868398 
-0.6497499222911063 1.2822319783425684 -0.4895435236628125 
-0.64974204135087 1.2821961872716425 -0.4895280836287106 
-0.6497453581777096 1.2822118078047746 -0.4895411720985505 
-0.6497435285403094 1.2822021857764565 -0.4895220622240608 
-0.6497468826984093 1.2822184860797838 -0.4895412579719831 
-0.6497422251735192 1.2821965261163182 -0.4895225781577688 
-0.648741040003939 1.2827759359405344 -0.48955153897882575 
-0.6497488586605129 1.2822275871822126 -0.48954663498795614 
-0.6497429163511204 1.282200217443521 -0.4895304646917449 
-0.6497416409411041 1.282195022610936 -0.4895350310566424 
-0.6497496732546387 1.2822301442447361 -0.4895347206336258 
-0.6497453581777096 1.2822118078047746 -0.4895411720985505 
-0.6479959934004151 1.2831656129063966 -0.48953374650240455 
-0.6497494847909813 1.2822299632566292 -0.4895423331312949 
-0.6497475088288773 1.2822208621542002 -0.4895369561153222 
-0.6497477764476323 1.2822229461369445 -0.489547752728805 
-0.6497464078670239 1.2822157912236498 -0.4895339601623834 
-0.6497431049814633 1.2822005784319983 -0.48952497230356706 
-0.6497460168317442 1.2822148415055843 -0.4895429644372087 
-0.6497427885344884 1.2822013389097304 -0.4895503419254148 
-0.6497444596207926 1.2822073256038125 -0.48953466425896486 
-0.6497429163511204 1.282200217443521 -0.4895304646917449 
-0.6497479463290023 1.2822228772401392 -0.48953814664683937 
-0.6497492496957926 1.282228536900278 -0.4895376307131316 
-0.6497435937541278 1.2822036810296131 -0.48953637072419043 
-0.6497468826984093 1.2822184860797838 -0.4895412579719831 
-0.6497424788509951 1.2821982023575815 -0.4895292741602275 
-0.6497459655592049 1.282213753993909 -0.48953275654810224 
-0.6497479463290023 1.2822228772401392 -0.48953814664683937 
-0.6497479463290023 1.2822228772401392 -0.48953814664683937 
-0.6497512117166175 1.2822372302612262 -0.48953890711808135 
-0.6497453394287368 1.2822113779194921 -0.48953705840476336 
-0.6497470665210584 1.2822188249244595 -0.4895357525010411 
-0.6497422251735192 1.2821965261163182 -0.4895225781577688 
-0.6497464822886431 1.2822173214190768 -0.48954820539991495 
-0.6497422251735192 1.2821965261163182 -0.4895225781577688 
-0.6497516867146882 1.2822401051177301 -0.48954832503717327 
-0.6497417876733939 1.282194511030379 -0.4895213876262514 
-0.649746501037616 1.2822177513043598 -0.4895523190937019 
-0.6497474900799045 1.2822204322689177 -0.48953284242153483 
-0.6497444735620718 1.2822077333452933 -0.4895387648699885 
-0.6497450857512608 1.2822097016782288 -0.48953036240230396 
-0.6497503645989253 1.2822340155723095 -0.4895447272770934 
-0.6497403236330347 1.2821889552093166 -0.4895314463793272 
-0.6497459655592049 1.282213753993909 -0.48953275654810224 
-0.6497474900799045 1.2822204322689177 -0.48953284242153483 
-0.6497455232513859 1.282211716764168 -0.4895315529338209 
-0.6497457817365557 1.2822134151492333 -0.4895382620190445 
-0.6497468966396882 1.2822188938212644 -0.48954535858300696 
-0.6497479323877234 1.2822224694986586 -0.4895340460358162 
-0.6497474900799045 1.2822204322689177 -0.48953284242153483 
-0.6479973759223028 1.2831731755611724 -0.4895516396798494 
-0.6497473201985343 1.2822205011657228 -0.48954244850350026 
-0.6497435937541278 1.2822036810296131 -0.48953637072419043 
-0.6497497384684572 1.2822316394978928 -0.48954902913375475 
-0.6479978182301217 1.283175212790913 -0.48955284329413074 
-0.6497424788509951 1.2821982023575815 -0.4895292741602275 
-0.6497446295021629 1.2822072567070073 -0.48952505817699965 
-0.6497503645989253 1.2822340155723095 -0.4895447272770934 
-0.6497403236330347 1.2821889552093166 -0.4895314463793272 
-0.649746501037616 1.2822177513043598 -0.4895523190937019 
-0.6479993754410729 1.2831827286926853 -0.48956114347237456 
-0.64974204135087 1.2821961872716425 -0.4895280836287106 
-0.64974204135087 1.2821961872716425 -0.4895280836287106 
-0.6497477764476323 1.2822229461369445 -0.489547752728805 
-0.6497435798128485 1.282203273288132 -0.48953227011316647 
-0.6497416409411041 1.282195022610936 -0.4895350310566424 
-0.6497476111330549 1.2822232078325893 -0.48955940257490016 
-0.6497501947175551 1.2822340844691142 -0.4895543333590595 
-0.6497477625063534 1.2822225383954637 -0.4895436521177816 
-0.6490440646875568 1.2826065414887262 -0.4895476073392062 
-0.6497450857512606 1.2822097016782288 -0.48953036240230363 
-0.6497482000064785 1.282224553481403 -0.48954484264929876 
-0.649746389118051 1.282215361338367 -0.489529846468596 
-0.6497475971917759 1.2822228000911085 -0.48955530196387653 
-0.6497464403905904 1.2822164488500427 -0.489540054357702 
-0.64974221123224 1.2821961183748374 -0.48951847754674516 
-0.6497427558442366 1.2822005012829674 -0.48954212762060445 
-0.6497431794030827 1.2822021086274258 -0.4895392175410984 
-0.6497420784412291 1.282197037696875 -0.4895362215881598 
-0.6497455093101069 1.2822113090226872 -0.4895274523227977 
-0.6497483886368214 1.2822249144698803 -0.4895393502611205 
-0.6497455232513859 1.282211716764168 -0.4895315529338209 
-0.6497407379840797 1.2821905276115038 -0.4895285995624188 
-0.6497464078670239 1.2822157912236496 -0.4895339601623834 
-0.6497457817365557 1.2822134151492333 -0.4895382620190445 
-0.6497460168317442 1.2822148415055843 -0.4895429644372087 
-0.6497476785435621 1.2822206132570249 -0.4895252299238648 
-0.6497453394287368 1.2822113779194921 -0.48953705840476336 
-0.6497464078670239 1.2822157912236498 -0.4895339601623834 
-0.64974204135087 1.2821961872716425 -0.4895280836287106 
-0.6497450857512608 1.2822097016782288 -0.48953036240230396 
-0.6482180156013784 1.2830589584976964 -0.48954776617540285 
-0.6497400605810724 1.2821870640254118 -0.4895226935299737 
-0.649746896639688 1.2822188938212644 -0.48954535858300663 
-0.6497488261369466 1.2822269295558195 -0.48954054079263787 
-0.6497473620965872 1.282221373734757 -0.489550599545713 
-0.6497512256578967 1.282237638002707 -0.48954300772910453 
-0.6497431562540024 1.2822016659436737 -0.4895351801926725 
-0.6497429163511204 1.282200217443521 -0.4895304646917449 
-0.6497444596207926 1.2822073256038125 -0.48953466425896486 
-0.6497440173129738 1.2822052883740716 -0.48953346064468395 
-0.6497477625063534 1.2822225383954637 -0.4895436521177816 
-0.6497445015188457 1.2822081981728464 -0.4895428153011776 
-0.6497464078670239 1.2822157912236498 -0.4895339601623834 
-0.6497455093101069 1.2822113090226872 -0.4895274523227977 
-0.6497444735620718 1.2822077333452933 -0.4895387648699885 
-0.6497435424815885 1.2822025935179377 -0.48952616283508377 
-0.6497431049814633 1.2822005784319983 -0.48952497230356706 
-0.6497464078670239 1.2822157912236498 -0.4895339601623834 
-0.6497464078670239 1.2822157912236498 -0.4895339601623834 
-0.6497477625063534 1.2822225383954637 -0.4895436521177816 
-0.6497468826984093 1.2822184860797838 -0.4895412579719831 
-0.6497497803665101 1.282232512066927 -0.4895571801759677 
-0.6497455093101069 1.2822113090226872 -0.4895274523227977 
-0.6497488586605131 1.2822275871822126 -0.4895466349879565 
-0.6497469245964621 1.2822193586488178 -0.48954940901419586 
-0.6497494847909813 1.2822299632566292 -0.4895423331312949 
-0.6480022312111212 1.2831958821107947 -0.48956891463414576 
-0.6497512444068694 1.2822380678879894 -0.48954712142289214 
-0.6497488586605131 1.2822275871822126 -0.4895466349879565 
-0.6497445015188457 1.2822081981728464 -0.4895428153011776 
-0.6497449158698907 1.2822097705750337 -0.4895399684842694 
-0.6497483698878486 1.2822244845845978 -0.4895352365673331 
