-0.5947517192382548 1.2122407627441236 -0.4895544192324921 
-0.594740719235107 1.2121900977262217 -0.4895244858686312 
-0.5947450857512606 1.212209701678229 -0.4895303624023042 
-0.5947450857512606 1.212209701678229 -0.4895303624023042 
-0.5947450857512606 1.212209701678229 -0.4895303624023042 
-0.5947450857512606 1.212209701678229 -0.4895303624023042 
-0.5947420784412291 1.212197037696875 -0.48953622158815957 
-0.5947420784412291 1.212197037696875 -0.48953622158815957 
-0.5947479463290025 1.2122228772401396 -0.4895381466468396 
-0.5947479463290025 1.2122228772401396 -0.4895381466468396 
-0.5947479463290025 1.2122228772401396 -0.4895381466468396 
-0.594746044788518 1.2122153063331378 -0.4895470148683978 
-0.594746044788518 1.2122153063331376 -0.4895470148683978 
-0.5947431562540025 1.2122016659436738 -0.48953518019267306 
-0.5947431562540025 1.2122016659436738 -0.48953518019267306 
-0.5947431562540025 1.2122016659436738 -0.48953518019267306 
-0.5947431562540025 1.2122016659436738 -0.48953518019267306 
-0.5947431562540025 1.2122016659436738 -0.48953518019267306 
-0.5947429163511203 1.212200217443521 -0.4895304646917451 
-0.5947429163511203 1.212200217443521 -0.4895304646917451 
-0.5947429163511203 1.212200217443521 -0.4895304646917451 
-0.5947429163511203 1.2122002174435207 -0.4895304646917451 
-0.5947464403905902 1.2122164488500426 -0.489540054357702 
-0.5947464403905902 1.2122164488500426 -0.489540054357702 
-0.59474644039059 1.2122164488500426 -0.48954005435770165 
-0.59474644039059 1.2122164488500426 -0.48954005435770165 
-0.5947482000064784 1.2122245534814031 -0.489544842649299 
-0.5947482000064784 1.2122245534814031 -0.489544842649299 
-0.5947482000064784 1.2122245534814031 -0.489544842649299 
-0.5947442059433168 1.2122056493625488 -0.48952796825650546 
-0.5947442059433168 1.2122056493625488 -0.48952796825650546 
-0.5947442059433168 1.2122056493625488 -0.48952796825650546 
-0.594742225173519 1.212196526116318 -0.489522578157769 
-0.5939134759751659 1.2126495160471218 -0.48952766297160366 
-0.5939134759751659 1.2126495160471218 -0.48952766297160366 
-0.5929938241669599 1.2131563086720591 -0.48953596890133766 
-0.5938553553316597 1.2127133609138598 -0.4895450157383947 
-0.5938553553316597 1.2127133609138598 -0.4895450157383947 
-0.5947475088288772 1.2122208621542 -0.4895369561153222 
-0.5947475088288772 1.2122208621542 -0.4895369561153222 
-0.594749314909611 1.2122300321534343 -0.489551939213261 
-0.594749314909611 1.2122300321534343 -0.489551939213261 
-0.594749314909611 1.2122300321534343 -0.489551939213261 
-0.5947431049814631 1.2122005784319982 -0.4895249723035666 
-0.5947431049814631 1.2122005784319982 -0.4895249723035666 
-0.5947431049814631 1.2122005784319982 -0.4895249723035666 
-0.5947431049814631 1.2122005784319982 -0.4895249723035666 
-0.5947464403905902 1.2122164488500426 -0.489540054357702 
-0.5947464403905902 1.2122164488500426 -0.489540054357702 
-0.5947464403905902 1.2122164488500426 -0.489540054357702 
-0.5947464403905902 1.2122164488500426 -0.489540054357702 
-0.5947429163511203 1.212200217443521 -0.4895304646917451 
-0.5947429163511203 1.212200217443521 -0.4895304646917451 
-0.5947429163511203 1.212200217443521 -0.4895304646917451 
-0.5947429163511203 1.212200217443521 -0.4895304646917451 
-0.5947479463290025 1.2122228772401396 -0.4895381466468396 
-0.5947479463290025 1.2122228772401396 -0.4895381466468396 
-0.5947457817365556 1.2122134151492332 -0.48953826201904427 
-0.5947457817365556 1.2122134151492332 -0.48953826201904427 
-0.5947457817365556 1.2122134151492332 -0.48953826201904427 
-0.594752768927569 1.2122447461629984 -0.4895472072963247 
-0.594752768927569 1.2122447461629984 -0.4895472072963247 
-0.594752768927569 1.2122447461629984 -0.4895472072963247 
-0.5947453581777093 1.2122118078047748 -0.48954117209855075 
-0.5947453581777093 1.2122118078047748 -0.48954117209855075 
-0.5947453581777093 1.2122118078047748 -0.48954117209855075 
-0.5947473201985344 1.212220501165723 -0.4895424485035005 
-0.5947473201985344 1.212220501165723 -0.4895424485035005 
-0.594748858660513 1.2122275871822128 -0.4895466349879567 
-0.594748858660513 1.2122275871822128 -0.4895466349879567 
-0.594748858660513 1.2122275871822128 -0.4895466349879567 
-0.5947420784412291 1.212197037696875 -0.48953622158815957 
-0.5947420784412291 1.212197037696875 -0.48953622158815957 
-0.5947429163511203 1.212200217443521 -0.4895304646917451 
-0.5947429163511203 1.212200217443521 -0.4895304646917451 
-0.5947499222911063 1.2122319783425686 -0.48954352366281273 
-0.5947479463290025 1.2122228772401396 -0.4895381466468396 
-0.5947479463290025 1.2122228772401396 -0.4895381466468396 
-0.5947479463290025 1.2122228772401396 -0.4895381466468396 
-0.5947402956762607 1.2121884903817632 -0.48952739594813743 
-0.5947402956762607 1.2121884903817632 -0.48952739594813743 
-0.5947402956762607 1.2121884903817632 -0.48952739594813743 
-0.5947402956762607 1.2121884903817632 -0.48952739594813743 
-0.5947506370253739 1.2122361216988553 -0.48955553697334064 
-0.594742225173519 1.212196526116318 -0.489522578157769 
-0.594742225173519 1.212196526116318 -0.489522578157769 
-0.594742225173519 1.212196526116318 -0.489522578157769 
-0.594742225173519 1.212196526116318 -0.489522578157769 
-0.594745067002288 1.2122092717929462 -0.489526248708517 
-0.594745067002288 1.2122092717929462 -0.489526248708517 
-0.594745067002288 1.2122092717929462 -0.489526248708517 
-0.5947503645989252 1.2122340155723093 -0.48954472727709364 
-0.5947503645989252 1.2122340155723093 -0.48954472727709364 
-0.5947516867146883 1.2122401051177303 -0.48954832503717305 
-0.5947516867146883 1.2122401051177303 -0.48954832503717305 
-0.5947474900799044 1.2122204322689174 -0.48953284242153505 
-0.5947474900799044 1.2122204322689174 -0.48953284242153505 
-0.5947474900799044 1.2122204322689174 -0.48953284242153505 
-0.5947474900799044 1.2122204322689174 -0.48953284242153505 
-0.5947444735620717 1.2122077333452932 -0.4895387648699885 
-0.5947444735620717 1.2122077333452932 -0.4895387648699885 
-0.5947459655592049 1.212213753993909 -0.489532756548102 
-0.5947459655592049 1.212213753993909 -0.489532756548102 
-0.5947459655592047 1.212213753993909 -0.4895327565481017 
-0.5947459655592047 1.212213753993909 -0.4895327565481017 
-0.5947463891180509 1.212215361338367 -0.4895298464685962 
-0.5947468314258697 1.2122173985681082 -0.48953105008287756 
-0.5947468314258697 1.2122173985681082 -0.48953105008287756 
-0.5947521102735343 1.2122417124621887 -0.489545414957667 
-0.5947521102735343 1.2122417124621887 -0.489545414957667 
-0.594741345365575 1.2121924738006382 -0.4895201840119703 
-0.5947464822886431 1.212217321419077 -0.48954820539991495 
-0.5947464822886431 1.212217321419077 -0.48954820539991495 
-0.5947464822886431 1.212217321419077 -0.48954820539991495 
-0.5947464822886431 1.212217321419077 -0.48954820539991495 
-0.594746459139563 1.2122168787353254 -0.48954416805149004 
-0.594746459139563 1.2122168787353254 -0.48954416805149004 
-0.5947484351016669 1.2122259798377542 -0.4895495450674632 
-0.5947484351016669 1.2122259798377542 -0.4895495450674632 
-0.5947459655592049 1.212213753993909 -0.489532756548102 
-0.5947459655592049 1.212213753993909 -0.489532756548102 
-0.5947468314258697 1.2122173985681082 -0.48953105008287756 
-0.5947468314258697 1.2122173985681082 -0.48953105008287756 
-0.5947512444068693 1.2122380678879896 -0.4895471214228919 
-0.5947512444068693 1.2122380678879896 -0.4895471214228919 
-0.5947439660404343 1.2122042008623957 -0.4895232527555782 
-0.5947439660404343 1.2122042008623957 -0.4895232527555782 
-0.5947439660404343 1.2122042008623957 -0.4895232527555782 
-0.5947439660404343 1.2122042008623957 -0.4895232527555782 
-0.5947439660404343 1.2122042008623957 -0.4895232527555782 
-0.5947435937541277 1.212203681029613 -0.4895363707241902 
-0.5947435937541277 1.212203681029613 -0.4895363707241902 
-0.594742225173519 1.212196526116318 -0.489522578157769 
-0.5947446434434418 1.212207664448488 -0.48952915878802306 
-0.5947446434434418 1.212207664448488 -0.48952915878802306 
-0.59474644039059 1.2122164488500426 -0.48954005435770165 
-0.59474644039059 1.2122164488500426 -0.48954005435770165 
-0.5947403375743137 1.2121893629507974 -0.48953554699034996 
-0.5947468966396883 1.2122188938212644 -0.48954535858300674 
-0.594742225173519 1.212196526116318 -0.489522578157769 
-0.594749314909611 1.2122300321534343 -0.489551939213261 
-0.594749314909611 1.2122300321534343 -0.489551939213261 
-0.5947426487323652 1.2121981334607765 -0.48951966807826275 
-0.5947503645989252 1.2122340155723093 -0.48954472727709364 
-0.5947503645989252 1.2122340155723093 -0.48954472727709364 
-0.5932111432765708 1.21303481261744 -0.4895464539921075 
-0.5947494847909811 1.2122299632566294 -0.48954233313129536 
-0.5947494847909811 1.2122299632566294 -0.48954233313129536 
-0.5947494847909811 1.2122299632566294 -0.48954233313129536 
-0.5947444596207926 1.2122073256038122 -0.48953466425896464 
-0.5947444596207926 1.2122073256038122 -0.48953466425896464 
-0.5947444596207926 1.2122073256038122 -0.48953466425896464 
-0.5947444596207926 1.2122073256038122 -0.48953466425896464 
-0.5947444596207926 1.2122073256038122 -0.48953466425896464 
-0.5947440592110267 1.2122061609431056 -0.48954161168689625 
-0.5947440592110267 1.2122061609431056 -0.48954161168689625 
-0.594746044788518 1.2122153063331378 -0.4895470148683978 
-0.594746044788518 1.2122153063331378 -0.4895470148683978 
-0.5947479463290023 1.2122228772401396 -0.48953814664683926 
-0.5947479463290023 1.2122228772401396 -0.48953814664683926 
-0.5947479463290023 1.2122228772401396 -0.48953814664683926 
-0.5947475088288772 1.2122208621542 -0.4895369561153222 
-0.5947475088288772 1.2122208621542 -0.4895369561153222 
-0.5947475088288772 1.2122208621542 -0.4895369561153222 
-0.5947475088288772 1.2122208621542 -0.4895369561153222 
-0.5947464403905902 1.2122164488500426 -0.489540054357702 
-0.5947464403905902 1.2122164488500426 -0.489540054357702 
-0.5947459655592049 1.212213753993909 -0.489532756548102 
-0.5947459655592049 1.212213753993909 -0.489532756548102 
-0.5947459655592049 1.212213753993909 -0.489532756548102 
-0.5947469245964621 1.212219358648818 -0.48954940901419586 
-0.5947499222911061 1.2122319783425686 -0.4895435236628124 
-0.5947499222911061 1.2122319783425686 -0.4895435236628124 
-0.5947499222911061 1.2122319783425686 -0.4895435236628124 
-0.5947417876733938 1.2121945110303787 -0.4895213876262514 
-0.5947417876733938 1.2121945110303787 -0.4895213876262514 
-0.5947417876733938 1.2121945110303787 -0.4895213876262514 
-0.5947417876733938 1.2121945110303787 -0.4895213876262514 
-0.594742225173519 1.212196526116318 -0.489522578157769 
-0.594742225173519 1.212196526116318 -0.489522578157769 
-0.5947477625063533 1.212222538395464 -0.48954365211778184 
-0.5947477625063533 1.212222538395464 -0.48954365211778184 
-0.5947477625063533 1.212222538395464 -0.48954365211778184 
-0.5947477625063533 1.212222538395464 -0.48954365211778184 
-0.5947416177920237 1.212194579927184 -0.48953099370821707 
-0.5947416177920237 1.212194579927184 -0.48953099370821707 
-0.5947464078670237 1.2122157912236498 -0.4895339601623836 
-0.5947464078670237 1.2122157912236498 -0.4895339601623836 
-0.5947420413508698 1.2121961872716425 -0.4895280836287106 
-0.5947470665210584 1.2122188249244592 -0.48953575250104087 
-0.5947470665210584 1.2122188249244592 -0.48953575250104087 
-0.5947470665210584 1.2122188249244592 -0.48953575250104087 
-0.5947470665210584 1.2122188249244592 -0.48953575250104087 
-0.5947463891180509 1.212215361338367 -0.4895298464685962 
-0.5947463891180509 1.212215361338367 -0.4895298464685962 
-0.5947463891180509 1.212215361338367 -0.4895298464685962 
-0.5947463891180509 1.212215361338367 -0.4895298464685962 
-0.5947450857512606 1.212209701678229 -0.4895303624023042 
-0.5947450857512606 1.212209701678229 -0.4895303624023042 
-0.5947450857512606 1.212209701678229 -0.4895303624023042 
-0.5947475088288772 1.2122208621542 -0.4895369561153222 
-0.5947475088288772 1.2122208621542 -0.4895369561153222 
-0.5947449158698906 1.2122097705750339 -0.4895399684842696 
-0.5947449158698906 1.2122097705750339 -0.4895399684842696 
-0.5947449158698906 1.2122097705750339 -0.4895399684842696 
-0.5947449158698906 1.2122097705750339 -0.4895399684842696 
-0.5947448971209178 1.2122093406897514 -0.4895358547904822 
-0.5947448971209178 1.2122093406897514 -0.4895358547904822 
-0.5947453394287366 1.2122113779194923 -0.48953705840476336 
-0.5947499222911063 1.2122319783425686 -0.48954352366281273 
-0.5947494847909811 1.2122299632566294 -0.48954233313129536 
-0.5947494847909811 1.2122299632566294 -0.48954233313129536 
-0.5947494847909811 1.2122299632566294 -0.48954233313129536 
-0.5947494847909811 1.2122299632566294 -0.48954233313129536 
-0.5947479463290025 1.2122228772401396 -0.4895381466468396 
-0.5947440360619465 1.212205718259354 -0.48953757433847134 
-0.5947440360619465 1.212205718259354 -0.48953757433847134 
-0.5947483698878485 1.2122244845845978 -0.48953523656733333 
-0.5947483698878485 1.2122244845845978 -0.48953523656733333 
-0.5947473389475071 1.2122209310510055 -0.48954656219728787 
-0.5947501759685823 1.2122336545838321 -0.4895502196652721 
-0.5947501759685823 1.2122336545838321 -0.4895502196652721 
-0.594750175968582 1.2122336545838321 -0.4895502196652718 
-0.5947415990430509 1.2121941500419016 -0.48952688001442946 
-0.5947415990430509 1.2121941500419016 -0.48952688001442946 
-0.5947503645989252 1.2122340155723093 -0.48954472727709364 
-0.5947411754842048 1.212192542697443 -0.48952979009393593 
-0.5947411754842048 1.212192542697443 -0.48952979009393593 
-0.5947411754842048 1.212192542697443 -0.48952979009393593 
-0.5947497524097362 1.2122320472393735 -0.4895531297447784 
-0.5947497524097362 1.2122320472393735 -0.4895531297447784 
-0.5947497524097362 1.2122320472393735 -0.4895531297447784 
-0.5947497524097362 1.2122320472393735 -0.4895531297447784 
-0.5947451976708258 1.2122120916442214 -0.4895528350274101 
-0.5947477625063533 1.212222538395464 -0.48954365211778184 
-0.5947479463290025 1.2122228772401396 -0.4895381466468396 
-0.5947464403905902 1.2122164488500426 -0.489540054357702 
-0.5947455093101068 1.2122113090226871 -0.4895274523227977 
-0.5947508020990504 1.2122360306582487 -0.489545917808611 
-0.5947464403905902 1.2122164488500426 -0.489540054357702 
-0.5947400605810722 1.212187064025412 -0.48952269352997346 
-0.5947443756580013 1.2122054004653733 -0.4895162420650485 
-0.594740719235107 1.2121900977262217 -0.4895244858686312 
-0.5947431562540025 1.2122016659436738 -0.48953518019267306 
-0.594742225173519 1.212196526116318 -0.489522578157769 
-0.5947477764476323 1.2122229461369447 -0.489547752728805 
-0.594746812676897 1.2122169686828257 -0.4895269363890904 
-0.5947492961606382 1.212229602268152 -0.4895478255194736 
-0.5947446295021628 1.212207256707007 -0.489525058176999 
-0.5947492496957923 1.212228536900278 -0.4895376307131313 
-0.5947459655592049 1.212213753993909 -0.489532756548102 
-0.5947436217109013 1.2122041458571664 -0.48954042115538 
-0.5947435424815883 1.2122025935179375 -0.48952616283508377 
-0.5947477764476323 1.2122229461369447 -0.489547752728805 
-0.5947483698878485 1.2122244845845978 -0.48953523656733333 
-0.5947468314258697 1.2122173985681082 -0.48953105008287756 
-0.5947503458499525 1.212233585687027 -0.4895406135833067 
-0.5947450857512606 1.212209701678229 -0.4895303624023042 
-0.5947492961606382 1.212229602268152 -0.4895478255194736 
-0.5947479323877234 1.2122224694986588 -0.4895340460358162 
-0.5947475088288772 1.2122208621542 -0.4895369561153222 
-0.5947455093101068 1.2122113090226871 -0.4895274523227977 
-0.594746459139563 1.2122168787353254 -0.48954416805149004 
-0.5947431049814631 1.2122005784319982 -0.4895249723035666 
-0.5947448971209178 1.2122093406897514 -0.4895358547904822 
-0.5947448971209178 1.2122093406897514 -0.4895358547904822 
-0.5947431049814631 1.2122005784319982 -0.4895249723035666 
-0.5947420413508698 1.2121961872716425 -0.4895280836287106 
-0.5947446434434418 1.212207664448488 -0.48952915878802306 
-0.5947415990430509 1.2121941500419016 -0.48952688001442946 
-0.5947473201985344 1.212220501165723 -0.4895424485035005 
-0.5947468826984093 1.2122184860797838 -0.4895412579719831 
-0.5947468826984093 1.2122184860797838 -0.4895412579719831 
-0.5947479463290025 1.2122228772401396 -0.4895381466468396 
-0.5947470665210584 1.2122188249244592 -0.48953575250104087 
-0.5947468966396883 1.2122188938212644 -0.48954535858300674 
-0.5947464822886431 1.212217321419077 -0.48954820539991495 
-0.5947497524097362 1.2122320472393735 -0.4895531297447784 
-0.5947479463290025 1.2122228772401396 -0.4895381466468396 
-0.5947459468102321 1.2122133241086264 -0.48952864285431485 
-0.5947414712264192 1.2121952715081117 -0.48954675724809915 
-0.5947499222911061 1.2122319783425686 -0.4895435236628124 
-0.594746882698409 1.2122184860797838 -0.4895412579719828 
-0.5947411615429257 1.2121921349559623 -0.48952568948291253 
-0.5947426674813376 1.2121985633460588 -0.48952378177204936 
-0.5947470665210584 1.2122188249244592 -0.48953575250104087 
-0.5947482000064784 1.2122245534814031 -0.489544842649299 
-0.5947420784412291 1.212197037696875 -0.48953622158815957 
-0.5947454905611341 1.2122108791374047 -0.48952333862901076 
-0.5947488261369465 1.2122269295558197 -0.48954054079263765 
-0.5947512117166174 1.2122372302612259 -0.48953890711808135 
-0.5947420552921489 1.2121965950131233 -0.48953218423973466 
-0.5942811056083399 1.212459584134142 -0.4895445997494072 
-0.5947470665210584 1.2122188249244592 -0.48953575250104087 
-0.5947464078670237 1.2122157912236498 -0.4895339601623836 
-0.5929988866684084 1.2131796260950707 -0.4895497450517512 
-0.594746016831744 1.212214841505584 -0.4895429644372089 
-0.5947468826984093 1.2122184860797838 -0.4895412579719831 
-0.5947475088288772 1.2122208621542 -0.4895369561153222 
-0.5947449438266641 1.2122102354025872 -0.4895440189154582 
-0.5947468826984093 1.2122184860797838 -0.4895412579719831 
-0.5947472549847158 1.2122190059125661 -0.48952814000337086 
-0.5947450857512606 1.212209701678229 -0.4895303624023042 
-0.5947488726017921 1.2122279949236934 -0.48955073559897966 
-0.594746459139563 1.2122168787353254 -0.48954416805149004 
-0.5947468966396883 1.2122188938212644 -0.48954535858300674 
-0.5947427419029574 1.2122000935414865 -0.4895380270095806 
-0.5947488261369465 1.2122269295558197 -0.48954054079263765 
-0.594746044788518 1.2122153063331378 -0.4895470148683978 
-0.5947499222911063 1.2122319783425686 -0.48954352366281273 
-0.5947420413508698 1.2121961872716425 -0.4895280836287106 
-0.5947453581777093 1.2122118078047748 -0.48954117209855075 
-0.5947435285403091 1.2122021857764564 -0.489522062224061 
-0.5947468826984093 1.2122184860797838 -0.4895412579719831 
-0.594742225173519 1.212196526116318 -0.489522578157769 
-0.593741040003939 1.2127759359405346 -0.489551538978826 
-0.5947488586605127 1.2122275871822128 -0.48954663498795636 
-0.5947429163511203 1.212200217443521 -0.4895304646917451 
-0.5947416409411037 1.2121950226109357 -0.4895350310566424 
-0.5947496732546387 1.2122301442447363 -0.4895347206336256 
-0.5947453581777093 1.2122118078047748 -0.48954117209855075 
-0.592995993400415 1.2131656129063964 -0.4895337465024048 
-0.5947494847909811 1.2122299632566294 -0.48954233313129536 
-0.5947475088288772 1.2122208621542 -0.4895369561153222 
-0.5947477764476323 1.2122229461369447 -0.489547752728805 
-0.5947464078670237 1.2122157912236498 -0.4895339601623836 
-0.5947431049814631 1.2122005784319982 -0.4895249723035666 
-0.594746016831744 1.212214841505584 -0.4895429644372089 
-0.5947427885344884 1.2122013389097306 -0.4895503419254146 
-0.5947444596207926 1.2122073256038122 -0.48953466425896464 
-0.5947429163511203 1.212200217443521 -0.4895304646917451 
-0.5947479463290025 1.2122228772401396 -0.4895381466468396 
-0.5947492496957926 1.212228536900278 -0.4895376307131316 
-0.5947435937541277 1.212203681029613 -0.4895363707241902 
-0.5947468826984093 1.2122184860797838 -0.4895412579719831 
-0.594742478850995 1.2121982023575817 -0.48952927416022773 
-0.5947459655592049 1.212213753993909 -0.489532756548102 
-0.5947479463290025 1.2122228772401396 -0.4895381466468396 
-0.5947479463290025 1.2122228772401396 -0.4895381466468396 
-0.5947512117166174 1.2122372302612259 -0.48953890711808135 
-0.5947453394287366 1.2122113779194923 -0.48953705840476336 
-0.5947470665210584 1.2122188249244592 -0.48953575250104087 
-0.594742225173519 1.212196526116318 -0.489522578157769 
-0.5947464822886431 1.212217321419077 -0.48954820539991495 
-0.594742225173519 1.212196526116318 -0.489522578157769 
-0.5947516867146883 1.2122401051177303 -0.48954832503717305 
-0.5947417876733938 1.2121945110303787 -0.4895213876262514 
-0.594746501037616 1.2122177513043595 -0.48955231909370145 
-0.5947474900799044 1.2122204322689174 -0.48953284242153505 
-0.5947444735620717 1.2122077333452932 -0.4895387648699885 
-0.5947450857512606 1.212209701678229 -0.4895303624023042 
-0.5947503645989252 1.2122340155723093 -0.48954472727709364 
-0.5947403236330344 1.2121889552093164 -0.489531446379327 
-0.5947459655592049 1.212213753993909 -0.489532756548102 
-0.5947474900799044 1.2122204322689174 -0.48953284242153505 
-0.594745523251386 1.2122117167641682 -0.4895315529338211 
-0.5947457817365556 1.2122134151492332 -0.48953826201904427 
-0.5947468966396883 1.2122188938212644 -0.48954535858300674 
-0.5947479323877234 1.2122224694986588 -0.4895340460358162 
-0.5947474900799044 1.2122204322689174 -0.48953284242153505 
-0.5929973759223027 1.2131731755611723 -0.4895516396798496 
-0.5947473201985344 1.212220501165723 -0.4895424485035005 
-0.5947435937541277 1.212203681029613 -0.4895363707241902 
-0.5947497384684571 1.212231639497893 -0.48954902913375453 
-0.5929978182301215 1.2131752127909132 -0.48955284329413074 
-0.594742478850995 1.2121982023575817 -0.48952927416022773 
-0.5947446295021628 1.212207256707007 -0.489525058176999 
-0.5947503645989252 1.2122340155723093 -0.48954472727709364 
-0.5947403236330344 1.2121889552093164 -0.489531446379327 
-0.594746501037616 1.2122177513043595 -0.48955231909370145 
-0.592999375441073 1.2131827286926853 -0.48956114347237434 
-0.5947420413508698 1.2121961872716425 -0.4895280836287106 
-0.5947420413508698 1.2121961872716425 -0.4895280836287106 
-0.5947477764476323 1.2122229461369447 -0.489547752728805 
-0.5947435798128484 1.2122032732881323 -0.489532270113166 
-0.5947416409411037 1.2121950226109357 -0.4895350310566424 
-0.5947476111330549 1.2122232078325896 -0.48955940257489994 
-0.594750194717555 1.2122340844691144 -0.48955433335905973 
-0.5947477625063533 1.212222538395464 -0.48954365211778184 
-0.5940440646875567 1.2126065414887262 -0.4895476073392062 
-0.5947450857512604 1.212209701678229 -0.48953036240230385 
-0.5947482000064784 1.2122245534814031 -0.489544842649299 
-0.5947463891180509 1.212215361338367 -0.4895298464685962 
-0.5947475971917757 1.2122228000911086 -0.48955530196387675 
-0.5947464403905902 1.2122164488500426 -0.489540054357702 
-0.5947422112322399 1.2121961183748373 -0.48951847754674516 
-0.5947427558442365 1.2122005012829673 -0.48954212762060423 
-0.5947431794030826 1.2122021086274255 -0.4895392175410984 
-0.5947420784412291 1.212197037696875 -0.48953622158815957 
-0.5947455093101068 1.2122113090226871 -0.4895274523227977 
-0.5947483886368213 1.2122249144698802 -0.4895393502611205 
-0.594745523251386 1.2122117167641682 -0.4895315529338211 
-0.5947407379840796 1.2121905276115037 -0.48952859956241945 
-0.5947464078670237 1.2122157912236495 -0.4895339601623836 
-0.5947457817365556 1.2122134151492332 -0.48953826201904427 
-0.594746016831744 1.212214841505584 -0.4895429644372089 
-0.5947476785435619 1.2122206132570246 -0.48952522992386505 
-0.5947453394287366 1.2122113779194923 -0.48953705840476336 
-0.5947464078670237 1.2122157912236498 -0.4895339601623836 
-0.5947420413508698 1.2121961872716425 -0.4895280836287106 
-0.5947450857512606 1.212209701678229 -0.4895303624023042 
-0.5932180156013782 1.2130589584976963 -0.4895477661754031 
-0.5947400605810722 1.212187064025412 -0.48952269352997346 
-0.594746896639688 1.2122188938212644 -0.4895453585830064 
-0.5947488261369465 1.2122269295558197 -0.48954054079263765 
-0.5947473620965872 1.2122213737347571 -0.4895505995457132 
-0.5947512256578965 1.212237638002707 -0.48954300772910453 
-0.5947431562540023 1.2122016659436738 -0.4895351801926727 
-0.5947429163511203 1.212200217443521 -0.4895304646917451 
-0.5947444596207926 1.2122073256038122 -0.48953466425896464 
-0.5947440173129739 1.2122052883740715 -0.48953346064468417 
-0.5947477625063533 1.212222538395464 -0.48954365211778184 
-0.5947445015188455 1.2122081981728465 -0.4895428153011776 
-0.5947464078670237 1.2122157912236498 -0.4895339601623836 
-0.5947455093101068 1.2122113090226871 -0.4895274523227977 
-0.5947444735620717 1.2122077333452932 -0.4895387648699885 
-0.5947435424815883 1.2122025935179375 -0.48952616283508377 
-0.5947431049814631 1.2122005784319982 -0.4895249723035666 
-0.5947464078670237 1.2122157912236498 -0.4895339601623836 
-0.5947464078670237 1.2122157912236498 -0.4895339601623836 
-0.5947477625063533 1.212222538395464 -0.48954365211778184 
-0.5947468826984093 1.2122184860797838 -0.4895412579719831 
-0.5947497803665099 1.212232512066927 -0.4895571801759675 
-0.5947455093101068 1.2122113090226871 -0.4895274523227977 
-0.594748858660513 1.2122275871822128 -0.4895466349879567 
-0.5947469245964621 1.212219358648818 -0.48954940901419586 
-0.5947494847909811 1.2122299632566294 -0.48954233313129536 
-0.5930022312111211 1.2131958821107944 -0.48956891463414576 
-0.5947512444068693 1.2122380678879896 -0.4895471214228919 
-0.594748858660513 1.2122275871822128 -0.4895466349879567 
-0.5947445015188455 1.2122081981728465 -0.4895428153011776 
-0.5947449158698906 1.2122097705750339 -0.4895399684842696 
-0.5947483698878485 1.2122244845845978 -0.48953523656733333 
