-1.0047637132290714 0.9635779784886661 -0.24496836714090364 
-1.004023549223902 0.9672176746164349 -0.24693076327181473 
-1.0032199458915545 0.9708548999904655 -0.2488762366248789 
-1.0016747475956682 0.9773463843629946 -0.25233889951093025 
-1.0004826440385972 0.9819067468123068 -0.2547787170872483 
-1.0004826440385972 0.9819067468123068 -0.2547787170872483 
-0.9987231788248425 0.9881685910464053 -0.2580855160079758 
-0.9987231788248425 0.9881685910464053 -0.2580855160079758 
-0.995894659357919 0.9972210602469413 -0.2628507993945036 
-0.9940276824237644 1.002657389495767 -0.26569609823575757 
-0.9915002037895293 1.0095678146892293 -0.2692705966278133 
-0.9908663149036436 1.0112419786512605 -0.27013720955643283 
-0.9882473259223697 1.0177171334934452 -0.2734742600183834 
-0.9858032113944767 1.0234211449953317 -0.27638614812007856 
-0.9838237435017844 1.027807730557719 -0.2786234948613274 
-0.981160952882737 1.0334454180339927 -0.2814711106510598 
-0.9793792658836528 1.0370601499039471 -0.2832915107429873 
-0.9777130878969587 1.0402941530503005 -0.28491131249169477 
-0.9757444707998363 1.0440547952495767 -0.28679106898324913 
-0.9757444707998363 1.0440547952495767 -0.28679106898324913 
-0.9731186880091376 1.0488580223226416 -0.2891744117820947 
-0.9731186880091376 1.0488580223226416 -0.2891744117820947 
-0.9681209074877251 1.0574769848349341 -0.2934325918423406 
-0.9666232100523899 1.0599119208403778 -0.2946261683659801 
-0.9653430449137517 1.0620038363604973 -0.29563553947338206 
-0.9632597468499436 1.0652857372903386 -0.2972311344983807 
-0.9632597468499436 1.0652857372903386 -0.2972311344983807 
-0.9603511664886241 1.069747024545392 -0.29939458185232526 
-0.9603511664886241 1.069747024545392 -0.29939458185232526 
-0.9569997210137074 1.0746751523046731 -0.3017631340380048 
-0.9551061184077482 1.0773671739093105 -0.3030627926239109 
-0.9551061184077482 1.0773671739093105 -0.3030627926239109 
-0.9523304679308955 1.081219480990198 -0.30488740888129595 
-0.9523304679308955 1.081219480990198 -0.30488740888129595 
-0.9492610693331692 1.0853733399997654 -0.3068538042700405 
-0.947244728041704 1.088008993767281 -0.30808337650909856 
-0.9436558182970127 1.092575682050899 -0.3102285346393674 
-0.9436558182970127 1.092575682050899 -0.3102285346393674 
-0.9389147838360488 1.0983784878357854 -0.31291406462567617 
-0.9374415046566946 1.1001352638233548 -0.31372419412792907 
-0.9335756918423863 1.1044282997611419 -0.31561337511033505 
-0.9322238039933066 1.1061246027010152 -0.31646802049397016 
-0.9322238039933066 1.1061246027010152 -0.31646802049397016 
-0.925854752485296 1.1130894167433132 -0.31961881599694086 
-0.9220728278198975 1.117044871412289 -0.3213819071079569 
-0.9210382582156973 1.1180955222934632 -0.32185530016749875 
-0.9135420062738977 1.1255375429587358 -0.32511559335382934 
-0.910470715880698 1.1284507796294343 -0.3263954126963209 
-0.9072030202531003 1.1314857294281897 -0.3276888233843923 
-0.9027712575503828 1.135461499019444 -0.3293913039794508 
-0.8982677248704478 1.1393718882032247 -0.33105388986780726 
-0.8979420324629868 1.1396500400547087 -0.3311650038604216 
-0.8923670136505395 1.1443069661082457 -0.33310360749310985 
-0.8923670136505395 1.1443069661082457 -0.33310360749310985 
-0.8861905441036528 1.1492637637088492 -0.3351510556183477 
-0.8838154499697483 1.1511043462689818 -0.3358977090026396 
-0.8788369239929728 1.1548592957401305 -0.33739879431393227 
-0.8788369239929728 1.1548592957401305 -0.33739879431393227 
-0.87309038491703 1.1590396900911109 -0.3390571745536807 
-0.8709843162027038 1.1605427959812442 -0.3396406805056522 
-0.8652862065135285 1.1644574615763572 -0.34115510026944496 
-0.8613257787597982 1.1670967736880715 -0.34216151797494343 
-0.8573319780381404 1.169698403338823 -0.343129037939517 
-0.8525495941918454 1.172693304198209 -0.34423704483533657 
-0.8486578812118057 1.175073230268965 -0.34510170276456986 
-0.8486578812118057 1.175073230268965 -0.34510170276456986 
-0.8432216710334789 1.178281745644952 -0.3462344443259401 
-0.8396276730237643 1.1803335431110846 -0.3469602271896076 
-0.8373433734467206 1.1816057702701879 -0.34741472504760706 
-0.8321707277340281 1.1844361373669916 -0.34835305040159215 
-0.8251957460904272 1.188079235875381 -0.34955745170861097 
-0.8173537839200641 1.1919782333962614 -0.350788132792636 
-0.8173641180232362 1.1919877603778597 -0.3508083175448774 
-0.8082137365051987 1.1962490638113357 -0.3520749610302383 
-0.8082137365051987 1.1962490638113357 -0.3520749610302383 
-0.8013746107355039 1.1992537104909413 -0.3529261989500708 
-0.8011732756638932 1.1993432573349019 -0.35294433573272277 
-0.7950744884133423 1.2018639201974546 -0.35364239449332713 
-0.7950744884133423 1.2018639201974546 -0.35364239449332713 
-0.7856515518918612 1.2055757281982677 -0.3545713756779447 
-0.7794455312515676 1.207859215741401 -0.3551012702303693 
-0.7752851335752187 1.209327927658499 -0.3554092057107705 
-0.771941795478397 1.2104630876994253 -0.3556447922616176 
-0.7677458629225568 1.2118397191676389 -0.35590608940726753 
-0.758258602489145 1.2147944233327992 -0.35640199267251227 
-0.7542289022600694 1.2159699196059082 -0.3565702369889864 
-0.7523111962309877 1.2165003364499742 -0.35664748775773303 
-0.7506109123071454 1.2169812410555845 -0.356706099257201 
-0.7506109123071454 1.2169812410555845 -0.356706099257201 
-0.7452716844318287 1.2184079468189426 -0.3568552336664066 
-0.7405545649268033 1.2195994388016924 -0.3569384055231247 
-0.7328109961881087 1.2214398559209816 -0.35701790875228734 
-0.7291391277759868 1.2222463301158637 -0.3570354603514385 
-0.718956975040587 1.2243205515320839 -0.35694930622574383 
-0.7169979549095379 1.2246767926016309 -0.35690968260226885 
-0.7130829634899906 1.2253841708235427 -0.3568337338694124 
-0.7026072955460227 1.2270594700506037 -0.3564922874984281 
-0.7012980699000195 1.2272598792712097 -0.35643875302286 
-0.6912202454517762 1.2285587099904132 -0.3559434582086527 
-0.689247778616732 1.228790588437617 -0.3558184843300486 
-0.6809039200367604 1.229629502498041 -0.35527668595961515 
-0.6754101999601294 1.2300874557213148 -0.354860334695863 
-0.6699159054656714 1.2304782076914293 -0.3544001987478056 
-0.665299408233567 1.2307439330784353 -0.3539754008934285 
-0.6600213858628738 1.2309711375913392 -0.35346310325447516 
-0.6551857760841026 1.2311223982161232 -0.35295069018970116 
-0.6501315920641548 1.2312152464324424 -0.3523920215321571 
-0.6459601025096783 1.23124472243049 -0.3518905331576795 
-0.6426683477802025 1.2312411138539998 -0.3514900300119562 
-0.6367495726327067 1.2311584162726412 -0.35071067043812876 
-0.6321511502050281 1.2310186351781516 -0.35006706763178363 
-0.6279958255048412 1.2308594898186296 -0.34947276223790824 
-0.625155760842966 1.2307186743023488 -0.34904839418148637 
-0.6240643519201197 1.2306624822954393 -0.3488826546900513 
-0.6240643519201197 1.2306624822954393 -0.3488826546900513 
-0.6225375160348902 1.2305731850747368 -0.3486408942047956 
-0.6225375160348902 1.2305731850747368 -0.3486408942047956 
-0.6203582777242331 1.2304469957945483 -0.3482923946290353 
-0.6203582777242331 1.2304469957945483 -0.3482923946290353 
-0.6125246970941515 1.2298628979780997 -0.34700468402042384 
-0.6110042262169073 1.229724974527088 -0.346745945352514 
-0.61078743844557 1.2296993221578276 -0.34670484941122137 
-0.61078743844557 1.2296993221578276 -0.34670484941122137 
-0.61078743844557 1.2296993221578276 -0.34670484941122137 
-0.6068853838721213 1.2293394794195807 -0.3460129521394065 
-0.6068853838721213 1.2293394794195807 -0.3460129521394065 
-0.6016930244429126 1.2287759756417926 -0.3450670393208073 
-0.5999643932249492 1.2285792782723546 -0.34475151358661893 
-0.5978095206932955 1.2283267227802412 -0.34432698052718347 
-0.5978095206932955 1.2283267227802412 -0.34432698052718347 
-0.5909261093741738 1.2273987078080162 -0.342971617860498 
-0.5898541280260732 1.2272384231779288 -0.3427495414883186 
-0.5840773328234103 1.2263439540450505 -0.34153160055014053 
-0.5804495285969427 1.2257539309066239 -0.3407532030145224 
-0.5793867563922774 1.2255642587855287 -0.34050987571564284 
-0.5761979493439164 1.2249855678586379 -0.3398014577689624 
-0.5732298067140638 1.2244417588523393 -0.33911660559988 
-0.5711134476985744 1.2240182132444182 -0.33863129085592114 
-0.5643722500368712 1.2226162360453983 -0.33699893097245737 
-0.5641611382181004 1.2225718527142275 -0.33695183411638596 
-0.5599679068335429 1.2216334353484888 -0.33590745154648993 
-0.5599679068335429 1.2216334353484888 -0.33590745154648993 
-0.5553797851097482 1.2205333298193453 -0.3347156187469025 
-0.5547517273155924 1.220379848273109 -0.3345693097563859 
-0.5495640258895136 1.2190638864240777 -0.33318593643280303 
-0.5481167509795521 1.21868111216908 -0.3327922538248189 
-0.5444121739194361 1.2176558364004384 -0.33174921191132556 
-0.541532759881417 1.2168596886221916 -0.3309464433799171 
-0.5382588682852356 1.215890334954118 -0.33001492514568787 
-0.5356073045508464 1.2150996177363398 -0.32923933433184294 
-0.5311451024059657 1.2136965531283255 -0.3278997925067031 
-0.5307408395348879 1.2135630000202817 -0.32777866990711224 
-0.5247035080803981 1.2115662223818706 -0.3258894656716488 
-0.5216985603346369 1.210531225529316 -0.3249442732977237 
-0.5183150689840894 1.2093091876650803 -0.3238490078329349 
-0.5157405888759548 1.208364670858052 -0.32298644725886405 
-0.5135691519376571 1.2075452520847112 -0.32225749942190063 
-0.5135691519376571 1.2075452520847112 -0.32225749942190063 
-0.5094403676209441 1.2059509643440414 -0.32085489797448463 
-0.5074835758449369 1.2051727050185432 -0.3201813343584514 
-0.5074835758449369 1.2051727050185432 -0.3201813343584514 
-0.5035959957550126 1.2035787982831034 -0.31879889873700795 
-0.502624530121072 1.203180914494701 -0.3184551278998139 
-0.4972337636642605 1.200854727509321 -0.31648657924298107 
-0.494748038487534 1.1997469218579961 -0.31556021097895004 
-0.4909496630194625 1.1980108601328214 -0.3141046667220555 
-0.4884989444177803 1.1968426004149875 -0.3131542963783991 
-0.4866145050559927 1.1959629252786623 -0.31240919287891933 
-0.48474418308075373 1.1950386978742285 -0.3116716400939661 
-0.482875484361179 1.194127407215462 -0.3109222406730795 
-0.4817576732710075 1.193569734172641 -0.31047615643397686 
-0.47916403734081936 1.1922603466833892 -0.30940927402008545 
-0.47695624892509236 1.1911035148747917 -0.3084951856532213 
-0.47457596159233284 1.1898392374738767 -0.3074934945567912 
-0.47275266781670616 1.1888647250145312 -0.3067101366439685 
-0.46948724802161623 1.1870753543646666 -0.30530544805065096 
-0.46661376125018184 1.1854551298265632 -0.3040249717965523 
-0.4639343652814143 1.1839092498528003 -0.3028276829933234 
-0.4628675350270241 1.183283348055025 -0.30234743486817905 
-0.45863075811497533 1.1807509652948724 -0.3003984847797926 
-0.45635526970051377 1.179347717804267 -0.29934093791297733 
-0.45635526970051377 1.179347717804267 -0.29934093791297733 
-0.4542664136040883 1.1780487249334504 -0.2983477163777216 
-0.4499641061449794 1.1752743454855812 -0.2962580670763716 
-0.4487728471383208 1.1744863337198788 -0.2956594782028369 
-0.4453769185379651 1.1722221131919912 -0.29395927311133285 
-0.443020535036024 1.1706141345526584 -0.2927588844843698 
-0.43919233069507013 1.1679187161940001 -0.2907720064108429 
-0.43363090577557967 1.1638377169399121 -0.28777899799524487 
-0.4326504875595582 1.1631107568739978 -0.28726202355783237 
-0.4281644629382376 1.1596528280141012 -0.2847603250344153 
-0.4281644629382376 1.1596528280141012 -0.2847603250344153 
-0.4268990526238383 1.1586516280859525 -0.2840342958850586 
-0.4261099857292127 1.1580170303935824 -0.28358905829866476 
-0.4200370816349501 1.1530334917533998 -0.2800318127366833 
-0.4177391332609568 1.1510879775930198 -0.2786423801785627 
-0.41562209437463826 1.1492375057403368 -0.2773442581492507 
-0.41336724482497716 1.1472443792175915 -0.27595066844034244 
-0.4109917897500878 1.1450962643003784 -0.27444709394154443 
-0.40893711753917966 1.1431981615153384 -0.2731200887682155 
-0.40893711753917966 1.1431981615153384 -0.2731200887682155 
-0.40517276862722407 1.139629470957118 -0.2706406675678128 
-0.4028912905135398 1.1374017405785886 -0.2691075892538445 
-0.4014798513089568 1.136008493084942 -0.26813084964833034 
-0.4014798513089568 1.136008493084942 -0.26813084964833034 
-0.3996615753878447 1.1341678831044466 -0.2668769175562161 
-0.3953982301623287 1.1297336988680293 -0.26385182234471394 
-0.3939119208790807 1.128137226601063 -0.26277445352927287 
-0.3927033134645555 1.1268285792061792 -0.26188776041378026 
-0.38965796450391 1.123450572493327 -0.2596119519152923 
-0.38874875605148385 1.1224095920550068 -0.25891303050443093 
-0.3873139807006142 1.1207831755000277 -0.2578154259249782 
-0.3873139807006142 1.1207831755000277 -0.2578154259249782 
-0.3850131438313741 1.1180859477023972 -0.2560054357399726 
-0.38237795673064556 1.114904453467088 -0.25388312332189256 
-0.38039857521275433 1.1124593701711527 -0.2522645289843063 
-0.37930173783294663 1.1110759052516148 -0.2513454862805038 
-0.37930173783294663 1.1110759052516148 -0.2513454862805038 
-0.37617786543483234 1.1070447743042295 -0.2486915806048413 
-0.37617786543483234 1.1070447743042295 -0.2486915806048413 
-0.3740593145827126 1.1042215970301963 -0.24685226864035514 
-0.3740593145827126 1.1042215970301963 -0.24685226864035514 
-0.37187305106360646 1.1012216437146605 -0.24488363558486448 
-0.37187305106360646 1.1012216437146605 -0.24488363558486448 
-0.36950375511362454 1.0978775979293622 -0.24270034187373513 
-0.36950375511362454 1.0978775979293622 -0.24270034187373513 
-0.3659990957032577 1.0927172401186098 -0.23935875970333353 
-0.36566926855934934 1.0922323387696429 -0.23905050367858227 
-0.36438751293668087 1.090276042324639 -0.23779719998857884 
-0.3633415047691839 1.0886428189816502 -0.23673382895700745 
-0.3617901694421799 1.0861743857424073 -0.23515076280405156 
-0.36138448335587015 1.0855134807717348 -0.23472422747174493 
-0.3584597992165216 1.080701093632188 -0.23165985021480617 
-0.3579678102058137 1.0798638879166012 -0.23113099516209967 
-0.35556261763435426 1.0756619651832124 -0.22846126461796668 
-0.35480552490616885 1.074309424416468 -0.22760913027200413 
-0.3538766563773784 1.0726169709875968 -0.22653060032597117 
-0.3538766563773784 1.0726169709875968 -0.22653060032597117 
-0.3513322087054815 1.0678358385842404 -0.2235305530991889 
-0.34975160148675677 1.0647406600029823 -0.22159031991271405 
-0.3478738945850782 1.060936764823409 -0.21920991481672392 
-0.34590388936659233 1.0567545360418946 -0.21660280672771315 
-0.3447096062534641 1.0541195491772901 -0.21497930383680608 
-0.34340001235902307 1.0511253284616624 -0.21311963686436375 
-0.34173520204874036 1.0472336628678605 -0.21072553562400775 
-0.340364570348507 1.043848508890864 -0.2086475034699068 
-0.33870215842599705 1.0395484559423311 -0.20601750581532818 
-0.33769524146244545 1.0368509303712787 -0.20437206129132313 
-0.3360940803502299 1.032331483034721 -0.2016200136504238 
-0.3351780755838275 1.0296008675218224 -0.19997287019210586 
-0.3343958780011377 1.0272394215003335 -0.19853494797213045 
-0.3330285023524111 1.0228466388139554 -0.19588887210696837 
-0.3323197502388707 1.0204499959739532 -0.194467195865899 
-0.3315315075893439 1.0176925329119584 -0.19280125331954712 
-0.33132068699788764 1.0169517254666236 -0.1923671148381142 
-0.32980022640725626 1.0112138407990507 -0.188939543561497 
-0.32948650964360127 1.0099119126002964 -0.18816074201636024 
-0.328503463127349 1.0058130699165688 -0.18573349341440848 
-0.32846354813700707 1.005628159915407 -0.18561847293921419 
-0.327399066331981 1.0007598231771577 -0.18275098949438928 
-0.3270969418626162 0.9992652940932105 -0.1818533512828654 
-0.32649845854365783 0.9962547514729441 -0.18009502330963445 
-0.3259778859868405 0.993432039340234 -0.17843288224186293 
-0.32558345156761787 0.9911675879862081 -0.17710697305984924 
