-0.8947637132290713 0.963577978488666 -0.24496836714090375 
-0.8940235492239019 0.9672176746164347 -0.24693076327181473 
-0.8932199458915544 0.9708548999904655 -0.24887623662487857 
-0.8916747475956678 0.9773463843629945 -0.25233889951093025 
-0.8904826440385969 0.9819067468123068 -0.2547787170872484 
-0.8904826440385969 0.9819067468123068 -0.2547787170872484 
-0.8887231788248422 0.9881685910464052 -0.2580855160079759 
-0.8887231788248422 0.9881685910464052 -0.2580855160079759 
-0.8858946593579191 0.9972210602469413 -0.26285079939450384 
-0.884027682423764 1.002657389495767 -0.26569609823575735 
-0.8815002037895285 1.0095678146892293 -0.2692705966278134 
-0.8808663149036433 1.0112419786512603 -0.27013720955643317 
-0.8782473259223695 1.017717133493445 -0.2734742600183835 
-0.8758032113944766 1.0234211449953317 -0.27638614812007856 
-0.873823743501784 1.0278077305577187 -0.27862349486132754 
-0.8711609528827365 1.0334454180339927 -0.2814711106510599 
-0.8693792658836523 1.037060149903947 -0.2832915107429872 
-0.8677130878969583 1.0402941530503003 -0.2849113124916951 
-0.8657444707998361 1.0440547952495767 -0.28679106898324924 
-0.8657444707998361 1.0440547952495767 -0.28679106898324924 
-0.8631186880091373 1.0488580223226416 -0.2891744117820949 
-0.8631186880091373 1.0488580223226416 -0.2891744117820949 
-0.8581209074877247 1.0574769848349341 -0.29343259184234083 
-0.8566232100523895 1.0599119208403776 -0.2946261683659803 
-0.8553430449137516 1.0620038363604973 -0.2956355394733823 
-0.8532597468499438 1.0652857372903386 -0.297231134498381 
-0.8532597468499438 1.0652857372903386 -0.297231134498381 
-0.8503511664886239 1.069747024545392 -0.29939458185232515 
-0.8503511664886239 1.069747024545392 -0.29939458185232515 
-0.8469997210137074 1.0746751523046731 -0.3017631340380049 
-0.8451061184077483 1.0773671739093102 -0.3030627926239111 
-0.8451061184077483 1.0773671739093102 -0.3030627926239111 
-0.8423304679308954 1.081219480990198 -0.30488740888129606 
-0.8423304679308954 1.081219480990198 -0.30488740888129606 
-0.839261069333169 1.0853733399997652 -0.3068538042700407 
-0.8372447280417041 1.088008993767281 -0.30808337650909856 
-0.8336558182970127 1.0925756820508987 -0.3102285346393675 
-0.8336558182970127 1.0925756820508987 -0.3102285346393675 
-0.8289147838360487 1.0983784878357856 -0.3129140646256763 
-0.8274415046566944 1.1001352638233546 -0.31372419412792885 
-0.8235756918423862 1.1044282997611419 -0.3156133751103354 
-0.8222238039933064 1.106124602701015 -0.31646802049397016 
-0.8222238039933064 1.106124602701015 -0.31646802049397016 
-0.8158547524852963 1.1130894167433132 -0.3196188159969412 
-0.8120728278198974 1.117044871412289 -0.32138190710795667 
-0.8110382582156972 1.1180955222934634 -0.32185530016749864 
-0.8035420062738979 1.1255375429587358 -0.32511559335382945 
-0.8004707158806977 1.128450779629434 -0.3263954126963211 
-0.7972030202531001 1.1314857294281897 -0.3276888233843922 
-0.7927712575503828 1.1354614990194443 -0.32939130397945093 
-0.7882677248704477 1.1393718882032247 -0.33105388986780726 
-0.7879420324629868 1.139650040054709 -0.3311650038604219 
-0.7823670136505392 1.1443069661082457 -0.33310360749310985 
-0.7823670136505392 1.1443069661082457 -0.33310360749310985 
-0.7761905441036527 1.149263763708849 -0.33515105561834746 
-0.7738154499697484 1.1511043462689818 -0.3358977090026397 
-0.7688369239929727 1.1548592957401305 -0.33739879431393194 
-0.7688369239929727 1.1548592957401305 -0.33739879431393194 
-0.7630903849170299 1.1590396900911106 -0.3390571745536809 
-0.760984316202704 1.1605427959812444 -0.3396406805056521 
-0.7552862065135287 1.1644574615763574 -0.34115510026944496 
-0.7513257787597982 1.1670967736880713 -0.3421615179749439 
-0.7473319780381403 1.169698403338823 -0.34312903793951754 
-0.7425495941918453 1.172693304198209 -0.34423704483533646 
-0.7386578812118059 1.1750732302689655 -0.34510170276456953 
-0.7386578812118059 1.1750732302689655 -0.34510170276456953 
-0.7332216710334786 1.1782817456449517 -0.3462344443259403 
-0.7296276730237642 1.1803335431110846 -0.3469602271896074 
-0.7273433734467205 1.1816057702701879 -0.34741472504760695 
-0.7221707277340282 1.1844361373669916 -0.34835305040159215 
-0.7151957460904272 1.1880792358753811 -0.34955745170861086 
-0.7073537839200639 1.1919782333962614 -0.3507881327926359 
-0.7073641180232361 1.1919877603778597 -0.3508083175448776 
-0.6982137365051987 1.1962490638113354 -0.3520749610302386 
-0.6982137365051987 1.1962490638113354 -0.3520749610302386 
-0.6913746107355038 1.1992537104909415 -0.35292619895007094 
-0.6911732756638931 1.1993432573349017 -0.35294433573272277 
-0.6850744884133423 1.2018639201974548 -0.35364239449332724 
-0.6850744884133423 1.2018639201974548 -0.35364239449332724 
-0.6756515518918612 1.2055757281982682 -0.35457137567794483 
-0.6694455312515674 1.207859215741401 -0.3551012702303692 
-0.6652851335752185 1.2093279276584987 -0.3554092057107706 
-0.661941795478397 1.2104630876994256 -0.35564479226161794 
-0.6577458629225569 1.211839719167639 -0.35590608940726776 
-0.648258602489145 1.2147944233327992 -0.3564019926725127 
-0.6442289022600693 1.2159699196059082 -0.3565702369889865 
-0.6423111962309878 1.2165003364499747 -0.35664748775773303 
-0.6406109123071453 1.2169812410555843 -0.3567060992572011 
-0.6406109123071453 1.2169812410555843 -0.3567060992572011 
-0.6352716844318285 1.2184079468189424 -0.3568552336664067 
-0.6305545649268032 1.2195994388016922 -0.3569384055231245 
-0.6228109961881085 1.2214398559209818 -0.3570179087522872 
-0.6191391277759867 1.2222463301158635 -0.3570354603514383 
-0.6089569750405869 1.224320551532084 -0.3569493062257436 
-0.6069979549095379 1.2246767926016309 -0.35690968260226885 
-0.6030829634899906 1.2253841708235427 -0.356833733869412 
-0.5926072955460226 1.2270594700506037 -0.3564922874984281 
-0.5912980699000194 1.2272598792712097 -0.35643875302286 
-0.5812202454517761 1.2285587099904132 -0.35594345820865303 
-0.5792477786167319 1.2287905884376165 -0.3558184843300486 
-0.5709039200367603 1.2296295024980408 -0.35527668595961515 
-0.5654101999601292 1.2300874557213148 -0.354860334695863 
-0.5599159054656713 1.2304782076914291 -0.3544001987478056 
-0.5552994082335669 1.2307439330784349 -0.35397540089342827 
-0.5500213858628739 1.2309711375913392 -0.35346310325447494 
-0.5451857760841023 1.231122398216123 -0.35295069018970127 
-0.5401315920641547 1.2312152464324422 -0.35239202153215665 
-0.5359601025096783 1.2312447224304903 -0.35189053315767926 
-0.5326683477802023 1.2312411138539998 -0.35149003001195633 
-0.5267495726327067 1.2311584162726414 -0.35071067043812854 
-0.522151150205028 1.2310186351781514 -0.3500670676317835 
-0.517995825504841 1.2308594898186298 -0.34947276223790846 
-0.5151557608429658 1.2307186743023486 -0.34904839418148625 
-0.5140643519201196 1.230662482295439 -0.3488826546900511 
-0.5140643519201196 1.230662482295439 -0.3488826546900511 
-0.51253751603489 1.230573185074737 -0.3486408942047957 
-0.51253751603489 1.230573185074737 -0.3486408942047957 
-0.510358277724233 1.2304469957945483 -0.3482923946290354 
-0.510358277724233 1.2304469957945483 -0.3482923946290354 
-0.5025246970941514 1.2298628979780994 -0.3470046840204237 
-0.5010042262169071 1.229724974527088 -0.34674594535251424 
-0.5007874384455699 1.2296993221578274 -0.34670484941122115 
-0.5007874384455699 1.2296993221578274 -0.34670484941122115 
-0.5007874384455699 1.2296993221578274 -0.34670484941122115 
-0.49688538387212117 1.2293394794195802 -0.34601295213940675 
-0.49688538387212117 1.2293394794195802 -0.34601295213940675 
-0.4916930244429124 1.2287759756417926 -0.34506703932080696 
-0.4899643932249491 1.2285792782723544 -0.34475151358661926 
-0.48780952069329536 1.2283267227802415 -0.3443269805271838 
-0.48780952069329536 1.2283267227802415 -0.3443269805271838 
-0.4809261093741738 1.227398707808016 -0.3429716178604979 
-0.4798541280260729 1.2272384231779288 -0.34274954148831915 
-0.4740773328234102 1.2263439540450505 -0.34153160055014087 
-0.47044952859694245 1.2257539309066237 -0.3407532030145225 
-0.46938675639227734 1.2255642587855287 -0.3405098757156425 
-0.46619794934391656 1.2249855678586374 -0.3398014577689624 
-0.46322980671406355 1.2244417588523393 -0.3391166055998803 
-0.4611134476985743 1.2240182132444184 -0.33863129085592136 
-0.45437225003687115 1.2226162360453983 -0.33699893097245737 
-0.4541611382181002 1.2225718527142277 -0.3369518341163863 
-0.44996790683354265 1.2216334353484883 -0.3359074515464904 
-0.44996790683354265 1.2216334353484883 -0.3359074515464904 
-0.445379785109748 1.2205333298193453 -0.3347156187469027 
-0.44475172731559215 1.220379848273109 -0.33456930975638566 
-0.43956402588951343 1.2190638864240775 -0.33318593643280303 
-0.438116750979552 1.21868111216908 -0.33279225382481925 
-0.43441217391943593 1.2176558364004382 -0.3317492119113252 
-0.43153275988141676 1.2168596886221916 -0.3309464433799175 
-0.42825886828523546 1.2158903349541177 -0.330014925145688 
-0.42560730455084633 1.2150996177363396 -0.3292393343318426 
-0.4211451024059654 1.2136965531283255 -0.327899792506703 
-0.42074083953488767 1.2135630000202813 -0.32777866990711246 
-0.414703508080398 1.2115662223818704 -0.3258894656716489 
-0.41169856033463664 1.2105312255293161 -0.3249442732977238 
-0.40831506898408937 1.2093091876650803 -0.3238490078329347 
-0.40574058887595454 1.2083646708580522 -0.3229864472588644 
-0.4035691519376568 1.2075452520847114 -0.32225749942190085 
-0.4035691519376568 1.2075452520847114 -0.32225749942190085 
-0.399440367620944 1.2059509643440411 -0.32085489797448485 
-0.39748357584493654 1.2051727050185435 -0.32018133435845153 
-0.39748357584493654 1.2051727050185435 -0.32018133435845153 
-0.39359599575501236 1.2035787982831034 -0.3187988987370082 
-0.39262453012107174 1.203180914494701 -0.318455127899814 
-0.3872337636642603 1.2008547275093215 -0.31648657924298107 
-0.38474803848753386 1.1997469218579961 -0.31556021097895004 
-0.3809496630194622 1.1980108601328214 -0.31410466672205584 
-0.3784989444177801 1.1968426004149877 -0.3131542963783992 
-0.37661450505599237 1.1959629252786625 -0.31240919287891944 
-0.3747441830807535 1.1950386978742285 -0.3116716400939664 
-0.3728754843611787 1.1941274072154622 -0.31092224067307994 
-0.37175767327100734 1.1935697341726408 -0.31047615643397686 
-0.36916403734081915 1.192260346683389 -0.30940927402008567 
-0.3669562489250922 1.191103514874792 -0.3084951856532213 
-0.36457596159233263 1.1898392374738767 -0.3074934945567914 
-0.36275266781670606 1.1888647250145312 -0.30671013664396884 
-0.3594872480216162 1.1870753543646666 -0.30530544805065096 
-0.3566137612501818 1.1854551298265632 -0.3040249717965523 
-0.3539343652814141 1.1839092498528003 -0.3028276829933241 
-0.352867535027024 1.183283348055025 -0.30234743486817905 
-0.348630758114975 1.180750965294873 -0.3003984847797927 
-0.34635526970051367 1.179347717804267 -0.2993409379129779 
-0.34635526970051367 1.179347717804267 -0.2993409379129779 
-0.3442664136040881 1.1780487249334501 -0.2983477163777216 
-0.33996410614497924 1.1752743454855814 -0.2962580670763716 
-0.3387728471383208 1.1744863337198785 -0.29565947820283645 
-0.3353769185379648 1.1722221131919917 -0.29395927311133285 
-0.3330205350360238 1.1706141345526584 -0.2927588844843698 
-0.32919233069507015 1.1679187161940001 -0.2907720064108428 
-0.3236309057755794 1.163837716939912 -0.287778997995245 
-0.32265048755955816 1.1631107568739976 -0.28726202355783215 
-0.31816446293823747 1.1596528280141014 -0.28476032503441506 
-0.31816446293823747 1.1596528280141014 -0.28476032503441506 
-0.31689905262383816 1.1586516280859525 -0.28403429588505846 
-0.3161099857292127 1.1580170303935826 -0.28358905829866465 
-0.31003708163495 1.1530334917533998 -0.280031812736683 
-0.30773913326095653 1.1510879775930203 -0.2786423801785627 
-0.3056220943746381 1.1492375057403368 -0.2773442581492507 
-0.3033672448249771 1.1472443792175913 -0.2759506684403428 
-0.30099178975008734 1.1450962643003786 -0.27444709394154454 
-0.2989371175391795 1.1431981615153386 -0.2731200887682155 
-0.2989371175391795 1.1431981615153386 -0.2731200887682155 
-0.29517276862722386 1.139629470957118 -0.2706406675678129 
-0.29289129051353957 1.1374017405785886 -0.2691075892538445 
-0.2914798513089565 1.1360084930849421 -0.26813084964833034 
-0.2914798513089565 1.1360084930849421 -0.26813084964833034 
-0.2896615753878445 1.1341678831044464 -0.26687691755621656 
-0.28539823016232846 1.1297336988680295 -0.26385182234471405 
-0.28391192087908046 1.128137226601063 -0.262774453529273 
-0.28270331346455546 1.1268285792061792 -0.26188776041378004 
-0.2796579645039098 1.1234505724933268 -0.2596119519152925 
-0.27874875605148375 1.1224095920550066 -0.25891303050443104 
-0.27731398070061397 1.1207831755000277 -0.25781542592497786 
-0.27731398070061397 1.1207831755000277 -0.25781542592497786 
-0.275013143831374 1.1180859477023972 -0.2560054357399725 
-0.27237795673064535 1.1149044534670882 -0.25388312332189256 
-0.2703985752127542 1.1124593701711527 -0.2522645289843063 
-0.2693017378329466 1.1110759052516148 -0.2513454862805038 
-0.2693017378329466 1.1110759052516148 -0.2513454862805038 
-0.2661778654348323 1.1070447743042293 -0.2486915806048413 
-0.2661778654348323 1.1070447743042293 -0.2486915806048413 
-0.26405931458271237 1.104221597030196 -0.24685226864035525 
-0.26405931458271237 1.104221597030196 -0.24685226864035525 
-0.2618730510636065 1.1012216437146605 -0.24488363558486437 
-0.2618730510636065 1.1012216437146605 -0.24488363558486437 
-0.2595037551136242 1.0978775979293622 -0.24270034187373546 
-0.2595037551136242 1.0978775979293622 -0.24270034187373546 
-0.25599909570325785 1.0927172401186096 -0.2393587597033332 
-0.2556692685593491 1.092232338769643 -0.23905050367858227 
-0.2543875129366806 1.0902760423246387 -0.23779719998857907 
-0.2533415047691836 1.0886428189816502 -0.23673382895700734 
-0.25179016944217963 1.0861743857424075 -0.23515076280405167 
-0.25138448335587027 1.0855134807717348 -0.23472422747174504 
-0.24845979921652173 1.0807010936321877 -0.23165985021480617 
-0.24796781020581377 1.0798638879166014 -0.23113099516209945 
-0.24556261763435439 1.075661965183212 -0.22846126461796679 
-0.24480552490616864 1.0743094244164682 -0.22760913027200436 
-0.24387665637737854 1.0726169709875966 -0.22653060032597117 
-0.24387665637737854 1.0726169709875966 -0.22653060032597117 
-0.24133220870548144 1.0678358385842404 -0.2235305530991888 
-0.23975160148675684 1.064740660002982 -0.22159031991271394 
-0.23787389458507785 1.0609367648234087 -0.21920991481672414 
-0.2359038893665925 1.0567545360418946 -0.21660280672771293 
-0.23470960625346404 1.05411954917729 -0.2149793038368063 
-0.23340001235902297 1.0511253284616624 -0.21311963686436364 
-0.2317352020487402 1.0472336628678605 -0.21072553562400764 
-0.23036457034850688 1.043848508890864 -0.20864750346990635 
-0.22870215842599723 1.0395484559423311 -0.20601750581532796 
-0.22769524146244552 1.0368509303712783 -0.20437206129132302 
-0.22609408035023026 1.0323314830347206 -0.20162001365042392 
-0.22517807558382708 1.0296008675218222 -0.19997287019210597 
-0.2243958780011377 1.0272394215003335 -0.19853494797213023 
-0.2230285023524109 1.0228466388139554 -0.1958888721069686 
-0.22231975023887085 1.0204499959739532 -0.194467195865899 
-0.22153150758934392 1.0176925329119584 -0.19280125331954712 
-0.22132068699788765 1.0169517254666236 -0.19236711483811408 
-0.21980022640725627 1.0112138407990505 -0.18893954356149711 
-0.21948650964360106 1.0099119126002962 -0.18816074201636046 
-0.21850346312734903 1.0058130699165688 -0.18573349341440848 
-0.2184635481370072 1.0056281599154075 -0.18561847293921419 
-0.21739906633198092 1.000759823177158 -0.18275098949438928 
-0.21709694186261608 0.9992652940932105 -0.18185335128286517 
-0.216498458543658 0.9962547514729441 -0.18009502330963434 
-0.21597788598684053 0.9934320393402339 -0.17843288224186327 
-0.21558345156761782 0.9911675879862081 -0.17710697305984902 
