-0.894873412331979 0.8930083778861011 -0.2446469642133542 
-0.8940560831088142 0.8970278149972557 -0.24682378258803872 
-0.8940560831088142 0.8970278149972557 -0.24682378258803872 
-0.8937308330737771 0.8985603774424968 -0.2476445484710349 
-0.8936817581029308 0.8987500694620225 -0.24774940307663584 
-0.8925584334093118 0.9037180938248504 -0.25041410506303285 
-0.8920530318206993 0.9058202596695393 -0.25152827872588623 
-0.8920530318206993 0.9058202596695393 -0.25152827872588623 
-0.8912798988233177 0.9088678602615831 -0.2531526010344427 
-0.8912798988233177 0.9088678602615831 -0.2531526010344427 
-0.8903780378936854 0.9122881647130656 -0.25497717429979183 
-0.8895467079429222 0.9153289736178383 -0.25658084575763296 
-0.8886650884158622 0.9183576775390523 -0.2581850529759303 
-0.8885084170263633 0.9189290756209886 -0.25848042251533065 
-0.8881624291612672 0.920056172482427 -0.2590911807889432 
-0.8881624291612672 0.920056172482427 -0.2590911807889432 
-0.8869889966142074 0.9238307656172566 -0.2610764665930063 
-0.8857037631699084 0.9277884538925152 -0.2631377721298268 
-0.8841794371640818 0.9322851049900482 -0.2655047152371086 
-0.8841794371640818 0.9322851049900482 -0.2655047152371086 
-0.8822766617665796 0.9375201620431123 -0.2682107932318589 
-0.880995299468088 0.9408684653306295 -0.26994233670532064 
-0.8803373694075064 0.9425360990550875 -0.27080811629082535 
-0.8786332824009218 0.9467947328322124 -0.2730012975009911 
-0.8786332824009218 0.9467947328322124 -0.2730012975009911 
-0.8760437038668182 0.9528736987591716 -0.2760991097714527 
-0.8752328825193215 0.9546996561390526 -0.2770470355532295 
-0.8752328825193215 0.9546996561390526 -0.2770470355532295 
-0.8739881939876659 0.9574475043262939 -0.2784269325681692 
-0.8722809266724051 0.9610809115939065 -0.28028441765970735 
-0.8704469135338351 0.964891783410811 -0.2821993696985081 
-0.8684580379917992 0.9688547668782163 -0.2842004590474224 
-0.8684580379917992 0.9688547668782163 -0.2842004590474224 
-0.8668811688405053 0.9719057493981142 -0.28572797992938226 
-0.8668811688405053 0.9719057493981142 -0.28572797992938226 
-0.8641953986343889 0.9769012250327544 -0.28821241056316205 
-0.8641953986343889 0.9769012250327544 -0.28821241056316205 
-0.863114953030986 0.9788555768932017 -0.2891764423398797 
-0.863114953030986 0.9788555768932017 -0.2891764423398797 
-0.863114953030986 0.9788555768932017 -0.2891764423398797 
-0.8605039132422543 0.983441767493366 -0.2914565666432558 
-0.8605039132422543 0.983441767493366 -0.2914565666432558 
-0.8581240540148132 0.9874815619867136 -0.2934258883369697 
-0.8556646962372055 0.9914813753144723 -0.2953841701664961 
-0.8543689037686256 0.993561701415654 -0.29639862491985436 
-0.8520379096540215 0.9971765755020507 -0.29815164305957376 
-0.8520379096540215 0.9971765755020507 -0.29815164305957376 
-0.8497760101050482 1.0006001101218378 -0.299801335877249 
-0.8497760101050482 1.0006001101218378 -0.299801335877249 
-0.8472311382090405 1.0043336631417443 -0.3016047106840143 
-0.8472311382090405 1.0043336631417443 -0.3016047106840143 
-0.844275763704836 1.0085479696086037 -0.3036192105232567 
-0.8436715361493123 1.0093847022423854 -0.304017037730404 
-0.8436715361493123 1.0093847022423854 -0.304017037730404 
-0.8395063034637129 1.0150384259174574 -0.3067027214985215 
-0.8395063034637129 1.0150384259174574 -0.3067027214985215 
-0.8362283627490799 1.0193185610634201 -0.30870120156697245 
-0.8362283627490799 1.0193185610634201 -0.30870120156697245 
-0.8348214928832599 1.0211154298737128 -0.3095421049522743 
-0.8291836251288951 1.0280571919641606 -0.3127716293047448 
-0.8263481106472395 1.031399191685409 -0.31430874639551054 
-0.8243073549167477 1.0337777755472866 -0.31539029690032083 
-0.821115883760765 1.037378101810721 -0.3170391023034752 
-0.8180035202588624 1.040786132085493 -0.3185794691771485 
-0.8180035202588624 1.040786132085493 -0.3185794691771485 
-0.8155668742514015 1.043397034611739 -0.3197531314546864 
-0.8155668742514015 1.043397034611739 -0.3197531314546864 
-0.81001724212009 1.0491603792151638 -0.3223170934269872 
-0.8089771108283815 1.0502088187685292 -0.32278081827653815 
-0.804303510261353 1.0548016920754097 -0.32479786200903615 
-0.804303510261353 1.0548016920754097 -0.32479786200903615 
-0.7989174438615144 1.059899286260153 -0.3270121388250826 
-0.795938770719211 1.062622290538629 -0.32818247410937207 
-0.7929357592452979 1.06531924123265 -0.329344794629825 
-0.7881133171187892 1.0695145343940424 -0.3311192678699827 
-0.7868097039580809 1.0706213730791374 -0.33157390684435417 
-0.7868097039580809 1.0706213730791374 -0.33157390684435417 
-0.7782139495945622 1.0776777857609383 -0.33449130193580623 
-0.7753394347988967 1.0799213055430144 -0.33541167053463194 
-0.773299946549451 1.0814975399839384 -0.33604267371174834 
-0.773299946549451 1.0814975399839384 -0.33604267371174834 
-0.7653667483494919 1.0874054168071812 -0.3384147830459835 
-0.7653667483494919 1.0874054168071812 -0.3384147830459835 
-0.7590305804443978 1.091893058114651 -0.34017214497293435 
-0.7559990561461654 1.093969661893725 -0.34096746025897096 
-0.7533140680953497 1.0957883059859608 -0.3416578750233441 
-0.7533140680953497 1.0957883059859608 -0.3416578750233441 
-0.7462289286562056 1.10039198128939 -0.34338484398174585 
-0.7462289286562056 1.10039198128939 -0.34338484398174585 
-0.7431087364081381 1.1023555781971042 -0.34411519014986713 
-0.7386593871125247 1.1050747660776012 -0.34510275413010094 
-0.7360373104200781 1.106627336802104 -0.34565659579748276 
-0.7360373104200781 1.106627336802104 -0.34565659579748276 
-0.7307671553808333 1.1096922901091058 -0.34673261090042373 
-0.7307671553808333 1.1096922901091058 -0.34673261090042373 
-0.7256238516660773 1.1125594392145133 -0.34772422223551025 
-0.7256238516660773 1.1125594392145133 -0.34772422223551025 
-0.7223677875272404 1.1143393019191834 -0.3483187543762529 
-0.7223677875272404 1.1143393019191834 -0.3483187543762529 
-0.7161726760118544 1.1175864982403558 -0.3493936553067074 
-0.7161726760118544 1.1175864982403558 -0.3493936553067074 
-0.7161726760118544 1.1175864982403558 -0.3493936553067074 
-0.7107003854283659 1.1203427074474943 -0.35028227714736915 
-0.7107003854283659 1.1203427074474943 -0.35028227714736915 
-0.7037908688840046 1.1236729579231584 -0.35131242511455685 
-0.7037908688840046 1.1236729579231584 -0.35131242511455685 
-0.6988109235511323 1.125972207899643 -0.3519979212049196 
-0.6954023326135501 1.1274951264615987 -0.3524384406723734 
-0.6889440245392907 1.1302815020121386 -0.3532075092906287 
-0.6844670485639889 1.132123145929011 -0.3536966227253744 
-0.6844670485639889 1.132123145929011 -0.3536966227253744 
-0.6844670485639889 1.132123145929011 -0.3536966227253744 
-0.6779109343139903 1.1347065485654628 -0.3543488463969855 
-0.6764724368220719 1.1352594816011055 -0.35448798049028307 
-0.6704794386769581 1.1374807155040858 -0.35501085165806956 
-0.6704794386769581 1.1374807155040858 -0.35501085165806956 
-0.661941380628478 1.1404614941247944 -0.3556477111553249 
-0.657959843179528 1.1417811320704327 -0.35588964559661285 
-0.653539768492341 1.1431814993022535 -0.35615034642478616 
-0.649315612439556 1.144474559704169 -0.356357162776646 
-0.6429494758707994 1.1463224637170875 -0.3566177940711571 
-0.6363399628532316 1.148127340528535 -0.35681845893669684 
-0.6290565331141617 1.1499805050309595 -0.35696940229385365 
-0.624107148780333 1.1511505352247338 -0.3570216136777653 
-0.6202183021850466 1.1520075354589387 -0.3570371523662844 
-0.6163304788252242 1.1528528106138825 -0.3570326613013828 
-0.609609294742143 1.1541986555041872 -0.35696065324218407 
-0.6063477981650139 1.154802799795251 -0.3569067238167615 
-0.6063477981650139 1.154802799795251 -0.3569067238167615 
-0.596320870685558 1.1564948145192606 -0.3566240152581661 
-0.5939180115244669 1.1568625069102418 -0.35653634256762745 
-0.5891090229938879 1.1575624051087514 -0.35634637948154635 
-0.5891090229938879 1.1575624051087514 -0.35634637948154635 
-0.5831926344569556 1.1583195247499618 -0.35605075951315845 
-0.5763936531058135 1.1590932296088694 -0.35564256103163405 
-0.569367077543147 1.1597711316169967 -0.35516784019090164 
-0.5691476138260629 1.159790521646891 -0.35514602258231476 
-0.5607950421820598 1.1604181134561178 -0.3544665290021355 
-0.5555184336347117 1.1607294420106278 -0.3540018627820096 
-0.5493618666578413 1.1609953378104219 -0.3533957579467335 
-0.5451854886319395 1.1611255975476193 -0.3529621318976187 
-0.5418896453126656 1.1611969173769519 -0.3525975934378306 
-0.5339844127019869 1.1612426319285643 -0.3516525164455181 
-0.5326671514603172 1.1612326919752203 -0.35149286962819337 
-0.526967596009747 1.161159132117625 -0.3507475225128115 
-0.5214949603897219 1.1610020950227709 -0.3499771479747217 
-0.5214949603897219 1.1610020950227709 -0.3499771479747217 
-0.5149374765660173 1.1607124820156463 -0.3490180927153298 
-0.513190664008887 1.160613542336686 -0.34875548305632875 
-0.5066556529017974 1.1601886812581752 -0.34769580697911373 
-0.5012213764078326 1.1597421622885635 -0.3467823105397805 
-0.49580230900585204 1.159225901841001 -0.34581973150796685 
-0.4951532521052421 1.159162221967715 -0.34570022560666414 
-0.48823999064942825 1.1583708043108747 -0.3444143881212176 
-0.4847938689810249 1.1579227845367648 -0.3437461509462132 
-0.4777100782344238 1.1569248636203568 -0.3423132014289404 
-0.47599973303239307 1.15665295595082 -0.3419458857165859 
-0.4693864179779723 1.1555597349603715 -0.3405130853360424 
-0.46768587930818173 1.155263915506498 -0.34012768119505565 
-0.4617493311845322 1.154144525002651 -0.3387709710854083 
-0.46048109936574383 1.1539011695432084 -0.33847019137293033 
-0.4556324201608062 1.1528904418791248 -0.337312255730176 
-0.4499668472043129 1.151625645771439 -0.33591646793473795 
-0.44662900344059103 1.1508335949896185 -0.3350461684198134 
-0.4439205017647438 1.1501705823343977 -0.33434916905479084 
-0.4418452742520486 1.1496443852963 -0.33379358623942934 
-0.43687945479112467 1.1483432563307516 -0.33244969960846127 
-0.4358477437797148 1.1480594944592748 -0.3321706482276039 
-0.42989450640668425 1.1463704775105594 -0.3304866705671401 
-0.42683032288485323 1.1454643270141907 -0.32959915292903097 
-0.42296971893366275 1.1442728130349247 -0.32844510174215025 
-0.41973210271257255 1.143242003552335 -0.32746015590518573 
-0.4169100240190571 1.1423040124967787 -0.3265979503036678 
-0.4134997547269813 1.1411554055793371 -0.3255137396492015 
-0.4118992274468612 1.1405885924055084 -0.3250148217109353 
-0.4081161304160873 1.1392477202753926 -0.3237763584340486 
-0.4035656429881769 1.1375542961590612 -0.3222621706460821 
-0.40101012912768735 1.1365655067182758 -0.32139050434626737 
-0.3965085337049815 1.1347790736655161 -0.31983952321243736 
-0.3932075592939418 1.1334191838331604 -0.3186611487629353 
-0.3906937020552645 1.1323537348033428 -0.3177610238370733 
-0.38627799736697965 1.1304372473646884 -0.3161201404212327 
-0.38398705518627885 1.1294024790118666 -0.3152685694184132 
-0.37943652965232866 1.127305232604222 -0.3135207614137917 
-0.37586365034840424 1.1255966639234878 -0.3121180930858677 
-0.37250467105727725 1.1239354571322064 -0.31077421646411674 
-0.3689836514065429 1.1221550816018446 -0.3093316048178789 
-0.36677362585609974 1.1210114443808674 -0.30841114439478845 
-0.3643922166756157 1.1197435706871701 -0.30741695882298614 
-0.3609361607498448 1.1178754906750787 -0.30592897913211636 
-0.3558932364350431 1.1150445942897687 -0.30371842336641264 
-0.352869539347444 1.1132847764241134 -0.3023407491313497 
-0.35056459305006926 1.1119141022911743 -0.3013056980857485 
-0.34898230489952753 1.1109660736717704 -0.30055914172630627 
-0.3467069999082334 1.1095617740414858 -0.2995010238119935 
-0.3451345453539396 1.108589221014942 -0.298766987457033 
-0.3451345453539396 1.108589221014942 -0.298766987457033 
-0.34167840506958375 1.10639881810831 -0.29708942449286513 
-0.34167840506958375 1.10639881810831 -0.29708942449286513 
-0.3384300825262501 1.104267062958778 -0.29548787957097644 
-0.33655712690598194 1.1030264863380506 -0.29455799724087395 
-0.33655712690598194 1.1030264863380506 -0.29455799724087395 
-0.3348698039355694 1.1018796719059298 -0.2937038079824562 
-0.3348698039355694 1.1018796719059298 -0.2937038079824562 
-0.331683627922343 1.0996830574394354 -0.29206943694806864 
-0.327050850519419 1.096374971220992 -0.28963424748545863 
-0.3263970109558384 1.0958934829380376 -0.2892823206146038 
-0.32362386590878267 1.0938423779056 -0.28778850057340055 
-0.32297527639470447 1.0933530043771975 -0.2874385733736433 
-0.3192827597671685 1.0905194349077887 -0.28538655410602287 
-0.3192827597671685 1.0905194349077887 -0.28538655410602287 
-0.31481633460196257 1.0878813083066574 -0.2832349967156663 
-0.31437785480390895 1.0866358844618846 -0.2825874982226517 
-0.3125087985104752 1.0850967324019154 -0.2814993284936308 
-0.3095766391564535 1.0826460080049984 -0.27975280045334383 
-0.3078945589213223 1.081212130271574 -0.27873731121266065 
-0.30516854733651266 1.0788421643020387 -0.2770655287317251 
-0.30516854733651266 1.0788421643020387 -0.2770655287317251 
-0.30516854733651266 1.0788421643020387 -0.2770655287317251 
-0.3008407434182096 1.0749670798802418 -0.27435179656099196 
-0.2998125437644693 1.074019549929369 -0.27368711179927285 
-0.2974763002117532 1.0718343312777137 -0.2721751589752899 
-0.29302943530603887 1.0675472239672603 -0.2692027594223112 
-0.29261454739615606 1.067115495920042 -0.2689121194796217 
-0.28993613742334734 1.0644552190930359 -0.2670727351126657 
-0.28993613742334734 1.0644552190930359 -0.2670727351126657 
-0.28661822809582366 1.061030582714066 -0.26474295022795624 
-0.28430992488302076 1.058576296613376 -0.2630748994555775 
-0.2819005008955929 1.0559595243296565 -0.26128922384218245 
-0.27992023290820095 1.0537459776474234 -0.25981081176556153 
-0.27758130609743514 1.0510714114163544 -0.2580147311729497 
-0.2757846384177559 1.048981381102288 -0.25660533510593764 
-0.27387988808302555 1.0467237200007418 -0.25509776997177547 
-0.27113653155690337 1.0433784618595165 -0.2528736560449264 
-0.2708894550810314 1.0430698902619637 -0.25267503750902476 
-0.2688145058120922 1.0404604583649582 -0.2509384496299143 
-0.26736452382405196 1.0386045971083864 -0.24971727620826012 
-0.2672512465172314 1.0384442608902462 -0.2496129121672085 
-0.2672512465172314 1.0384442608902462 -0.2496129121672085 
-0.26523065419520925 1.0357967077087291 -0.24787116642562157 
-0.26523065419520925 1.0357967077087291 -0.24787116642562157 
-0.26523065419520925 1.0357967077087291 -0.24787116642562157 
-0.26255671017161414 1.0321725723875135 -0.2455079236036377 
-0.2621040121897855 1.0315398741001705 -0.2450857238421561 
-0.2599463561140003 1.0285208422390415 -0.24311757892119046 
-0.2589496473308892 1.0270766090970376 -0.24217655151682949 
-0.2589496473308892 1.0270766090970376 -0.24217655151682949 
-0.2589496473308892 1.0270766090970376 -0.24217655151682949 
-0.25773330397964106 1.0253049187363361 -0.2410373593992987 
-0.25773330397964106 1.0253049187363361 -0.2410373593992987 
-0.2554516442469056 1.0219124819740846 -0.2388375293189957 
-0.2530286424751431 1.018152491553854 -0.23641492323069535 
-0.2515838013592965 1.0158491620014292 -0.23493420871779291 
-0.250669409208016 1.0143556640188072 -0.23398710515308863 
-0.2492489009459326 1.0120372707419898 -0.232510553166261 
-0.24719677375522742 1.0085182283569436 -0.2302771614100656 
-0.24719677375522742 1.0085182283569436 -0.2302771614100656 
-0.24527866301938472 1.0051553798783106 -0.22814060625817845 
-0.24461914845650845 1.0039750073610956 -0.2273879106739336 
-0.24214137808443792 0.9993708422412059 -0.22450362426138837 
-0.24187382996975004 0.9988670246715712 -0.22416526359523037 
-0.23923772047433622 0.9937009457761147 -0.2209445330746166 
-0.23786974183751275 0.9909390460082949 -0.21921069173267171 
-0.2374623105883208 0.9900674999789754 -0.2186631765903806 
-0.23534386829710519 0.9855251647974747 -0.21584629461684268 
-0.2348666047606598 0.9844778268794016 -0.21518716314088793 
-0.23392618115942454 0.9823577660489842 -0.21389693441012847 
-0.2330892510464168 0.980423633800373 -0.21268174849770016 
-0.2321849092907215 0.9782984685629891 -0.21137566171336608 
-0.2308672769179244 0.9750960460300577 -0.209413027956882 
-0.2291100891236012 0.9706289558226291 -0.20667135494873667 
-0.22816328801762886 0.9681082905352947 -0.20514273946584483 
-0.22724159726384952 0.9655841329551653 -0.20360556562758314 
-0.22691919748711753 0.9646822630560974 -0.20305332102714324 
-0.22603283922535722 0.9621449265362572 -0.2015169205583578 
-0.2247500766322117 0.95833214974679 -0.19919876870650466 
-0.22421900794379945 0.9566857662171568 -0.19821442789360766 
-0.22381752125002852 0.9554096112415833 -0.19743551794695247 
-0.22318989249244592 0.9533990803124689 -0.19622034727578552 
-0.22199101812949928 0.9493529093143741 -0.19380017520368387 
-0.2214749189710623 0.9475071865048599 -0.19269554546577927 
-0.2206686919928904 0.9445500409179898 -0.1909282862660454 
-0.21999259633257007 0.94195775532991 -0.1893770377367361 
-0.2194758048010249 0.9399129922784474 -0.18816583971911138 
-0.21930269960038418 0.9391720462900656 -0.18771304191849514 
-0.21845789331546217 0.9356301002858106 -0.1856188731187418 
-0.21791786641992306 0.9331994129119732 -0.1841813028750947 
-0.21751799698993768 0.9313263259431683 -0.1830755104739682 
-0.21693313824322946 0.9285165882631599 -0.1814147280814734 
-0.2166392790271594 0.9270082028635105 -0.18053736995331027 
-0.216423735794264 0.9258794685393836 -0.1798741342976382 
-0.21571401789130284 0.9219179011335871 -0.1775559620288788 
-0.2154496976210356 0.9204094121711249 -0.17667250118835265 
-0.2153983203590586 0.9200326518283353 -0.1764439736776927 
