-1.0048734123319791 0.9630083778861009 -0.2446469642133544 
-1.0040560831088146 0.967027814997256 -0.24682378258803872 
-1.0040560831088146 0.967027814997256 -0.24682378258803872 
-1.0037308330737775 0.9685603774424969 -0.2476445484710349 
-1.0036817581029311 0.9687500694620226 -0.2477494030766355 
-1.002558433409312 0.9737180938248504 -0.2504141050630332 
-1.0020530318206995 0.9758202596695393 -0.2515282787258861 
-1.0020530318206995 0.9758202596695393 -0.2515282787258861 
-1.0012798988233182 0.9788678602615833 -0.2531526010344425 
-1.0012798988233182 0.9788678602615833 -0.2531526010344425 
-1.0003780378936855 0.9822881647130656 -0.2549771742997917 
-0.9995467079429224 0.9853289736178382 -0.25658084575763307 
-0.9986650884158628 0.9883576775390523 -0.2581850529759304 
-0.9985084170263637 0.9889290756209885 -0.2584804225153309 
-0.9981624291612675 0.990056172482427 -0.25909118078894344 
-0.9981624291612675 0.990056172482427 -0.25909118078894344 
-0.996988996614208 0.9938307656172568 -0.2610764665930063 
-0.9957037631699088 0.9977884538925151 -0.2631377721298269 
-0.9941794371640822 1.0022851049900483 -0.2655047152371086 
-0.9941794371640822 1.0022851049900483 -0.2655047152371086 
-0.99227666176658 1.0075201620431125 -0.26821079323185903 
-0.9909952994680884 1.0108684653306297 -0.26994233670532053 
-0.9903373694075066 1.0125360990550876 -0.270808116290825 
-0.9886332824009222 1.0167947328322127 -0.2730012975009909 
-0.9886332824009222 1.0167947328322127 -0.2730012975009909 
-0.9860437038668184 1.0228736987591718 -0.2760991097714526 
-0.9852328825193217 1.0246996561390527 -0.2770470355532294 
-0.9852328825193217 1.0246996561390527 -0.2770470355532294 
-0.9839881939876662 1.027447504326294 -0.27842693256816897 
-0.9822809266724052 1.0310809115939064 -0.280284417659707 
-0.9804469135338356 1.0348917834108111 -0.2821993696985078 
-0.9784580379917996 1.0388547668782164 -0.2842004590474221 
-0.9784580379917996 1.0388547668782164 -0.2842004590474221 
-0.9768811688405056 1.041905749398114 -0.2857279799293825 
-0.9768811688405056 1.041905749398114 -0.2857279799293825 
-0.9741953986343892 1.0469012250327545 -0.28821241056316205 
-0.9741953986343892 1.0469012250327545 -0.28821241056316205 
-0.9731149530309862 1.0488555768932022 -0.2891764423398794 
-0.9731149530309862 1.0488555768932022 -0.2891764423398794 
-0.9731149530309862 1.0488555768932022 -0.2891764423398794 
-0.9705039132422544 1.053441767493366 -0.29145656664325537 
-0.9705039132422544 1.053441767493366 -0.29145656664325537 
-0.9681240540148136 1.0574815619867137 -0.2934258883369697 
-0.9656646962372057 1.0614813753144725 -0.2953841701664959 
-0.9643689037686257 1.0635617014156542 -0.29639862491985436 
-0.9620379096540219 1.0671765755020508 -0.29815164305957387 
-0.9620379096540219 1.0671765755020508 -0.29815164305957387 
-0.9597760101050484 1.0706001101218379 -0.29980133587724866 
-0.9597760101050484 1.0706001101218379 -0.29980133587724866 
-0.9572311382090406 1.0743336631417446 -0.3016047106840143 
-0.9572311382090406 1.0743336631417446 -0.3016047106840143 
-0.9542757637048362 1.0785479696086038 -0.30361921052325613 
-0.9536715361493127 1.0793847022423855 -0.30401703773040445 
-0.9536715361493127 1.0793847022423855 -0.30401703773040445 
-0.949506303463713 1.0850384259174577 -0.3067027214985213 
-0.949506303463713 1.0850384259174577 -0.3067027214985213 
-0.9462283627490802 1.0893185610634202 -0.30870120156697245 
-0.9462283627490802 1.0893185610634202 -0.30870120156697245 
-0.9448214928832603 1.091115429873713 -0.3095421049522745 
-0.9391836251288951 1.0980571919641604 -0.3127716293047448 
-0.9363481106472396 1.1013991916854087 -0.31430874639551054 
-0.9343073549167478 1.1037777755472864 -0.3153902969003207 
-0.9311158837607649 1.107378101810721 -0.317039102303475 
-0.9280035202588627 1.110786132085493 -0.31857946917714863 
-0.9280035202588627 1.110786132085493 -0.31857946917714863 
-0.9255668742514016 1.113397034611739 -0.3197531314546861 
-0.9255668742514016 1.113397034611739 -0.3197531314546861 
-0.9200172421200901 1.1191603792151636 -0.3223170934269871 
-0.9189771108283818 1.1202088187685293 -0.32278081827653804 
-0.9143035102613535 1.1248016920754098 -0.32479786200903604 
-0.9143035102613535 1.1248016920754098 -0.32479786200903604 
-0.9089174438615146 1.129899286260153 -0.3270121388250824 
-0.9059387707192114 1.1326222905386294 -0.32818247410937185 
-0.9029357592452978 1.1353192412326498 -0.3293447946298249 
-0.8981133171187893 1.1395145343940425 -0.3311192678699828 
-0.8968097039580809 1.1406213730791375 -0.33157390684435417 
-0.8968097039580809 1.1406213730791375 -0.33157390684435417 
-0.8882139495945626 1.1476777857609384 -0.3344913019358061 
-0.885339434798897 1.1499213055430144 -0.33541167053463194 
-0.8832999465494513 1.1514975399839384 -0.33604267371174856 
-0.8832999465494513 1.1514975399839384 -0.33604267371174856 
-0.8753667483494921 1.1574054168071812 -0.33841478304598305 
-0.8753667483494921 1.1574054168071812 -0.33841478304598305 
-0.8690305804443981 1.1618930581146507 -0.34017214497293435 
-0.8659990561461659 1.1639696618937252 -0.34096746025897107 
-0.8633140680953499 1.1657883059859606 -0.3416578750233443 
-0.8633140680953499 1.1657883059859606 -0.3416578750233443 
-0.8562289286562058 1.1703919812893901 -0.34338484398174585 
-0.8562289286562058 1.1703919812893901 -0.34338484398174585 
-0.8531087364081384 1.1723555781971042 -0.3441151901498668 
-0.8486593871125249 1.1750747660776013 -0.34510275413010116 
-0.8460373104200782 1.1766273368021039 -0.34565659579748254 
-0.8460373104200782 1.1766273368021039 -0.34565659579748254 
-0.8407671553808334 1.1796922901091056 -0.3467326109004235 
-0.8407671553808334 1.1796922901091056 -0.3467326109004235 
-0.8356238516660776 1.1825594392145136 -0.34772422223551 
-0.8356238516660776 1.1825594392145136 -0.34772422223551 
-0.8323677875272405 1.1843393019191835 -0.3483187543762529 
-0.8323677875272405 1.1843393019191835 -0.3483187543762529 
-0.8261726760118545 1.1875864982403557 -0.34939365530670763 
-0.8261726760118545 1.1875864982403557 -0.34939365530670763 
-0.8261726760118545 1.1875864982403557 -0.34939365530670763 
-0.8207003854283662 1.1903427074474944 -0.3502822771473696 
-0.8207003854283662 1.1903427074474944 -0.3502822771473696 
-0.8137908688840048 1.1936729579231584 -0.35131242511455707 
-0.8137908688840048 1.1936729579231584 -0.35131242511455707 
-0.8088109235511324 1.195972207899643 -0.35199792120492 
-0.8054023326135503 1.1974951264615987 -0.3524384406723735 
-0.7989440245392907 1.2002815020121385 -0.35320750929062905 
-0.7944670485639891 1.2021231459290111 -0.3536966227253743 
-0.7944670485639891 1.2021231459290111 -0.3536966227253743 
-0.7944670485639891 1.2021231459290111 -0.3536966227253743 
-0.7879109343139905 1.2047065485654629 -0.3543488463969856 
-0.786472436822072 1.2052594816011055 -0.3544879804902832 
-0.7804794386769581 1.2074807155040856 -0.3550108516580698 
-0.7804794386769581 1.2074807155040856 -0.3550108516580698 
-0.7719413806284781 1.2104614941247942 -0.3556477111553248 
-0.7679598431795281 1.2117811320704326 -0.35588964559661285 
-0.7635397684923412 1.2131814993022538 -0.35615034642478627 
-0.7593156124395563 1.2144745597041688 -0.35635716277664575 
-0.7529494758707995 1.2163224637170873 -0.3566177940711571 
-0.7463399628532319 1.218127340528535 -0.3568184589366967 
-0.7390565331141616 1.2199805050309593 -0.3569694022938533 
-0.7341071487803331 1.2211505352247336 -0.3570216136777652 
-0.7302183021850467 1.2220075354589388 -0.3570371523662845 
-0.7263304788252243 1.2228528106138823 -0.35703266130138256 
-0.7196092947421432 1.224198655504187 -0.35696065324218407 
-0.7163477981650141 1.224802799795251 -0.3569067238167615 
-0.7163477981650141 1.224802799795251 -0.3569067238167615 
-0.706320870685558 1.2264948145192605 -0.3566240152581659 
-0.703918011524467 1.226862506910242 -0.35653634256762745 
-0.6991090229938883 1.2275624051087515 -0.35634637948154624 
-0.6991090229938883 1.2275624051087515 -0.35634637948154624 
-0.6931926344569557 1.2283195247499616 -0.35605075951315823 
-0.6863936531058136 1.2290932296088695 -0.3556425610316337 
-0.6793670775431471 1.2297711316169968 -0.35516784019090164 
-0.6791476138260631 1.2297905216468907 -0.35514602258231476 
-0.6707950421820599 1.2304181134561178 -0.3544665290021356 
-0.6655184336347119 1.230729442010628 -0.3540018627820095 
-0.6593618666578415 1.2309953378104221 -0.3533957579467337 
-0.6551854886319397 1.2311255975476194 -0.3529621318976187 
-0.6518896453126657 1.2311969173769515 -0.3525975934378306 
-0.6439844127019871 1.2312426319285643 -0.35165251644551765 
-0.6426671514603173 1.2312326919752201 -0.35149286962819326 
-0.6369675960097472 1.2311591321176247 -0.35074752251281094 
-0.631494960389722 1.2310020950227707 -0.3499771479747218 
-0.631494960389722 1.2310020950227707 -0.3499771479747218 
-0.6249374765660175 1.2307124820156463 -0.3490180927153299 
-0.6231906640088872 1.230613542336686 -0.34875548305632886 
-0.6166556529017975 1.2301886812581753 -0.3476958069791134 
-0.6112213764078327 1.2297421622885636 -0.34678231053978037 
-0.6058023090058521 1.2292259018410008 -0.3458197315079673 
-0.6051532521052423 1.2291622219677147 -0.3457002256066639 
-0.5982399906494287 1.2283708043108752 -0.34441438812121705 
-0.594793868981025 1.227922784536765 -0.3437461509462132 
-0.587710078234424 1.226924863620357 -0.3423132014289402 
-0.5859997330323932 1.22665295595082 -0.3419458857165858 
-0.5793864179779726 1.2255597349603713 -0.3405130853360422 
-0.5776858793081819 1.2252639155064984 -0.34012768119505554 
-0.5717493311845324 1.224144525002651 -0.3387709710854082 
-0.5704810993657439 1.2239011695432083 -0.3384701913729301 
-0.5656324201608063 1.2228904418791247 -0.337312255730176 
-0.5599668472043131 1.2216256457714394 -0.33591646793473784 
-0.5566290034405913 1.2208335949896187 -0.3350461684198135 
-0.5539205017647444 1.2201705823343976 -0.3343491690547904 
-0.5518452742520489 1.2196443852963004 -0.33379358623942923 
-0.546879454791125 1.218343256330752 -0.33244969960846116 
-0.5458477437797151 1.2180594944592749 -0.3321706482276038 
-0.5398945064066843 1.2163704775105597 -0.3304866705671403 
-0.5368303228848534 1.2154643270141905 -0.32959915292903097 
-0.5329697189336629 1.2142728130349247 -0.32844510174215047 
-0.5297321027125725 1.213242003552335 -0.32746015590518585 
-0.5269100240190574 1.2123040124967788 -0.3265979503036678 
-0.5234997547269817 1.211155405579337 -0.3255137396492014 
-0.5218992274468615 1.2105885924055082 -0.3250148217109353 
-0.5181161304160874 1.2092477202753928 -0.3237763584340485 
-0.5135656429881774 1.207554296159061 -0.32226217064608187 
-0.5110101291276876 1.206565506718276 -0.32139050434626726 
-0.506508533704982 1.2047790736655162 -0.31983952321243747 
-0.503207559293942 1.2034191838331605 -0.3186611487629355 
-0.5006937020552649 1.2023537348033426 -0.31776102383707316 
-0.49627799736698 1.2004372473646885 -0.3161201404212327 
-0.4939870551862793 1.1994024790118667 -0.3152685694184131 
-0.4894365296523291 1.197305232604222 -0.3135207614137915 
-0.48586365034840473 1.1955966639234878 -0.31211809308586747 
-0.4825046710572775 1.193935457132206 -0.31077421646411685 
-0.47898365140654336 1.1921550816018445 -0.3093316048178786 
-0.4767736258561 1.1910114443808675 -0.3084111443947888 
-0.47439221667561604 1.1897435706871702 -0.30741695882298603 
-0.4709361607498451 1.1878754906750786 -0.30592897913211614 
-0.46589323643504343 1.1850445942897685 -0.30371842336641275 
-0.46286953934744435 1.1832847764241134 -0.3023407491313497 
-0.4605645930500693 1.1819141022911743 -0.30130569808574903 
-0.4589823048995277 1.1809660736717704 -0.3005591417263065 
-0.45670699990823366 1.1795617740414859 -0.2995010238119935 
-0.4551345453539399 1.1785892210149418 -0.298766987457033 
-0.4551345453539399 1.1785892210149418 -0.298766987457033 
-0.45167840506958423 1.17639881810831 -0.2970894244928647 
-0.45167840506958423 1.17639881810831 -0.2970894244928647 
-0.4484300825262505 1.174267062958778 -0.2954878795709761 
-0.4465571269059823 1.1730264863380508 -0.2945579972408737 
-0.4465571269059823 1.1730264863380508 -0.2945579972408737 
-0.44486980393556974 1.17187967190593 -0.2937038079824562 
-0.44486980393556974 1.17187967190593 -0.2937038079824562 
-0.44168362792234334 1.1696830574394352 -0.29206943694806853 
-0.4370508505194194 1.166374971220992 -0.2896342474854584 
-0.4363970109558387 1.1658934829380376 -0.2892823206146039 
-0.4336238659087831 1.1638423779056 -0.2877885005734002 
-0.4329752763947048 1.1633530043771974 -0.2874385733736434 
-0.4292827597671689 1.1605194349077887 -0.28538655410602265 
-0.4292827597671689 1.1605194349077887 -0.28538655410602265 
-0.4248163346019629 1.1578813083066575 -0.28323499671566654 
-0.4243778548039091 1.1566358844618847 -0.2825874982226515 
-0.4225087985104755 1.1550967324019155 -0.2814993284936306 
-0.4195766391564539 1.1526460080049985 -0.2797528004533437 
-0.4178945589213225 1.1512121302715739 -0.2787373112126603 
-0.41516854733651276 1.1488421643020388 -0.2770655287317251 
-0.41516854733651276 1.1488421643020388 -0.2770655287317251 
-0.41516854733651276 1.1488421643020388 -0.2770655287317251 
-0.41084074341821 1.1449670798802418 -0.2743517965609916 
-0.40981254376446935 1.1440195499293693 -0.27368711179927296 
-0.40747630021175335 1.1418343312777135 -0.27217515897529 
-0.4030294353060391 1.1375472239672606 -0.2692027594223113 
-0.40261454739615626 1.137115495920042 -0.2689121194796218 
-0.39993613742334777 1.1344552190930357 -0.2670727351126655 
-0.39993613742334777 1.1344552190930357 -0.2670727351126655 
-0.39661822809582387 1.131030582714066 -0.26474295022795635 
-0.39430992488302097 1.128576296613376 -0.2630748994555776 
-0.3919005008955932 1.1259595243296565 -0.2612892238421821 
-0.38992023290820105 1.1237459776474235 -0.2598108117655612 
-0.3875813060974358 1.1210714114163542 -0.2580147311729495 
-0.38578463841775645 1.118981381102288 -0.2566053351059374 
-0.38387988808302587 1.116723720000742 -0.25509776997177513 
-0.38113653155690375 1.1133784618595168 -0.2528736560449263 
-0.3808894550810318 1.113069890261964 -0.25267503750902454 
-0.3788145058120926 1.1104604583649582 -0.25093844962991385 
-0.37736452382405233 1.1086045971083864 -0.24971727620826012 
-0.37725124651723174 1.1084442608902463 -0.24961291216720838 
-0.37725124651723174 1.1084442608902463 -0.24961291216720838 
-0.3752306541952094 1.1057967077087292 -0.2478711664256219 
-0.3752306541952094 1.1057967077087292 -0.2478711664256219 
-0.3752306541952094 1.1057967077087292 -0.2478711664256219 
-0.37255671017161457 1.1021725723875133 -0.24550792360363782 
-0.37210401218978606 1.1015398741001703 -0.24508572384215632 
-0.3699463561140005 1.0985208422390416 -0.24311757892119057 
-0.36894964733088936 1.0970766090970379 -0.24217655151682949 
-0.36894964733088936 1.0970766090970379 -0.24217655151682949 
-0.36894964733088936 1.0970766090970379 -0.24217655151682949 
-0.3677333039796412 1.0953049187363362 -0.24103735939929893 
-0.3677333039796412 1.0953049187363362 -0.24103735939929893 
-0.3654516442469059 1.0919124819740849 -0.23883752931899582 
-0.36302864247514344 1.088152491553854 -0.23641492323069557 
-0.3615838013592969 1.0858491620014292 -0.23493420871779302 
-0.36066940920801627 1.084355664018807 -0.23398710515308863 
-0.359248900945933 1.0820372707419899 -0.2325105531662609 
-0.3571967737552277 1.0785182283569434 -0.2302771614100656 
-0.3571967737552277 1.0785182283569434 -0.2302771614100656 
-0.355278663019385 1.0751553798783104 -0.228140606258178 
-0.3546191484565088 1.0739750073610959 -0.22738791067393316 
-0.3521413780844379 1.069370842241206 -0.22450362426138837 
-0.35187382996975025 1.0688670246715715 -0.2241652635952298 
-0.3492377204743365 1.0637009457761148 -0.2209445330746167 
-0.34786974183751324 1.060939046008295 -0.2192106917326715 
-0.3474623105883211 1.0600674999789754 -0.21866317659038037 
-0.3453438682971056 1.0555251647974748 -0.21584629461684246 
-0.3448666047606597 1.0544778268794017 -0.21518716314088804 
-0.34392618115942464 1.0523577660489845 -0.21389693441012836 
-0.34308925104641685 1.0504236338003732 -0.21268174849770027 
-0.34218490929072154 1.0482984685629895 -0.2113756617133662 
-0.3408672769179244 1.0450960460300578 -0.20941302795688188 
-0.3391100891236016 1.0406289558226292 -0.20667135494873667 
-0.3381632880176293 1.038108290535295 -0.20514273946584438 
-0.3372415972638496 1.0355841329551654 -0.20360556562758347 
-0.33691919748711746 1.0346822630560977 -0.20305332102714324 
-0.3360328392253571 1.0321449265362574 -0.20151692055835801 
-0.3347500766322119 1.0283321497467903 -0.19919876870650466 
-0.3342190079437993 1.026685766217157 -0.1982144278936081 
-0.3338175212500287 1.0254096112415834 -0.1974355179469527 
-0.33318989249244635 1.023399080312469 -0.19622034727578552 
-0.33199101812949944 1.0193529093143743 -0.19380017520368387 
-0.3314749189710625 1.01750718650486 -0.19269554546577894 
-0.3306686919928905 1.0145500409179897 -0.1909282862660454 
-0.3299925963325703 1.0119577553299102 -0.18937703773673575 
-0.329475804801025 1.0099129922784476 -0.1881658397191116 
-0.3293026996003846 1.0091720462900655 -0.18771304191849503 
-0.32845789331546227 1.0056301002858108 -0.1856188731187418 
-0.32791786641992304 1.0031994129119732 -0.18418130287509504 
-0.32751799698993783 1.0013263259431686 -0.1830755104739682 
-0.32693313824322967 0.9985165882631599 -0.1814147280814733 
-0.3266392790271595 0.9970082028635104 -0.18053736995331027 
-0.32642373579426426 0.9958794685393839 -0.17987413429763832 
-0.32571401789130294 0.991917901133587 -0.1775559620288788 
-0.32544969762103604 0.9904094121711249 -0.17667250118835254 
-0.3253983203590587 0.9900326518283356 -0.1764439736776925 
