-0.9498734123319793 0.9630083778861014 -0.24464696421335397 
-0.9490560831088145 0.9670278149972559 -0.24682378258803883 
-0.9490560831088145 0.9670278149972559 -0.24682378258803883 
-0.9487308330737775 0.9685603774424969 -0.2476445484710349 
-0.948681758102931 0.9687500694620226 -0.24774940307663584 
-0.9475584334093121 0.9737180938248504 -0.2504141050630332 
-0.9470530318206994 0.9758202596695393 -0.251528278725886 
-0.9470530318206994 0.9758202596695393 -0.251528278725886 
-0.9462798988233176 0.9788678602615832 -0.2531526010344428 
-0.9462798988233176 0.9788678602615832 -0.2531526010344428 
-0.9453780378936856 0.9822881647130655 -0.25497717429979205 
-0.9445467079429222 0.9853289736178382 -0.25658084575763296 
-0.9436650884158624 0.9883576775390523 -0.25818505297593053 
-0.9435084170263636 0.9889290756209886 -0.25848042251533077 
-0.9431624291612675 0.9900561724824272 -0.2590911807889432 
-0.9431624291612675 0.9900561724824272 -0.2590911807889432 
-0.941988996614208 0.9938307656172569 -0.2610764665930063 
-0.9407037631699087 0.9977884538925152 -0.2631377721298269 
-0.939179437164082 1.0022851049900483 -0.2655047152371085 
-0.939179437164082 1.0022851049900483 -0.2655047152371085 
-0.9372766617665801 1.0075201620431125 -0.26821079323185915 
-0.9359952994680882 1.01086846533063 -0.2699423367053204 
-0.9353373694075064 1.0125360990550873 -0.27080811629082524 
-0.9336332824009219 1.0167947328322127 -0.273001297500991 
-0.9336332824009219 1.0167947328322127 -0.273001297500991 
-0.9310437038668185 1.0228736987591718 -0.2760991097714528 
-0.9302328825193217 1.0246996561390527 -0.27704703555322974 
-0.9302328825193217 1.0246996561390527 -0.27704703555322974 
-0.9289881939876661 1.0274475043262938 -0.2784269325681693 
-0.9272809266724049 1.0310809115939064 -0.28028441765970724 
-0.9254469135338355 1.0348917834108113 -0.2821993696985079 
-0.9234580379917994 1.0388547668782164 -0.2842004590474223 
-0.9234580379917994 1.0388547668782164 -0.2842004590474223 
-0.9218811688405054 1.041905749398114 -0.2857279799293826 
-0.9218811688405054 1.041905749398114 -0.2857279799293826 
-0.9191953986343893 1.0469012250327545 -0.28821241056316194 
-0.9191953986343893 1.0469012250327545 -0.28821241056316194 
-0.918114953030986 1.0488555768932022 -0.2891764423398796 
-0.918114953030986 1.0488555768932022 -0.2891764423398796 
-0.918114953030986 1.0488555768932022 -0.2891764423398796 
-0.9155039132422544 1.053441767493366 -0.2914565666432556 
-0.9155039132422544 1.053441767493366 -0.2914565666432556 
-0.9131240540148133 1.057481561986714 -0.2934258883369696 
-0.9106646962372058 1.0614813753144725 -0.2953841701664959 
-0.9093689037686257 1.063561701415654 -0.29639862491985425 
-0.907037909654022 1.0671765755020508 -0.298151643059574 
-0.907037909654022 1.0671765755020508 -0.298151643059574 
-0.9047760101050483 1.0706001101218379 -0.2998013358772488 
-0.9047760101050483 1.0706001101218379 -0.2998013358772488 
-0.9022311382090407 1.0743336631417446 -0.3016047106840142 
-0.9022311382090407 1.0743336631417446 -0.3016047106840142 
-0.8992757637048363 1.0785479696086038 -0.3036192105232566 
-0.8986715361493126 1.0793847022423855 -0.3040170377304042 
-0.8986715361493126 1.0793847022423855 -0.3040170377304042 
-0.8945063034637132 1.0850384259174577 -0.3067027214985214 
-0.8945063034637132 1.0850384259174577 -0.3067027214985214 
-0.8912283627490802 1.0893185610634204 -0.3087012015669722 
-0.8912283627490802 1.0893185610634204 -0.3087012015669722 
-0.8898214928832604 1.0911154298737131 -0.3095421049522744 
-0.8841836251288954 1.0980571919641606 -0.31277162930474467 
-0.8813481106472396 1.101399191685409 -0.3143087463955103 
-0.8793073549167477 1.1037777755472866 -0.3153902969003207 
-0.8761158837607652 1.1073781018107214 -0.317039102303475 
-0.8730035202588627 1.1107861320854933 -0.3185794691771485 
-0.8730035202588627 1.1107861320854933 -0.3185794691771485 
-0.8705668742514017 1.1133970346117392 -0.3197531314546863 
-0.8705668742514017 1.1133970346117392 -0.3197531314546863 
-0.8650172421200901 1.1191603792151639 -0.3223170934269871 
-0.8639771108283816 1.120208818768529 -0.32278081827653804 
-0.8593035102613533 1.1248016920754098 -0.32479786200903593 
-0.8593035102613533 1.1248016920754098 -0.32479786200903593 
-0.8539174438615145 1.1298992862601531 -0.3270121388250824 
-0.8509387707192112 1.1326222905386292 -0.32818247410937196 
-0.8479357592452978 1.1353192412326498 -0.329344794629825 
-0.8431133171187891 1.1395145343940425 -0.3311192678699826 
-0.8418097039580812 1.1406213730791375 -0.33157390684435384 
-0.8418097039580812 1.1406213730791375 -0.33157390684435384 
-0.8332139495945625 1.1476777857609384 -0.3344913019358061 
-0.8303394347988968 1.1499213055430144 -0.33541167053463206 
-0.8282999465494513 1.1514975399839384 -0.33604267371174856 
-0.8282999465494513 1.1514975399839384 -0.33604267371174856 
-0.8203667483494922 1.1574054168071812 -0.3384147830459835 
-0.8203667483494922 1.1574054168071812 -0.3384147830459835 
-0.8140305804443981 1.161893058114651 -0.34017214497293446 
-0.8109990561461657 1.163969661893725 -0.34096746025897107 
-0.8083140680953497 1.1657883059859606 -0.3416578750233439 
-0.8083140680953497 1.1657883059859606 -0.3416578750233439 
-0.8012289286562057 1.17039198128939 -0.34338484398174574 
-0.8012289286562057 1.17039198128939 -0.34338484398174574 
-0.7981087364081384 1.1723555781971042 -0.344115190149867 
-0.7936593871125249 1.1750747660776013 -0.34510275413010116 
-0.7910373104200782 1.176627336802104 -0.3456565957974824 
-0.7910373104200782 1.176627336802104 -0.3456565957974824 
-0.7857671553808335 1.179692290109106 -0.3467326109004235 
-0.7857671553808335 1.179692290109106 -0.3467326109004235 
-0.7806238516660773 1.1825594392145133 -0.3477242222355098 
-0.7806238516660773 1.1825594392145133 -0.3477242222355098 
-0.7773677875272406 1.1843393019191837 -0.3483187543762529 
-0.7773677875272406 1.1843393019191837 -0.3483187543762529 
-0.7711726760118544 1.187586498240356 -0.3493936553067074 
-0.7711726760118544 1.187586498240356 -0.3493936553067074 
-0.7711726760118544 1.187586498240356 -0.3493936553067074 
-0.7657003854283662 1.1903427074474944 -0.35028227714736937 
-0.7657003854283662 1.1903427074474944 -0.35028227714736937 
-0.7587908688840047 1.1936729579231586 -0.3513124251145565 
-0.7587908688840047 1.1936729579231586 -0.3513124251145565 
-0.7538109235511324 1.195972207899643 -0.3519979212049198 
-0.7504023326135502 1.1974951264615987 -0.35243844067237373 
-0.7439440245392909 1.200281502012139 -0.35320750929062894 
-0.7394670485639891 1.2021231459290111 -0.35369662272537405 
-0.7394670485639891 1.2021231459290111 -0.35369662272537405 
-0.7394670485639891 1.2021231459290111 -0.35369662272537405 
-0.7329109343139902 1.2047065485654627 -0.3543488463969857 
-0.7314724368220722 1.2052594816011057 -0.3544879804902832 
-0.7254794386769582 1.2074807155040856 -0.35501085165807 
-0.7254794386769582 1.2074807155040856 -0.35501085165807 
-0.7169413806284779 1.2104614941247942 -0.3556477111553251 
-0.7129598431795281 1.2117811320704326 -0.35588964559661285 
-0.7085397684923412 1.213181499302254 -0.35615034642478627 
-0.704315612439556 1.2144745597041688 -0.35635716277664564 
-0.6979494758707994 1.2163224637170873 -0.35661779407115723 
-0.6913399628532317 1.2181273405285349 -0.3568184589366965 
-0.6840565331141617 1.2199805050309593 -0.35696940229385343 
-0.6791071487803331 1.2211505352247336 -0.3570216136777655 
-0.6752183021850466 1.2220075354589388 -0.35703715236628464 
-0.6713304788252241 1.222852810613882 -0.35703266130138267 
-0.6646092947421434 1.2241986555041873 -0.3569606532421844 
-0.661347798165014 1.224802799795251 -0.35690672381676203 
-0.661347798165014 1.224802799795251 -0.35690672381676203 
-0.6513208706855582 1.226494814519261 -0.356624015258166 
-0.648918011524467 1.2268625069102421 -0.356536342567627 
-0.6441090229938884 1.2275624051087517 -0.35634637948154657 
-0.6441090229938884 1.2275624051087517 -0.35634637948154657 
-0.6381926344569557 1.2283195247499619 -0.35605075951315845 
-0.6313936531058136 1.2290932296088695 -0.35564256103163405 
-0.6243670775431469 1.2297711316169968 -0.3551678401909013 
-0.6241476138260631 1.229790521646891 -0.3551460225823143 
-0.6157950421820598 1.2304181134561178 -0.35446652900213527 
-0.6105184336347118 1.230729442010628 -0.3540018627820096 
-0.6043618666578414 1.2309953378104221 -0.3533957579467334 
-0.6001854886319395 1.2311255975476192 -0.3529621318976187 
-0.5968896453126656 1.2311969173769517 -0.3525975934378306 
-0.588984412701987 1.2312426319285643 -0.35165251644551765 
-0.5876671514603171 1.2312326919752203 -0.3514928696281936 
-0.581967596009747 1.231159132117625 -0.3507475225128114 
-0.576494960389722 1.231002095022771 -0.3499771479747217 
-0.576494960389722 1.231002095022771 -0.3499771479747217 
-0.5699374765660173 1.2307124820156463 -0.3490180927153298 
-0.5681906640088872 1.230613542336686 -0.34875548305632853 
-0.5616556529017973 1.230188681258175 -0.3476958069791135 
-0.5562213764078326 1.2297421622885634 -0.34678231053978004 
-0.550802309005852 1.2292259018410008 -0.34581973150796685 
-0.5501532521052422 1.2291622219677147 -0.3457002256066638 
-0.5432399906494285 1.2283708043108748 -0.3444143881212175 
-0.5397938689810249 1.227922784536765 -0.3437461509462134 
-0.5327100782344238 1.2269248636203571 -0.3423132014289402 
-0.5309997330323931 1.2266529559508204 -0.34194588571658613 
-0.5243864179779724 1.2255597349603715 -0.3405130853360423 
-0.5226858793081819 1.2252639155064982 -0.34012768119505576 
-0.5167493311845324 1.2241445250026508 -0.3387709710854081 
-0.5154810993657439 1.2239011695432085 -0.3384701913729302 
-0.5106324201608062 1.2228904418791247 -0.33731225573017587 
-0.504966847204313 1.2216256457714394 -0.33591646793473795 
-0.501629003440591 1.2208335949896185 -0.3350461684198135 
-0.4989205017647441 1.2201705823343978 -0.3343491690547905 
-0.4968452742520486 1.2196443852963004 -0.3337935862394298 
-0.49187945479112477 1.2183432563307517 -0.33244969960846105 
-0.4908477437797149 1.2180594944592749 -0.3321706482276041 
-0.4848945064066844 1.2163704775105595 -0.3304866705671402 
-0.4818303228848533 1.215464327014191 -0.3295991529290313 
-0.4779697189336628 1.2142728130349245 -0.3284451017421506 
-0.4747321027125726 1.213242003552335 -0.3274601559051856 
-0.47191002401905724 1.2123040124967788 -0.32659795030366745 
-0.4684997547269815 1.2111554055793372 -0.3255137396492014 
-0.4668992274468614 1.2105885924055084 -0.3250148217109353 
-0.4631161304160874 1.2092477202753926 -0.3237763584340485 
-0.4585656429881771 1.207554296159061 -0.32226217064608187 
-0.45601012912768746 1.2065655067182761 -0.3213905043462669 
-0.45150853370498156 1.2047790736655162 -0.31983952321243736 
-0.44820755929394196 1.2034191838331607 -0.3186611487629357 
-0.44569370205526454 1.2023537348033426 -0.31776102383707305 
-0.44127799736697976 1.2004372473646887 -0.3161201404212327 
-0.4389870551862791 1.1994024790118667 -0.3152685694184131 
-0.4344365296523287 1.1973052326042222 -0.3135207614137917 
-0.4308636503484044 1.195596663923488 -0.3121180930858676 
-0.42750467105727735 1.1939354571322065 -0.31077421646411674 
-0.42398365140654304 1.192155081601845 -0.3093316048178786 
-0.42177362585609973 1.1910114443808677 -0.30841114439478867 
-0.4193922166756159 1.1897435706871702 -0.30741695882298603 
-0.4159361607498451 1.1878754906750788 -0.30592897913211603 
-0.41089323643504366 1.1850445942897685 -0.3037184233664124 
-0.4078695393474443 1.1832847764241134 -0.30234074913134956 
-0.4055645930500695 1.1819141022911746 -0.3013056980857486 
-0.4039823048995276 1.1809660736717704 -0.3005591417263067 
-0.40170699990823366 1.1795617740414859 -0.2995010238119935 
-0.4001345453539398 1.1785892210149418 -0.2987669874570331 
-0.4001345453539398 1.1785892210149418 -0.2987669874570331 
-0.39667840506958396 1.1763988181083103 -0.2970894244928649 
-0.39667840506958396 1.1763988181083103 -0.2970894244928649 
-0.39343008252625045 1.174267062958778 -0.2954878795709762 
-0.39155712690598193 1.1730264863380508 -0.2945579972408744 
-0.39155712690598193 1.1730264863380508 -0.2945579972408744 
-0.3898698039355696 1.17187967190593 -0.2937038079824562 
-0.3898698039355696 1.17187967190593 -0.2937038079824562 
-0.3866836279223433 1.169683057439435 -0.29206943694806875 
-0.38205085051941945 1.166374971220992 -0.2896342474854582 
-0.38139701095583867 1.1658934829380376 -0.2892823206146037 
-0.378623865908783 1.1638423779056 -0.28778850057340066 
-0.3779752763947048 1.1633530043771974 -0.2874385733736432 
-0.3742827597671686 1.160519434907789 -0.28538655410602287 
-0.3742827597671686 1.160519434907789 -0.28538655410602287 
-0.36981633460196284 1.1578813083066575 -0.28323499671566654 
-0.3693778548039094 1.1566358844618847 -0.2825874982226516 
-0.3675087985104755 1.1550967324019155 -0.2814993284936306 
-0.36457663915645394 1.1526460080049985 -0.2797528004533436 
-0.3628945589213226 1.151212130271574 -0.2787373112126602 
-0.3601685473365131 1.1488421643020383 -0.27706552873172496 
-0.3601685473365131 1.1488421643020383 -0.27706552873172496 
-0.3601685473365131 1.1488421643020383 -0.27706552873172496 
-0.35584074341821004 1.1449670798802418 -0.27435179656099173 
-0.3548125437644694 1.1440195499293695 -0.27368711179927274 
-0.3524763002117533 1.141834331277714 -0.27217515897528977 
-0.34802943530603886 1.1375472239672606 -0.2692027594223114 
-0.34761454739615627 1.137115495920042 -0.2689121194796218 
-0.3449361374233476 1.134455219093036 -0.2670727351126654 
-0.3449361374233476 1.134455219093036 -0.2670727351126654 
-0.3416182280958239 1.131030582714066 -0.26474295022795613 
-0.3393099248830212 1.1285762966133759 -0.26307489945557716 
-0.33690050089559315 1.1259595243296565 -0.26128922384218256 
-0.3349202329082009 1.1237459776474235 -0.25981081176556187 
-0.3325813060974355 1.1210714114163545 -0.25801473117294926 
-0.3307846384177565 1.118981381102288 -0.2566053351059375 
-0.3288798880830259 1.116723720000742 -0.25509776997177513 
-0.32613653155690364 1.1133784618595166 -0.25287365604492607 
-0.32588945508103173 1.113069890261964 -0.25267503750902465 
-0.3238145058120926 1.1104604583649584 -0.25093844962991385 
-0.32236452382405234 1.1086045971083862 -0.24971727620826 
-0.3222512465172318 1.1084442608902463 -0.24961291216720793 
-0.3222512465172318 1.1084442608902463 -0.24961291216720793 
-0.32023065419520935 1.105796707708729 -0.247871166425622 
-0.32023065419520935 1.105796707708729 -0.247871166425622 
-0.32023065419520935 1.105796707708729 -0.247871166425622 
-0.31755671017161424 1.1021725723875135 -0.24550792360363805 
-0.31710401218978596 1.1015398741001707 -0.245085723842156 
-0.31494635611400057 1.0985208422390418 -0.24311757892119024 
-0.31394964733088937 1.0970766090970376 -0.24217655151682949 
-0.31394964733088937 1.0970766090970376 -0.24217655151682949 
-0.31394964733088937 1.0970766090970376 -0.24217655151682949 
-0.31273330397964094 1.0953049187363362 -0.24103735939929882 
-0.31273330397964094 1.0953049187363362 -0.24103735939929882 
-0.31045164424690613 1.0919124819740849 -0.2388375293189956 
-0.3080286424751432 1.088152491553854 -0.23641492323069524 
-0.30658380135929675 1.0858491620014292 -0.23493420871779302 
-0.305669409208016 1.084355664018807 -0.23398710515308874 
-0.3042489009459328 1.08203727074199 -0.2325105531662608 
-0.3021967737552279 1.0785182283569434 -0.23027716141006538 
-0.3021967737552279 1.0785182283569434 -0.23027716141006538 
-0.3002786630193849 1.0751553798783107 -0.228140606258178 
-0.29961914845650883 1.0739750073610959 -0.22738791067393327 
-0.2971413780844379 1.069370842241206 -0.22450362426138837 
-0.29687382996975 1.0688670246715715 -0.22416526359523015 
-0.2942377204743364 1.0637009457761148 -0.22094453307461648 
-0.29286974183751324 1.0609390460082948 -0.2192106917326715 
-0.2924623105883213 1.0600674999789754 -0.21866317659038037 
-0.29034386829710523 1.0555251647974748 -0.21584629461684246 
-0.2898666047606598 1.0544778268794017 -0.21518716314088826 
-0.2889261811594249 1.0523577660489845 -0.21389693441012836 
-0.2880892510464169 1.0504236338003734 -0.21268174849769994 
-0.2871849092907217 1.0482984685629892 -0.2113756617133663 
-0.2858672769179246 1.0450960460300578 -0.20941302795688188 
-0.2841100891236016 1.0406289558226292 -0.20667135494873656 
-0.2831632880176294 1.0381082905352947 -0.2051427394658445 
-0.2822415972638497 1.0355841329551656 -0.20360556562758336 
-0.2819191974871176 1.0346822630560977 -0.20305332102714313 
-0.28103283922535716 1.0321449265362574 -0.20151692055835801 
-0.27975007663221163 1.0283321497467905 -0.19919876870650466 
-0.2792190079437996 1.026685766217157 -0.19821442789360777 
-0.27881752125002845 1.0254096112415836 -0.1974355179469528 
-0.2781898924924463 1.023399080312469 -0.1962203472757854 
-0.27699101812949967 1.0193529093143745 -0.1938001752036841 
-0.27647491897106236 1.0175071865048602 -0.19269554546577905 
-0.27566869199289057 1.01455004091799 -0.19092828626604552 
-0.27499259633257034 1.0119577553299102 -0.1893770377367361 
-0.274475804801025 1.0099129922784476 -0.18816583971911172 
-0.27430269960038456 1.0091720462900657 -0.18771304191849525 
-0.27345789331546244 1.005630100285811 -0.18561887311874192 
-0.2729178664199233 1.0031994129119735 -0.18418130287509493 
-0.2725179969899376 1.0013263259431686 -0.18307551047396797 
-0.2719331382432295 0.99851658826316 -0.18141472808147352 
-0.27163927902715945 0.9970082028635106 -0.1805373699533105 
-0.2714237357942642 0.9958794685393839 -0.17987413429763832 
-0.2707140178913029 0.9919179011335872 -0.17755596202887858 
-0.27044969762103577 0.9904094121711251 -0.17667250118835276 
-0.27039832035905886 0.9900326518283356 -0.1764439736776925 
