-0.894873412331979 0.963008377886101 -0.2446469642133544 
-0.8940560831088142 0.9670278149972558 -0.24682378258803872 
-0.8940560831088142 0.9670278149972558 -0.24682378258803872 
-0.8937308330737773 0.9685603774424967 -0.24764454847103523 
-0.8936817581029306 0.9687500694620226 -0.24774940307663562 
-0.892558433409312 0.9737180938248504 -0.25041410506303297 
-0.8920530318206992 0.9758202596695392 -0.25152827872588623 
-0.8920530318206992 0.9758202596695392 -0.25152827872588623 
-0.8912798988233175 0.9788678602615833 -0.2531526010344427 
-0.8912798988233175 0.9788678602615833 -0.2531526010344427 
-0.8903780378936853 0.9822881647130656 -0.2549771742997917 
-0.8895467079429221 0.9853289736178382 -0.25658084575763307 
-0.8886650884158622 0.9883576775390522 -0.25818505297593075 
-0.8885084170263634 0.9889290756209885 -0.25848042251533077 
-0.8881624291612672 0.990056172482427 -0.25909118078894344 
-0.8881624291612672 0.990056172482427 -0.25909118078894344 
-0.8869889966142077 0.9938307656172567 -0.2610764665930062 
-0.8857037631699084 0.9977884538925151 -0.26313777212982703 
-0.8841794371640818 1.002285104990048 -0.26550471523710883 
-0.8841794371640818 1.002285104990048 -0.26550471523710883 
-0.8822766617665798 1.0075201620431125 -0.26821079323185915 
-0.8809952994680881 1.0108684653306297 -0.26994233670532064 
-0.8803373694075063 1.0125360990550873 -0.27080811629082546 
-0.8786332824009218 1.0167947328322127 -0.273001297500991 
-0.8786332824009218 1.0167947328322127 -0.273001297500991 
-0.8760437038668184 1.0228736987591716 -0.2760991097714526 
-0.8752328825193214 1.0246996561390527 -0.2770470355532296 
-0.8752328825193214 1.0246996561390527 -0.2770470355532296 
-0.8739881939876658 1.0274475043262938 -0.2784269325681692 
-0.8722809266724051 1.0310809115939064 -0.28028441765970735 
-0.8704469135338353 1.0348917834108111 -0.28219936969850834 
-0.8684580379917992 1.0388547668782164 -0.2842004590474223 
-0.8684580379917992 1.0388547668782164 -0.2842004590474223 
-0.8668811688405054 1.041905749398114 -0.2857279799293826 
-0.8668811688405054 1.041905749398114 -0.2857279799293826 
-0.8641953986343891 1.0469012250327545 -0.28821241056316194 
-0.8641953986343891 1.0469012250327545 -0.28821241056316194 
-0.863114953030986 1.048855576893202 -0.2891764423398798 
-0.863114953030986 1.048855576893202 -0.2891764423398798 
-0.863114953030986 1.048855576893202 -0.2891764423398798 
-0.8605039132422544 1.053441767493366 -0.2914565666432559 
-0.8605039132422544 1.053441767493366 -0.2914565666432559 
-0.8581240540148134 1.0574815619867137 -0.2934258883369699 
-0.8556646962372054 1.0614813753144723 -0.2953841701664961 
-0.8543689037686256 1.0635617014156544 -0.29639862491985414 
-0.8520379096540217 1.0671765755020508 -0.29815164305957387 
-0.8520379096540217 1.0671765755020508 -0.29815164305957387 
-0.8497760101050483 1.0706001101218376 -0.2998013358772489 
-0.8497760101050483 1.0706001101218376 -0.2998013358772489 
-0.8472311382090406 1.0743336631417446 -0.3016047106840144 
-0.8472311382090406 1.0743336631417446 -0.3016047106840144 
-0.844275763704836 1.0785479696086038 -0.30361921052325624 
-0.8436715361493128 1.0793847022423853 -0.30401703773040434 
-0.8436715361493128 1.0793847022423853 -0.30401703773040434 
-0.8395063034637129 1.0850384259174575 -0.3067027214985214 
-0.8395063034637129 1.0850384259174575 -0.3067027214985214 
-0.83622836274908 1.0893185610634202 -0.30870120156697245 
-0.83622836274908 1.0893185610634202 -0.30870120156697245 
-0.8348214928832601 1.091115429873713 -0.3095421049522744 
-0.8291836251288953 1.0980571919641604 -0.312771629304745 
-0.8263481106472396 1.101399191685409 -0.31430874639551065 
-0.8243073549167477 1.1037777755472866 -0.3153902969003206 
-0.8211158837607648 1.107378101810721 -0.3170391023034751 
-0.8180035202588626 1.110786132085493 -0.31857946917714874 
-0.8180035202588626 1.110786132085493 -0.31857946917714874 
-0.8155668742514015 1.113397034611739 -0.31975313145468665 
-0.8155668742514015 1.113397034611739 -0.31975313145468665 
-0.81001724212009 1.1191603792151639 -0.322317093426987 
-0.8089771108283816 1.1202088187685293 -0.32278081827653804 
-0.804303510261353 1.1248016920754098 -0.32479786200903593 
-0.804303510261353 1.1248016920754098 -0.32479786200903593 
-0.7989174438615145 1.1298992862601531 -0.3270121388250825 
-0.7959387707192112 1.1326222905386292 -0.32818247410937196 
-0.7929357592452977 1.1353192412326498 -0.329344794629825 
-0.7881133171187893 1.139514534394043 -0.3311192678699827 
-0.7868097039580809 1.1406213730791375 -0.33157390684435417 
-0.7868097039580809 1.1406213730791375 -0.33157390684435417 
-0.7782139495945625 1.1476777857609382 -0.33449130193580623 
-0.7753394347988968 1.1499213055430144 -0.33541167053463194 
-0.7732999465494511 1.1514975399839384 -0.33604267371174845 
-0.7732999465494511 1.1514975399839384 -0.33604267371174845 
-0.7653667483494921 1.1574054168071812 -0.3384147830459834 
-0.7653667483494921 1.1574054168071812 -0.3384147830459834 
-0.7590305804443982 1.1618930581146512 -0.3401721449729346 
-0.7559990561461656 1.163969661893725 -0.3409674602589713 
-0.7533140680953497 1.1657883059859606 -0.3416578750233441 
-0.7533140680953497 1.1657883059859606 -0.3416578750233441 
-0.7462289286562055 1.17039198128939 -0.34338484398174596 
-0.7462289286562055 1.17039198128939 -0.34338484398174596 
-0.7431087364081382 1.172355578197104 -0.344115190149867 
-0.7386593871125247 1.1750747660776013 -0.3451027541301007 
-0.7360373104200781 1.176627336802104 -0.34565659579748254 
-0.7360373104200781 1.176627336802104 -0.34565659579748254 
-0.7307671553808334 1.1796922901091058 -0.3467326109004234 
-0.7307671553808334 1.1796922901091058 -0.3467326109004234 
-0.7256238516660773 1.1825594392145131 -0.3477242222355099 
-0.7256238516660773 1.1825594392145131 -0.3477242222355099 
-0.7223677875272404 1.1843393019191832 -0.3483187543762529 
-0.7223677875272404 1.1843393019191832 -0.3483187543762529 
-0.7161726760118544 1.187586498240356 -0.3493936553067075 
-0.7161726760118544 1.187586498240356 -0.3493936553067075 
-0.7161726760118544 1.187586498240356 -0.3493936553067075 
-0.7107003854283661 1.1903427074474944 -0.3502822771473697 
-0.7107003854283661 1.1903427074474944 -0.3502822771473697 
-0.7037908688840046 1.1936729579231582 -0.35131242511455674 
-0.7037908688840046 1.1936729579231582 -0.35131242511455674 
-0.6988109235511323 1.195972207899643 -0.35199792120492013 
-0.6954023326135499 1.1974951264615985 -0.3524384406723736 
-0.6889440245392907 1.2002815020121387 -0.35320750929062883 
-0.6844670485639889 1.2021231459290111 -0.35369662272537383 
-0.6844670485639889 1.2021231459290111 -0.35369662272537383 
-0.6844670485639889 1.2021231459290111 -0.35369662272537383 
-0.6779109343139904 1.2047065485654629 -0.3543488463969856 
-0.6764724368220721 1.2052594816011057 -0.3544879804902833 
-0.6704794386769581 1.2074807155040859 -0.3550108516580698 
-0.6704794386769581 1.2074807155040859 -0.3550108516580698 
-0.661941380628478 1.2104614941247942 -0.35564771115532523 
-0.6579598431795282 1.2117811320704328 -0.35588964559661296 
-0.6535397684923411 1.2131814993022538 -0.35615034642478627 
-0.6493156124395558 1.2144745597041688 -0.35635716277664564 
-0.6429494758707994 1.2163224637170873 -0.35661779407115723 
-0.6363399628532316 1.2181273405285349 -0.35681845893669695 
-0.6290565331141617 1.2199805050309593 -0.35696940229385343 
-0.6241071487803331 1.2211505352247336 -0.3570216136777655 
-0.6202183021850467 1.2220075354589388 -0.35703715236628464 
-0.6163304788252242 1.2228528106138818 -0.357032661301383 
-0.6096092947421432 1.2241986555041873 -0.3569606532421842 
-0.606347798165014 1.224802799795251 -0.3569067238167617 
-0.606347798165014 1.224802799795251 -0.3569067238167617 
-0.5963208706855581 1.2264948145192607 -0.356624015258166 
-0.5939180115244671 1.2268625069102423 -0.35653634256762745 
-0.589109022993888 1.2275624051087515 -0.35634637948154646 
-0.589109022993888 1.2275624051087515 -0.35634637948154646 
-0.5831926344569558 1.2283195247499619 -0.35605075951315857 
-0.5763936531058136 1.2290932296088695 -0.35564256103163405 
-0.5693670775431469 1.2297711316169966 -0.3551678401909013 
-0.5691476138260629 1.2297905216468907 -0.35514602258231476 
-0.5607950421820598 1.2304181134561178 -0.35446652900213527 
-0.5555184336347119 1.2307294420106278 -0.35400186278200974 
-0.5493618666578413 1.2309953378104217 -0.35339575794673317 
-0.5451854886319396 1.2311255975476192 -0.3529621318976185 
-0.5418896453126656 1.2311969173769517 -0.3525975934378306 
-0.533984412701987 1.231242631928564 -0.35165251644551765 
-0.5326671514603172 1.2312326919752201 -0.35149286962819326 
-0.5269675960097471 1.2311591321176247 -0.3507475225128115 
-0.5214949603897219 1.2310020950227711 -0.34997714797472157 
-0.5214949603897219 1.2310020950227711 -0.34997714797472157 
-0.5149374765660173 1.2307124820156463 -0.3490180927153297 
-0.513190664008887 1.2306135423366857 -0.34875548305632886 
-0.5066556529017973 1.2301886812581753 -0.34769580697911373 
-0.5012213764078326 1.2297421622885634 -0.34678231053978037 
-0.49580230900585204 1.2292259018410008 -0.3458197315079672 
-0.49515325210524225 1.2291622219677147 -0.3457002256066637 
-0.4882399906494283 1.228370804310875 -0.3444143881212176 
-0.48479386898102494 1.2279227845367648 -0.3437461509462135 
-0.47771007823442385 1.226924863620357 -0.3423132014289402 
-0.47599973303239307 1.22665295595082 -0.3419458857165858 
-0.4693864179779724 1.2255597349603713 -0.3405130853360423 
-0.46768587930818184 1.2252639155064982 -0.34012768119505576 
-0.4617493311845323 1.224144525002651 -0.3387709710854082 
-0.4604810993657438 1.2239011695432085 -0.33847019137293033 
-0.4556324201608061 1.2228904418791249 -0.3373122557301762 
-0.44996684720431296 1.2216256457714392 -0.33591646793473795 
-0.4466290034405911 1.220833594989618 -0.3350461684198134 
-0.44392050176474407 1.2201705823343976 -0.33434916905479073 
-0.4418452742520486 1.2196443852963001 -0.33379358623942945 
-0.4368794547911248 1.2183432563307515 -0.33244969960846094 
-0.4358477437797149 1.2180594944592746 -0.3321706482276038 
-0.4298945064066844 1.2163704775105593 -0.3304866705671401 
-0.42683032288485323 1.2154643270141905 -0.3295991529290312 
-0.4229697189336627 1.2142728130349245 -0.32844510174215036 
-0.4197321027125726 1.213242003552335 -0.3274601559051854 
-0.4169100240190571 1.2123040124967788 -0.3265979503036678 
-0.41349975472698136 1.211155405579337 -0.3255137396492017 
-0.4118992274468613 1.2105885924055084 -0.3250148217109353 
-0.40811613041608735 1.2092477202753926 -0.3237763584340486 
-0.4035656429881772 1.2075542961590613 -0.32226217064608176 
-0.4010101291276875 1.2065655067182757 -0.32139050434626704 
-0.3965085337049814 1.2047790736655162 -0.3198395232124377 
-0.3932075592939419 1.2034191838331605 -0.3186611487629354 
-0.39069370205526455 1.2023537348033426 -0.3177610238370735 
-0.38627799736697965 1.2004372473646887 -0.31612014042123293 
-0.38398705518627896 1.1994024790118665 -0.3152685694184133 
-0.3794365296523287 1.1973052326042224 -0.3135207614137919 
-0.37586365034840435 1.1955966639234878 -0.3121180930858679 
-0.3725046710572775 1.1939354571322063 -0.31077421646411674 
-0.368983651406543 1.1921550816018447 -0.3093316048178789 
-0.36677362585609985 1.1910114443808675 -0.30841114439478856 
-0.364392216675616 1.18974357068717 -0.30741695882298614 
-0.360936160749845 1.1878754906750788 -0.30592897913211636 
-0.35589323643504345 1.1850445942897685 -0.30371842336641275 
-0.3528695393474442 1.1832847764241134 -0.3023407491313499 
-0.3505645930500694 1.181914102291174 -0.3013056980857488 
-0.3489823048995278 1.1809660736717702 -0.3005591417263065 
-0.3467069999082335 1.1795617740414859 -0.2995010238119935 
-0.3451345453539396 1.1785892210149418 -0.298766987457033 
-0.3451345453539396 1.1785892210149418 -0.298766987457033 
-0.34167840506958386 1.1763988181083103 -0.29708942449286513 
-0.34167840506958386 1.1763988181083103 -0.29708942449286513 
-0.34167840506958386 1.1763988181083103 -0.29708942449286513 
-0.336557126905982 1.1730264863380506 -0.29455799724087406 
-0.336557126905982 1.1730264863380506 -0.29455799724087406 
-0.33486980393556953 1.17187967190593 -0.293703807982456 
-0.33486980393556953 1.17187967190593 -0.293703807982456 
-0.33168362792234307 1.1696830574394355 -0.2920694369480684 
-0.3270508505194194 1.1663749712209923 -0.2896342474854582 
-0.32639701095583856 1.1658934829380376 -0.2892823206146037 
-0.32362386590878267 1.1638423779056002 -0.28778850057340055 
-0.3229752763947045 1.1633530043771976 -0.2874385733736433 
-0.3192827597671686 1.1605194349077887 -0.285386554106023 
-0.3192827597671686 1.1605194349077887 -0.285386554106023 
-0.3148163346019627 1.1578813083066575 -0.28323499671566654 
-0.3143778548039091 1.1566358844618847 -0.2825874982226515 
-0.3125087985104754 1.1550967324019155 -0.28149932849363046 
-0.30957663915645367 1.1526460080049987 -0.2797528004533435 
-0.3078945589213224 1.151212130271574 -0.27873731121266043 
-0.3051685473365129 1.1488421643020386 -0.27706552873172496 
-0.3051685473365129 1.1488421643020386 -0.27706552873172496 
-0.3051685473365129 1.1488421643020386 -0.27706552873172496 
-0.30084074341820977 1.1449670798802418 -0.2743517965609916 
-0.2998125437644692 1.1440195499293693 -0.27368711179927296 
-0.29747630021175303 1.141834331277714 -0.27217515897529 
-0.29302943530603875 1.1375472239672604 -0.26920275942231164 
-0.2926145473961562 1.1371154959200418 -0.2689121194796217 
-0.2899361374233473 1.1344552190930361 -0.2670727351126657 
-0.2899361374233473 1.1344552190930361 -0.2670727351126657 
-0.2866182280958237 1.1310305827140663 -0.26474295022795613 
-0.284309924883021 1.1285762966133759 -0.2630748994555775 
-0.28190050089559304 1.1259595243296563 -0.26128922384218256 
-0.27992023290820117 1.1237459776474235 -0.2598108117655614 
-0.2775813060974354 1.1210714114163542 -0.2580147311729494 
-0.27578463841775613 1.1189813811022877 -0.25660533510593786 
-0.2738798880830257 1.116723720000742 -0.25509776997177547 
-0.2711365315569037 1.1133784618595166 -0.25287365604492607 
-0.2708894550810318 1.1130698902619638 -0.2526750375090244 
-0.26881450581209254 1.1104604583649582 -0.25093844962991396 
-0.2673645238240523 1.1086045971083864 -0.2497172762082599 
-0.26725124651723164 1.1084442608902463 -0.24961291216720838 
-0.26725124651723164 1.1084442608902463 -0.24961291216720838 
-0.26523065419520925 1.1057967077087292 -0.2478711664256218 
-0.26523065419520925 1.1057967077087292 -0.2478711664256218 
-0.26523065419520925 1.1057967077087292 -0.2478711664256218 
-0.2625567101716142 1.1021725723875138 -0.24550792360363782 
-0.26210401218978585 1.1015398741001705 -0.2450857238421561 
-0.2599463561140005 1.0985208422390413 -0.24311757892119046 
-0.2589496473308892 1.0970766090970376 -0.24217655151682949 
-0.2589496473308892 1.0970766090970376 -0.24217655151682949 
-0.2589496473308892 1.0970766090970376 -0.24217655151682949 
-0.25773330397964106 1.0953049187363362 -0.24103735939929882 
-0.25773330397964106 1.0953049187363362 -0.24103735939929882 
-0.255451644246906 1.0919124819740846 -0.23883752931899582 
-0.2530286424751432 1.088152491553854 -0.23641492323069546 
-0.2515838013592968 1.085849162001429 -0.23493420871779314 
-0.2506694092080163 1.084355664018807 -0.23398710515308874 
-0.24924890094593288 1.0820372707419899 -0.23251055316626112 
-0.24719677375522758 1.0785182283569434 -0.2302771614100656 
-0.24719677375522758 1.0785182283569434 -0.2302771614100656 
-0.2452786630193851 1.0751553798783107 -0.228140606258178 
-0.24461914845650878 1.0739750073610956 -0.22738791067393327 
-0.2421413780844378 1.069370842241206 -0.22450362426138826 
-0.24187382996974993 1.0688670246715712 -0.22416526359523037 
-0.23923772047433672 1.0637009457761148 -0.22094453307461637 
-0.23786974183751308 1.0609390460082948 -0.2192106917326716 
-0.2374623105883208 1.0600674999789754 -0.2186631765903807 
-0.23534386829710552 1.0555251647974746 -0.21584629461684268 
-0.2348666047606599 1.0544778268794017 -0.21518716314088804 
-0.23392618115942465 1.0523577660489842 -0.21389693441012825 
-0.2330892510464168 1.050423633800373 -0.21268174849770005 
-0.2321849092907215 1.0482984685629892 -0.2113756617133662 
-0.2308672769179247 1.0450960460300578 -0.20941302795688177 
-0.22911008912360126 1.0406289558226292 -0.20667135494873667 
-0.22816328801762903 1.038108290535295 -0.2051427394658446 
-0.22724159726384952 1.0355841329551652 -0.20360556562758336 
-0.22691919748711742 1.0346822630560975 -0.20305332102714335 
-0.226032839225357 1.0321449265362572 -0.20151692055835824 
-0.2247500766322118 1.0283321497467903 -0.19919876870650466 
-0.22421900794379945 1.026685766217157 -0.19821442789360788 
-0.2238175212500284 1.0254096112415834 -0.19743551794695258 
-0.22318989249244625 1.0233990803124688 -0.1962203472757854 
-0.22199101812949928 1.0193529093143743 -0.19380017520368398 
-0.22147491897106242 1.01750718650486 -0.19269554546577894 
-0.2206686919928903 1.01455004091799 -0.19092828626604552 
-0.21999259633257007 1.0119577553299102 -0.1893770377367363 
-0.2194758048010249 1.0099129922784473 -0.18816583971911172 
-0.2193026996003844 1.0091720462900657 -0.18771304191849503 
-0.21845789331546228 1.0056301002858108 -0.18561887311874203 
-0.21791786641992328 1.0031994129119732 -0.18418130287509504 
-0.21751799698993735 1.0013263259431686 -0.1830755104739683 
-0.21693313824322946 0.9985165882631599 -0.18141472808147374 
-0.21663927902715951 0.9970082028635103 -0.1805373699533106 
-0.21642373579426422 0.9958794685393839 -0.1798741342976382 
-0.21571401789130307 0.991917901133587 -0.1775559620288788 
-0.21544969762103605 0.990409412171125 -0.17667250118835276 
-0.21539832035905881 0.9900326518283356 -0.1764439736776925 
