-0.9498734123319791 0.8930083778861009 -0.2446469642133544 
-0.9490560831088143 0.8970278149972557 -0.2468237825880385 
-0.9490560831088143 0.8970278149972557 -0.2468237825880385 
-0.9487308330737774 0.8985603774424966 -0.2476445484710349 
-0.9486817581029308 0.8987500694620224 -0.24774940307663562 
-0.9475584334093121 0.9037180938248504 -0.25041410506303297 
-0.9470530318206993 0.9058202596695392 -0.25152827872588635 
-0.9470530318206993 0.9058202596695392 -0.25152827872588635 
-0.9462798988233176 0.908867860261583 -0.2531526010344427 
-0.9462798988233176 0.908867860261583 -0.2531526010344427 
-0.9453780378936855 0.9122881647130654 -0.25497717429979205 
-0.9445467079429222 0.9153289736178383 -0.25658084575763274 
-0.9436650884158624 0.9183576775390523 -0.25818505297593064 
-0.9435084170263637 0.9189290756209884 -0.25848042251533077 
-0.9431624291612675 0.920056172482427 -0.2590911807889432 
-0.9431624291612675 0.920056172482427 -0.2590911807889432 
-0.9419889966142074 0.9238307656172567 -0.2610764665930061 
-0.9407037631699084 0.9277884538925152 -0.2631377721298267 
-0.939179437164082 0.932285104990048 -0.2655047152371085 
-0.939179437164082 0.932285104990048 -0.2655047152371085 
-0.9372766617665798 0.9375201620431122 -0.26821079323185926 
-0.9359952994680882 0.9408684653306294 -0.26994233670532064 
-0.9353373694075063 0.9425360990550873 -0.27080811629082546 
-0.9336332824009219 0.9467947328322125 -0.273001297500991 
-0.9336332824009219 0.9467947328322125 -0.273001297500991 
-0.9310437038668185 0.9528736987591715 -0.2760991097714527 
-0.9302328825193218 0.9546996561390526 -0.2770470355532294 
-0.9302328825193218 0.9546996561390526 -0.2770470355532294 
-0.9289881939876661 0.9574475043262936 -0.2784269325681692 
-0.9272809266724051 0.9610809115939064 -0.28028441765970735 
-0.9254469135338355 0.964891783410811 -0.2821993696985081 
-0.9234580379917996 0.9688547668782161 -0.2842004590474224 
-0.9234580379917996 0.9688547668782161 -0.2842004590474224 
-0.9218811688405055 0.9719057493981139 -0.28572797992938237 
-0.9218811688405055 0.9719057493981139 -0.28572797992938237 
-0.9191953986343891 0.9769012250327543 -0.28821241056316194 
-0.9191953986343891 0.9769012250327543 -0.28821241056316194 
-0.9181149530309861 0.9788555768932019 -0.2891764423398795 
-0.9181149530309861 0.9788555768932019 -0.2891764423398795 
-0.9181149530309861 0.9788555768932019 -0.2891764423398795 
-0.9155039132422543 0.9834417674933658 -0.2914565666432559 
-0.9155039132422543 0.9834417674933658 -0.2914565666432559 
-0.9131240540148133 0.9874815619867134 -0.2934258883369699 
-0.9106646962372058 0.9914813753144723 -0.295384170166496 
-0.9093689037686259 0.993561701415654 -0.29639862491985447 
-0.9070379096540219 0.9971765755020507 -0.298151643059574 
-0.9070379096540219 0.9971765755020507 -0.298151643059574 
-0.9047760101050484 1.0006001101218378 -0.29980133587724866 
-0.9047760101050484 1.0006001101218378 -0.29980133587724866 
-0.9022311382090407 1.0043336631417443 -0.30160471068401407 
-0.9022311382090407 1.0043336631417443 -0.30160471068401407 
-0.8992757637048361 1.0085479696086035 -0.30361921052325636 
-0.8986715361493125 1.009384702242385 -0.30401703773040445 
-0.8986715361493125 1.009384702242385 -0.30401703773040445 
-0.894506303463713 1.0150384259174574 -0.3067027214985214 
-0.894506303463713 1.0150384259174574 -0.3067027214985214 
-0.89122836274908 1.0193185610634201 -0.30870120156697245 
-0.89122836274908 1.0193185610634201 -0.30870120156697245 
-0.8898214928832602 1.0211154298737128 -0.3095421049522745 
-0.8841836251288953 1.0280571919641606 -0.3127716293047449 
-0.8813481106472397 1.0313991916854088 -0.31430874639551043 
-0.8793073549167476 1.0337777755472863 -0.3153902969003207 
-0.876115883760765 1.0373781018107209 -0.3170391023034751 
-0.8730035202588623 1.040786132085493 -0.3185794691771485 
-0.8730035202588623 1.040786132085493 -0.3185794691771485 
-0.8705668742514014 1.0433970346117387 -0.31975313145468653 
-0.8705668742514014 1.0433970346117387 -0.31975313145468653 
-0.8650172421200901 1.0491603792151636 -0.3223170934269871 
-0.8639771108283817 1.050208818768529 -0.32278081827653815 
-0.8593035102613533 1.0548016920754095 -0.32479786200903615 
-0.8593035102613533 1.0548016920754095 -0.32479786200903615 
-0.8539174438615145 1.0598992862601528 -0.3270121388250824 
-0.8509387707192113 1.0626222905386289 -0.32818247410937185 
-0.8479357592452977 1.0653192412326498 -0.3293447946298249 
-0.8431133171187892 1.0695145343940426 -0.3311192678699828 
-0.8418097039580811 1.0706213730791374 -0.33157390684435406 
-0.8418097039580811 1.0706213730791374 -0.33157390684435406 
-0.8332139495945625 1.0776777857609383 -0.3344913019358061 
-0.8303394347988969 1.0799213055430144 -0.33541167053463183 
-0.828299946549451 1.0814975399839384 -0.33604267371174823 
-0.828299946549451 1.0814975399839384 -0.33604267371174823 
-0.8203667483494921 1.087405416807181 -0.33841478304598327 
-0.8203667483494921 1.087405416807181 -0.33841478304598327 
-0.8140305804443979 1.091893058114651 -0.340172144972934 
-0.8109990561461656 1.093969661893725 -0.3409674602589712 
-0.8083140680953498 1.0957883059859608 -0.341657875023344 
-0.8083140680953498 1.0957883059859608 -0.341657875023344 
-0.8012289286562057 1.10039198128939 -0.34338484398174574 
-0.8012289286562057 1.10039198128939 -0.34338484398174574 
-0.7981087364081384 1.102355578197104 -0.344115190149867 
-0.7936593871125249 1.1050747660776015 -0.34510275413010105 
-0.7910373104200782 1.106627336802104 -0.34565659579748254 
-0.7910373104200782 1.106627336802104 -0.34565659579748254 
-0.7857671553808334 1.1096922901091055 -0.34673261090042373 
-0.7857671553808334 1.1096922901091055 -0.34673261090042373 
-0.7806238516660777 1.1125594392145135 -0.34772422223551025 
-0.7806238516660777 1.1125594392145135 -0.34772422223551025 
-0.7773677875272403 1.1143393019191836 -0.3483187543762527 
-0.7773677875272403 1.1143393019191836 -0.3483187543762527 
-0.7711726760118546 1.1175864982403556 -0.34939365530670785 
-0.7711726760118546 1.1175864982403556 -0.34939365530670785 
-0.7711726760118546 1.1175864982403556 -0.34939365530670785 
-0.765700385428366 1.120342707447494 -0.3502822771473695 
-0.765700385428366 1.120342707447494 -0.3502822771473695 
-0.7587908688840047 1.1236729579231586 -0.35131242511455696 
-0.7587908688840047 1.1236729579231586 -0.35131242511455696 
-0.7538109235511324 1.125972207899643 -0.3519979212049199 
-0.75040233261355 1.1274951264615984 -0.3524384406723734 
-0.7439440245392908 1.1302815020121386 -0.35320750929062905 
-0.7394670485639889 1.132123145929011 -0.3536966227253743 
-0.7394670485639889 1.132123145929011 -0.3536966227253743 
-0.7394670485639889 1.132123145929011 -0.3536966227253743 
-0.7329109343139905 1.1347065485654628 -0.35434884639698594 
-0.731472436822072 1.1352594816011055 -0.3544879804902832 
-0.7254794386769582 1.1374807155040858 -0.3550108516580698 
-0.7254794386769582 1.1374807155040858 -0.3550108516580698 
-0.716941380628478 1.1404614941247941 -0.3556477111553249 
-0.7129598431795282 1.1417811320704325 -0.35588964559661285 
-0.7085397684923411 1.1431814993022538 -0.3561503464247866 
-0.7043156124395561 1.1444745597041688 -0.356357162776646 
-0.6979494758707995 1.1463224637170875 -0.35661779407115757 
-0.6913399628532318 1.1481273405285348 -0.35681845893669706 
-0.6840565331141616 1.1499805050309593 -0.35696940229385343 
-0.6791071487803331 1.1511505352247335 -0.35702161367776564 
-0.6752183021850466 1.152007535458939 -0.35703715236628486 
-0.6713304788252241 1.1528528106138822 -0.35703266130138267 
-0.6646092947421433 1.1541986555041872 -0.3569606532421842 
-0.6613477981650141 1.154802799795251 -0.3569067238167617 
-0.6613477981650141 1.154802799795251 -0.3569067238167617 
-0.6513208706855581 1.1564948145192604 -0.35662401525816634 
-0.648918011524467 1.156862506910242 -0.35653634256762745 
-0.6441090229938881 1.1575624051087514 -0.35634637948154646 
-0.6441090229938881 1.1575624051087514 -0.35634637948154646 
-0.6381926344569557 1.1583195247499618 -0.35605075951315823 
-0.6313936531058136 1.1590932296088694 -0.35564256103163405 
-0.624367077543147 1.1597711316169965 -0.3551678401909014 
-0.6241476138260631 1.1597905216468904 -0.3551460225823144 
-0.6157950421820599 1.1604181134561176 -0.35446652900213527 
-0.6105184336347118 1.1607294420106278 -0.35400186278200974 
-0.6043618666578414 1.1609953378104219 -0.35339575794673317 
-0.6001854886319398 1.1611255975476193 -0.3529621318976186 
-0.5968896453126656 1.1611969173769516 -0.3525975934378305 
-0.5889844127019871 1.1612426319285645 -0.35165251644551787 
-0.5876671514603173 1.16123269197522 -0.35149286962819304 
-0.5819675960097471 1.1611591321176247 -0.3507475225128116 
-0.5764949603897219 1.1610020950227709 -0.3499771479747219 
-0.5764949603897219 1.1610020950227709 -0.3499771479747219 
-0.5699374765660175 1.1607124820156463 -0.3490180927153298 
-0.5681906640088871 1.160613542336686 -0.34875548305632886 
-0.5616556529017974 1.1601886812581752 -0.34769580697911384 
-0.5562213764078326 1.1597421622885633 -0.3467823105397805 
-0.550802309005852 1.1592259018410007 -0.3458197315079672 
-0.5501532521052422 1.1591622219677147 -0.3457002256066638 
-0.5432399906494284 1.158370804310875 -0.3444143881212173 
-0.539793868981025 1.1579227845367648 -0.3437461509462133 
-0.5327100782344238 1.1569248636203568 -0.3423132014289403 
-0.530999733032393 1.15665295595082 -0.34194588571658613 
-0.5243864179779725 1.1555597349603712 -0.3405130853360422 
-0.5226858793081819 1.1552639155064979 -0.34012768119505576 
-0.5167493311845324 1.1541445250026507 -0.3387709710854083 
-0.5154810993657439 1.1539011695432082 -0.3384701913729302 
-0.5106324201608062 1.1528904418791246 -0.33731225573017587 
-0.504966847204313 1.151625645771439 -0.33591646793473795 
-0.501629003440591 1.1508335949896185 -0.3350461684198137 
-0.498920501764744 1.1501705823343977 -0.3343491690547905 
-0.49684527425204866 1.1496443852962999 -0.33379358623942956 
-0.4918794547911248 1.1483432563307514 -0.33244969960846105 
-0.49084774377971485 1.1480594944592748 -0.3321706482276041 
-0.48489450640668436 1.1463704775105594 -0.33048667056714043 
-0.4818303228848533 1.1454643270141907 -0.3295991529290313 
-0.4779697189336628 1.1442728130349247 -0.32844510174215025 
-0.4747321027125726 1.1432420035523347 -0.32746015590518573 
-0.47191002401905724 1.1423040124967785 -0.3265979503036679 
-0.46849975472698147 1.141155405579337 -0.3255137396492015 
-0.4668992274468612 1.1405885924055081 -0.32501482171093565 
-0.4631161304160874 1.1392477202753926 -0.3237763584340485 
-0.4585656429881771 1.1375542961590612 -0.3222621706460821 
-0.4560101291276873 1.1365655067182756 -0.32139050434626726 
-0.45150853370498156 1.134779073665516 -0.31983952321243747 
-0.44820755929394196 1.1334191838331604 -0.3186611487629357 
-0.4456937020552646 1.1323537348033426 -0.3177610238370733 
-0.44127799736697976 1.1304372473646886 -0.3161201404212327 
-0.4389870551862789 1.1294024790118664 -0.3152685694184133 
-0.4344365296523287 1.127305232604222 -0.3135207614137918 
-0.43086365034840435 1.1255966639234878 -0.3121180930858676 
-0.42750467105727735 1.1239354571322062 -0.31077421646411685 
-0.42398365140654315 1.1221550816018444 -0.30933160481787847 
-0.4217736258560997 1.1210114443808674 -0.3084111443947889 
-0.4193922166756159 1.11974357068717 -0.30741695882298614 
-0.4159361607498449 1.1178754906750785 -0.30592897913211636 
-0.4108932364350433 1.1150445942897687 -0.3037184233664125 
-0.40786953934744413 1.1132847764241134 -0.3023407491313498 
-0.4055645930500693 1.1119141022911743 -0.3013056980857487 
-0.40398230489952763 1.1109660736717701 -0.3005591417263064 
-0.40170699990823366 1.1095617740414856 -0.2995010238119932 
-0.40013454535393966 1.1085892210149417 -0.2987669874570331 
-0.40013454535393966 1.1085892210149417 -0.2987669874570331 
-0.39667840506958396 1.1063988181083098 -0.2970894244928649 
-0.39667840506958396 1.1063988181083098 -0.2970894244928649 
-0.3934300825262502 1.1042670629587779 -0.2954878795709762 
-0.39155712690598216 1.1030264863380506 -0.29455799724087384 
-0.39155712690598216 1.1030264863380506 -0.29455799724087384 
-0.38986980393556964 1.1018796719059296 -0.293703807982456 
-0.38986980393556964 1.1018796719059296 -0.293703807982456 
-0.38668362792234323 1.099683057439435 -0.29206943694806864 
-0.3820508505194192 1.0963749712209923 -0.2896342474854583 
-0.38139701095583867 1.0958934829380373 -0.28928232061460357 
-0.37862386590878294 1.0938423779056 -0.28778850057340044 
-0.3779752763947047 1.093353004377197 -0.2874385733736431 
-0.3742827597671686 1.0905194349077887 -0.28538655410602276 
-0.3742827597671686 1.0905194349077887 -0.28538655410602276 
-0.3698163346019626 1.0878813083066574 -0.2832349967156662 
-0.36937785480390917 1.0866358844618844 -0.2825874982226516 
-0.3675087985104754 1.0850967324019154 -0.2814993284936306 
-0.36457663915645383 1.0826460080049984 -0.2797528004533435 
-0.36289455892132244 1.0812121302715738 -0.27873731121266065 
-0.36016854733651277 1.0788421643020387 -0.2770655287317252 
-0.36016854733651277 1.0788421643020387 -0.2770655287317252 
-0.36016854733651277 1.0788421643020387 -0.2770655287317252 
-0.3558407434182097 1.074967079880242 -0.27435179656099173 
-0.35481254376446925 1.074019549929369 -0.27368711179927274 
-0.35247630021175314 1.0718343312777137 -0.27217515897528977 
-0.348029435306039 1.0675472239672603 -0.2692027594223114 
-0.3476145473961561 1.0671154959200417 -0.26891211947962157 
-0.3449361374233473 1.0644552190930359 -0.2670727351126658 
-0.3449361374233473 1.0644552190930359 -0.2670727351126658 
-0.3416182280958238 1.061030582714066 -0.26474295022795624 
-0.33930992488302114 1.058576296613376 -0.26307489945557727 
-0.3369005008955929 1.0559595243296562 -0.2612892238421822 
-0.33492023290820094 1.0537459776474234 -0.25981081176556164 
-0.3325813060974353 1.0510714114163544 -0.2580147311729495 
-0.3307846384177563 1.0489813811022877 -0.2566053351059375 
-0.32887988808302576 1.0467237200007415 -0.25509776997177536 
-0.32613653155690375 1.0433784618595163 -0.25287365604492607 
-0.32588945508103156 1.043069890261964 -0.2526750375090244 
-0.3238145058120926 1.0404604583649582 -0.25093844962991385 
-0.3223645238240522 1.0386045971083862 -0.24971727620826012 
-0.3222512465172319 1.038444260890246 -0.24961291216720816 
-0.3222512465172319 1.038444260890246 -0.24961291216720816 
-0.32023065419520924 1.035796707708729 -0.2478711664256219 
-0.32023065419520924 1.035796707708729 -0.2478711664256219 
-0.32023065419520924 1.035796707708729 -0.2478711664256219 
-0.31755671017161424 1.0321725723875135 -0.24550792360363782 
-0.3171040121897859 1.0315398741001705 -0.2450857238421561 
-0.31494635611400057 1.0285208422390413 -0.24311757892119057 
-0.31394964733088937 1.0270766090970378 -0.24217655151682926 
-0.31394964733088937 1.0270766090970378 -0.24217655151682926 
-0.31394964733088937 1.0270766090970378 -0.24217655151682926 
-0.31273330397964083 1.0253049187363363 -0.24103735939929882 
-0.31273330397964083 1.0253049187363363 -0.24103735939929882 
-0.31045164424690574 1.0219124819740846 -0.23883752931899582 
-0.3080286424751434 1.0181524915538538 -0.23641492323069513 
-0.30658380135929664 1.0158491620014292 -0.23493420871779314 
-0.30566940920801605 1.014355664018807 -0.23398710515308885 
-0.3042489009459327 1.0120372707419898 -0.232510553166261 
-0.30219677375522763 1.0085182283569432 -0.2302771614100655 
-0.30219677375522763 1.0085182283569432 -0.2302771614100655 
-0.3002786630193851 1.0051553798783104 -0.228140606258178 
-0.2996191484565086 1.0039750073610956 -0.2273879106739336 
-0.29714137808443797 0.9993708422412058 -0.22450362426138837 
-0.29687382996975004 0.9988670246715711 -0.22416526359523004 
-0.29423772047433655 0.9937009457761146 -0.22094453307461648 
-0.292869741837513 0.9909390460082946 -0.21921069173267138 
-0.2924623105883211 0.990067499978975 -0.21866317659038037 
-0.29034386829710546 0.9855251647974743 -0.21584629461684246 
-0.2898666047606596 0.9844778268794014 -0.21518716314088815 
-0.2889261811594246 0.9823577660489843 -0.21389693441012814 
-0.2880892510464168 0.980423633800373 -0.21268174849769994 
-0.2871849092907215 0.9782984685629892 -0.21137566171336608 
-0.28586727691792435 0.9750960460300577 -0.20941302795688188 
-0.28411008912360125 0.9706289558226289 -0.20667135494873656 
-0.283163288017629 0.9681082905352947 -0.2051427394658446 
-0.28224159726384956 0.965584132955165 -0.20360556562758336 
-0.28191919748711736 0.9646822630560974 -0.20305332102714313 
-0.28103283922535705 0.9621449265362572 -0.20151692055835768 
-0.27975007663221185 0.95833214974679 -0.19919876870650455 
-0.2792190079437993 0.9566857662171568 -0.19821442789360777 
-0.27881752125002857 0.9554096112415833 -0.19743551794695258 
-0.2781898924924463 0.9533990803124688 -0.19622034727578552 
-0.27699101812949956 0.949352909314374 -0.19380017520368353 
-0.27647491897106247 0.9475071865048599 -0.19269554546577883 
-0.27566869199289046 0.9445500409179897 -0.1909282862660453 
-0.2749925963325702 0.94195775532991 -0.18937703773673586 
-0.2744758048010249 0.9399129922784475 -0.1881658397191115 
-0.27430269960038434 0.9391720462900653 -0.18771304191849525 
-0.27345789331546205 0.9356301002858105 -0.18561887311874203 
-0.2729178664199233 0.9331994129119731 -0.18418130287509504 
-0.2725179969899377 0.9313263259431683 -0.1830755104739683 
-0.2719331382432294 0.9285165882631596 -0.18141472808147363 
-0.27163927902715956 0.9270082028635102 -0.18053736995331027 
-0.2714237357942643 0.9258794685393836 -0.179874134297638 
-0.2707140178913031 0.921917901133587 -0.17755596202887847 
-0.27044969762103566 0.9204094121711248 -0.17667250118835243 
-0.27039832035905864 0.9200326518283353 -0.1764439736776925 
