-0.5500961336880706 1.111296261966958 -0.5511260828443447 
-0.5500961336880706 1.111296261966958 -0.5511260828443447 
-0.5500961336880706 1.111296261966958 -0.5511260828443447 
-0.5500961336880706 1.111296261966958 -0.5511260828443447 
-0.5500961336880706 1.111296261966958 -0.5511260828443447 
-0.5500965409017908 1.1112974504980349 -0.5511190656124336 
-0.5500965409017908 1.1112974504980349 -0.5511190656124336 
-0.5500965409017908 1.1112974504980349 -0.5511190656124336 
-0.5501957620949114 1.111674337337371 -0.5504415815344337 
-0.5501957620949114 1.111674337337371 -0.5504415815344337 
-0.5503303709377587 1.1121851583946785 -0.5495167456148771 
-0.5503303709377587 1.1121851583946785 -0.5495167456148771 
-0.5506353374478944 1.1133417485469865 -0.5474130210152865 
-0.5506353374478944 1.1133417485469865 -0.5474130210152865 
-0.5506353374478944 1.1133417485469865 -0.5474130210152865 
-0.5506353374478944 1.1133417485469865 -0.5474130210152865 
-0.5506353374478944 1.1133417485469865 -0.5474130210152865 
-0.5510220555488032 1.1148089289789596 -0.5447518149446415 
-0.5513155552983218 1.1159243245197623 -0.5427543111920099 
-0.5516131741499434 1.1170532107403162 -0.5407031902550825 
-0.5516131741499434 1.1170532107403162 -0.5407031902550825 
-0.5516131741499434 1.1170532107403162 -0.5407031902550825 
-0.5516131741499434 1.1170532107403162 -0.5407031902550825 
-0.5519929824258343 1.1184950623272154 -0.5381000185976004 
-0.552257924862176 1.1194995894997426 -0.5362691829432262 
-0.552257924862176 1.1194995894997426 -0.5362691829432262 
-0.5523927199315192 1.1200107604736265 -0.5353388480941095 
-0.5526869828359386 1.1211274455649067 -0.5333171019885496 
-0.5526869828359386 1.1211274455649067 -0.5333171019885496 
-0.5526869828359386 1.1211274455649067 -0.5333171019885496 
-0.5526869828359384 1.121127445564907 -0.5333171019885499 
-0.5526869828359384 1.121127445564907 -0.5333171019885499 
-0.5530870533408826 1.1226469029475892 -0.5305831567081629 
-0.5530870533408826 1.1226469029475892 -0.5305831567081629 
-0.5530870533408826 1.1226469029475892 -0.5305831567081629 
-0.5530870533408826 1.1226469029475892 -0.5305831567081629 
-0.5530870533408826 1.1226469029475892 -0.5305831567081629 
-0.5536214556954322 1.1246748824621935 -0.5269115220478438 
-0.5536214556954322 1.1246748824621935 -0.5269115220478438 
-0.5536214556954322 1.1246748824621935 -0.5269115220478438 
-0.5536214556954322 1.1246748824621935 -0.5269115220478438 
-0.5536214556954322 1.1246748824621935 -0.5269115220478438 
-0.5540465013051193 1.1262873347688047 -0.5239849100177667 
-0.5540465013051193 1.1262873347688047 -0.5239849100177667 
-0.5540465013051193 1.1262873347688047 -0.5239849100177667 
-0.5540465013051193 1.1262873347688047 -0.5239849100177667 
-0.5540465013051193 1.1262873347688047 -0.5239849100177667 
-0.5544656680301299 1.1278780117639344 -0.5211050067708982 
-0.5544656680301299 1.1278780117639344 -0.5211050067708982 
-0.5549958368666945 1.1298895689051156 -0.5174582392280389 
-0.5551590983157836 1.130509479238095 -0.5163407637812365 
-0.5551590983157836 1.130509479238095 -0.5163407637812365 
-0.5551590983157836 1.130509479238095 -0.5163407637812365 
-0.5551590983157836 1.130509479238095 -0.5163407637812365 
-0.5551590983157836 1.130509479238095 -0.5163407637812365 
-0.5555052152478084 1.1318234770560165 -0.5139690699696844 
-0.5555052152478084 1.1318234770560165 -0.5139690699696844 
-0.5555052152478084 1.1318234770560165 -0.5139690699696844 
-0.5560119123070371 1.1337443556908426 -0.5104645672317227 
-0.5560119123070371 1.1337443556908426 -0.5104645672317227 
-0.5561154205278434 1.1341385834868078 -0.5097703103572595 
-0.5561154205278434 1.1341385834868078 -0.5097703103572595 
-0.5561154205278434 1.1341385834868078 -0.5097703103572595 
-0.5567146499423985 1.1364118587303964 -0.5056448396521094 
-0.5567146499423985 1.1364118587303964 -0.5056448396521094 
-0.5567146499423985 1.1364118587303964 -0.5056448396521094 
-0.5570702255232136 1.1377615733319935 -0.5032060615843443 
-0.5570702255232136 1.1377615733319935 -0.5032060615843443 
-0.5573136907266107 1.1386847729855074 -0.5015248613351377 
-0.5573136907266107 1.1386847729855074 -0.5015248613351377 
-0.5573136907266107 1.1386847729855074 -0.5015248613351377 
-0.5573136907266107 1.1386847729855074 -0.5015248613351377 
-0.5573136907266107 1.1386847729855074 -0.5015248613351377 
-0.5576204448094085 1.1398499325967288 -0.4994299754583329 
-0.5576204448094085 1.1398499325967288 -0.4994299754583329 
-0.5578559668435992 1.1407442387996753 -0.4978181287108612 
-0.5578559668435992 1.1407442387996753 -0.4978181287108612 
-0.5578559668435992 1.1407442387996753 -0.4978181287108612 
-0.5578559668435992 1.1407442387996753 -0.4978181287108612 
-0.5578559668435992 1.1407442387996753 -0.4978181287108612 
-0.5582498021488419 1.1422375389504824 -0.49509750953266196 
-0.5584964699298824 1.1431736074438272 -0.49340276779595005 
-0.5584964699298824 1.1431736074438272 -0.49340276779595005 
-0.5584964699298824 1.1431736074438272 -0.49340276779595005 
-0.5588659748431375 1.1445765386300344 -0.4908725070950748 
-0.5588659748431375 1.1445765386300344 -0.4908725070950748 
-0.5588659748431375 1.1445765386300344 -0.4908725070950748 
-0.5591416860990142 1.1456224661167465 -0.48897400144680003 
-0.5591416860990142 1.1456224661167465 -0.48897400144680003 
-0.5592564542011782 1.1460576376515685 -0.48818126274824336 
-0.5594703012384956 1.1468698697493442 -0.48672045626585736 
-0.5594703012384956 1.1468698697493442 -0.48672045626585736 
-0.5594703012384956 1.1468698697493442 -0.48672045626585736 
-0.5594703012384956 1.1468698697493442 -0.48672045626585736 
-0.5594703012384956 1.1468698697493442 -0.48672045626585736 
-0.559897885964098 1.1484921350511754 -0.48377849732685463 
-0.560099691268181 1.1492583137298618 -0.48239620464499744 
-0.560099691268181 1.1492583137298618 -0.48239620464499744 
-0.560099691268181 1.1492583137298618 -0.48239620464499744 
-0.560513421082963 1.1508288926425096 -0.47955997357663516 
-0.560513421082963 1.1508288926425096 -0.47955997357663516 
-0.5610654883074716 1.1529233735752618 -0.47576065400772083 
-0.5610654883074716 1.1529233735752618 -0.47576065400772083 
-0.5610654883074716 1.1529233735752618 -0.47576065400772083 
-0.5614731204875143 1.1544711696334584 -0.4729705364568091 
-0.5614731204875143 1.1544711696334584 -0.4729705364568091 
-0.5616748697855799 1.155235888001259 -0.4715738720122242 
-0.5616748697855799 1.155235888001259 -0.4715738720122242 
-0.5617944996066729 1.155689509055081 -0.4707477306619452 
-0.5617944996066729 1.155689509055081 -0.4707477306619452 
-0.5617944996066729 1.155689509055081 -0.4707477306619452 
-0.5617944996066729 1.155689509055081 -0.4707477306619452 
-0.5623940642576485 1.157966374606471 -0.46664737161179004 
-0.5623940642576485 1.157966374606471 -0.46664737161179004 
-0.5623940642576485 1.157966374606471 -0.46664737161179004 
-0.5625719950449982 1.1586403483907866 -0.46541013383052277 
-0.5625719950449982 1.1586403483907866 -0.46541013383052277 
-0.5625719950449982 1.1586403483907866 -0.46541013383052277 
-0.5630202633213384 1.160341995761329 -0.4623366047572188 
-0.5630202633213384 1.160341995761329 -0.4623366047572188 
-0.563295990922341 1.1613883420614226 -0.46044220626134935 
-0.5636023722707727 1.1625490515942773 -0.4583139813419761 
-0.5639154173521308 1.1637377278476377 -0.456171653433165 
-0.5639154173521308 1.1637377278476377 -0.456171653433165 
-0.5639154173521308 1.1637377278476377 -0.456171653433165 
-0.5641909587266373 1.1647837242311547 -0.45428275386685635 
-0.5642339315339132 1.164946799809132 -0.45398750732218374 
-0.5642339315339133 1.1649467998091323 -0.45398750732218407 
-0.5643938229278356 1.1655539212709867 -0.45289318598623374 
-0.5643938229278356 1.1655539212709867 -0.45289318598623374 
-0.564510480699681 1.1659959070424897 -0.45208324477749473 
-0.5648267141765024 1.167197215049238 -0.44992530545152043 
-0.5648267141765024 1.167197215049238 -0.44992530545152043 
-0.5650402423225256 1.1680062756525942 -0.4484434944665461 
-0.5650402423225256 1.1680062756525942 -0.4484434944665461 
-0.5650402423225256 1.1680062756525942 -0.4484434944665461 
-0.5654912964216172 1.1697192083888788 -0.4453592641812625 
-0.5657411296157262 1.17066764595223 -0.4436469937884542 
-0.5657411296157262 1.17066764595223 -0.4436469937884542 
-0.5657411296157262 1.17066764595223 -0.4436469937884542 
-0.5661748191133928 1.1723130779796234 -0.44066309174700424 
-0.5663340191630286 1.1729163281139048 -0.43955876376758596 
-0.5667826525883506 1.1746181114461192 -0.43646794631066643 
-0.5667826525883506 1.1746181114461192 -0.43646794631066643 
-0.5670613709875734 1.175676522913814 -0.43456146136704477 
-0.5670613709875733 1.1756765229138142 -0.434561461367045 
-0.5674671227057356 1.1772175396776006 -0.43178848306371753 
-0.5674671227057356 1.1772175396776006 -0.43178848306371753 
-0.5674671227057356 1.1772175396776006 -0.43178848306371753 
-0.5677735880169588 1.1783801743488946 -0.42967868033826107 
-0.5679525684936226 1.179058131552085 -0.42843423062082775 
-0.5679525684936226 1.179058131552085 -0.42843423062082775 
-0.5679525684936226 1.179058131552085 -0.42843423062082775 
-0.5684347584755391 1.1808886862487464 -0.42512976224613497 
-0.5689139529257572 1.1827068029785965 -0.42183321644557426 
-0.5690013554433435 1.1830381260845029 -0.4212284941881501 
-0.5690013554433435 1.1830381260845029 -0.4212284941881501 
-0.569329970582825 1.184285529717101 -0.4189749490072079 
-0.5694527494718608 1.1847511010275478 -0.41812717184842696 
-0.5694527494718608 1.1847511010275478 -0.41812717184842696 
-0.5694527494718608 1.1847511010275478 -0.41812717184842696 
-0.5694527494718608 1.1847511010275478 -0.41812717184842696 
-0.5698635421648084 1.18631071335617 -0.41531324165830563 
-0.5698635421648084 1.18631071335617 -0.41531324165830563 
-0.5704356412566598 1.1884817465275648 -0.4113826099219433 
-0.5704356412566598 1.1884817465275648 -0.4113826099219433 
-0.5704356412566598 1.1884817465275648 -0.4113826099219433 
-0.5708626161969199 1.1901020545683605 -0.40844905999200676 
-0.5708626161969199 1.1901020545683605 -0.40844905999200676 
-0.5709203214857991 1.190321037779671 -0.4080525932906003 
-0.5714218611985726 1.192224308329672 -0.40460674284239495 
-0.5714218611985726 1.192224308329672 -0.40460674284239495 
-0.5714218611985726 1.192224308329672 -0.40460674284239495 
-0.5714218611985726 1.192224308329672 -0.40460674284239495 
-0.5716914932353121 1.1932475228464743 -0.40275422418637397 
-0.5721026816970175 1.1948084576923725 -0.399935453595049 
-0.5721026816970175 1.1948084576923725 -0.399935453595049 
-0.5721026816970175 1.1948084576923725 -0.399935453595049 
-0.5724493174809535 1.196122283762149 -0.39753487827500233 
-0.5724493174809535 1.196122283762149 -0.39753487827500233 
-0.5726067699001925 1.1967217561802346 -0.39647631308481013 
-0.5726067699001925 1.1967217561802346 -0.39647631308481013 
-0.5726067699001924 1.1967217561802348 -0.39647631308481035 
-0.5730445670549998 1.1983808128735776 -0.39344097068977146 
-0.5730445670549998 1.1983808128735776 -0.39344097068977146 
-0.5733452071579322 1.199522770816966 -0.39138809117801165 
-0.5733452071579324 1.1995227708169662 -0.391388091178012 
-0.5733452071579324 1.1995227708169662 -0.391388091178012 
-0.5737644319594364 1.2011145591941415 -0.3885183260162697 
-0.5737644319594364 1.2011145591941415 -0.3885183260162697 
-0.5737644319594364 1.2011145591941415 -0.3885183260162697 
-0.5742088599902326 1.2028005649808557 -0.38545854621749065 
-0.5742088599902326 1.2028005649808557 -0.38545854621749065 
-0.5746651298456433 1.204532577184752 -0.3823300419465603 
-0.5746651298456433 1.204532577184752 -0.3823300419465603 
-0.5746651298456433 1.204532577184752 -0.3823300419465603 
-0.5746651298456433 1.204532577184752 -0.3823300419465603 
-0.5751276369307585 1.2062864767914319 -0.3791376103127859 
-0.5751276369307585 1.2062864767914319 -0.3791376103127859 
-0.5755116554088686 1.207744128067632 -0.3765034140799268 
-0.5755116554088686 1.207744128067632 -0.3765034140799268 
-0.5755116554088686 1.207744128067632 -0.3765034140799268 
-0.5760013999285588 1.2096026375686963 -0.37313860301970636 
-0.5760013999285588 1.2096026375686963 -0.37313860301970636 
-0.5760013999285588 1.2096026375686963 -0.37313860301970636 
-0.5764630995568734 1.2113543639839635 -0.36996225615526623 
-0.5764630995568734 1.2113543639839635 -0.36996225615526623 
-0.5770114220360617 1.213435525140907 -0.3661992021244349 
-0.5770114220360617 1.213435525140907 -0.3661992021244349 
-0.5770114220360617 1.213435525140907 -0.3661992021244349 
-0.577440968782489 1.2150664838036862 -0.363258519590381 
-0.5776292775207793 1.2157810881844915 -0.3619647361995304 
-0.5776292775207793 1.2157810881844915 -0.3619647361995304 
-0.5781626209782136 1.21780504933795 -0.3583003767379763 
-0.5781626209782136 1.21780504933795 -0.3583003767379763 
-0.5785407372558813 1.2192403026185459 -0.3557067318304088 
-0.5785407372558813 1.2192403026185459 -0.3557067318304088 
-0.5785407372558813 1.2192403026185459 -0.3557067318304088 
-0.5788587463198733 1.2204458531690439 -0.35350708014639853 
-0.5788587463198733 1.2204458531690439 -0.35350708014639853 
-0.5788587463198733 1.2204458531690439 -0.35350708014639853 
