-0.5947468314258697 1.2122173985681082 -0.48953105008287756 
-0.5947488261369465 1.2122269295558197 -0.48954054079263765 
-0.5947488261369465 1.2122269295558197 -0.48954054079263765 
-0.5947488261369465 1.2122269295558197 -0.48954054079263765 
-0.5947488261369462 1.2122269295558197 -0.4895405407926373 
-0.5947431049814631 1.2122005784319982 -0.4895249723035666 
-0.5947431049814631 1.2122005784319982 -0.4895249723035666 
-0.5947431049814631 1.2122005784319982 -0.4895249723035666 
-0.5947431049814631 1.2122005784319982 -0.4895249723035666 
-0.5947402444037215 1.2121874028700874 -0.4895171880590312 
-0.5947402444037215 1.2121874028700874 -0.4895171880590312 
-0.5947402444037215 1.2121874028700874 -0.4895171880590312 
-0.5947402444037215 1.2121874028700874 -0.4895171880590312 
-0.5947402444037215 1.2121874028700874 -0.4895171880590312 
-0.5947492961606382 1.212229602268152 -0.4895478255194736 
-0.5947439660404343 1.2122042008623957 -0.4895232527555782 
-0.5947439660404343 1.2122042008623957 -0.4895232527555782 
-0.5947439660404343 1.2122042008623957 -0.4895232527555782 
-0.5947439660404343 1.2122042008623957 -0.4895232527555782 
-0.5947463891180509 1.212215361338367 -0.4895298464685962 
-0.5947463891180509 1.212215361338367 -0.4895298464685962 
-0.5947417689244212 1.2121940811450966 -0.489517273932464 
-0.5947417689244212 1.2121940811450966 -0.489517273932464 
-0.5947484582507471 1.212226422521506 -0.4895535824158881 
-0.5947484582507471 1.212226422521506 -0.4895535824158881 
-0.5947477625063533 1.212222538395464 -0.48954365211778184 
-0.5947477625063533 1.212222538395464 -0.48954365211778184 
-0.5947477625063533 1.212222538395464 -0.48954365211778184 
-0.594746501037616 1.2122177513043595 -0.48955231909370145 
-0.594746501037616 1.2122177513043595 -0.48955231909370145 
-0.594746501037616 1.2122177513043595 -0.48955231909370145 
-0.594746501037616 1.2122177513043595 -0.48955231909370145 
-0.594746501037616 1.2122177513043595 -0.48955231909370145 
-0.5947396370222261 1.2121854566809536 -0.48952560360947994 
-0.5947396370222261 1.2121854566809536 -0.48952560360947994 
-0.5947396370222261 1.2121854566809536 -0.48952560360947994 
-0.5947396370222261 1.2121854566809536 -0.48952560360947994 
-0.5937001488356779 1.212793269098817 -0.4895434117391555 
-0.5929988866684086 1.2131796260950707 -0.489549745051751 
-0.594745523251386 1.2122117167641682 -0.4895315529338211 
-0.594745523251386 1.2122117167641682 -0.4895315529338211 
-0.594745523251386 1.2122117167641682 -0.4895315529338211 
-0.594746044788518 1.2122153063331378 -0.4895470148683978 
-0.5947394765153423 1.2121857405203997 -0.4895372665383393 
-0.5947394765153423 1.2121857405203997 -0.4895372665383393 
-0.5947394765153423 1.2121857405203997 -0.4895372665383393 
-0.5947499083498271 1.2122315706010873 -0.4895394230517891 
-0.5947499083498271 1.2122315706010873 -0.4895394230517891 
-0.5947499083498271 1.212231570601087 -0.4895394230517891 
-0.5947499083498271 1.212231570601087 -0.4895394230517891 
-0.594740719235107 1.2121900977262217 -0.4895244858686312 
-0.594740719235107 1.2121900977262217 -0.4895244858686312 
-0.594740719235107 1.2121900977262217 -0.4895244858686312 
-0.594740719235107 1.2121900977262217 -0.4895244858686312 
-0.5947477764476323 1.2122229461369447 -0.489547752728805 
-0.5947477764476323 1.2122229461369447 -0.489547752728805 
-0.5947453581777093 1.2122118078047748 -0.48954117209855075 
-0.5947453581777093 1.2122118078047748 -0.48954117209855075 
-0.5947488121956674 1.2122265218143384 -0.4895364401816147 
-0.5947488121956674 1.2122265218143384 -0.4895364401816147 
-0.5947488121956674 1.2122265218143384 -0.4895364401816147 
-0.5947488121956674 1.2122265218143384 -0.4895364401816147 
-0.5947464078670237 1.2122157912236498 -0.4895339601623836 
-0.5947464078670237 1.2122157912236498 -0.4895339601623836 
-0.5947464078670237 1.2122157912236498 -0.4895339601623836 
-0.5947449438266643 1.2122102354025872 -0.4895440189154585 
-0.5947449438266643 1.2122102354025872 -0.4895440189154585 
-0.5947449438266643 1.2122102354025872 -0.4895440189154585 
-0.5947444596207926 1.2122073256038122 -0.48953466425896464 
-0.5947444596207924 1.2122073256038122 -0.4895346642589643 
-0.5947444596207924 1.2122073256038122 -0.4895346642589643 
-0.5947444596207924 1.2122073256038122 -0.4895346642589643 
-0.5947435798128486 1.2122032732881323 -0.48953227011316636 
-0.5947435798128486 1.2122032732881323 -0.48953227011316636 
-0.5947435798128486 1.2122032732881323 -0.48953227011316636 
-0.5947435798128486 1.2122032732881323 -0.48953227011316636 
-0.5947448971209178 1.2122093406897514 -0.4895358547904822 
-0.5947448971209178 1.2122093406897514 -0.4895358547904822 
-0.594742225173519 1.212196526116318 -0.489522578157769 
-0.594742225173519 1.212196526116318 -0.489522578157769 
-0.5947444596207926 1.2122073256038122 -0.48953466425896464 
-0.5947424927922742 1.2121986100990625 -0.4895333747712516 
-0.5947424927922742 1.2121986100990625 -0.4895333747712516 
-0.5947424927922742 1.2121986100990625 -0.4895333747712516 
-0.5947417876733938 1.2121945110303787 -0.4895213876262514 
-0.5947417876733938 1.2121945110303787 -0.4895213876262514 
-0.5947417876733938 1.2121945110303787 -0.4895213876262514 
-0.5947417876733938 1.2121945110303787 -0.4895213876262514 
-0.5947440360619465 1.212205718259354 -0.48953757433847134 
-0.5947440360619465 1.212205718259354 -0.48953757433847134 
-0.5947440360619465 1.212205718259354 -0.48953757433847134 
-0.5947431049814631 1.2122005784319982 -0.4895249723035666 
-0.5947431049814631 1.2122005784319982 -0.4895249723035666 
-0.5947431049814631 1.2122005784319982 -0.4895249723035666 
-0.5947431049814631 1.2122005784319982 -0.4895249723035666 
-0.5947431049814631 1.2122005784319982 -0.4895249723035666 
-0.5947440360619465 1.212205718259354 -0.48953757433847134 
-0.5947440360619465 1.212205718259354 -0.48953757433847134 
-0.5947440360619463 1.212205718259354 -0.489537574338471 
-0.5947440360619463 1.212205718259354 -0.489537574338471 
-0.5947440360619463 1.212205718259354 -0.489537574338471 
-0.5931430615968024 1.2131104536251271 -0.48955385105993376 
-0.5931430615968024 1.2131104536251271 -0.48955385105993376 
-0.5931416114977222 1.2131053055455456 -0.48956801042403253 
-0.5947469385377409 1.2122197663902987 -0.48955350962521893 
-0.5947469385377409 1.2122197663902987 -0.48955350962521893 
-0.5947469385377409 1.2122197663902987 -0.48955350962521893 
-0.5947449158698906 1.2122097705750339 -0.4895399684842696 
-0.5947449158698906 1.2122097705750339 -0.4895399684842696 
-0.5947449158698906 1.2122097705750339 -0.4895399684842696 
-0.5947449158698906 1.2122097705750339 -0.4895399684842696 
-0.5947440360619465 1.212205718259354 -0.48953757433847134 
-0.5947440360619465 1.212205718259354 -0.48953757433847134 
-0.5947435937541277 1.212203681029613 -0.4895363707241902 
-0.5947435937541277 1.212203681029613 -0.4895363707241902 
-0.5947435937541277 1.212203681029613 -0.4895363707241902 
-0.5947440173129739 1.2122052883740715 -0.48953346064468417 
-0.5947440173129739 1.2122052883740715 -0.48953346064468417 
-0.5947440173129739 1.2122052883740715 -0.48953346064468417 
-0.5947440173129739 1.2122052883740715 -0.48953346064468417 
-0.5947477625063531 1.212222538395464 -0.4895436521177815 
-0.5947477625063531 1.212222538395464 -0.4895436521177815 
-0.5947450857512606 1.212209701678229 -0.4895303624023042 
-0.5947450857512606 1.212209701678229 -0.4895303624023042 
-0.5947450857512606 1.212209701678229 -0.4895303624023042 
-0.5947450857512606 1.212209701678229 -0.4895303624023042 
-0.5947459655592049 1.212213753993909 -0.489532756548102 
-0.5947459655592049 1.212213753993909 -0.489532756548102 
-0.5947459655592047 1.212213753993909 -0.4895327565481017 
-0.5947459655592047 1.212213753993909 -0.4895327565481017 
-0.5947426674813379 1.2121985633460588 -0.4895237817720497 
-0.5947426674813379 1.2121985633460588 -0.4895237817720497 
-0.5947426674813379 1.2121985633460588 -0.4895237817720497 
-0.593085129613628 1.2131498235367948 -0.48956406528627505 
-0.593085129613628 1.2131498235367948 -0.48956406528627505 
-0.593002217269842 1.2131954743693139 -0.4895648140231219 
-0.5942277469759397 1.2124760838897892 -0.48953442861958174 
-0.5947411754842048 1.212192542697443 -0.48952979009393593 
-0.5947411754842048 1.212192542697443 -0.48952979009393593 
-0.5947411754842048 1.212192542697443 -0.48952979009393593 
-0.5935023541929105 1.2128909446773424 -0.48953918642553784 
-0.5929966847447015 1.2131694842339698 -0.48954375314587306 
-0.5938080705537578 1.21272266415481 -0.4895288012297774 
-0.5947443895992806 1.212205808206854 -0.4895203426760717 
-0.5947443895992806 1.212205808206854 -0.4895203426760717 
-0.594743091040184 1.212200170690517 -0.48952087169254344 
-0.5947483886368213 1.2122249144698802 -0.4895393502611205 
-0.5947483886368213 1.2122249144698802 -0.4895393502611205 
-0.5947497384684571 1.212231639497893 -0.48954902913375453 
-0.5947497384684569 1.212231639497893 -0.4895490291337542 
-0.594749314909611 1.2122300321534343 -0.489551939213261 
-0.594749314909611 1.2122300321534343 -0.489551939213261 
-0.594749314909611 1.2122300321534343 -0.489551939213261 
-0.5947464403905902 1.2122164488500426 -0.489540054357702 
-0.5947464403905902 1.2122164488500426 -0.489540054357702 
-0.5947448971209178 1.2122093406897514 -0.4895358547904822 
-0.5929973759223027 1.2131731755611723 -0.4895516396798496 
-0.5929973759223027 1.2131731755611723 -0.4895516396798496 
-0.5929973759223027 1.2131731755611723 -0.4895516396798496 
-0.5947257978075164 1.2122342593202673 -0.48953013216042884 
-0.5947257978075164 1.2122342593202673 -0.48953013216042884 
-0.5947257978075164 1.2122342593202673 -0.48953013216042884 
-0.5947479136387506 1.2122220396133758 -0.489529932342029 
-0.5947435798128486 1.2122032732881323 -0.48953227011316636 
-0.5947435798128486 1.2122032732881323 -0.48953227011316636 
-0.5947435798128486 1.2122032732881323 -0.48953227011316636 
-0.5947435798128486 1.2122032732881323 -0.48953227011316636 
-0.5947435798128486 1.2122032732881323 -0.48953227011316636 
-0.5947431562540025 1.2122016659436738 -0.48953518019267306 
-0.5947431562540025 1.2122016659436738 -0.48953518019267306 
-0.5947431562540025 1.2122016659436738 -0.48953518019267306 
-0.5947470665210584 1.2122188249244592 -0.48953575250104087 
-0.5947444596207926 1.2122073256038122 -0.48953466425896464 
-0.5947444596207926 1.2122073256038122 -0.48953466425896464 
-0.5947444596207926 1.2122073256038122 -0.48953466425896464 
-0.5947411615429257 1.2121921349559623 -0.48952568948291253 
-0.5947411615429257 1.2121921349559623 -0.48952568948291253 
-0.5947488121956674 1.2122265218143384 -0.4895364401816147 
-0.5947468966396883 1.2122188938212644 -0.48954535858300674 
-0.5947468966396883 1.2122188938212644 -0.48954535858300674 
-0.594745523251386 1.2122117167641682 -0.4895315529338211 
-0.594745523251386 1.2122117167641682 -0.4895315529338211 
-0.594745523251386 1.2122117167641682 -0.4895315529338211 
-0.594749314909611 1.2122300321534343 -0.489551939213261 
-0.594749314909611 1.2122300321534343 -0.489551939213261 
-0.594749314909611 1.2122300321534343 -0.489551939213261 
-0.594749314909611 1.2122300321534343 -0.489551939213261 
-0.5947450857512606 1.212209701678229 -0.4895303624023042 
-0.5947508020990504 1.2122360306582487 -0.489545917808611 
-0.5947508020990504 1.2122360306582487 -0.489545917808611 
-0.5947508020990504 1.2122360306582487 -0.489545917808611 
-0.5947475088288772 1.2122208621542 -0.4895369561153222 
-0.5947475088288772 1.2122208621542 -0.4895369561153222 
-0.5947475088288772 1.2122208621542 -0.4895369561153222 
-0.5947475088288772 1.2122208621542 -0.4895369561153222 
-0.5947497991154829 1.2122329419522095 -0.48956129386975444 
-0.5947497991154829 1.2122329419522095 -0.48956129386975444 
-0.5947508020990504 1.2122360306582487 -0.489545917808611 
-0.5947508020990504 1.2122360306582487 -0.489545917808611 
-0.5947479463290025 1.2122228772401396 -0.4895381466468396 
-0.5947479463290025 1.2122228772401396 -0.4895381466468396 
-0.5947479463290023 1.2122228772401396 -0.48953814664683926 
-0.5947479463290023 1.2122228772401396 -0.48953814664683926 
-0.5947470665210584 1.2122188249244592 -0.48953575250104087 
-0.5947470665210584 1.2122188249244592 -0.48953575250104087 
-0.5947470665210584 1.2122188249244592 -0.48953575250104087 
-0.5947483371975967 1.2122236469578342 -0.48952702226252276 
-0.5947455093101068 1.2122113090226871 -0.4895274523227977 
-0.5947464403905902 1.2122164488500426 -0.489540054357702 
-0.5947464403905902 1.2122164488500426 -0.489540054357702 
-0.5947510605842201 1.2122377290433137 -0.48955262689383416 
-0.5947510605842201 1.2122377290433137 -0.48955262689383416 
-0.5947424927922742 1.2121986100990625 -0.4895333747712516 
-0.594745067002288 1.2122092717929462 -0.489526248708517 
-0.5947475088288772 1.2122208621542 -0.4895369561153222 
-0.594750194717555 1.2122340844691144 -0.48955433335905973 
-0.5947446434434418 1.212207664448488 -0.48952915878802306 
-0.5947440592110267 1.2122061609431056 -0.48954161168689625 
-0.5947464078670237 1.2122157912236498 -0.4895339601623836 
-0.5947453581777091 1.2122118078047748 -0.4895411720985504 
-0.5947479463290025 1.2122228772401396 -0.4895381466468396 
-0.5947440360619465 1.212205718259354 -0.48953757433847134 
-0.5947475088288772 1.2122208621542 -0.4895369561153222 
-0.5947440173129739 1.2122052883740715 -0.48953346064468417 
-0.5947416177920235 1.212194579927184 -0.48953099370821673 
-0.5947457817365556 1.2122134151492332 -0.48953826201904427 
-0.5947468314258697 1.2122173985681082 -0.48953105008287756 
-0.5947450857512606 1.212209701678229 -0.4895303624023042 
-0.5947467939279242 1.212216538797543 -0.4895228226953028 
-0.5947484582507471 1.212226422521506 -0.4895535824158881 
-0.5947435937541277 1.212203681029613 -0.4895363707241902 
-0.594746016831744 1.212214841505584 -0.4895429644372089 
-0.5947499083498271 1.212231570601087 -0.4895394230517891 
-0.5947484351016669 1.2122259798377542 -0.4895495450674632 
-0.5947503645989252 1.2122340155723093 -0.48954472727709364 
-0.5947435798128486 1.2122032732881323 -0.48953227011316636 
-0.5931253157155814 1.2131258786441774 -0.4895570040870957 
-0.5941932328125621 1.2125366749943196 -0.4895528491935661 
-0.5940835411113242 1.2125953667324374 -0.4895567463411682 
-0.5947450857512606 1.212209701678229 -0.4895303624023042 
-0.5947431562540025 1.2122016659436738 -0.48953518019267306 
-0.5947464403905902 1.2122164488500426 -0.489540054357702 
-0.5947494847909811 1.2122299632566294 -0.48954233313129536 
-0.5947440173129739 1.2122052883740715 -0.48953346064468417 
-0.594748858660513 1.2122275871822128 -0.4895466349879567 
-0.5947477764476323 1.2122229461369447 -0.489547752728805 
-0.5947499222911063 1.2122319783425686 -0.48954352366281273 
-0.5947464078670237 1.2122157912236498 -0.4895339601623836 
-0.5947499083498271 1.2122315706010873 -0.4895394230517891 
-0.5947455093101068 1.2122113090226871 -0.4895274523227977 
-0.5947503458499525 1.212233585687027 -0.4895406135833067 
-0.594748858660513 1.2122275871822128 -0.4895466349879567 
-0.5947426674813379 1.2121985633460588 -0.4895237817720497 
-0.5947499222911063 1.2122319783425686 -0.48954352366281273 
-0.5947435798128486 1.2122032732881323 -0.48953227011316636 
-0.5947454905611341 1.2122108791374047 -0.48952333862901076 
-0.5947483886368213 1.2122249144698802 -0.4895393502611205 
-0.5947444596207926 1.2122073256038122 -0.48953466425896464 
-0.5930004995520064 1.2131882423069875 -0.48956817677373854 
-0.5930022312111211 1.2131958821107944 -0.48956891463414576 
-0.5947480207506217 1.2122244074355666 -0.48955239188437094 
-0.594746044788518 1.2122153063331378 -0.4895470148683978 
-0.5947450670022878 1.2122092717929462 -0.4895262487085167 
-0.594745067002288 1.2122092717929462 -0.489526248708517 
-0.5947464078670237 1.2122157912236498 -0.4895339601623836 
-0.5947469245964621 1.212219358648818 -0.48954940901419586 
-0.594748914499845 1.212228867492728 -0.4895588866411924 
-0.5936307088789357 1.2128446988023303 -0.48955673589367077 
-0.5947449158698906 1.2122097705750339 -0.4895399684842696 
-0.5947435424815883 1.2122025935179375 -0.48952616283508377 
-0.594745523251386 1.2122117167641682 -0.4895315529338211 
-0.594746016831744 1.212214841505584 -0.4895429644372089 
-0.5947435937541277 1.212203681029613 -0.4895363707241902 
-0.5947477625063531 1.212222538395464 -0.4895436521177815 
-0.5947431794030826 1.2122021086274255 -0.4895392175410984 
-0.5947453394287366 1.2122113779194923 -0.48953705840476336 
-0.5930028434003101 1.2131978504437302 -0.489560512166461 
-0.594749314909611 1.2122300321534343 -0.489551939213261 
-0.5947427419029574 1.2122000935414865 -0.4895380270095806 
-0.594742225173519 1.212196526116318 -0.489522578157769 
-0.5947412034409786 1.2121930075249965 -0.48953384052512483 
-0.5947435798128486 1.2122032732881323 -0.48953227011316636 
-0.5947436217109013 1.2122041458571664 -0.48954042115538 
-0.5947446434434418 1.212207664448488 -0.48952915878802306 
-0.5947416177920237 1.212194579927184 -0.48953099370821707 
-0.5947492961606382 1.212229602268152 -0.4895478255194736 
-0.5947480207506217 1.2122244074355666 -0.48955239188437094 
-0.5947468826984093 1.2122184860797838 -0.4895412579719831 
-0.5947492496957926 1.212228536900278 -0.4895376307131316 
-0.5947406679625676 1.2121890102145458 -0.4895142779795252 
-0.594742225173519 1.212196526116318 -0.489522578157769 
-0.5947492496957926 1.212228536900278 -0.4895376307131316 
-0.5947416409411037 1.2121950226109357 -0.4895350310566424 
-0.5947464078670237 1.2122157912236495 -0.4895339601623836 
-0.5947464822886431 1.212217321419077 -0.48954820539991495 
-0.5947446434434418 1.212207664448488 -0.48952915878802306 
-0.5947411615429257 1.2121921349559623 -0.48952568948291253 
-0.5947422112322399 1.2121961183748373 -0.48951847754674516 
-0.5947494847909809 1.2122299632566294 -0.489542333131295 
-0.5947435937541277 1.212203681029613 -0.4895363707241902 
-0.5947417689244212 1.2121940811450966 -0.489517273932464 
-0.5947479463290025 1.2122228772401396 -0.4895381466468396 
-0.5947403236330344 1.2121889552093164 -0.489531446379327 
-0.5947479463290025 1.2122228772401396 -0.4895381466468396 
-0.5947508813283636 1.2122375829974776 -0.48956017612890657 
-0.5947453394287366 1.2122113779194923 -0.48953705840476336 
-0.5947479323877234 1.2122224694986588 -0.4895340460358162 
-0.5947479463290025 1.2122228772401396 -0.4895381466468396 
-0.5947435937541277 1.212203681029613 -0.4895363707241902 
-0.594749314909611 1.2122300321534343 -0.489551939213261 
-0.5947499222911063 1.2122319783425686 -0.48954352366281273 
-0.5947440173129739 1.2122052883740715 -0.48953346064468417 
-0.5947516867146883 1.2122401051177303 -0.48954832503717305 
-0.594745067002288 1.2122092717929462 -0.489526248708517 
-0.5947499083498271 1.2122315706010873 -0.4895394230517891 
-0.5947448971209178 1.2122093406897514 -0.4895358547904822 
-0.594743091040184 1.212200170690517 -0.48952087169254344 
-0.5947444596207926 1.2122073256038122 -0.48953466425896464 
-0.5947523453687229 1.2122431388185402 -0.4895501173758312 
-0.594746459139563 1.2122168787353254 -0.48954416805149004 
-0.5947506370253739 1.2122361216988553 -0.48955553697334064 
-0.5947503458499525 1.212233585687027 -0.4895406135833067 
-0.594742478850995 1.2121982023575817 -0.48952927416022773 
-0.5947512256578965 1.212237638002707 -0.48954300772910453 
-0.5947416177920237 1.212194579927184 -0.48953099370821707 
-0.5947420552921489 1.2121965950131233 -0.48953218423973466 
-0.5947400605810722 1.212187064025412 -0.48952269352997346 
-0.594742225173519 1.212196526116318 -0.489522578157769 
-0.594748858660513 1.2122275871822128 -0.4895466349879567 
-0.5947512117166174 1.2122372302612259 -0.48953890711808135 
-0.5947426674813379 1.2121985633460588 -0.4895237817720497 
-0.5947497524097362 1.2122320472393735 -0.4895531297447784 
-0.5947459655592049 1.212213753993909 -0.489532756548102 
-0.5947459655592049 1.212213753993909 -0.489532756548102 
-0.5947457817365553 1.2122134151492332 -0.48953826201904393 
-0.5947455093101068 1.2122113090226871 -0.4895274523227977 
-0.5947473389475071 1.2122209310510055 -0.48954656219728787 
-0.5929993614997942 1.2131823209512047 -0.4895570428613505 
-0.5947435424815883 1.2122025935179375 -0.48952616283508377 
-0.5947507881577709 1.2122356229167675 -0.48954181719758705 
-0.5947435937541277 1.212203681029613 -0.4895363707241902 
-0.5947483886368213 1.2122249144698802 -0.4895393502611205 
-0.5947468966396883 1.2122188938212644 -0.48954535858300674 
-0.5947463891180509 1.212215361338367 -0.4895298464685962 
-0.5947469245964621 1.212219358648818 -0.48954940901419586 
-0.5947450857512606 1.212209701678229 -0.4895303624023042 
-0.5947416177920237 1.212194579927184 -0.48953099370821707 
-0.5947501759685823 1.2122336545838321 -0.4895502196652721 
-0.5947508813283636 1.2122375829974776 -0.48956017612890657 
-0.5947503645989252 1.2122340155723093 -0.48954472727709364 
-0.5947429163511203 1.212200217443521 -0.4895304646917451 
-0.5947470665210584 1.2122188249244592 -0.48953575250104087 
-0.594746016831744 1.212214841505584 -0.4895429644372089 
-0.594746016831744 1.212214841505584 -0.4895429644372089 
-0.5947456024806987 1.2122132691033967 -0.48954581125411634 
-0.5947449158698906 1.2122097705750339 -0.4895399684842696 
-0.5947431794030826 1.2122021086274255 -0.4895392175410984 
-0.5947431794030826 1.2122021086274255 -0.4895392175410984 
-0.5947459655592049 1.212213753993909 -0.489532756548102 
-0.5947497803665099 1.212232512066927 -0.4895571801759675 
-0.594746016831744 1.212214841505584 -0.4895429644372089 
-0.5947512956794088 1.2122391553996652 -0.48955732931199836 
-0.5947446295021628 1.212207256707007 -0.489525058176999 
-0.5947444596207926 1.2122073256038122 -0.48953466425896464 
-0.5947482000064782 1.2122245534814031 -0.48954484264929865 
-0.5947448971209178 1.2122093406897514 -0.4895358547904822 
-0.5947415990430509 1.2121941500419016 -0.48952688001442946 
-0.5947484351016669 1.2122259798377542 -0.4895495450674632 
-0.5947420413508698 1.2121961872716425 -0.4895280836287106 
-0.5947459655592049 1.212213753993909 -0.489532756548102 
-0.5947483886368213 1.2122249144698802 -0.4895393502611205 
-0.5947435798128486 1.2122032732881323 -0.48953227011316636 
-0.5947435798128486 1.2122032732881323 -0.48953227011316636 
-0.594750194717555 1.2122340844691144 -0.48955433335905973 
-0.5935489031875191 1.2128596114842047 -0.4895357601080853 
-0.5947446434434418 1.212207664448488 -0.48952915878802306 
-0.5947453581777093 1.2122118078047748 -0.48954117209855075 
-0.5947482000064784 1.2122245534814031 -0.489544842649299 
-0.5947446295021628 1.212207256707007 -0.489525058176999 
-0.594742478850995 1.2121982023575817 -0.48952927416022773 
-0.5947484582507471 1.212226422521506 -0.4895535824158881 
-0.5947484582507471 1.212226422521506 -0.4895535824158881 
-0.5947501759685823 1.2122336545838321 -0.4895502196652721 
-0.5947507881577712 1.2122356229167675 -0.4895418171975874 
-0.5947477625063533 1.212222538395464 -0.48954365211778184 
-0.5947477625063531 1.212222538395464 -0.4895436521177815 
-0.5947499083498271 1.2122315706010873 -0.4895394230517891 
-0.5947435424815881 1.2122025935179375 -0.48952616283508343 
-0.5947499222911063 1.2122319783425686 -0.48954352366281273 
-0.5947440779599995 1.2122065908283886 -0.48954572538068386 
-0.5947479323877234 1.2122224694986588 -0.4895340460358162 
-0.5947479323877234 1.2122224694986588 -0.4895340460358162 
-0.5947488261369465 1.2122269295558197 -0.48954054079263765 
-0.5947459328689528 1.2122129163671456 -0.4895245422432919 
-0.5947446434434418 1.212207664448488 -0.48952915878802306 
-0.5947457817365553 1.2122134151492332 -0.48953826201904393 
-0.5947468314258697 1.2122173985681082 -0.48953105008287756 
-0.5947435937541277 1.212203681029613 -0.4895363707241902 
-0.5947459655592049 1.212213753993909 -0.489532756548102 
-0.5947453394287366 1.2122113779194923 -0.48953705840476336 
-0.5947453394287366 1.2122113779194923 -0.48953705840476336 
-0.5947488261369465 1.2122269295558197 -0.48954054079263765 
-0.5947479463290025 1.2122228772401396 -0.4895381466468396 
-0.5947457817365556 1.2122134151492332 -0.48953826201904427 
-0.5947440592110267 1.2122061609431056 -0.48954161168689625 
-0.5947477764476323 1.2122229461369447 -0.489547752728805 
-0.594748034691901 1.2122248151770478 -0.48955649249539435 
-0.5947416409411037 1.2121950226109357 -0.4895350310566424 
