-0.70474683142587 1.2822173985681082 -0.48953105008287734 
-0.7047488261369467 1.2822269295558195 -0.48954054079263787 
-0.7047488261369467 1.2822269295558195 -0.48954054079263787 
-0.7047488261369467 1.2822269295558195 -0.48954054079263787 
-0.7047488261369464 1.2822269295558195 -0.48954054079263754 
-0.7047431049814634 1.2822005784319983 -0.48952497230356684 
-0.7047431049814634 1.2822005784319983 -0.48952497230356684 
-0.7047431049814634 1.2822005784319983 -0.48952497230356684 
-0.7047431049814634 1.2822005784319983 -0.48952497230356684 
-0.7047402444037217 1.2821874028700873 -0.4895171880590312 
-0.7047402444037217 1.2821874028700873 -0.4895171880590312 
-0.7047402444037217 1.2821874028700873 -0.4895171880590312 
-0.7047402444037217 1.2821874028700873 -0.4895171880590312 
-0.7047402444037217 1.2821874028700873 -0.4895171880590312 
-0.7047492961606385 1.2822296022681519 -0.4895478255194736 
-0.7047439660404347 1.2822042008623955 -0.48952325275557795 
-0.7047439660404347 1.2822042008623955 -0.48952325275557795 
-0.7047439660404347 1.2822042008623955 -0.48952325275557795 
-0.7047439660404347 1.2822042008623955 -0.48952325275557795 
-0.7047463891180511 1.2822153613383669 -0.4895298464685962 
-0.7047463891180511 1.2822153613383669 -0.4895298464685962 
-0.7047417689244214 1.2821940811450963 -0.48951727393246425 
-0.7047417689244214 1.2821940811450963 -0.48951727393246425 
-0.7047484582507473 1.2822264225215059 -0.4895535824158881 
-0.7047484582507473 1.2822264225215059 -0.4895535824158881 
-0.7047477625063535 1.2822225383954637 -0.48954365211778117 
-0.7047477625063535 1.2822225383954637 -0.48954365211778117 
-0.7047477625063535 1.2822225383954637 -0.48954365211778117 
-0.7047465010376163 1.2822177513043598 -0.48955231909370256 
-0.7047465010376163 1.2822177513043598 -0.48955231909370256 
-0.7047465010376163 1.2822177513043598 -0.48955231909370256 
-0.7047465010376163 1.2822177513043598 -0.48955231909370256 
-0.7047465010376163 1.2822177513043598 -0.48955231909370256 
-0.7047396370222263 1.2821854566809532 -0.4895256036094797 
-0.7047396370222263 1.2821854566809532 -0.4895256036094797 
-0.7047396370222263 1.2821854566809532 -0.4895256036094797 
-0.7047396370222263 1.2821854566809532 -0.4895256036094797 
-0.7037001488356782 1.2827932690988169 -0.4895434117391553 
-0.7029988866684088 1.2831796260950705 -0.48954974505175075 
-0.7047455232513862 1.2822117167641676 -0.4895315529338209 
-0.7047455232513862 1.2822117167641676 -0.4895315529338209 
-0.7047455232513862 1.2822117167641676 -0.4895315529338209 
-0.7047460447885181 1.2822153063331374 -0.48954701486839736 
-0.7047394765153425 1.2821857405203996 -0.4895372665383386 
-0.7047394765153425 1.2821857405203996 -0.4895372665383386 
-0.7047394765153425 1.2821857405203996 -0.4895372665383386 
-0.7047499083498275 1.2822315706010876 -0.4895394230517893 
-0.7047499083498275 1.2822315706010876 -0.4895394230517893 
-0.7047499083498275 1.2822315706010874 -0.4895394230517893 
-0.7047499083498275 1.2822315706010874 -0.4895394230517893 
-0.7047407192351072 1.2821900977262215 -0.4895244858686316 
-0.7047407192351072 1.2821900977262215 -0.4895244858686316 
-0.7047407192351072 1.2821900977262215 -0.4895244858686316 
-0.7047407192351072 1.2821900977262215 -0.4895244858686316 
-0.7047477764476324 1.2822229461369443 -0.489547752728805 
-0.7047477764476324 1.2822229461369443 -0.489547752728805 
-0.7047453581777097 1.2822118078047748 -0.48954117209855075 
-0.7047453581777097 1.2822118078047748 -0.48954117209855075 
-0.7047488121956677 1.2822265218143385 -0.4895364401816147 
-0.7047488121956677 1.2822265218143385 -0.4895364401816147 
-0.7047488121956677 1.2822265218143385 -0.4895364401816147 
-0.7047488121956677 1.2822265218143385 -0.4895364401816147 
-0.7047464078670239 1.2822157912236496 -0.4895339601623834 
-0.7047464078670239 1.2822157912236496 -0.4895339601623834 
-0.7047464078670239 1.2822157912236496 -0.4895339601623834 
-0.7047449438266646 1.2822102354025873 -0.48954401891545873 
-0.7047449438266646 1.2822102354025873 -0.48954401891545873 
-0.7047449438266646 1.2822102354025873 -0.48954401891545873 
-0.7047444596207929 1.282207325603812 -0.48953466425896486 
-0.7047444596207927 1.282207325603812 -0.4895346642589645 
-0.7047444596207927 1.282207325603812 -0.4895346642589645 
-0.7047444596207927 1.282207325603812 -0.4895346642589645 
-0.7047435798128489 1.2822032732881319 -0.4895322701131668 
-0.7047435798128489 1.2822032732881319 -0.4895322701131668 
-0.7047435798128489 1.2822032732881319 -0.4895322701131668 
-0.7047435798128489 1.2822032732881319 -0.4895322701131668 
-0.704744897120918 1.2822093406897512 -0.4895358547904822 
-0.704744897120918 1.2822093406897512 -0.4895358547904822 
-0.7047422251735193 1.282196526116318 -0.48952257815776856 
-0.7047422251735193 1.282196526116318 -0.48952257815776856 
-0.7047444596207929 1.282207325603812 -0.48953466425896486 
-0.7047424927922743 1.2821986100990623 -0.48953337477125136 
-0.7047424927922743 1.2821986100990623 -0.48953337477125136 
-0.7047424927922743 1.2821986100990623 -0.48953337477125136 
-0.704741787673394 1.2821945110303787 -0.48952138762625164 
-0.704741787673394 1.2821945110303787 -0.48952138762625164 
-0.704741787673394 1.2821945110303787 -0.48952138762625164 
-0.704741787673394 1.2821945110303787 -0.48952138762625164 
-0.7047440360619468 1.2822057182593536 -0.48953757433847156 
-0.7047440360619468 1.2822057182593536 -0.48953757433847156 
-0.7047440360619468 1.2822057182593536 -0.48953757433847156 
-0.7047431049814634 1.2822005784319983 -0.48952497230356684 
-0.7047431049814634 1.2822005784319983 -0.48952497230356684 
-0.7047431049814634 1.2822005784319983 -0.48952497230356684 
-0.7047431049814634 1.2822005784319983 -0.48952497230356684 
-0.7047431049814634 1.2822005784319983 -0.48952497230356684 
-0.7047440360619468 1.2822057182593536 -0.48953757433847156 
-0.7047440360619468 1.2822057182593536 -0.48953757433847156 
-0.7047440360619466 1.2822057182593536 -0.4895375743384712 
-0.7047440360619466 1.2822057182593536 -0.4895375743384712 
-0.7047440360619466 1.2822057182593536 -0.4895375743384712 
-0.7031430615968027 1.2831104536251274 -0.489553851059934 
-0.7031430615968027 1.2831104536251274 -0.489553851059934 
-0.7031416114977225 1.2831053055455457 -0.4895680104240323 
-0.7047469385377412 1.2822197663902988 -0.4895535096252187 
-0.7047469385377412 1.2822197663902988 -0.4895535096252187 
-0.7047469385377412 1.2822197663902988 -0.4895535096252187 
-0.7047449158698907 1.2822097705750337 -0.4895399684842696 
-0.7047449158698907 1.2822097705750337 -0.4895399684842696 
-0.7047449158698907 1.2822097705750337 -0.4895399684842696 
-0.7047449158698907 1.2822097705750337 -0.4895399684842696 
-0.7047440360619468 1.2822057182593536 -0.48953757433847156 
-0.7047440360619468 1.2822057182593536 -0.48953757433847156 
-0.7047435937541279 1.2822036810296134 -0.48953637072419 
-0.7047435937541279 1.2822036810296134 -0.48953637072419 
-0.7047435937541279 1.2822036810296134 -0.48953637072419 
-0.704744017312974 1.2822052883740716 -0.4895334606446837 
-0.704744017312974 1.2822052883740716 -0.4895334606446837 
-0.704744017312974 1.2822052883740716 -0.4895334606446837 
-0.704744017312974 1.2822052883740716 -0.4895334606446837 
-0.7047477625063533 1.2822225383954637 -0.48954365211778084 
-0.7047477625063533 1.2822225383954637 -0.48954365211778084 
-0.7047450857512609 1.2822097016782286 -0.48953036240230396 
-0.7047450857512609 1.2822097016782286 -0.48953036240230396 
-0.7047450857512609 1.2822097016782286 -0.48953036240230396 
-0.7047450857512609 1.2822097016782286 -0.48953036240230396 
-0.704745965559205 1.2822137539939087 -0.48953275654810247 
-0.704745965559205 1.2822137539939087 -0.48953275654810247 
-0.7047459655592048 1.2822137539939087 -0.48953275654810213 
-0.7047459655592048 1.2822137539939087 -0.48953275654810213 
-0.7047426674813383 1.2821985633460586 -0.4895237817720497 
-0.7047426674813383 1.2821985633460586 -0.4895237817720497 
-0.7047426674813383 1.2821985633460586 -0.4895237817720497 
-0.7030851296136282 1.2831498235367946 -0.4895640652862753 
-0.7030851296136282 1.2831498235367946 -0.4895640652862753 
-0.7030022172698422 1.2831954743693137 -0.48956481402312213 
-0.7042277469759399 1.282476083889789 -0.4895344286195815 
-0.704741175484205 1.2821925426974428 -0.4895297900939357 
-0.704741175484205 1.2821925426974428 -0.4895297900939357 
-0.704741175484205 1.2821925426974428 -0.4895297900939357 
-0.7035023541929107 1.282890944677342 -0.48953918642553806 
-0.7029966847447017 1.2831694842339694 -0.4895437531458733 
-0.703808070553758 1.2827226641548097 -0.4895288012297774 
-0.7047443895992808 1.282205808206854 -0.4895203426760717 
-0.7047443895992808 1.282205808206854 -0.4895203426760717 
-0.7047430910401843 1.282200170690517 -0.48952087169254366 
-0.7047483886368217 1.2822249144698805 -0.4895393502611207 
-0.7047483886368217 1.2822249144698805 -0.4895393502611207 
-0.7047497384684573 1.2822316394978928 -0.48954902913375475 
-0.7047497384684571 1.2822316394978928 -0.4895490291337544 
-0.7047493149096112 1.2822300321534341 -0.4895519392132608 
-0.7047493149096112 1.2822300321534341 -0.4895519392132608 
-0.7047493149096112 1.2822300321534341 -0.4895519392132608 
-0.7047464403905905 1.2822164488500427 -0.489540054357702 
-0.7047464403905905 1.2822164488500427 -0.489540054357702 
-0.704744897120918 1.2822093406897512 -0.4895358547904822 
-0.7029973759223029 1.2831731755611722 -0.4895516396798496 
-0.7029973759223029 1.2831731755611722 -0.4895516396798496 
-0.7029973759223029 1.2831731755611722 -0.4895516396798496 
-0.7047257978075167 1.2822342593202674 -0.4895301321604286 
-0.7047257978075167 1.2822342593202674 -0.4895301321604286 
-0.7047257978075167 1.2822342593202674 -0.4895301321604286 
-0.7047479136387508 1.2822220396133759 -0.4895299323420288 
-0.7047435798128489 1.2822032732881319 -0.4895322701131668 
-0.7047435798128489 1.2822032732881319 -0.4895322701131668 
-0.7047435798128489 1.2822032732881319 -0.4895322701131668 
-0.7047435798128489 1.2822032732881319 -0.4895322701131668 
-0.7047435798128489 1.2822032732881319 -0.4895322701131668 
-0.7047431562540027 1.2822016659436735 -0.4895351801926733 
-0.7047431562540027 1.2822016659436735 -0.4895351801926733 
-0.7047431562540027 1.2822016659436735 -0.4895351801926733 
-0.7047470665210586 1.2822188249244593 -0.4895357525010411 
-0.7047444596207929 1.282207325603812 -0.48953466425896486 
-0.7047444596207929 1.282207325603812 -0.48953466425896486 
-0.7047444596207929 1.282207325603812 -0.48953466425896486 
-0.704741161542926 1.2821921349559622 -0.48952568948291253 
-0.704741161542926 1.2821921349559622 -0.48952568948291253 
-0.7047488121956677 1.2822265218143385 -0.4895364401816147 
-0.7047468966396885 1.2822188938212644 -0.48954535858300674 
-0.7047468966396885 1.2822188938212644 -0.48954535858300674 
-0.7047455232513862 1.2822117167641676 -0.4895315529338209 
-0.7047455232513862 1.2822117167641676 -0.4895315529338209 
-0.7047455232513862 1.2822117167641676 -0.4895315529338209 
-0.7047493149096112 1.2822300321534341 -0.4895519392132608 
-0.7047493149096112 1.2822300321534341 -0.4895519392132608 
-0.7047493149096112 1.2822300321534341 -0.4895519392132608 
-0.7047493149096112 1.2822300321534341 -0.4895519392132608 
-0.7047450857512609 1.2822097016782286 -0.48953036240230396 
-0.7047508020990507 1.282236030658249 -0.48954591780861123 
-0.7047508020990507 1.282236030658249 -0.48954591780861123 
-0.7047508020990507 1.282236030658249 -0.48954591780861123 
-0.7047475088288775 1.2822208621542 -0.489536956115322 
-0.7047475088288775 1.2822208621542 -0.489536956115322 
-0.7047475088288775 1.2822208621542 -0.489536956115322 
-0.7047475088288775 1.2822208621542 -0.489536956115322 
-0.7047497991154831 1.2822329419522096 -0.48956129386975467 
-0.7047497991154831 1.2822329419522096 -0.48956129386975467 
-0.7047508020990507 1.282236030658249 -0.48954591780861123 
-0.7047508020990507 1.282236030658249 -0.48954591780861123 
-0.7047479463290027 1.2822228772401392 -0.4895381466468396 
-0.7047479463290027 1.2822228772401392 -0.4895381466468396 
-0.7047479463290025 1.2822228772401392 -0.48953814664683926 
-0.7047479463290025 1.2822228772401392 -0.48953814664683926 
-0.7047470665210586 1.2822188249244593 -0.4895357525010411 
-0.7047470665210586 1.2822188249244593 -0.4895357525010411 
-0.7047470665210586 1.2822188249244593 -0.4895357525010411 
-0.7047483371975969 1.282223646957834 -0.48952702226252276 
-0.704745509310107 1.282211309022687 -0.4895274523227977 
-0.7047464403905905 1.2822164488500427 -0.489540054357702 
-0.7047464403905905 1.2822164488500427 -0.489540054357702 
-0.7047510605842204 1.2822377290433138 -0.4895526268938344 
-0.7047510605842204 1.2822377290433138 -0.4895526268938344 
-0.7047424927922743 1.2821986100990623 -0.48953337477125136 
-0.7047450670022882 1.2822092717929463 -0.4895262487085166 
-0.7047475088288775 1.2822208621542 -0.489536956115322 
-0.7047501947175553 1.2822340844691142 -0.4895543333590595 
-0.7047446434434421 1.282207664448488 -0.48952915878802283 
-0.7047440592110268 1.2822061609431052 -0.4895416116868967 
-0.7047464078670239 1.2822157912236496 -0.4895339601623834 
-0.7047453581777094 1.2822118078047748 -0.4895411720985504 
-0.7047479463290027 1.2822228772401392 -0.4895381466468396 
-0.7047440360619468 1.2822057182593536 -0.48953757433847156 
-0.7047475088288775 1.2822208621542 -0.489536956115322 
-0.704744017312974 1.2822052883740716 -0.4895334606446837 
-0.7047416177920237 1.2821945799271837 -0.4895309937082165 
-0.7047457817365558 1.2822134151492333 -0.4895382620190445 
-0.70474683142587 1.2822173985681082 -0.48953105008287734 
-0.7047450857512609 1.2822097016782286 -0.48953036240230396 
-0.7047467939279244 1.2822165387975428 -0.4895228226953028 
-0.7047484582507473 1.2822264225215059 -0.4895535824158881 
-0.7047435937541279 1.2822036810296134 -0.48953637072419 
-0.7047460168317443 1.282214841505584 -0.48954296443720846 
-0.7047499083498275 1.2822315706010874 -0.4895394230517893 
-0.7047484351016672 1.2822259798377542 -0.48954954506746273 
-0.7047503645989255 1.282234015572309 -0.4895447272770934 
-0.7047435798128489 1.2822032732881319 -0.4895322701131668 
-0.7031253157155816 1.283125878644177 -0.4895570040870957 
-0.7041932328125623 1.2825366749943194 -0.4895528491935661 
-0.7040835411113245 1.2825953667324375 -0.48955674634116864 
-0.7047450857512609 1.2822097016782286 -0.48953036240230396 
-0.7047431562540027 1.2822016659436735 -0.4895351801926733 
-0.7047464403905905 1.2822164488500427 -0.489540054357702 
-0.7047494847909813 1.282229963256629 -0.48954233313129536 
-0.704744017312974 1.2822052883740716 -0.4895334606446837 
-0.7047488586605133 1.2822275871822124 -0.48954663498795603 
-0.7047477764476324 1.2822229461369443 -0.489547752728805 
-0.7047499222911067 1.2822319783425686 -0.48954352366281273 
-0.7047464078670239 1.2822157912236496 -0.4895339601623834 
-0.7047499083498275 1.2822315706010876 -0.4895394230517893 
-0.704745509310107 1.282211309022687 -0.4895274523227977 
-0.7047503458499528 1.2822335856870268 -0.48954061358330625 
-0.7047488586605133 1.2822275871822124 -0.48954663498795603 
-0.7047426674813383 1.2821985633460586 -0.4895237817720497 
-0.7047499222911067 1.2822319783425686 -0.48954352366281273 
-0.7047435798128489 1.2822032732881319 -0.4895322701131668 
-0.7047454905611343 1.2822108791374047 -0.48952333862901076 
-0.7047483886368217 1.2822249144698805 -0.4895393502611207 
-0.7047444596207929 1.282207325603812 -0.48953466425896486 
-0.7030004995520067 1.2831882423069878 -0.48956817677373876 
-0.7030022312111214 1.2831958821107947 -0.489568914634146 
-0.704748020750622 1.2822244074355669 -0.48955239188437116 
-0.7047460447885181 1.2822153063331374 -0.48954701486839736 
-0.704745067002288 1.2822092717929463 -0.48952624870851624 
-0.7047450670022882 1.2822092717929463 -0.4895262487085166 
-0.7047464078670239 1.2822157912236496 -0.4895339601623834 
-0.7047469245964623 1.2822193586488178 -0.4895494090141963 
-0.7047489144998453 1.2822288674927282 -0.4895588866411924 
-0.703630708878936 1.28284469880233 -0.4895567358936701 
-0.7047449158698907 1.2822097705750337 -0.4895399684842696 
-0.7047435424815885 1.2822025935179375 -0.48952616283508443 
-0.7047455232513862 1.2822117167641676 -0.4895315529338209 
-0.7047460168317443 1.282214841505584 -0.48954296443720846 
-0.7047435937541279 1.2822036810296134 -0.48953637072419 
-0.7047477625063533 1.2822225383954637 -0.48954365211778084 
-0.7047431794030828 1.2822021086274256 -0.4895392175410984 
-0.7047453394287368 1.2822113779194921 -0.48953705840476336 
-0.7030028434003104 1.28319785044373 -0.4895605121664608 
-0.7047493149096112 1.2822300321534341 -0.4895519392132608 
-0.7047427419029577 1.2822000935414861 -0.48953802700958104 
-0.7047422251735193 1.282196526116318 -0.48952257815776856 
-0.7047412034409789 1.2821930075249963 -0.48953384052512505 
-0.7047435798128489 1.2822032732881319 -0.4895322701131668 
-0.7047436217109017 1.282204145857166 -0.48954042115537977 
-0.7047446434434421 1.282207664448488 -0.48952915878802283 
-0.7047416177920239 1.2821945799271837 -0.48953099370821684 
-0.7047492961606385 1.2822296022681519 -0.4895478255194736 
-0.704748020750622 1.2822244074355669 -0.48955239188437116 
-0.7047468826984093 1.2822184860797834 -0.48954125797198333 
-0.7047492496957928 1.282228536900278 -0.48953763071313183 
-0.7047406679625678 1.2821890102145455 -0.4895142779795252 
-0.7047422251735193 1.282196526116318 -0.48952257815776856 
-0.7047492496957928 1.282228536900278 -0.48953763071313183 
-0.7047416409411041 1.282195022610936 -0.4895350310566422 
-0.7047464078670239 1.2822157912236496 -0.4895339601623834 
-0.7047464822886433 1.2822173214190768 -0.48954820539991495 
-0.7047446434434421 1.282207664448488 -0.48952915878802283 
-0.704741161542926 1.2821921349559622 -0.48952568948291253 
-0.7047422112322401 1.282196118374837 -0.4895184775467454 
-0.7047494847909811 1.282229963256629 -0.489542333131295 
-0.7047435937541279 1.2822036810296134 -0.48953637072419 
-0.7047417689244214 1.2821940811450963 -0.48951727393246425 
-0.7047479463290027 1.2822228772401392 -0.4895381466468396 
-0.7047403236330347 1.2821889552093162 -0.4895314463793268 
-0.7047479463290027 1.2822228772401392 -0.4895381466468396 
-0.7047508813283638 1.2822375829974777 -0.4895601761289068 
-0.7047453394287368 1.2822113779194921 -0.48953705840476336 
-0.7047479323877236 1.2822224694986584 -0.48953404603581596 
-0.7047479463290027 1.2822228772401392 -0.4895381466468396 
-0.7047435937541279 1.2822036810296134 -0.48953637072419 
-0.7047493149096112 1.2822300321534341 -0.4895519392132608 
-0.7047499222911067 1.2822319783425686 -0.48954352366281273 
-0.704744017312974 1.2822052883740716 -0.4895334606446837 
-0.7047516867146885 1.2822401051177303 -0.48954832503717327 
-0.7047450670022882 1.2822092717929463 -0.4895262487085166 
-0.7047499083498275 1.2822315706010876 -0.4895394230517893 
-0.704744897120918 1.2822093406897512 -0.4895358547904822 
-0.7047430910401843 1.282200170690517 -0.48952087169254366 
-0.7047444596207929 1.282207325603812 -0.48953466425896486 
-0.7047523453687232 1.2822431388185402 -0.48955011737583143 
-0.7047464591395632 1.282216878735325 -0.4895441680514896 
-0.7047506370253742 1.2822361216988554 -0.48955553697334064 
-0.7047503458499528 1.2822335856870268 -0.48954061358330625 
-0.7047424788509953 1.2821982023575818 -0.48952927416022796 
-0.7047512256578968 1.2822376380027074 -0.4895430077291052 
-0.7047416177920239 1.2821945799271837 -0.48953099370821684 
-0.7047420552921492 1.2821965950131233 -0.4895321842397349 
-0.7047400605810724 1.2821870640254116 -0.4895226935299737 
-0.7047422251735193 1.282196526116318 -0.48952257815776856 
-0.7047488586605133 1.2822275871822124 -0.48954663498795603 
-0.7047512117166177 1.2822372302612262 -0.4895389071180811 
-0.7047426674813383 1.2821985633460586 -0.4895237817720497 
-0.7047497524097365 1.2822320472393738 -0.4895531297447786 
-0.704745965559205 1.2822137539939087 -0.48953275654810247 
-0.704745965559205 1.2822137539939087 -0.48953275654810247 
-0.7047457817365556 1.2822134151492333 -0.48953826201904416 
-0.704745509310107 1.282211309022687 -0.4895274523227977 
-0.7047473389475074 1.2822209310510053 -0.48954656219728787 
-0.7029993614997943 1.2831823209512043 -0.4895570428613507 
-0.7047435424815885 1.2822025935179375 -0.48952616283508443 
-0.7047507881577714 1.2822356229167677 -0.4895418171975868 
-0.7047435937541279 1.2822036810296134 -0.48953637072419 
-0.7047483886368217 1.2822249144698805 -0.4895393502611207 
-0.7047468966396885 1.2822188938212644 -0.48954535858300674 
-0.7047463891180511 1.2822153613383669 -0.4895298464685962 
-0.7047469245964623 1.2822193586488178 -0.4895494090141963 
-0.7047450857512609 1.2822097016782286 -0.48953036240230396 
-0.7047416177920239 1.2821945799271837 -0.48953099370821684 
-0.7047501759685826 1.2822336545838322 -0.48955021966527235 
-0.7047508813283638 1.2822375829974777 -0.4895601761289068 
-0.7047503645989255 1.282234015572309 -0.4895447272770934 
-0.7047429163511205 1.2822002174435208 -0.4895304646917449 
-0.7047470665210586 1.2822188249244593 -0.4895357525010411 
-0.7047460168317443 1.282214841505584 -0.48954296443720846 
-0.7047460168317443 1.282214841505584 -0.48954296443720846 
-0.7047456024806991 1.2822132691033967 -0.4895458112541161 
-0.7047449158698907 1.2822097705750337 -0.4895399684842696 
-0.7047431794030828 1.2822021086274256 -0.4895392175410984 
-0.7047431794030828 1.2822021086274256 -0.4895392175410984 
-0.704745965559205 1.2822137539939087 -0.48953275654810247 
-0.7047497803665103 1.282232512066927 -0.4895571801759675 
-0.7047460168317443 1.282214841505584 -0.48954296443720846 
-0.704751295679409 1.2822391553996653 -0.48955732931199836 
-0.7047446295021631 1.2822072567070069 -0.48952505817699987 
-0.7047444596207929 1.282207325603812 -0.48953466425896486 
-0.7047482000064783 1.2822245534814027 -0.48954484264929865 
-0.704744897120918 1.2822093406897512 -0.4895358547904822 
-0.7047415990430512 1.2821941500419016 -0.48952688001442923 
-0.7047484351016672 1.2822259798377542 -0.48954954506746273 
-0.7047420413508702 1.282196187271642 -0.4895280836287106 
-0.704745965559205 1.2822137539939087 -0.48953275654810247 
-0.7047483886368217 1.2822249144698805 -0.4895393502611207 
-0.7047435798128489 1.2822032732881319 -0.4895322701131668 
-0.7047435798128489 1.2822032732881319 -0.4895322701131668 
-0.7047501947175553 1.2822340844691142 -0.4895543333590595 
-0.7035489031875194 1.2828596114842048 -0.4895357601080855 
-0.7047446434434421 1.282207664448488 -0.48952915878802283 
-0.7047453581777097 1.2822118078047748 -0.48954117209855075 
-0.7047482000064785 1.2822245534814027 -0.489544842649299 
-0.7047446295021631 1.2822072567070069 -0.48952505817699987 
-0.7047424788509953 1.2821982023575818 -0.48952927416022796 
-0.7047484582507473 1.2822264225215059 -0.4895535824158881 
-0.7047484582507473 1.2822264225215059 -0.4895535824158881 
-0.7047501759685826 1.2822336545838322 -0.48955021966527235 
-0.7047507881577716 1.2822356229167677 -0.48954181719758716 
-0.7047477625063535 1.2822225383954637 -0.48954365211778117 
-0.7047477625063533 1.2822225383954637 -0.48954365211778084 
-0.7047499083498275 1.2822315706010876 -0.4895394230517893 
-0.7047435424815883 1.2822025935179375 -0.4895261628350841 
-0.7047499222911067 1.2822319783425686 -0.48954352366281273 
-0.7047440779599996 1.282206590828388 -0.48954572538068364 
-0.7047479323877236 1.2822224694986584 -0.48953404603581596 
-0.7047479323877236 1.2822224694986584 -0.48953404603581596 
-0.7047488261369467 1.2822269295558195 -0.48954054079263787 
-0.7047459328689532 1.2822129163671452 -0.4895245422432919 
-0.7047446434434421 1.282207664448488 -0.48952915878802283 
-0.7047457817365556 1.2822134151492333 -0.48953826201904416 
-0.70474683142587 1.2822173985681082 -0.48953105008287734 
-0.7047435937541279 1.2822036810296134 -0.48953637072419 
-0.704745965559205 1.2822137539939087 -0.48953275654810247 
-0.7047453394287368 1.2822113779194921 -0.48953705840476336 
-0.7047453394287368 1.2822113779194921 -0.48953705840476336 
-0.7047488261369467 1.2822269295558195 -0.48954054079263787 
-0.7047479463290027 1.2822228772401392 -0.4895381466468396 
-0.7047457817365558 1.2822134151492333 -0.4895382620190445 
-0.7047440592110268 1.2822061609431052 -0.4895416116868967 
-0.7047477764476324 1.2822229461369443 -0.489547752728805 
-0.7047480346919013 1.2822248151770477 -0.4895564924953941 
-0.7047416409411041 1.282195022610936 -0.4895350310566422 
