-0.7016222436818398 1.2447082072506865 -0.5025778584665583 
-0.7016222436818398 1.2447082072506865 -0.5025778584665583 
-0.70162486779821 1.2447197026548877 -0.5025789467085726 
-0.70162486779821 1.2447197026548877 -0.5025789467085726 
-0.70162486779821 1.2447197026548877 -0.5025789467085726 
-0.7016271135732631 1.2447304766479044 -0.5025910197269476 
-0.7016271135732631 1.2447304766479044 -0.5025910197269476 
-0.7016271135732631 1.2447304766479044 -0.5025910197269476 
-0.7016271135732631 1.2447304766479044 -0.5025910197269476 
-0.7016224280116522 1.244708545819701 -0.5025723529956141 
-0.7016224280116522 1.244708545819701 -0.5025723529956141 
-0.7016249206991545 1.2447207900886175 -0.5025891545976737 
-0.7016249206991545 1.2447207900886175 -0.5025891545976737 
-0.7016249206991545 1.2447207900886175 -0.5025891545976737 
-0.7016239819233289 1.244715651661159 -0.5025765525627961 
-0.7016239819233289 1.244715651661159 -0.5025765525627961 
-0.7016273988494751 1.2447327972925837 -0.5026038862700761 
-0.7016273988494751 1.2447327972925837 -0.5026038862700761 
-0.701622906877789 1.2447112399618383 -0.5025796508052001 
-0.701622906877789 1.2447112399618383 -0.5025796508052001 
-0.7016245039940747 1.2447192183086537 -0.5025920014145904 
-0.7016245039940747 1.2447192183086537 -0.5025920014145904 
-0.7016249493519385 1.244721254873807 -0.5025932050288606 
-0.7016249493519385 1.244721254873807 -0.5025932050288606 
-0.7016249493519385 1.244721254873807 -0.5025932050288606 
-0.7016249493519385 1.244721254873807 -0.5025932050288606 
-0.7016258017331893 1.2447248189457685 -0.5025915356606865 
-0.7016258017331893 1.2447248189457685 -0.5025915356606865 
-0.7016258017331893 1.2447248189457685 -0.5025915356606865 
-0.7016258017331893 1.2447248189457685 -0.5025915356606865 
-0.7016249493519385 1.244721254873807 -0.5025932050288606 
-0.7016249493519385 1.244721254873807 -0.5025932050288606 
-0.7016249493519385 1.244721254873807 -0.5025932050288606 
-0.7016245039940747 1.2447192183086537 -0.5025920014145904 
-0.7016245039940747 1.2447192183086537 -0.5025920014145904 
-0.7016245039940747 1.2447192183086537 -0.5025920014145904 
-0.7016224280116522 1.244708545819701 -0.5025723529956141 
-0.7016224280116522 1.244708545819701 -0.5025723529956141 
-0.7016224280116522 1.244708545819701 -0.5025723529956141 
-0.7016249493519385 1.244721254873807 -0.5025932050288606 
-0.7016249493519385 1.244721254873807 -0.5025932050288606 
-0.701626421709887 1.244726808496346 -0.5025831462757544 
-0.701626421709887 1.244726808496346 -0.5025831462757544 
-0.701626421709887 1.244726808496346 -0.5025831462757544 
-0.701626421709887 1.244726808496346 -0.5025831462757544 
-0.701625792022211 1.2447244333621785 -0.5025874481324284 
-0.701625792022211 1.2447244333621785 -0.5025874481324284 
-0.7016214010115673 1.244705028762315 -0.5025836153629901 
-0.7016214010115673 1.244705028762315 -0.5025836153629901 
-0.7016214010115673 1.244705028762315 -0.5025836153629901 
-0.7016214010115673 1.244705028762315 -0.5025836153629901 
-0.7016286674849401 1.244737582489363 -0.5025952192941294 
-0.7016286674849401 1.244737582489363 -0.5025952192941294 
-0.7016286674849401 1.244737582489363 -0.5025952192941294 
-0.7016286674849401 1.244737582489363 -0.5025952192941294 
-0.7016244801821371 1.2447187756600422 -0.502587964066167 
-0.7016244801821371 1.2447187756600424 -0.502587964066167 
-0.7016244801821371 1.2447187756600422 -0.502587964066167 
-0.7016244801821371 1.2447187756600422 -0.502587964066167 
-0.7016244801821371 1.2447187756600422 -0.502587964066167 
-0.7016244801821371 1.2447187756600422 -0.502587964066167 
-0.7016244272811927 1.2447176882263127 -0.5025777561770663 
-0.7016244272811927 1.2447176882263127 -0.5025777561770663 
-0.7016244272811927 1.2447176882263127 -0.5025777561770663 
-0.7016244272811927 1.2447176882263127 -0.5025777561770663 
-0.7016269389397864 1.2447303530072626 -0.5025985820447851 
-0.7016269389397864 1.2447303530072626 -0.5025985820447851 
-0.7016262470910531 1.2447268555109214 -0.5025927392749567 
-0.7016262470910531 1.2447268555109214 -0.5025927392749567 
-0.7016262470910531 1.2447268555109214 -0.5025927392749567 
-0.7016262470910531 1.2447268555109214 -0.5025927392749567 
-0.7016268573860581 1.244728800788344 -0.5025843237244969 
-0.7016268573860581 1.244728800788344 -0.5025843237244969 
-0.701625792022211 1.2447244333621785 -0.5025874481324284 
-0.701625792022211 1.2447244333621785 -0.5025874481324284 
-0.7016233954402615 1.2447141490323483 -0.5025890054616782 
-0.7016233954402615 1.2447141490323483 -0.5025890054616782 
-0.7016233954402615 1.2447141490323483 -0.5025890054616782 
-0.7016233954402615 1.2447141490323483 -0.5025890054616782 
-0.7016233954402615 1.2447141490323483 -0.5025890054616782 
-0.701622906877789 1.2447112399618383 -0.5025796508052001 
-0.701622906877789 1.2447112399618383 -0.5025796508052001 
-0.7016244272811927 1.2447176882263127 -0.5025777561770663 
-0.7016249061473298 1.2447203823684498 -0.5025850539866521 
-0.7016249061473298 1.2447203823684498 -0.5025850539866521 
-0.7016266730562457 1.244728462219329 -0.5025898291954412 
-0.7016266730562457 1.244728462219329 -0.5025898291954412 
-0.7016266730562457 1.244728462219329 -0.5025898291954412 
-0.7016266730562457 1.244728462219329 -0.5025898291954412 
-0.7016239819233289 1.244715651661159 -0.5025765525627961 
-0.701624238110534 1.2447173275207202 -0.5025832485652466 
-0.701624238110534 1.2447173275207202 -0.5025832485652466 
-0.7016253660570183 1.2447228266537709 -0.5025903582119438 
-0.7016253660570183 1.2447228266537709 -0.5025903582119438 
-0.7016253660570182 1.2447228266537709 -0.5025903582119438 
-0.7016253660570182 1.2447228266537709 -0.5025903582119438 
-0.701624523386746 1.2447196481653993 -0.5025961151083747 
-0.701624523386746 1.2447196481653993 -0.5025961151083747 
-0.701625792022211 1.2447244333621785 -0.5025874481324284 
-0.701625792022211 1.2447244333621785 -0.5025874481324284 
-0.701625792022211 1.2447244333621785 -0.5025874481324284 
-0.7016249784555881 1.2447220703141424 -0.5026014062509028 
-0.7016249784555881 1.2447220703141424 -0.5026014062509028 
-0.7016249784555881 1.2447220703141424 -0.5026014062509028 
-0.7016249784555881 1.2447220703141424 -0.5026014062509028 
-0.7016249784555881 1.2447220703141424 -0.5026014062509028 
-0.7016264023172158 1.2447263786396006 -0.5025790325819695 
-0.7016264023172158 1.2447263786396006 -0.5025790325819695 
-0.7016236375118647 1.2447155971716708 -0.5025937209625981 
-0.7016236375118647 1.2447155971716708 -0.5025937209625981 
-0.7016236375118647 1.2447155971716708 -0.5025937209625981 
-0.7016236375118647 1.2447155971716708 -0.5025937209625981 
-0.7016253850281097 1.2447232471658045 -0.5025943824776027 
-0.7016253850281097 1.2447232471658045 -0.5025943824776027 
-0.7016253850281097 1.2447232471658045 -0.5025943824776027 
-0.7016253850281097 1.2447232471658045 -0.5025943824776027 
-0.7016273556448661 1.2447319247872264 -0.5025957352278678 
-0.7016273027439218 1.2447308373534969 -0.5025855273387676 
-0.701621638242324 1.244706454765059 -0.5025883177811465 
-0.701621638242324 1.244706454765059 -0.5025883177811465 
-0.7016264023172158 1.2447263786396006 -0.5025790325819695 
-0.7016264023172158 1.2447263786396006 -0.5025790325819695 
-0.7016264023172158 1.2447263786396006 -0.5025790325819695 
-0.7016258017331893 1.2447248189457685 -0.5025915356606865 
-0.7016273556448661 1.2447319247872264 -0.5025957352278678 
-0.7016273556448661 1.2447319247872264 -0.5025957352278678 
-0.701626421709887 1.244726808496346 -0.5025831462757544 
-0.701626421709887 1.244726808496346 -0.5025831462757544 
-0.701627379456804 1.2447323674358381 -0.502599772576291 
-0.7016273556448661 1.2447319247872264 -0.5025957352278678 
-0.7016273556448661 1.2447319247872264 -0.5025957352278678 
-0.7016273556448661 1.2447319247872264 -0.5025957352278678 
-0.7016273556448661 1.2447319247872264 -0.5025957352278678 
-0.7016273556448661 1.2447319247872264 -0.5025957352278678 
-0.701626421709887 1.244726808496346 -0.5025831462757544 
-0.701626421709887 1.244726808496346 -0.5025831462757544 
-0.7016238121453413 1.2447157208123125 -0.5025861586447615 
-0.7016238121453413 1.2447157208123125 -0.5025861586447615 
-0.7016238121453413 1.2447157208123125 -0.5025861586447615 
-0.7016249061473298 1.2447203823684498 -0.5025850539866521 
-0.7016249061473298 1.2447203823684498 -0.5025850539866521 
-0.7016249061473298 1.2447203823684498 -0.5025850539866521 
-0.7016249061473298 1.2447203823684498 -0.5025850539866521 
-0.7016249493519385 1.244721254873807 -0.5025932050288606 
-0.7016249493519385 1.244721254873807 -0.5025932050288606 
-0.7016253660570183 1.2447228266537709 -0.5025903582119438 
-0.7016253660570183 1.2447228266537709 -0.5025903582119438 
-0.7016218177166471 1.2447066005422789 -0.5025807685460735 
-0.7016218177166471 1.2447066005422789 -0.5025807685460735 
-0.7016218177166471 1.2447066005422789 -0.5025807685460735 
-0.7016245039940747 1.2447192183086537 -0.5025920014145904 
-0.7016245039940747 1.2447192183086537 -0.5025920014145904 
-0.7016258017331893 1.2447248189457685 -0.5025915356606865 
-0.7016258017331893 1.2447248189457685 -0.5025915356606865 
-0.7016245039940747 1.2447192183086537 -0.5025920014145904 
-0.7016245039940747 1.2447192183086537 -0.5025920014145904 
-0.7016245039940747 1.2447192183086537 -0.5025920014145904 
-0.7016245039940747 1.2447192183086537 -0.5025920014145904 
-0.7016288518147523 1.2447379210583773 -0.502589713823185 
-0.7016269389397864 1.2447303530072626 -0.5025985820447851 
-0.7016262709029908 1.2447272981595328 -0.5025967766233794 
-0.7016262709029908 1.2447272981595328 -0.5025967766233794 
-0.7016262709029908 1.2447272981595328 -0.5025967766233794 
-0.7016262709029908 1.2447272981595328 -0.5025967766233794 
-0.7016273027439218 1.2447308373534969 -0.5025855273387676 
-0.7016273027439218 1.2447308373534969 -0.5025855273387676 
-0.7016244801821371 1.2447187756600422 -0.502587964066167 
-0.7016244801821371 1.2447187756600422 -0.502587964066167 
-0.7016236520636895 1.2447160048918384 -0.50259782157362 
-0.7016236520636895 1.2447160048918384 -0.50259782157362 
-0.7016236520636895 1.2447160048918384 -0.50259782157362 
-0.7016236520636895 1.2447160048918384 -0.50259782157362 
-0.7016224809125964 1.2447096332534306 -0.502582560884715 
-0.7016224809125964 1.2447096332534306 -0.502582560884715 
-0.7016224809125964 1.2447096332534306 -0.502582560884715 
-0.7016224809125964 1.2447096332534306 -0.502582560884715 
-0.7016233716283239 1.244713706383737 -0.5025849681132553 
-0.7016288518147523 1.2447379210583773 -0.502589713823185 
-0.7016288518147523 1.2447379210583773 -0.502589713823185 
-0.701626227698382 1.2447264256541761 -0.5025886255811711 
-0.701626227698382 1.2447264256541761 -0.5025886255811711 
-0.701626227698382 1.2447264256541761 -0.5025886255811711 
-0.7016288372629275 1.2447375133382095 -0.502585613212164 
-0.7016253660570183 1.2447228266537709 -0.5025903582119438 
-0.7016253660570183 1.2447228266537709 -0.5025903582119438 
-0.7016253660570183 1.2447228266537709 -0.5025903582119438 
-0.7016233954402615 1.2447141490323483 -0.5025890054616782 
-0.7016233954402615 1.2447141490323483 -0.5025890054616782 
-0.7016233954402615 1.2447141490323483 -0.5025890054616782 
-0.7016233716283239 1.244713706383737 -0.5025849681132553 
-0.7016233716283239 1.244713706383737 -0.5025849681132553 
-0.7016233716283239 1.244713706383737 -0.5025849681132553 
-0.7016235365654652 1.244713615096006 -0.5025753489485256 
-0.7016235365654652 1.244713615096006 -0.5025753489485256 
-0.7016233716283239 1.244713706383737 -0.5025849681132553 
-0.7016233954402615 1.2447141490323483 -0.5025890054616782 
-0.7016233954402615 1.2447141490323483 -0.5025890054616782 
-0.7016233954402615 1.2447141490323483 -0.5025890054616782 
-0.7016252937634027 1.2447213093632956 -0.5025760366290575 
-0.7016295533598211 1.2447416334830912 -0.5025976134399057 
-0.7016295533598211 1.2447416334830912 -0.5025976134399057 
-0.7016233954402615 1.2447141490323483 -0.5025890054616782 
-0.7016233954402615 1.2447141490323483 -0.5025890054616782 
-0.7016245039940747 1.2447192183086537 -0.5025920014145904 
-0.7016245039940747 1.2447192183086537 -0.5025920014145904 
-0.701626227698382 1.2447264256541761 -0.5025886255811711 
-0.701626227698382 1.2447264256541761 -0.5025886255811711 
-0.701626227698382 1.2447264256541761 -0.5025886255811711 
-0.7016266730562457 1.244728462219329 -0.5025898291954412 
-0.7016266730562457 1.244728462219329 -0.5025898291954412 
-0.7016213723587835 1.2447045639771257 -0.5025795649318032 
-0.7016213723587835 1.2447045639771257 -0.5025795649318032 
-0.7016268573860581 1.244728800788344 -0.5025843237244969 
-0.7016268573860581 1.244728800788344 -0.5025843237244969 
-0.7016249206991545 1.2447207900886175 -0.5025891545976737 
-0.7016249206991545 1.2447207900886175 -0.5025891545976737 
-0.7016214785968946 1.2447069188445141 -0.5026021008194956 
-0.7016214785968946 1.2447069188445141 -0.5026021008194956 
-0.7016240780288822 1.2447176116002463 -0.5025949114941053 
-0.7016240780288822 1.2447176116002463 -0.5025949114941053 
-0.7016240780288822 1.2447176116002463 -0.5025949114941053 
-0.7016240780288822 1.2447176116002463 -0.5025949114941053 
-0.7016253660570183 1.2447228266537709 -0.5025903582119438 
-0.7016253660570183 1.2447228266537709 -0.5025903582119438 
-0.7016222436818398 1.2447082072506865 -0.5025778584665583 
-0.7016222436818398 1.2447082072506865 -0.5025778584665583 
-0.7016265129745939 1.2447287462988552 -0.5026014921242996 
-0.7016265129745939 1.2447287462988552 -0.5026014921242996 
-0.701625792022211 1.2447244333621785 -0.5025874481324284 
-0.701625792022211 1.2447244333621785 -0.5025874481324284 
-0.701625792022211 1.2447244333621785 -0.5025874481324284 
-0.701625792022211 1.2447244333621785 -0.5025874481324284 
-0.7016281692261319 1.2447344584904798 -0.5025838077907587 
-0.7016281692261319 1.2447344584904798 -0.5025838077907587 
-0.7016249206991545 1.2447207900886175 -0.5025891545976737 
-0.7016249206991545 1.2447207900886175 -0.5025891545976737 
-0.7016229262704602 1.2447116698185838 -0.5025837644989852 
-0.7016229262704602 1.2447116698185838 -0.5025837644989852 
-0.7016229262704602 1.2447116698185838 -0.5025837644989852 
-0.7016269389397864 1.2447303530072626 -0.5025985820447851 
-0.7016269389397864 1.2447303530072626 -0.5025985820447851 
-0.7016262470910531 1.2447268555109214 -0.5025927392749567 
-0.70162486779821 1.2447197026548877 -0.5025789467085726 
-0.701624238110534 1.2447173275207202 -0.5025832485652466 
-0.7016249061473298 1.2447203823684498 -0.5025850539866521 
-0.7016249061473298 1.2447203823684498 -0.5025850539866521 
