-0.5916222436818397 1.2447082072506865 -0.5025778584665583 
-0.5916222436818397 1.2447082072506865 -0.5025778584665583 
-0.5916248677982101 1.2447197026548882 -0.5025789467085724 
-0.5916248677982101 1.2447197026548882 -0.5025789467085724 
-0.5916248677982101 1.2447197026548882 -0.5025789467085724 
-0.5916271135732631 1.2447304766479046 -0.5025910197269476 
-0.5916271135732631 1.2447304766479046 -0.5025910197269476 
-0.5916271135732631 1.2447304766479046 -0.5025910197269476 
-0.5916271135732631 1.2447304766479046 -0.5025910197269476 
-0.591622428011652 1.2447085458197011 -0.5025723529956141 
-0.591622428011652 1.2447085458197011 -0.5025723529956141 
-0.5916249206991544 1.2447207900886175 -0.5025891545976733 
-0.5916249206991544 1.2447207900886175 -0.5025891545976733 
-0.5916249206991544 1.2447207900886175 -0.5025891545976733 
-0.5916239819233288 1.2447156516611595 -0.5025765525627959 
-0.5916239819233288 1.2447156516611595 -0.5025765525627959 
-0.591627398849475 1.2447327972925837 -0.5026038862700761 
-0.591627398849475 1.2447327972925837 -0.5026038862700761 
-0.5916229068777892 1.2447112399618387 -0.5025796508052001 
-0.5916229068777892 1.2447112399618387 -0.5025796508052001 
-0.5916245039940747 1.2447192183086535 -0.5025920014145899 
-0.5916245039940747 1.2447192183086535 -0.5025920014145899 
-0.5916249493519385 1.2447212548738071 -0.5025932050288606 
-0.5916249493519385 1.2447212548738071 -0.5025932050288606 
-0.5916249493519385 1.2447212548738071 -0.5025932050288606 
-0.5916249493519385 1.2447212548738071 -0.5025932050288606 
-0.5916258017331892 1.2447248189457685 -0.5025915356606865 
-0.5916258017331892 1.2447248189457685 -0.5025915356606865 
-0.5916258017331892 1.2447248189457685 -0.5025915356606865 
-0.5916258017331892 1.2447248189457685 -0.5025915356606865 
-0.5916249493519385 1.2447212548738071 -0.5025932050288606 
-0.5916249493519385 1.2447212548738071 -0.5025932050288606 
-0.5916249493519385 1.2447212548738071 -0.5025932050288606 
-0.5916245039940747 1.2447192183086535 -0.5025920014145899 
-0.5916245039940747 1.2447192183086535 -0.5025920014145899 
-0.5916245039940747 1.2447192183086535 -0.5025920014145899 
-0.591622428011652 1.2447085458197011 -0.5025723529956141 
-0.591622428011652 1.2447085458197011 -0.5025723529956141 
-0.591622428011652 1.2447085458197011 -0.5025723529956141 
-0.5916249493519385 1.2447212548738071 -0.5025932050288606 
-0.5916249493519385 1.2447212548738071 -0.5025932050288606 
-0.5916264217098869 1.2447268084963463 -0.5025831462757544 
-0.5916264217098869 1.2447268084963463 -0.5025831462757544 
-0.5916264217098869 1.2447268084963463 -0.5025831462757544 
-0.5916264217098869 1.2447268084963463 -0.5025831462757544 
-0.5916257920222109 1.2447244333621788 -0.502587448132428 
-0.5916257920222109 1.2447244333621788 -0.502587448132428 
-0.5916214010115672 1.244705028762315 -0.5025836153629899 
-0.5916214010115672 1.244705028762315 -0.5025836153629899 
-0.5916214010115672 1.244705028762315 -0.5025836153629899 
-0.5916214010115672 1.244705028762315 -0.5025836153629899 
-0.59162866748494 1.244737582489363 -0.5025952192941294 
-0.59162866748494 1.244737582489363 -0.5025952192941294 
-0.59162866748494 1.244737582489363 -0.5025952192941294 
-0.59162866748494 1.244737582489363 -0.5025952192941294 
-0.5916244801821371 1.2447187756600424 -0.5025879640661668 
-0.5916244801821371 1.2447187756600426 -0.5025879640661668 
-0.5916244801821371 1.2447187756600424 -0.5025879640661668 
-0.5916244801821371 1.2447187756600424 -0.5025879640661668 
-0.5916244801821371 1.2447187756600424 -0.5025879640661668 
-0.5916244801821371 1.2447187756600424 -0.5025879640661668 
-0.5916244272811926 1.2447176882263127 -0.5025777561770657 
-0.5916244272811926 1.2447176882263127 -0.5025777561770657 
-0.5916244272811926 1.2447176882263127 -0.5025777561770657 
-0.5916244272811926 1.2447176882263127 -0.5025777561770657 
-0.5916269389397865 1.2447303530072629 -0.5025985820447842 
-0.5916269389397865 1.2447303530072629 -0.5025985820447842 
-0.5916262470910529 1.2447268555109214 -0.5025927392749563 
-0.5916262470910529 1.2447268555109214 -0.5025927392749563 
-0.5916262470910529 1.2447268555109214 -0.5025927392749563 
-0.5916262470910529 1.2447268555109214 -0.5025927392749563 
-0.5916268573860579 1.2447288007883437 -0.5025843237244969 
-0.5916268573860579 1.2447288007883437 -0.5025843237244969 
-0.5916257920222109 1.2447244333621788 -0.502587448132428 
-0.5916257920222109 1.2447244333621788 -0.502587448132428 
-0.5916233954402617 1.2447141490323488 -0.5025890054616784 
-0.5916233954402617 1.2447141490323488 -0.5025890054616784 
-0.5916233954402617 1.2447141490323488 -0.5025890054616784 
-0.5916233954402617 1.2447141490323488 -0.5025890054616784 
-0.5916233954402617 1.2447141490323488 -0.5025890054616784 
-0.5916229068777892 1.2447112399618387 -0.5025796508052001 
-0.5916229068777892 1.2447112399618387 -0.5025796508052001 
-0.5916244272811926 1.2447176882263127 -0.5025777561770657 
-0.5916249061473297 1.2447203823684503 -0.5025850539866521 
-0.5916249061473297 1.2447203823684503 -0.5025850539866521 
-0.5916266730562457 1.244728462219329 -0.5025898291954409 
-0.5916266730562457 1.244728462219329 -0.5025898291954409 
-0.5916266730562457 1.244728462219329 -0.5025898291954409 
-0.5916266730562457 1.244728462219329 -0.5025898291954409 
-0.5916239819233288 1.2447156516611595 -0.5025765525627959 
-0.5916242381105341 1.2447173275207204 -0.5025832485652466 
-0.5916242381105341 1.2447173275207204 -0.5025832485652466 
-0.5916253660570182 1.2447228266537709 -0.5025903582119435 
-0.5916253660570182 1.2447228266537709 -0.5025903582119435 
-0.5916253660570181 1.2447228266537709 -0.5025903582119435 
-0.5916253660570181 1.2447228266537709 -0.5025903582119435 
-0.5916245233867459 1.2447196481653995 -0.5025961151083749 
-0.5916245233867459 1.2447196481653995 -0.5025961151083749 
-0.5916257920222109 1.2447244333621788 -0.502587448132428 
-0.5916257920222109 1.2447244333621788 -0.502587448132428 
-0.5916257920222109 1.2447244333621788 -0.502587448132428 
-0.591624978455588 1.2447220703141426 -0.5026014062509025 
-0.591624978455588 1.2447220703141426 -0.5026014062509025 
-0.591624978455588 1.2447220703141426 -0.5026014062509025 
-0.591624978455588 1.2447220703141426 -0.5026014062509025 
-0.591624978455588 1.2447220703141426 -0.5026014062509025 
-0.5916264023172157 1.2447263786396006 -0.5025790325819688 
-0.5916264023172157 1.2447263786396006 -0.5025790325819688 
-0.5916236375118646 1.244715597171671 -0.5025937209625988 
-0.5916236375118646 1.244715597171671 -0.5025937209625988 
-0.5916236375118646 1.244715597171671 -0.5025937209625988 
-0.5916236375118646 1.244715597171671 -0.5025937209625988 
-0.5916253850281095 1.2447232471658045 -0.5025943824776027 
-0.5916253850281095 1.2447232471658045 -0.5025943824776027 
-0.5916253850281095 1.2447232471658045 -0.5025943824776027 
-0.5916253850281095 1.2447232471658045 -0.5025943824776027 
-0.5916273556448661 1.2447319247872268 -0.5025957352278676 
-0.5916273027439217 1.2447308373534969 -0.5025855273387674 
-0.591621638242324 1.2447064547650595 -0.5025883177811463 
-0.591621638242324 1.2447064547650595 -0.5025883177811463 
-0.5916264023172157 1.2447263786396006 -0.5025790325819688 
-0.5916264023172157 1.2447263786396006 -0.5025790325819688 
-0.5916264023172157 1.2447263786396006 -0.5025790325819688 
-0.5916258017331892 1.2447248189457685 -0.5025915356606865 
-0.5916273556448661 1.2447319247872268 -0.5025957352278676 
-0.5916273556448661 1.2447319247872268 -0.5025957352278676 
-0.5916264217098869 1.2447268084963463 -0.5025831462757544 
-0.5916264217098869 1.2447268084963463 -0.5025831462757544 
-0.5916273794568037 1.2447323674358381 -0.502599772576291 
-0.5916273556448661 1.2447319247872268 -0.5025957352278676 
-0.5916273556448661 1.2447319247872268 -0.5025957352278676 
-0.5916273556448661 1.2447319247872268 -0.5025957352278676 
-0.5916273556448661 1.2447319247872268 -0.5025957352278676 
-0.5916273556448661 1.2447319247872268 -0.5025957352278676 
-0.5916264217098869 1.2447268084963463 -0.5025831462757544 
-0.5916264217098869 1.2447268084963463 -0.5025831462757544 
-0.5916238121453413 1.2447157208123125 -0.5025861586447615 
-0.5916238121453413 1.2447157208123125 -0.5025861586447615 
-0.5916238121453413 1.2447157208123125 -0.5025861586447615 
-0.5916249061473297 1.2447203823684503 -0.5025850539866521 
-0.5916249061473297 1.2447203823684503 -0.5025850539866521 
-0.5916249061473297 1.2447203823684503 -0.5025850539866521 
-0.5916249061473297 1.2447203823684503 -0.5025850539866521 
-0.5916249493519385 1.2447212548738071 -0.5025932050288606 
-0.5916249493519385 1.2447212548738071 -0.5025932050288606 
-0.5916253660570182 1.2447228266537709 -0.5025903582119435 
-0.5916253660570182 1.2447228266537709 -0.5025903582119435 
-0.591621817716647 1.2447066005422787 -0.5025807685460739 
-0.591621817716647 1.2447066005422787 -0.5025807685460739 
-0.591621817716647 1.2447066005422787 -0.5025807685460739 
-0.5916245039940747 1.2447192183086535 -0.5025920014145899 
-0.5916245039940747 1.2447192183086535 -0.5025920014145899 
-0.5916258017331892 1.2447248189457685 -0.5025915356606865 
-0.5916258017331892 1.2447248189457685 -0.5025915356606865 
-0.5916245039940747 1.2447192183086535 -0.5025920014145899 
-0.5916245039940747 1.2447192183086535 -0.5025920014145899 
-0.5916245039940747 1.2447192183086535 -0.5025920014145899 
-0.5916245039940747 1.2447192183086535 -0.5025920014145899 
-0.5916288518147522 1.2447379210583773 -0.502589713823185 
-0.5916269389397865 1.2447303530072629 -0.5025985820447842 
-0.5916262709029907 1.2447272981595328 -0.5025967766233792 
-0.5916262709029907 1.2447272981595328 -0.5025967766233792 
-0.5916262709029907 1.2447272981595328 -0.5025967766233792 
-0.5916262709029907 1.2447272981595328 -0.5025967766233792 
-0.5916273027439217 1.2447308373534969 -0.5025855273387674 
-0.5916273027439217 1.2447308373534969 -0.5025855273387674 
-0.5916244801821371 1.2447187756600424 -0.5025879640661668 
-0.5916244801821371 1.2447187756600424 -0.5025879640661668 
-0.5916236520636895 1.2447160048918384 -0.5025978215736198 
-0.5916236520636895 1.2447160048918384 -0.5025978215736198 
-0.5916236520636895 1.2447160048918384 -0.5025978215736198 
-0.5916236520636895 1.2447160048918384 -0.5025978215736198 
-0.5916224809125965 1.2447096332534309 -0.5025825608847152 
-0.5916224809125965 1.2447096332534309 -0.5025825608847152 
-0.5916224809125965 1.2447096332534309 -0.5025825608847152 
-0.5916224809125965 1.2447096332534309 -0.5025825608847152 
-0.591623371628324 1.2447137063837375 -0.5025849681132553 
-0.5916288518147522 1.2447379210583773 -0.502589713823185 
-0.5916288518147522 1.2447379210583773 -0.502589713823185 
-0.5916262276983819 1.244726425654176 -0.5025886255811711 
-0.5916262276983819 1.244726425654176 -0.5025886255811711 
-0.5916262276983819 1.244726425654176 -0.5025886255811711 
-0.5916288372629275 1.2447375133382097 -0.5025856132121633 
-0.5916253660570182 1.2447228266537709 -0.5025903582119435 
-0.5916253660570182 1.2447228266537709 -0.5025903582119435 
-0.5916253660570182 1.2447228266537709 -0.5025903582119435 
-0.5916233954402617 1.2447141490323488 -0.5025890054616784 
-0.5916233954402617 1.2447141490323488 -0.5025890054616784 
-0.5916233954402617 1.2447141490323488 -0.5025890054616784 
-0.591623371628324 1.2447137063837375 -0.5025849681132553 
-0.591623371628324 1.2447137063837375 -0.5025849681132553 
-0.591623371628324 1.2447137063837375 -0.5025849681132553 
-0.5916235365654652 1.2447136150960065 -0.5025753489485256 
-0.5916235365654652 1.2447136150960065 -0.5025753489485256 
-0.591623371628324 1.2447137063837375 -0.5025849681132553 
-0.5916233954402617 1.2447141490323488 -0.5025890054616784 
-0.5916233954402617 1.2447141490323488 -0.5025890054616784 
-0.5916233954402617 1.2447141490323488 -0.5025890054616784 
-0.5916252937634027 1.2447213093632958 -0.5025760366290575 
-0.591629553359821 1.2447416334830914 -0.5025976134399057 
-0.591629553359821 1.2447416334830914 -0.5025976134399057 
-0.5916233954402617 1.2447141490323488 -0.5025890054616784 
-0.5916233954402617 1.2447141490323488 -0.5025890054616784 
-0.5916245039940747 1.2447192183086535 -0.5025920014145899 
-0.5916245039940747 1.2447192183086535 -0.5025920014145899 
-0.5916262276983819 1.244726425654176 -0.5025886255811711 
-0.5916262276983819 1.244726425654176 -0.5025886255811711 
-0.5916262276983819 1.244726425654176 -0.5025886255811711 
-0.5916266730562457 1.244728462219329 -0.5025898291954409 
-0.5916266730562457 1.244728462219329 -0.5025898291954409 
-0.5916213723587833 1.2447045639771257 -0.502579564931803 
-0.5916213723587833 1.2447045639771257 -0.502579564931803 
-0.5916268573860579 1.2447288007883437 -0.5025843237244969 
-0.5916268573860579 1.2447288007883437 -0.5025843237244969 
-0.5916249206991544 1.2447207900886175 -0.5025891545976733 
-0.5916249206991544 1.2447207900886175 -0.5025891545976733 
-0.5916214785968947 1.2447069188445146 -0.5026021008194954 
-0.5916214785968947 1.2447069188445146 -0.5026021008194954 
-0.5916240780288821 1.244717611600246 -0.5025949114941046 
-0.5916240780288821 1.244717611600246 -0.5025949114941046 
-0.5916240780288821 1.244717611600246 -0.5025949114941046 
-0.5916240780288821 1.244717611600246 -0.5025949114941046 
-0.5916253660570182 1.2447228266537709 -0.5025903582119435 
-0.5916253660570182 1.2447228266537709 -0.5025903582119435 
-0.5916222436818397 1.2447082072506865 -0.5025778584665583 
-0.5916222436818397 1.2447082072506865 -0.5025778584665583 
-0.5916265129745938 1.2447287462988554 -0.5026014921242994 
-0.5916265129745938 1.2447287462988554 -0.5026014921242994 
-0.5916257920222109 1.2447244333621788 -0.502587448132428 
-0.5916257920222109 1.2447244333621788 -0.502587448132428 
-0.5916257920222109 1.2447244333621788 -0.502587448132428 
-0.5916257920222109 1.2447244333621788 -0.502587448132428 
-0.5916281692261318 1.2447344584904798 -0.5025838077907583 
-0.5916281692261318 1.2447344584904798 -0.5025838077907583 
-0.5916249206991544 1.2447207900886175 -0.5025891545976733 
-0.5916249206991544 1.2447207900886175 -0.5025891545976733 
-0.5916229262704601 1.2447116698185838 -0.5025837644989852 
-0.5916229262704601 1.2447116698185838 -0.5025837644989852 
-0.5916229262704601 1.2447116698185838 -0.5025837644989852 
-0.5916269389397865 1.2447303530072629 -0.5025985820447842 
-0.5916269389397865 1.2447303530072629 -0.5025985820447842 
-0.5916262470910529 1.2447268555109214 -0.5025927392749563 
-0.5916248677982101 1.2447197026548882 -0.5025789467085724 
-0.5916242381105341 1.2447173275207204 -0.5025832485652466 
-0.5916249061473297 1.2447203823684503 -0.5025850539866521 
-0.5916249061473297 1.2447203823684503 -0.5025850539866521 
