-0.8948369682740795 0.89319457658256 -0.24476107148290704 
-0.8948019419453652 0.893387844827868 -0.24486193129494072 
-0.8948019419453652 0.893387844827868 -0.24486193129494072 
-0.8932208080530442 0.9008588328383486 -0.24886888908164506 
-0.892652260349587 0.9033364250433938 -0.2502103136541418 
-0.8925493021575216 0.9037194786675076 -0.25040989598808805 
-0.8921502260881653 0.905440592193143 -0.25132216104328275 
-0.8921502260881653 0.905440592193143 -0.25132216104328275 
-0.8921502260881653 0.905440592193143 -0.25132216104328275 
-0.8911879019351663 0.9092448010882068 -0.2533636221198279 
-0.8911879019351663 0.9092448010882068 -0.2533636221198279 
-0.8911879019351663 0.9092448010882068 -0.2533636221198279 
-0.8902322541429695 0.9128622463887742 -0.2552734604754484 
-0.8896468912652141 0.9149454780409876 -0.2563864764915532 
-0.8887841569422901 0.9179773402969804 -0.25799091602284174 
-0.8872886639244414 0.9228897335160877 -0.2605785270463755 
-0.8866305314512092 0.9249614354963845 -0.26167029841490885 
-0.8855294992877969 0.9283480190074354 -0.26344558428110343 
-0.8855294992877969 0.9283480190074354 -0.26344558428110343 
-0.8850120820015908 0.9298543313267739 -0.2642182685974678 
-0.8850120820015908 0.9298543313267739 -0.2642182685974678 
-0.8850120820015908 0.9298543313267739 -0.2642182685974678 
-0.8824119578114971 0.9371469370720895 -0.26801685823372345 
-0.8824119578114971 0.9371469370720895 -0.26801685823372345 
-0.8817831405530885 0.938823511188409 -0.26888545364331096 
-0.8817831405530885 0.938823511188409 -0.26888545364331096 
-0.8790728244393735 0.9456837987519839 -0.2724285566805742 
-0.8784034795045516 0.9473454600633395 -0.2732914996000594 
-0.8773974228200947 0.9497433744509123 -0.2745168330721601 
-0.8763662408152257 0.9521368221450144 -0.27573075770682276 
-0.8763662408152257 0.9521368221450144 -0.27573075770682276 
-0.8763662408152257 0.9521368221450144 -0.27573075770682276 
-0.873232083872152 0.9590819501693544 -0.27927353831035184 
-0.873232083872152 0.9590819501693544 -0.27927353831035184 
-0.8713371099014884 0.9630846709389635 -0.2812853643586981 
-0.8701848726130598 0.9654351154195223 -0.28247370294630736 
-0.8701848726130598 0.9654351154195223 -0.28247370294630736 
-0.8701848726130598 0.9654351154195223 -0.28247370294630736 
-0.8663155560020288 0.9729830722942573 -0.28625660401823994 
-0.865256294216249 0.9749407463602825 -0.2872405869665573 
-0.865256294216249 0.9749407463602825 -0.2872405869665573 
-0.8640048818191857 0.9772548507927716 -0.28839624472168957 
-0.8620238266568254 0.9808007979753696 -0.29014561789186355 
-0.8614182028829723 0.9818631224509835 -0.29066086689426107 
-0.8589574674815802 0.9860776200351523 -0.29274589481620794 
-0.8589574674815802 0.9860776200351523 -0.29274589481620794 
-0.8562007893992674 0.9906141854091125 -0.2949569241306028 
-0.8562007893992674 0.9906141854091125 -0.2949569241306028 
-0.8535883568221376 0.994766380237211 -0.2969823708913023 
-0.8522614813855953 0.996833131545835 -0.2979853501500658 
-0.8505778059312841 0.9994029185397946 -0.2992340954722562 
-0.8492079820786851 1.0014523113883138 -0.30021620421793593 
-0.8492079820786851 1.0014523113883138 -0.30021620421793593 
-0.8439132254421192 1.0090536441996791 -0.3038502851792725 
-0.8439132254421192 1.0090536441996791 -0.3038502851792725 
-0.8428223067955967 1.0105512730568051 -0.30457858808080485 
-0.8408679494166851 1.0132224232545826 -0.30582806006416496 
-0.8408679494166851 1.0132224232545826 -0.30582806006416496 
-0.8396342635675442 1.01487592578696 -0.30662289503858275 
-0.8396342635675442 1.01487592578696 -0.30662289503858275 
-0.8359760819878853 1.0196419435426591 -0.3088661921168665 
-0.8359760819878853 1.0196419435426591 -0.3088661921168665 
-0.8318300858376774 1.0248408225026635 -0.3112860357771309 
-0.8318300858376774 1.0248408225026635 -0.3112860357771309 
-0.8299887315973246 1.0271005999429519 -0.3123250519451668 
-0.8299887315973246 1.0271005999429519 -0.3123250519451668 
-0.824714048340858 1.0333009608564132 -0.3151751227969126 
-0.824714048340858 1.0333009608564132 -0.3151751227969126 
-0.821115883760765 1.037378101810721 -0.3170391023034752 
-0.8197095207611714 1.0389312163721451 -0.3177464252624207 
-0.8165729009429709 1.0423274578792578 -0.3192636216707154 
-0.8145526516358572 1.0444647494462596 -0.3202309121757 
-0.8145526516358572 1.0444647494462596 -0.3202309121757 
-0.811191320498661 1.047954165754341 -0.32177694358777786 
-0.8083736867735176 1.050802308147824 -0.32304152090818206 
-0.8071726014497211 1.0519882473886337 -0.3235727196494076 
-0.8071726014497211 1.0519882473886337 -0.3235727196494076 
-0.8009341961451251 1.0580152881481208 -0.3262066560191702 
-0.7996943903828646 1.059177143155505 -0.3267001682898609 
-0.7978236794154976 1.0609056543971556 -0.3274455426425177 
-0.7961017709020175 1.0624798570179257 -0.3281318123739454 
-0.7961017709020175 1.0624798570179257 -0.3281318123739454 
-0.7937291426883817 1.0646100376166219 -0.32904601127844635 
-0.7937291426883817 1.0646100376166219 -0.32904601127844635 
-0.7872931595802022 1.0702019655208805 -0.3314024802241571 
-0.784020701328901 1.0729487949448098 -0.33254437231332823 
-0.7817081542756368 1.0748465332810957 -0.3333406232815659 
-0.7817081542756368 1.0748465332810957 -0.3333406232815659 
-0.7788831038143271 1.0771384588755575 -0.3342827679684146 
-0.7788831038143271 1.0771384588755575 -0.3342827679684146 
-0.7703904744969698 1.0837014094954132 -0.33694218411774235 
-0.7669369049316813 1.086265687951047 -0.3379685211866319 
-0.7639750514346062 1.088421140168979 -0.3388110712833171 
-0.7639750514346062 1.088421140168979 -0.3388110712833171 
-0.7597434072987336 1.0914045637615115 -0.3399802414723446 
-0.7597434072987336 1.0914045637615115 -0.3399802414723446 
-0.7545744404977682 1.0949459181711163 -0.3413432439678724 
-0.7545744404977682 1.0949459181711163 -0.3413432439678724 
-0.7486073921109052 1.0988771543703446 -0.34282237617808065 
-0.7440232497709895 1.101775075036039 -0.34390001933299197 
-0.7421803582969912 1.1029182640798436 -0.34433021320962964 
-0.7375413949357311 1.1057455207789735 -0.34534771838203737 
-0.7345340770090169 1.1075048636085434 -0.3459747645924873 
-0.728681480100104 1.110872354197098 -0.3471479871553871 
-0.7242917612882752 1.113303525447261 -0.34797458960416394 
-0.7200486445122638 1.1155625741274602 -0.3487337019506376 
-0.7200486445122638 1.1155625741274602 -0.3487337019506376 
-0.7153925627526398 1.1179837889703261 -0.3495219747148557 
-0.7153925627526398 1.1179837889703261 -0.3495219747148557 
-0.7093272047755461 1.1210215060365363 -0.3505004387973266 
-0.7093272047755461 1.1210215060365363 -0.3505004387973266 
-0.70498147378248 1.123117114967198 -0.3511277481226147 
-0.6986100266246046 1.1260640666719277 -0.35201539750722277 
-0.6953986500366943 1.1274914894570418 -0.3524301333257912 
-0.6953986500366943 1.1274914894570418 -0.3524301333257912 
-0.6889396165585416 1.1302715704489525 -0.35321490606220596 
-0.6889396165585416 1.1302715704489525 -0.35321490606220596 
-0.6830342784466694 1.1326923417814654 -0.3538456346693498 
-0.6830342784466694 1.1326923417814654 -0.3538456346693498 
-0.6770896743371039 1.1350202455772738 -0.3544423637213726 
-0.6756472239955902 1.1355700591649402 -0.35456184271891644 
-0.6675729730913667 1.1385224262338416 -0.35523576689024783 
-0.662149935393704 1.1403908449896234 -0.35562959956781914 
-0.6552262090520908 1.142655902336677 -0.35605128112224715 
-0.6537533926822952 1.1431219553179506 -0.3561391223239384 
-0.6435874759525331 1.1461422236828158 -0.3565944682556612 
-0.6425289730016543 1.1464545314523722 -0.3566309834232534 
-0.6359121254550337 1.148237537160314 -0.3568377533228625 
-0.6359121254550337 1.148237537160314 -0.3568377533228625 
-0.6286213743656478 1.1500701493515508 -0.35697620307638867 
-0.6286213743656478 1.1500701493515508 -0.35697620307638867 
-0.6221630006544883 1.1515824721742423 -0.3570265196010497 
-0.6208664904490114 1.1518652798048588 -0.35704037515131537 
-0.6137304033918927 1.1533850216032262 -0.35700777609263723 
-0.6137304033918927 1.1533850216032262 -0.35700777609263723 
-0.6063442824578344 1.1547919431308422 -0.35690016730790197 
-0.6061286864856802 1.1548374595033724 -0.35689936692590585 
-0.5960572199561895 1.1565515747173807 -0.3566156128387431 
-0.5958844992792625 1.156563743362815 -0.35661898076367393 
-0.5875733635979756 1.1577569390821383 -0.35626752466284717 
-0.5810029099438476 1.1585919809146803 -0.3559219950757042 
-0.5746383657010592 1.159276927468781 -0.3555267511596395 
-0.5700253689980841 1.159709707794955 -0.3552179042252538 
-0.5665091028876057 1.1600015969436244 -0.35494685803818016 
-0.5665091028876057 1.1600015969436244 -0.35494685803818016 
-0.5579353565632108 1.160587765776777 -0.3542245706569287 
-0.5539788717123 1.1608026533192466 -0.3538540857714789 
-0.5502412305376809 1.1609628244306553 -0.3534854132811386 
-0.5445256452621 1.161136496884991 -0.3528872431941261 
-0.5388134191749069 1.161227639963425 -0.35224099312127544 
-0.536398324031888 1.1612392713108322 -0.3519470805728149 
-0.5315704069467484 1.161223708443397 -0.3513531070324205 
-0.5223700955061814 1.1610301304571813 -0.3501004419558459 
-0.5201824855441961 1.1609490708910108 -0.34978604577985684 
-0.5134116272886675 1.160629163122707 -0.34876628505030827 
-0.5112301934145553 1.1605001441363803 -0.348429460416503 
-0.5097034967540082 1.1603981448813305 -0.34819409227158327 
-0.503393656213224 1.1599379164885761 -0.34715372455811055 
-0.503393656213224 1.1599379164885761 -0.34715372455811055 
-0.49731834042373324 1.1593788585043234 -0.34609220903498084 
-0.495802188169786 1.1592279906938023 -0.3458208950831655 
-0.49299088853140766 1.1589212842205077 -0.3452987363203289 
-0.48888783293835786 1.1584482064540274 -0.3445318140181274 
-0.4830746914790597 1.1576940171101373 -0.3433982188494502 
-0.48199879201897994 1.1575511881179756 -0.34319324645897964 
-0.4747173453095554 1.1564534443842964 -0.34167197039095676 
-0.4747173164250714 1.156461103345299 -0.34167048433205827 
-0.4683223835729665 1.1553816486541708 -0.3402761391145277 
-0.46407827245252464 1.154586251760318 -0.33931199459232697 
-0.46217278927182986 1.1542188290541224 -0.33887069841422623 
-0.4575269564352301 1.153285857205502 -0.337773802487067 
-0.4558433741551965 1.152932355120563 -0.337361808568887 
-0.44996991469305425 1.151624095362877 -0.3359024290332784 
-0.4464209379521208 1.1507886242676528 -0.33498750779185704 
-0.44350513857559204 1.1500739737897723 -0.3342339841732963 
-0.4412224895824595 1.149496258153312 -0.33362386359781215 
-0.43894682253953826 1.1488990431082453 -0.3330036000768257 
-0.4352302527888982 1.1478914149488038 -0.3319961230190278 
-0.42928065494354833 1.1461978973977631 -0.3303061845492429 
-0.42601806871734216 1.1452224634621433 -0.32934554276358885 
-0.4241861652048874 1.1446574477798963 -0.3288114851594516 
-0.4199327332730671 1.1433071634290466 -0.32752735853430126 
-0.41791483762184156 1.1426492348301553 -0.32690837066652645 
-0.41289921102334387 1.140941115171122 -0.3253287673130538 
-0.40950627934653633 1.1397515047748539 -0.3242351607859957 
-0.4061355808179672 1.138513814617267 -0.32311909541746064 
-0.4059361677026152 1.1384345637199538 -0.3230634372183232 
-0.3994372639468339 1.1359518759382319 -0.3208647031992229 
-0.39944198390580354 1.1359469687954695 -0.3208528424066929 
-0.39281852250724336 1.133263752466023 -0.3185218160785207 
-0.3901156272773991 1.132114861616456 -0.3175417298271508 
-0.3860858913071059 1.1303489812665652 -0.31605449052684653 
-0.38417494676112024 1.1294980425694165 -0.3153397529635219 
-0.37906016230245904 1.1271252810948078 -0.3133730207171763 
-0.37905775959747684 1.1271301828513935 -0.3133754909355482 
-0.37213243308401733 1.123753819904028 -0.31062022868539774 
-0.3704620608996768 1.1229088345934721 -0.30994419834731846 
-0.36567625235425005 1.1204263012742546 -0.3079462698912694 
-0.36420736200867565 1.1196523390257487 -0.3073389200020954 
-0.3593086931666742 1.1169667484725287 -0.3052299879065232 
-0.3593086931666742 1.1169667484725287 -0.3052299879065232 
-0.35251026136367924 1.1130807977595114 -0.30218542144282645 
-0.35109610138998937 1.1122381659808604 -0.30153638177166664 
-0.34583404701453563 1.1090285558403223 -0.29908333196509074 
-0.34305623216077263 1.1072846690959934 -0.29775838368598706 
-0.3409884803113414 1.105958090808041 -0.2967560608203519 
-0.3389429922145127 1.1045972390290757 -0.29574680920878127 
-0.3328566037713814 1.1004876176109573 -0.2926770503814844 
-0.33234634926120116 1.100150683321149 -0.29242430640313155 
-0.3277105245610943 1.0968436018910483 -0.2899893094777196 
-0.32574115379138213 1.0954073350132323 -0.2889410582274332 
-0.32574115379138213 1.0954073350132323 -0.2889410582274332 
-0.32330770447223334 1.0935910412796803 -0.287604013870447 
-0.3192824119807769 1.0905253369535886 -0.2853801688786567 
-0.3186422765827765 1.0900291670336222 -0.28502551143375954 
-0.3186422765827765 1.0900291670336222 -0.28502551143375954 
-0.3186422765827765 1.0900291670336222 -0.28502551143375954 
-0.315166323136043 1.087261162462095 -0.2830428800086914 
-0.31235453482670306 1.0849727280509496 -0.28140075497579287 
-0.31235453482670306 1.0849727280509496 -0.28140075497579287 
-0.3091143439332945 1.0822544246592314 -0.27948285441764 
-0.30789081102706484 1.0812163839879212 -0.2787392506387446 
-0.30789081102706484 1.0812163839879212 -0.2787392506387446 
-0.30789081102706484 1.0812163839879212 -0.2787392506387446 
-0.30381324281163247 1.0776546417186081 -0.27622334739181553 
-0.30114187192316266 1.0752328480125999 -0.27453484063673084 
-0.29849666459103397 1.0727875131911926 -0.2728420699348717 
-0.29777154117754334 1.0721074987946206 -0.2723577854406175 
-0.2926068915404299 1.0671252289650934 -0.26891280124838324 
-0.2904931422965185 1.0650224925569198 -0.2674611642540078 
-0.28910144037216445 1.0636042003272372 -0.2664901296776173 
-0.28566737606296877 1.060019570467888 -0.2640558206978155 
-0.2835044036367188 1.0577009954945256 -0.2624860473737647 
-0.2821644733750297 1.056252097116763 -0.2614905639758839 
-0.27913566979366394 1.0528539440688125 -0.25921896301555736 
-0.2770629661693814 1.050481819696522 -0.2576087879007639 
-0.2745083805600409 1.0474781863849811 -0.2556063849955489 
-0.27400406818605066 1.0468764601232636 -0.25519918773299743 
-0.2720045553639543 1.0444458381048032 -0.2535824103290347 
-0.26953779949225604 1.0413848332112958 -0.25155842849328713 
-0.2666559506111574 1.0376627665000695 -0.24910473306603897 
-0.26618047545302204 1.0370377387228165 -0.24869760418116105 
-0.2641799723024916 1.0343736332481692 -0.24695672551225056 
-0.2631403415982762 1.0329636686518446 -0.2460123492250489 
-0.2617608592452498 1.0310615882200174 -0.24477956324880024 
-0.25839523973760997 1.0262694164770567 -0.24166276549138288 
-0.257732890521393 1.025303243038487 -0.24104023213493408 
-0.25460282175092874 1.0206069576240298 -0.23799678431938331 
-0.2542825531123417 1.0201161102450607 -0.23768634778620856 
-0.2515823605796441 1.0158432903389256 -0.2349442602781754 
-0.25035892915261565 1.0138583206169516 -0.23367807498255577 
-0.24945237156123323 1.0123675024571888 -0.23272183890982878 
-0.2486594586152382 1.011029612162889 -0.23187743910388814 
-0.24729027150115984 1.0086901169871751 -0.23038174458128446 
-0.2454688633455681 1.005497362105684 -0.22834721908506606 
-0.2444316432916469 1.0036336345149404 -0.2271781037827043 
-0.2444316432916469 1.0036336345149404 -0.2271781037827043 
-0.242501696176953 1.0000586748790963 -0.22492817224531747 
-0.24178679818104892 0.9986876322731025 -0.22406691345758523 
-0.2395820394569237 0.9944003636439207 -0.22136397974415023 
-0.23829307188916193 0.9918080429836339 -0.21974711485202703 
-0.23737963196260103 0.9898952336590066 -0.2185519714159173 
-0.23688551676865988 0.9888476238039938 -0.21790415785080341 
-0.23639382708039236 0.9877983926865898 -0.21725766198177265 
-0.23639382708039236 0.9877983926865898 -0.21725766198177265 
-0.2355812291876569 0.9860502139079206 -0.21617551567766569 
-0.23423486468237165 0.9830688605184479 -0.21432439508260526 
-0.23323829035237453 0.9807738894074463 -0.2129073177740265 
-0.23210317820965232 0.9781247993716067 -0.21126765037142248 
-0.2318821982096395 0.9775871455316365 -0.21094687121403966 
-0.23028823559041123 0.973672520566736 -0.2085388465417103 
-0.22931024108166054 0.971165144476495 -0.20700809380347296 
-0.22903835170218612 0.9704463632895929 -0.20656920902511888 
-0.2280267028375853 0.967754408481632 -0.20491665392668745 
-0.22697649589052338 0.9648689759651566 -0.2031598870059479 
-0.22615344128459103 0.9625095709602492 -0.201737442579341 
-0.22546840745579566 0.9605189508715182 -0.2005206510493035 
-0.22511113520914028 0.9594216469545296 -0.1998635435850632 
-0.22399014400260042 0.9559581879627085 -0.19776619232736625 
-0.22346981876362304 0.9543111180989854 -0.19677891494623923 
-0.22263784309044987 0.9515620051246674 -0.19512004971199426 
-0.22247055675687455 0.9510124101484683 -0.19478945629590705 
-0.22132430706413508 0.9469567866614123 -0.19235687369537557 
-0.22086360894216717 0.9452914357997899 -0.191370475107851 
-0.21999120855407683 0.9419518414642912 -0.18938707199789384 
-0.2195310548354249 0.9400919271156818 -0.18828130707552282 
-0.21893591914421973 0.9376817652423123 -0.18683500711737433 
-0.21846069597132212 0.9356263994674671 -0.18562293278971131 
-0.21787303365312027 0.9330109160289881 -0.18407526147996445 
-0.21740005152491348 0.9307640509564377 -0.18274382344361428 
-0.21705368470201092 0.9290756594578163 -0.1817487959671925 
-0.21656687670817043 0.9266320677886217 -0.18031628517841625 
-0.2162513644732038 0.9249370506344665 -0.1793213092383268 
-0.2161820148175868 0.924560322473182 -0.17910026478685181 
-0.215553191566624 0.9209755016796797 -0.17700069642909777 
-0.21524255512741797 0.9190913644496195 -0.17588608818089724 
-0.2149624887347935 0.9173877836674431 -0.17489837211572556 
