-0.8948369682740797 0.96319457658256 -0.24476107148290704 
-0.8948019419453652 0.963387844827868 -0.24486193129494083 
-0.8948019419453652 0.963387844827868 -0.24486193129494083 
-0.8932208080530439 0.9708588328383485 -0.24886888908164506 
-0.892652260349587 0.9733364250433941 -0.2502103136541416 
-0.8925493021575216 0.9737194786675075 -0.25040989598808805 
-0.8921502260881653 0.9754405921931432 -0.251322161043283 
-0.8921502260881653 0.9754405921931432 -0.251322161043283 
-0.8921502260881653 0.9754405921931432 -0.251322161043283 
-0.8911879019351663 0.9792448010882069 -0.2533636221198279 
-0.8911879019351663 0.9792448010882069 -0.2533636221198279 
-0.8911879019351663 0.9792448010882069 -0.2533636221198279 
-0.8902322541429695 0.9828622463887742 -0.25527346047544863 
-0.8896468912652145 0.9849454780409876 -0.25638647649155333 
-0.8887841569422901 0.9879773402969805 -0.25799091602284174 
-0.8872886639244414 0.9928897335160879 -0.2605785270463751 
-0.8866305314512092 0.9949614354963848 -0.2616702984149084 
-0.8855294992877969 0.9983480190074355 -0.2634455842811033 
-0.8855294992877969 0.9983480190074355 -0.2634455842811033 
-0.885012082001591 0.9998543313267738 -0.264218268597468 
-0.885012082001591 0.9998543313267738 -0.264218268597468 
-0.885012082001591 0.9998543313267738 -0.264218268597468 
-0.8824119578114971 1.0071469370720896 -0.26801685823372334 
-0.8824119578114971 1.0071469370720896 -0.26801685823372334 
-0.8817831405530886 1.0088235111884092 -0.26888545364331073 
-0.8817831405530886 1.0088235111884092 -0.26888545364331073 
-0.8790728244393735 1.015683798751984 -0.2724285566805742 
-0.8784034795045517 1.0173454600633396 -0.2732914996000594 
-0.8773974228200948 1.0197433744509121 -0.27451683307216046 
-0.876366240815226 1.0221368221450144 -0.275730757706823 
-0.876366240815226 1.0221368221450144 -0.275730757706823 
-0.876366240815226 1.0221368221450144 -0.275730757706823 
-0.8732320838721523 1.0290819501693542 -0.27927353831035207 
-0.8732320838721523 1.0290819501693542 -0.27927353831035207 
-0.8713371099014884 1.0330846709389634 -0.2812853643586981 
-0.8701848726130599 1.0354351154195225 -0.2824737029463077 
-0.8701848726130599 1.0354351154195225 -0.2824737029463077 
-0.8701848726130599 1.0354351154195225 -0.2824737029463077 
-0.866315556002029 1.0429830722942575 -0.28625660401824005 
-0.865256294216249 1.0449407463602824 -0.2872405869665575 
-0.865256294216249 1.0449407463602824 -0.2872405869665575 
-0.8640048818191859 1.0472548507927717 -0.28839624472168957 
-0.8620238266568259 1.0508007979753695 -0.2901456178918639 
-0.8614182028829723 1.0518631224509836 -0.29066086689426107 
-0.8589574674815803 1.0560776200351525 -0.29274589481620794 
-0.8589574674815803 1.0560776200351525 -0.29274589481620794 
-0.8562007893992676 1.0606141854091127 -0.2949569241306028 
-0.8562007893992676 1.0606141854091127 -0.2949569241306028 
-0.8535883568221376 1.064766380237211 -0.2969823708913025 
-0.8522614813855955 1.066833131545835 -0.2979853501500659 
-0.8505778059312841 1.0694029185397946 -0.2992340954722562 
-0.8492079820786855 1.0714523113883139 -0.3002162042179364 
-0.8492079820786855 1.0714523113883139 -0.3002162042179364 
-0.8439132254421193 1.0790536441996792 -0.3038502851792725 
-0.8439132254421193 1.0790536441996792 -0.3038502851792725 
-0.8428223067955969 1.0805512730568054 -0.30457858808080507 
-0.8408679494166852 1.0832224232545826 -0.3058280600641652 
-0.8408679494166852 1.0832224232545826 -0.3058280600641652 
-0.8396342635675446 1.0848759257869602 -0.30662289503858275 
-0.8396342635675446 1.0848759257869602 -0.30662289503858275 
-0.8359760819878854 1.0896419435426592 -0.3088661921168665 
-0.8359760819878854 1.0896419435426592 -0.3088661921168665 
-0.8318300858376774 1.0948408225026636 -0.3112860357771309 
-0.8318300858376774 1.0948408225026636 -0.3112860357771309 
-0.8299887315973247 1.097100599942952 -0.3123250519451669 
-0.8299887315973247 1.097100599942952 -0.3123250519451669 
-0.8247140483408582 1.1033009608564135 -0.3151751227969124 
-0.8247140483408582 1.1033009608564135 -0.3151751227969124 
-0.8211158837607648 1.107378101810721 -0.3170391023034751 
-0.8197095207611715 1.1089312163721452 -0.3177464252624206 
-0.8165729009429709 1.112327457879258 -0.3192636216707151 
-0.8145526516358575 1.1144647494462598 -0.3202309121757002 
-0.8145526516358575 1.1144647494462598 -0.3202309121757002 
-0.8111913204986612 1.117954165754341 -0.3217769435877782 
-0.8083736867735176 1.1208023081478238 -0.32304152090818217 
-0.8071726014497212 1.1219882473886338 -0.3235727196494076 
-0.8071726014497212 1.1219882473886338 -0.3235727196494076 
-0.8009341961451254 1.128015288148121 -0.32620665601917 
-0.7996943903828648 1.129177143155505 -0.3267001682898609 
-0.7978236794154978 1.1309056543971558 -0.3274455426425177 
-0.7961017709020175 1.1324798570179258 -0.3281318123739453 
-0.7961017709020175 1.1324798570179258 -0.3281318123739453 
-0.7937291426883819 1.134610037616622 -0.32904601127844646 
-0.7937291426883819 1.134610037616622 -0.32904601127844646 
-0.7872931595802021 1.1402019655208806 -0.33140248022415697 
-0.7840207013289009 1.1429487949448094 -0.33254437231332856 
-0.7817081542756368 1.1448465332810953 -0.33334062328156555 
-0.7817081542756368 1.1448465332810953 -0.33334062328156555 
-0.7788831038143273 1.1471384588755575 -0.3342827679684143 
-0.7788831038143273 1.1471384588755575 -0.3342827679684143 
-0.7703904744969701 1.1537014094954132 -0.33694218411774257 
-0.7669369049316817 1.156265687951047 -0.3379685211866318 
-0.7639750514346062 1.158421140168979 -0.3388110712833168 
-0.7639750514346062 1.158421140168979 -0.3388110712833168 
-0.7597434072987337 1.1614045637615114 -0.3399802414723446 
-0.7597434072987337 1.1614045637615114 -0.3399802414723446 
-0.7545744404977685 1.1649459181711164 -0.3413432439678723 
-0.7545744404977685 1.1649459181711164 -0.3413432439678723 
-0.7486073921109052 1.1688771543703445 -0.34282237617808065 
-0.7440232497709895 1.171775075036039 -0.34390001933299186 
-0.7421803582969914 1.1729182640798437 -0.34433021320962975 
-0.7375413949357312 1.1757455207789735 -0.3453477183820375 
-0.7345340770090167 1.1775048636085432 -0.3459747645924873 
-0.7286814801001041 1.1808723541970978 -0.3471479871553871 
-0.7242917612882752 1.183303525447261 -0.34797458960416383 
-0.7200486445122637 1.18556257412746 -0.3487337019506379 
-0.7200486445122637 1.18556257412746 -0.3487337019506379 
-0.71539256275264 1.1879837889703262 -0.34952197471485547 
-0.71539256275264 1.1879837889703262 -0.34952197471485547 
-0.7093272047755462 1.1910215060365363 -0.35050043879732673 
-0.7093272047755462 1.1910215060365363 -0.35050043879732673 
-0.7049814737824802 1.1931171149671982 -0.3511277481226146 
-0.6986100266246046 1.1960640666719276 -0.35201539750722266 
-0.6953986500366944 1.1974914894570419 -0.352430133325791 
-0.6953986500366944 1.1974914894570419 -0.352430133325791 
-0.6889396165585416 1.2002715704489524 -0.3532149060622056 
-0.6889396165585416 1.2002715704489524 -0.3532149060622056 
-0.6830342784466694 1.2026923417814652 -0.3538456346693498 
-0.6830342784466694 1.2026923417814652 -0.3538456346693498 
-0.6770896743371039 1.2050202455772736 -0.3544423637213725 
-0.6756472239955902 1.2055700591649403 -0.35456184271891655 
-0.6675729730913668 1.2085224262338414 -0.3552357668902483 
-0.6621499353937041 1.2103908449896235 -0.3556295995678195 
-0.6552262090520911 1.212655902336677 -0.3560512811222475 
-0.6537533926822952 1.2131219553179504 -0.35613912232393796 
-0.643587475952533 1.2161422236828157 -0.3565944682556611 
-0.6425289730016543 1.216454531452372 -0.3566309834232535 
-0.6359121254550337 1.2182375371603138 -0.3568377533228624 
-0.6359121254550337 1.2182375371603138 -0.3568377533228624 
-0.6286213743656477 1.220070149351551 -0.35697620307638855 
-0.6286213743656477 1.220070149351551 -0.35697620307638855 
-0.6221630006544883 1.221582472174242 -0.3570265196010497 
-0.6208664904490114 1.2218652798048588 -0.3570403751513155 
-0.6137304033918926 1.223385021603226 -0.35700777609263745 
-0.6137304033918926 1.223385021603226 -0.35700777609263745 
-0.6063442824578346 1.224791943130842 -0.35690016730790197 
-0.6061286864856803 1.2248374595033726 -0.35689936692590585 
-0.5960572199561898 1.2265515747173807 -0.356615612838743 
-0.5958844992792623 1.226563743362815 -0.35661898076367404 
-0.5875733635979759 1.2277569390821381 -0.3562675246628475 
-0.5810029099438477 1.2285919809146801 -0.35592199507570443 
-0.5746383657010594 1.229276927468781 -0.3555267511596394 
-0.5700253689980843 1.229709707794955 -0.3552179042252538 
-0.5665091028876057 1.2300015969436242 -0.35494685803818005 
-0.5665091028876057 1.2300015969436242 -0.35494685803818005 
-0.5579353565632108 1.230587765776777 -0.3542245706569287 
-0.5539788717123 1.2308026533192464 -0.3538540857714787 
-0.5502412305376811 1.2309628244306554 -0.3534854132811387 
-0.5445256452621001 1.2311364968849912 -0.3528872431941257 
-0.5388134191749069 1.231227639963425 -0.35224099312127566 
-0.536398324031888 1.2312392713108324 -0.35194708057281476 
-0.5315704069467484 1.2312237084433972 -0.3513531070324205 
-0.5223700955061814 1.2310301304571813 -0.3501004419558458 
-0.5201824855441962 1.2309490708910107 -0.34978604577985684 
-0.5134116272886676 1.2306291631227075 -0.34876628505030827 
-0.5112301934145554 1.2305001441363803 -0.34842946041650313 
-0.5097034967540082 1.2303981448813306 -0.34819409227158304 
-0.503393656213224 1.2299379164885762 -0.34715372455811055 
-0.503393656213224 1.2299379164885762 -0.34715372455811055 
-0.4973183404237332 1.2293788585043233 -0.34609220903498106 
-0.4958021881697861 1.2292279906938028 -0.34582089508316516 
-0.4929908885314078 1.2289212842205077 -0.3452987363203287 
-0.48888783293835797 1.2284482064540274 -0.3445318140181276 
-0.4830746914790597 1.2276940171101374 -0.34339821884945065 
-0.48199879201898005 1.2275511881179757 -0.34319324645897953 
-0.47471734530955545 1.2264534443842965 -0.34167197039095687 
-0.47471731642507153 1.2264611033452992 -0.34167048433205816 
-0.46832238357296685 1.2253816486541707 -0.3402761391145275 
-0.46407827245252464 1.2245862517603179 -0.3393119945923271 
-0.46217278927183003 1.2242188290541227 -0.3388706984142258 
-0.45752695643523006 1.223285857205502 -0.33777380248706723 
-0.4558433741551965 1.2229323551205629 -0.337361808568887 
-0.44996991469305425 1.2216240953628774 -0.33590242903327805 
-0.4464209379521209 1.2207886242676527 -0.3349875077918568 
-0.4435051385755922 1.2200739737897721 -0.3342339841732963 
-0.4412224895824596 1.2194962581533122 -0.33362386359781215 
-0.4389468225395382 1.2188990431082454 -0.33300360007682583 
-0.4352302527888984 1.2178914149488036 -0.3319961230190275 
-0.42928065494354817 1.216197897397763 -0.3303061845492429 
-0.42601806871734227 1.2152224634621434 -0.32934554276358885 
-0.4241861652048873 1.2146574477798961 -0.32881148515945213 
-0.4199327332730673 1.2133071634290464 -0.3275273585343007 
-0.41791483762184156 1.2126492348301554 -0.32690837066652656 
-0.41289921102334387 1.2109411151711218 -0.32532876731305416 
-0.40950627934653655 1.2097515047748537 -0.32423516078599557 
-0.40613558081796736 1.2085138146172674 -0.3231190954174604 
-0.4059361677026155 1.2084345637199536 -0.32306343721832276 
-0.3994372639468339 1.2059518759382317 -0.3208647031992232 
-0.3994419839058036 1.20594696879547 -0.3208528424066929 
-0.39281852250724336 1.203263752466023 -0.3185218160785207 
-0.3901156272773993 1.2021148616164559 -0.31754172982715045 
-0.38608589130710586 1.200348981266565 -0.31605449052684675 
-0.3841749467611203 1.1994980425694168 -0.3153397529635218 
-0.37906016230245915 1.1971252810948076 -0.3133730207171761 
-0.37905775959747684 1.1971301828513934 -0.3133754909355485 
-0.37213243308401744 1.1937538199040278 -0.31062022868539774 
-0.37046206089967704 1.192908834593472 -0.30994419834731834 
-0.3656762523542503 1.1904263012742544 -0.30794626989126916 
-0.3642073620086758 1.1896523390257487 -0.30733892000209506 
-0.35930869316667424 1.1869667484725286 -0.30522998790652345 
-0.35930869316667424 1.1869667484725286 -0.30522998790652345 
-0.35251026136367924 1.1830807977595112 -0.30218542144282656 
-0.35109610138998953 1.1822381659808603 -0.30153638177166653 
-0.3458340470145359 1.1790285558403224 -0.2990833319650904 
-0.3430562321607731 1.1772846690959935 -0.29775838368598706 
-0.3409884803113413 1.1759580908080414 -0.2967560608203518 
-0.3389429922145131 1.1745972390290755 -0.2957468092087808 
-0.3328566037713814 1.1704876176109573 -0.2926770503814843 
-0.33234634926120105 1.170150683321149 -0.2924243064031312 
-0.3277105245610944 1.1668436018910482 -0.2899893094777193 
-0.32574115379138224 1.1654073350132323 -0.28894105822743266 
-0.32574115379138224 1.1654073350132323 -0.28894105822743266 
-0.32330770447223345 1.1635910412796804 -0.28760401387044654 
-0.3192824119807771 1.1605253369535884 -0.28538016887865647 
-0.31864227658277666 1.1600291670336222 -0.2850255114337592 
-0.31864227658277666 1.1600291670336222 -0.2850255114337592 
-0.31864227658277666 1.1600291670336222 -0.2850255114337592 
-0.3151663231360433 1.1572611624620945 -0.2830428800086907 
-0.3123545348267032 1.1549727280509494 -0.28140075497579276 
-0.3123545348267032 1.1549727280509494 -0.28140075497579276 
-0.309114343933295 1.152254424659231 -0.2794828544176394 
-0.30789081102706534 1.151216383987921 -0.27873925063874416 
-0.30789081102706534 1.151216383987921 -0.27873925063874416 
-0.30789081102706534 1.151216383987921 -0.27873925063874416 
-0.3038132428116324 1.147654641718608 -0.27622334739181575 
-0.3011418719231628 1.1452328480126 -0.2745348406367307 
-0.2984966645910342 1.1427875131911926 -0.2728420699348716 
-0.2977715411775435 1.1421074987946205 -0.2723577854406174 
-0.29260689154043 1.1371252289650933 -0.26891280124838324 
-0.2904931422965187 1.1350224925569201 -0.2674611642540077 
-0.28910144037216456 1.1336042003272373 -0.2664901296776172 
-0.28566737606296877 1.1300195704678881 -0.26405582069781564 
-0.2835044036367188 1.1277009954945256 -0.2624860473737648 
-0.28216447337502987 1.1262520971167629 -0.2614905639758839 
-0.27913566979366433 1.1228539440688121 -0.25921896301555736 
-0.2770629661693815 1.120481819696522 -0.257608787900764 
-0.2745083805600409 1.117478186384981 -0.255606384995549 
-0.27400406818605083 1.1168764601232637 -0.2551991877329973 
-0.2720045553639545 1.1144458381048032 -0.2535824103290344 
-0.26953779949225654 1.1113848332112959 -0.25155842849328713 
-0.26665595061115743 1.1076627665000696 -0.2491047330660393 
-0.26618047545302237 1.1070377387228165 -0.24869760418116094 
-0.2641799723024916 1.1043736332481693 -0.24695672551225067 
-0.2631403415982765 1.1029636686518447 -0.24601234922504878 
-0.26176085924525 1.1010615882200174 -0.24477956324880012 
-0.25839523973761025 1.0962694164770568 -0.24166276549138266 
-0.2577328905213929 1.095303243038487 -0.24104023213493397 
-0.25460282175092863 1.09060695762403 -0.23799678431938331 
-0.25428255311234205 1.0901161102450607 -0.23768634778620834 
-0.2515823605796443 1.0858432903389257 -0.2349442602781754 
-0.2503589291526158 1.0838583206169516 -0.23367807498255588 
-0.24945237156123307 1.0823675024571888 -0.23272183890982923 
-0.24865945861523836 1.0810296121628895 -0.23187743910388803 
-0.24729027150116023 1.0786901169871752 -0.23038174458128446 
-0.2454688633455684 1.075497362105684 -0.22834721908506594 
-0.24443164329164713 1.0736336345149402 -0.22717810378270453 
-0.24443164329164713 1.0736336345149402 -0.22717810378270453 
-0.24250169617695327 1.0700586748790961 -0.22492817224531758 
-0.24178679818104915 1.0686876322731027 -0.22406691345758523 
-0.23958203945692386 1.0644003636439208 -0.22136397974415 
-0.23829307188916238 1.0618080429836338 -0.21974711485202725 
-0.2373796319626011 1.0598952336590068 -0.21855197141591742 
-0.23688551676866004 1.0588476238039934 -0.21790415785080375 
-0.23639382708039253 1.0577983926865897 -0.21725766198177265 
-0.23639382708039253 1.0577983926865897 -0.21725766198177265 
-0.23558122918765678 1.0560502139079206 -0.21617551567766602 
-0.23423486468237187 1.053068860518448 -0.21432439508260515 
-0.23323829035237487 1.0507738894074463 -0.2129073177740265 
-0.2321031782096521 1.0481247993716067 -0.2112676503714227 
-0.23188219820963984 1.0475871455316366 -0.21094687121403988 
-0.2302882355904114 1.043672520566736 -0.2085388465417103 
-0.2293102410816607 1.041165144476495 -0.20700809380347296 
-0.2290383517021859 1.040446363289593 -0.20656920902511877 
-0.22802670283758553 1.0377544084816321 -0.20491665392668723 
-0.2269764958905237 1.0348689759651566 -0.2031598870059479 
-0.22615344128459092 1.0325095709602492 -0.201737442579341 
-0.22546840745579577 1.0305189508715185 -0.2005206510493034 
-0.2251111352091404 1.0294216469545294 -0.19986354358506375 
-0.22399014400260042 1.0259581879627084 -0.19776619232736614 
-0.22346981876362293 1.0243111180989855 -0.19677891494623923 
-0.2226378430904501 1.0215620051246674 -0.19512004971199448 
-0.22247055675687455 1.0210124101484683 -0.19478945629590705 
-0.22132430706413508 1.0169567866614122 -0.19235687369537546 
-0.2208636089421674 1.0152914357997898 -0.19137047510785088 
-0.21999120855407694 1.0119518414642914 -0.18938707199789395 
-0.21953105483542468 1.0100919271156816 -0.18828130707552293 
-0.2189359191442195 1.0076817652423125 -0.18683500711737455 
-0.21846069597132234 1.005626399467467 -0.18562293278971143 
-0.2178730336531205 1.003010916028988 -0.18407526147996467 
-0.2174000515249136 1.0007640509564382 -0.18274382344361417 
-0.21705368470201103 0.9990756594578164 -0.18174879596719262 
-0.21656687670817043 0.9966320677886219 -0.18031628517841614 
-0.21625136447320403 0.9949370506344666 -0.1793213092383269 
-0.2161820148175868 0.9945603224731823 -0.17910026478685193 
-0.2155531915666241 0.9909755016796797 -0.177000696429098 
-0.21524255512741752 0.9890913644496196 -0.17588608818089735 
-0.2149624887347935 0.9873877836674433 -0.1748983721157258 
