-0.9498369682740795 0.89319457658256 -0.24476107148290682 
-0.9498019419453652 0.893387844827868 -0.24486193129494072 
-0.9498019419453652 0.893387844827868 -0.24486193129494072 
-0.9482208080530441 0.9008588328383484 -0.2488688890816454 
-0.9476522603495872 0.903336425043394 -0.2502103136541415 
-0.9475493021575216 0.9037194786675075 -0.25040989598808816 
-0.9471502260881655 0.9054405921931428 -0.251322161043283 
-0.9471502260881655 0.9054405921931428 -0.251322161043283 
-0.9471502260881655 0.9054405921931428 -0.251322161043283 
-0.9461879019351663 0.9092448010882068 -0.25336362211982766 
-0.9461879019351663 0.9092448010882068 -0.25336362211982766 
-0.9461879019351663 0.9092448010882068 -0.25336362211982766 
-0.9452322541429697 0.9128622463887741 -0.2552734604754483 
-0.9446468912652144 0.9149454780409875 -0.25638647649155344 
-0.9437841569422902 0.9179773402969804 -0.25799091602284163 
-0.9422886639244414 0.9228897335160877 -0.2605785270463753 
-0.9416305314512092 0.9249614354963847 -0.26167029841490863 
-0.9405294992877972 0.9283480190074354 -0.2634455842811031 
-0.9405294992877972 0.9283480190074354 -0.2634455842811031 
-0.9400120820015908 0.9298543313267738 -0.26421826859746766 
-0.9400120820015908 0.9298543313267738 -0.26421826859746766 
-0.9400120820015908 0.9298543313267738 -0.26421826859746766 
-0.9374119578114972 0.9371469370720894 -0.26801685823372345 
-0.9374119578114972 0.9371469370720894 -0.26801685823372345 
-0.9367831405530886 0.9388235111884091 -0.2688854536433106 
-0.9367831405530886 0.9388235111884091 -0.2688854536433106 
-0.9340728244393736 0.9456837987519839 -0.272428556680574 
-0.933403479504552 0.9473454600633395 -0.2732914996000593 
-0.9323974228200949 0.9497433744509121 -0.27451683307216024 
-0.9313662408152259 0.9521368221450143 -0.27573075770682276 
-0.9313662408152259 0.9521368221450143 -0.27573075770682276 
-0.9313662408152259 0.9521368221450143 -0.27573075770682276 
-0.9282320838721522 0.9590819501693542 -0.27927353831035207 
-0.9282320838721522 0.9590819501693542 -0.27927353831035207 
-0.9263371099014885 0.9630846709389633 -0.281285364358698 
-0.9251848726130599 0.9654351154195222 -0.28247370294630747 
-0.9251848726130599 0.9654351154195222 -0.28247370294630747 
-0.9251848726130599 0.9654351154195222 -0.28247370294630747 
-0.921315556002029 0.9729830722942572 -0.2862566040182396 
-0.9202562942162491 0.9749407463602824 -0.2872405869665571 
-0.9202562942162491 0.9749407463602824 -0.2872405869665571 
-0.9190048818191862 0.9772548507927716 -0.28839624472168934 
-0.9170238266568258 0.9808007979753695 -0.29014561789186377 
-0.9164182028829724 0.9818631224509833 -0.29066086689426096 
-0.9139574674815802 0.9860776200351522 -0.29274589481620783 
-0.9139574674815802 0.9860776200351522 -0.29274589481620783 
-0.9112007893992674 0.9906141854091125 -0.2949569241306026 
-0.9112007893992674 0.9906141854091125 -0.2949569241306026 
-0.9085883568221377 0.9947663802372109 -0.2969823708913022 
-0.9072614813855955 0.9968331315458351 -0.297985350150066 
-0.9055778059312842 0.9994029185397945 -0.2992340954722563 
-0.9042079820786854 1.0014523113883136 -0.30021620421793604 
-0.9042079820786854 1.0014523113883136 -0.30021620421793604 
-0.8989132254421196 1.0090536441996791 -0.30385028517927226 
-0.8989132254421196 1.0090536441996791 -0.30385028517927226 
-0.8978223067955972 1.0105512730568051 -0.30457858808080507 
-0.895867949416685 1.0132224232545826 -0.30582806006416474 
-0.895867949416685 1.0132224232545826 -0.30582806006416474 
-0.8946342635675446 1.01487592578696 -0.30662289503858253 
-0.8946342635675446 1.01487592578696 -0.30662289503858253 
-0.8909760819878856 1.019641943542659 -0.3088661921168664 
-0.8909760819878856 1.019641943542659 -0.3088661921168664 
-0.8868300858376775 1.0248408225026635 -0.31128603577713077 
-0.8868300858376775 1.0248408225026635 -0.31128603577713077 
-0.8849887315973246 1.0271005999429519 -0.3123250519451668 
-0.8849887315973246 1.0271005999429519 -0.3123250519451668 
-0.8797140483408581 1.0333009608564132 -0.3151751227969123 
-0.8797140483408581 1.0333009608564132 -0.3151751227969123 
-0.876115883760765 1.0373781018107209 -0.3170391023034751 
-0.8747095207611716 1.0389312163721451 -0.3177464252624207 
-0.8715729009429708 1.0423274578792576 -0.3192636216707151 
-0.8695526516358575 1.0444647494462593 -0.3202309121757001 
-0.8695526516358575 1.0444647494462593 -0.3202309121757001 
-0.8661913204986613 1.047954165754341 -0.3217769435877781 
-0.8633736867735176 1.0508023081478237 -0.32304152090818194 
-0.8621726014497213 1.0519882473886337 -0.3235727196494075 
-0.8621726014497213 1.0519882473886337 -0.3235727196494075 
-0.8559341961451254 1.0580152881481206 -0.3262066560191704 
-0.854694390382865 1.059177143155505 -0.3267001682898608 
-0.8528236794154977 1.0609056543971556 -0.3274455426425176 
-0.8511017709020174 1.0624798570179255 -0.3281318123739453 
-0.8511017709020174 1.0624798570179255 -0.3281318123739453 
-0.8487291426883818 1.0646100376166217 -0.32904601127844646 
-0.8487291426883818 1.0646100376166217 -0.32904601127844646 
-0.8422931595802022 1.0702019655208803 -0.33140248022415675 
-0.839020701328901 1.0729487949448095 -0.33254437231332823 
-0.8367081542756367 1.0748465332810953 -0.33334062328156555 
-0.8367081542756367 1.0748465332810953 -0.33334062328156555 
-0.8338831038143272 1.0771384588755575 -0.3342827679684145 
-0.8338831038143272 1.0771384588755575 -0.3342827679684145 
-0.82539047449697 1.0837014094954132 -0.33694218411774224 
-0.8219369049316815 1.0862656879510466 -0.3379685211866318 
-0.8189750514346064 1.088421140168979 -0.3388110712833168 
-0.8189750514346064 1.088421140168979 -0.3388110712833168 
-0.8147434072987337 1.0914045637615115 -0.3399802414723444 
-0.8147434072987337 1.0914045637615115 -0.3399802414723444 
-0.8095744404977684 1.0949459181711163 -0.3413432439678723 
-0.8095744404977684 1.0949459181711163 -0.3413432439678723 
-0.8036073921109055 1.0988771543703446 -0.34282237617808065 
-0.7990232497709897 1.101775075036039 -0.34390001933299175 
-0.7971803582969914 1.1029182640798436 -0.34433021320962987 
-0.7925413949357313 1.1057455207789735 -0.3453477183820377 
-0.7895340770090169 1.1075048636085432 -0.3459747645924872 
-0.7836814801001042 1.1108723541970977 -0.3471479871553872 
-0.7792917612882754 1.113303525447261 -0.3479745896041637 
-0.7750486445122637 1.1155625741274602 -0.34873370195063735 
-0.7750486445122637 1.1155625741274602 -0.34873370195063735 
-0.77039256275264 1.1179837889703261 -0.3495219747148557 
-0.77039256275264 1.1179837889703261 -0.3495219747148557 
-0.7643272047755464 1.1210215060365363 -0.3505004387973266 
-0.7643272047755464 1.1210215060365363 -0.3505004387973266 
-0.7599814737824803 1.1231171149671981 -0.3511277481226147 
-0.7536100266246046 1.1260640666719273 -0.35201539750722266 
-0.7503986500366944 1.1274914894570418 -0.35243013332579076 
-0.7503986500366944 1.1274914894570418 -0.35243013332579076 
-0.7439396165585417 1.1302715704489525 -0.35321490606220607 
-0.7439396165585417 1.1302715704489525 -0.35321490606220607 
-0.7380342784466692 1.1326923417814654 -0.3538456346693498 
-0.7380342784466692 1.1326923417814654 -0.3538456346693498 
-0.7320896743371039 1.1350202455772735 -0.3544423637213726 
-0.7306472239955903 1.1355700591649402 -0.35456184271891655 
-0.7225729730913667 1.1385224262338416 -0.35523576689024794 
-0.7171499353937042 1.1403908449896234 -0.3556295995678195 
-0.710226209052091 1.142655902336677 -0.3560512811222474 
-0.7087533926822952 1.1431219553179506 -0.3561391223239382 
-0.6985874759525332 1.1461422236828156 -0.356594468255661 
-0.6975289730016545 1.1464545314523722 -0.3566309834232533 
-0.6909121254550339 1.1482375371603137 -0.3568377533228625 
-0.6909121254550339 1.1482375371603137 -0.3568377533228625 
-0.6836213743656478 1.150070149351551 -0.3569762030763889 
-0.6836213743656478 1.150070149351551 -0.3569762030763889 
-0.6771630006544883 1.1515824721742423 -0.3570265196010495 
-0.6758664904490115 1.1518652798048588 -0.3570403751513155 
-0.6687304033918926 1.1533850216032262 -0.35700777609263734 
-0.6687304033918926 1.1533850216032262 -0.35700777609263734 
-0.6613442824578346 1.154791943130842 -0.35690016730790175 
-0.6611286864856802 1.1548374595033724 -0.35689936692590607 
-0.6510572199561897 1.1565515747173805 -0.356615612838743 
-0.6508844992792624 1.1565637433628149 -0.35661898076367393 
-0.6425733635979758 1.1577569390821383 -0.35626752466284706 
-0.6360029099438479 1.1585919809146805 -0.35592199507570443 
-0.6296383657010594 1.1592769274687809 -0.3555267511596395 
-0.6250253689980843 1.159709707794955 -0.3552179042252537 
-0.6215091028876059 1.1600015969436241 -0.3549468580381797 
-0.6215091028876059 1.1600015969436241 -0.3549468580381797 
-0.6129353565632109 1.1605877657767767 -0.3542245706569285 
-0.6089788717123 1.1608026533192466 -0.3538540857714786 
-0.6052412305376812 1.1609628244306553 -0.35348541328113836 
-0.5995256452621003 1.1611364968849913 -0.352887243194126 
-0.5938134191749069 1.161227639963425 -0.35224099312127566 
-0.5913983240318882 1.1612392713108322 -0.35194708057281465 
-0.5865704069467486 1.1612237084433972 -0.35135310703242073 
-0.5773700955061816 1.1610301304571813 -0.3501004419558459 
-0.5751824855441963 1.1609490708910106 -0.3497860457798567 
-0.5684116272886676 1.1606291631227073 -0.3487662850503084 
-0.5662301934145555 1.1605001441363803 -0.34842946041650336 
-0.5647034967540082 1.1603981448813305 -0.3481940922715834 
-0.5583936562132241 1.1599379164885761 -0.34715372455811055 
-0.5583936562132241 1.1599379164885761 -0.34715372455811055 
-0.5523183404237332 1.1593788585043234 -0.34609220903498117 
-0.5508021881697861 1.1592279906938026 -0.34582089508316505 
-0.5479908885314078 1.1589212842205079 -0.3452987363203289 
-0.543887832938358 1.1584482064540271 -0.3445318140181276 
-0.5380746914790597 1.1576940171101373 -0.34339821884945054 
-0.5369987920189803 1.1575511881179754 -0.3431932464589794 
-0.5297173453095554 1.1564534443842964 -0.3416719703909571 
-0.5297173164250716 1.156461103345299 -0.34167048433205816 
-0.5233223835729667 1.1553816486541706 -0.3402761391145278 
-0.5190782724525247 1.1545862517603176 -0.3393119945923271 
-0.5171727892718299 1.1542188290541227 -0.3388706984142261 
-0.5125269564352302 1.153285857205502 -0.337773802487067 
-0.5108433741551965 1.152932355120563 -0.33736180856888665 
-0.5049699146930544 1.1516240953628771 -0.33590242903327827 
-0.5014209379521208 1.1507886242676528 -0.33498750779185715 
-0.4985051385755922 1.150073973789772 -0.3342339841732962 
-0.49622248958245974 1.1494962581533117 -0.33362386359781226 
-0.4939468225395383 1.1488990431082453 -0.33300360007682595 
-0.4902302527888984 1.1478914149488035 -0.3319961230190275 
-0.4842806549435484 1.146197897397763 -0.330306184549243 
-0.48101806871734226 1.145222463462143 -0.32934554276358874 
-0.4791861652048873 1.1446574477798959 -0.3288114851594517 
-0.47493273327306706 1.1433071634290468 -0.32752735853430126 
-0.47291483762184167 1.1426492348301553 -0.32690837066652667 
-0.4678992110233439 1.1409411151711217 -0.32532876731305405 
-0.4645062793465365 1.1397515047748534 -0.3242351607859958 
-0.4611355808179673 1.138513814617267 -0.32311909541746076 
-0.46093616770261525 1.1384345637199536 -0.3230634372183233 
-0.454437263946834 1.1359518759382319 -0.3208647031992229 
-0.45444198390580365 1.1359469687954697 -0.320852842406693 
-0.4478185225072435 1.1332637524660227 -0.3185218160785206 
-0.4451156272773993 1.1321148616164556 -0.3175417298271507 
-0.4410858913071059 1.1303489812665652 -0.3160544905268464 
-0.43917494676112034 1.1294980425694165 -0.3153397529635217 
-0.4340601623024592 1.127125281094808 -0.3133730207171759 
-0.434057759597477 1.1271301828513933 -0.3133754909355483 
-0.42713243308401727 1.123753819904028 -0.31062022868539774 
-0.4254620608996769 1.122908834593472 -0.30994419834731823 
-0.4206762523542502 1.1204263012742544 -0.30794626989126916 
-0.41920736200867564 1.1196523390257487 -0.3073389200020952 
-0.4143086931666743 1.1169667484725285 -0.30522998790652345 
-0.4143086931666743 1.1169667484725285 -0.30522998790652345 
-0.4075102613636793 1.113080797759511 -0.3021854214428267 
-0.40609610138998936 1.1122381659808604 -0.30153638177166653 
-0.4008340470145356 1.1090285558403223 -0.2990833319650904 
-0.39805623216077285 1.1072846690959932 -0.29775838368598706 
-0.39598848031134143 1.105958090808041 -0.2967560608203518 
-0.393942992214513 1.1045972390290755 -0.2957468092087808 
-0.38785660377138154 1.100487617610957 -0.29267705038148406 
-0.3873463492612013 1.1001506833211487 -0.2924243064031312 
-0.3827105245610945 1.096843601891048 -0.2899893094777193 
-0.3807411537913824 1.0954073350132323 -0.28894105822743266 
-0.3807411537913824 1.0954073350132323 -0.28894105822743266 
-0.3783077044722335 1.0935910412796803 -0.2876040138704469 
-0.37428241198077716 1.090525336953588 -0.28538016887865647 
-0.3736422765827766 1.090029167033622 -0.28502551143375954 
-0.3736422765827766 1.090029167033622 -0.28502551143375954 
-0.3736422765827766 1.090029167033622 -0.28502551143375954 
-0.37016632313604303 1.0872611624620947 -0.28304288000869116 
-0.36735453482670316 1.0849727280509494 -0.281400754975793 
-0.36735453482670316 1.0849727280509494 -0.281400754975793 
-0.364114343933295 1.0822544246592312 -0.27948285441763976 
-0.36289081102706516 1.0812163839879212 -0.2787392506387445 
-0.36289081102706516 1.0812163839879212 -0.2787392506387445 
-0.36289081102706516 1.0812163839879212 -0.2787392506387445 
-0.3588132428116326 1.077654641718608 -0.27622334739181564 
-0.3561418719231629 1.0752328480125999 -0.27453484063673106 
-0.35349666459103424 1.0727875131911928 -0.2728420699348718 
-0.3527715411775434 1.0721074987946204 -0.2723577854406175 
-0.34760689154043 1.0671252289650932 -0.2689128012483831 
-0.3454931422965187 1.0650224925569198 -0.2674611642540077 
-0.34410144037216484 1.063604200327237 -0.2664901296776171 
-0.34066737606296904 1.0600195704678879 -0.2640558206978155 
-0.33850440363671896 1.0577009954945256 -0.2624860473737646 
-0.33716447337502986 1.056252097116763 -0.2614905639758839 
-0.33413566979366416 1.0528539440688123 -0.25921896301555747 
-0.33206296616938136 1.050481819696522 -0.25760878790076414 
-0.32950838056004095 1.047478186384981 -0.2556063849955492 
-0.3290040681860508 1.0468764601232636 -0.2551991877329971 
-0.3270045553639545 1.0444458381048032 -0.2535824103290346 
-0.3245377994922565 1.0413848332112958 -0.251558428493287 
-0.3216559506111576 1.0376627665000693 -0.2491047330660392 
-0.32118047545302253 1.0370377387228162 -0.24869760418116127 
-0.3191799723024916 1.0343736332481692 -0.24695672551225034 
-0.3181403415982764 1.0329636686518446 -0.2460123492250489 
-0.31676085924525005 1.0310615882200174 -0.24477956324880001 
-0.3133952397376103 1.0262694164770565 -0.24166276549138277 
-0.31273289052139275 1.025303243038487 -0.2410402321349342 
-0.3096028217509286 1.02060695762403 -0.23799678431938354 
-0.3092825531123421 1.0201161102450604 -0.23768634778620845 
-0.30658236057964416 1.0158432903389256 -0.2349442602781754 
-0.30535892915261603 1.0138583206169514 -0.23367807498255566 
-0.3044523715612333 1.0123675024571888 -0.2327218389098289 
-0.30365945861523835 1.011029612162889 -0.23187743910388792 
-0.30229027150116006 1.008690116987175 -0.23038174458128446 
-0.3004688633455684 1.0054973621056837 -0.22834721908506572 
-0.29943164329164723 1.00363363451494 -0.22717810378270442 
-0.29943164329164723 1.00363363451494 -0.22717810378270442 
-0.2975016961769532 1.000058674879096 -0.22492817224531736 
-0.296786798181049 0.9986876322731024 -0.22406691345758523 
-0.29458203945692407 0.9944003636439205 -0.2213639797441499 
-0.2932930718891621 0.9918080429836338 -0.21974711485202725 
-0.2923796319626011 0.9898952336590064 -0.2185519714159172 
-0.29188551676865987 0.9888476238039936 -0.21790415785080364 
-0.29139382708039246 0.9877983926865896 -0.21725766198177254 
-0.29139382708039246 0.9877983926865896 -0.21725766198177254 
-0.29058122918765705 0.9860502139079206 -0.2161755156776658 
-0.2892348646823717 0.9830688605184479 -0.21432439508260526 
-0.28823829035237464 0.9807738894074463 -0.21290731777402638 
-0.28710317820965237 0.9781247993716065 -0.2112676503714226 
-0.2868821982096398 0.9775871455316363 -0.21094687121403966 
-0.2852882355904114 0.9736725205667359 -0.2085388465417105 
-0.2843102410816607 0.971165144476495 -0.20700809380347285 
-0.28403835170218594 0.9704463632895929 -0.20656920902511888 
-0.2830267028375854 0.967754408481632 -0.20491665392668723 
-0.28197649589052354 0.9648689759651565 -0.20315988700594778 
-0.28115344128459085 0.9625095709602491 -0.201737442579341 
-0.2804684074557956 0.9605189508715182 -0.20052065104930328 
-0.28011113520914044 0.9594216469545294 -0.1998635435850632 
-0.27899014400260036 0.9559581879627084 -0.19776619232736614 
-0.2784698187636232 0.9543111180989852 -0.19677891494623911 
-0.2776378430904498 0.9515620051246673 -0.19512004971199437 
-0.27747055675687493 0.951012410148468 -0.19478945629590683 
-0.27632430706413524 0.9469567866614121 -0.19235687369537535 
-0.27586360894216755 0.9452914357997897 -0.191370475107851 
-0.2749912085540769 0.9419518414642912 -0.18938707199789362 
-0.2745310548354247 0.9400919271156817 -0.18828130707552282 
-0.2739359191442197 0.9376817652423123 -0.18683500711737444 
-0.27346069597132217 0.9356263994674668 -0.18562293278971143 
-0.27287303365312043 0.9330109160289879 -0.18407526147996456 
-0.2724000515249133 0.9307640509564375 -0.18274382344361428 
-0.27205368470201086 0.9290756594578164 -0.1817487959671923 
-0.2715668767081705 0.9266320677886217 -0.18031628517841614 
-0.271251364473204 0.9249370506344663 -0.1793213092383269 
-0.2711820148175867 0.9245603224731821 -0.17910026478685181 
-0.2705531915666244 0.9209755016796796 -0.17700069642909755 
-0.2702425551274178 0.9190913644496194 -0.17588608818089724 
-0.26996248873479367 0.9173877836674431 -0.17489837211572545 
