-1.0048369682740796 0.89319457658256 -0.24476107148290693 
-1.0048019419453653 0.8933878448278681 -0.2448619312949406 
-1.0048019419453653 0.8933878448278681 -0.2448619312949406 
-1.003220808053044 0.9008588328383484 -0.24886888908164495 
-1.0026522603495873 0.903336425043394 -0.2502103136541415 
-1.0025493021575218 0.9037194786675076 -0.2504098959880878 
-1.0021502260881654 0.905440592193143 -0.251322161043283 
-1.0021502260881654 0.905440592193143 -0.251322161043283 
-1.0021502260881654 0.905440592193143 -0.251322161043283 
-1.0011879019351666 0.9092448010882069 -0.25336362211982777 
-1.0011879019351666 0.9092448010882069 -0.25336362211982777 
-1.0011879019351666 0.9092448010882069 -0.25336362211982777 
-1.0002322541429698 0.9128622463887741 -0.2552734604754482 
-0.9996468912652143 0.9149454780409876 -0.25638647649155344 
-0.9987841569422904 0.9179773402969805 -0.25799091602284163 
-0.9972886639244413 0.9228897335160878 -0.26057852704637496 
-0.9966305314512093 0.9249614354963847 -0.2616702984149084 
-0.9955294992877974 0.9283480190074355 -0.26344558428110343 
-0.9955294992877974 0.9283480190074355 -0.26344558428110343 
-0.9950120820015911 0.9298543313267738 -0.264218268597468 
-0.9950120820015911 0.9298543313267738 -0.264218268597468 
-0.9950120820015911 0.9298543313267738 -0.264218268597468 
-0.9924119578114974 0.9371469370720895 -0.26801685823372323 
-0.9924119578114974 0.9371469370720895 -0.26801685823372323 
-0.991783140553089 0.9388235111884091 -0.26888545364331085 
-0.991783140553089 0.9388235111884091 -0.26888545364331085 
-0.9890728244393735 0.9456837987519839 -0.2724285566805741 
-0.9884034795045519 0.9473454600633395 -0.27329149960005905 
-0.9873974228200949 0.9497433744509123 -0.27451683307216 
-0.9863662408152262 0.9521368221450144 -0.27573075770682276 
-0.9863662408152262 0.9521368221450144 -0.27573075770682276 
-0.9863662408152262 0.9521368221450144 -0.27573075770682276 
-0.9832320838721523 0.9590819501693543 -0.27927353831035195 
-0.9832320838721523 0.9590819501693543 -0.27927353831035195 
-0.9813371099014886 0.9630846709389635 -0.2812853643586979 
-0.9801848726130601 0.9654351154195224 -0.28247370294630736 
-0.9801848726130601 0.9654351154195224 -0.28247370294630736 
-0.9801848726130601 0.9654351154195224 -0.28247370294630736 
-0.9763155560020291 0.9729830722942574 -0.28625660401824005 
-0.9752562942162492 0.9749407463602826 -0.28724058696655685 
-0.9752562942162492 0.9749407463602826 -0.28724058696655685 
-0.9740048818191862 0.9772548507927716 -0.28839624472168957 
-0.9720238266568259 0.9808007979753696 -0.29014561789186355 
-0.9714182028829723 0.9818631224509834 -0.29066086689426107 
-0.9689574674815804 0.9860776200351524 -0.2927458948162077 
-0.9689574674815804 0.9860776200351524 -0.2927458948162077 
-0.9662007893992677 0.9906141854091126 -0.2949569241306026 
-0.9662007893992677 0.9906141854091126 -0.2949569241306026 
-0.9635883568221377 0.9947663802372109 -0.2969823708913023 
-0.9622614813855958 0.9968331315458351 -0.2979853501500659 
-0.9605778059312842 0.9994029185397945 -0.2992340954722563 
-0.9592079820786854 1.0014523113883138 -0.30021620421793616 
-0.9592079820786854 1.0014523113883138 -0.30021620421793616 
-0.9539132254421194 1.0090536441996791 -0.3038502851792725 
-0.9539132254421194 1.0090536441996791 -0.3038502851792725 
-0.9528223067955971 1.0105512730568054 -0.30457858808080496 
-0.9508679494166852 1.0132224232545828 -0.30582806006416496 
-0.9508679494166852 1.0132224232545828 -0.30582806006416496 
-0.9496342635675447 1.01487592578696 -0.30662289503858264 
-0.9496342635675447 1.01487592578696 -0.30662289503858264 
-0.9459760819878856 1.0196419435426591 -0.3088661921168666 
-0.9459760819878856 1.0196419435426591 -0.3088661921168666 
-0.9418300858376776 1.0248408225026635 -0.31128603577713065 
-0.9418300858376776 1.0248408225026635 -0.31128603577713065 
-0.9399887315973248 1.0271005999429517 -0.31232505194516713 
-0.9399887315973248 1.0271005999429517 -0.31232505194516713 
-0.9347140483408583 1.0333009608564134 -0.3151751227969122 
-0.9347140483408583 1.0333009608564134 -0.3151751227969122 
-0.9311158837607654 1.0373781018107209 -0.31703910230347543 
-0.9297095207611719 1.038931216372145 -0.31774642526242103 
-0.9265729009429708 1.0423274578792578 -0.31926362167071487 
-0.9245526516358578 1.0444647494462596 -0.3202309121757 
-0.9245526516358578 1.0444647494462596 -0.3202309121757 
-0.9211913204986611 1.047954165754341 -0.321776943587778 
-0.9183736867735177 1.0508023081478237 -0.32304152090818206 
-0.9171726014497215 1.0519882473886337 -0.3235727196494079 
-0.9171726014497215 1.0519882473886337 -0.3235727196494079 
-0.9109341961451256 1.0580152881481206 -0.32620665601917065 
-0.9096943903828651 1.0591771431555053 -0.3267001682898609 
-0.9078236794154977 1.0609056543971556 -0.3274455426425178 
-0.9061017709020175 1.0624798570179255 -0.3281318123739454 
-0.9061017709020175 1.0624798570179255 -0.3281318123739454 
-0.9037291426883819 1.0646100376166217 -0.32904601127844657 
-0.9037291426883819 1.0646100376166217 -0.32904601127844657 
-0.8972931595802024 1.0702019655208805 -0.33140248022415675 
-0.894020701328901 1.0729487949448095 -0.33254437231332823 
-0.8917081542756368 1.0748465332810953 -0.33334062328156555 
-0.8917081542756368 1.0748465332810953 -0.33334062328156555 
-0.8888831038143272 1.0771384588755575 -0.3342827679684146 
-0.8888831038143272 1.0771384588755575 -0.3342827679684146 
-0.8803904744969699 1.083701409495413 -0.3369421841177429 
-0.8769369049316815 1.0862656879510468 -0.3379685211866318 
-0.8739750514346065 1.0884211401689787 -0.33881107128331733 
-0.8739750514346065 1.0884211401689787 -0.33881107128331733 
-0.8697434072987338 1.0914045637615117 -0.3399802414723444 
-0.8697434072987338 1.0914045637615117 -0.3399802414723444 
-0.8645744404977685 1.0949459181711163 -0.3413432439678724 
-0.8645744404977685 1.0949459181711163 -0.3413432439678724 
-0.8586073921109054 1.0988771543703446 -0.34282237617808076 
-0.8540232497709896 1.101775075036039 -0.34390001933299186 
-0.8521803582969913 1.1029182640798436 -0.34433021320962975 
-0.8475413949357313 1.1057455207789735 -0.3453477183820376 
-0.8445340770090171 1.1075048636085432 -0.34597476459248744 
-0.8386814801001043 1.110872354197098 -0.347147987155387 
-0.8342917612882753 1.1133035254472607 -0.34797458960416383 
-0.8300486445122639 1.1155625741274604 -0.3487337019506377 
-0.8300486445122639 1.1155625741274604 -0.3487337019506377 
-0.8253925627526402 1.1179837889703264 -0.3495219747148557 
-0.8253925627526402 1.1179837889703264 -0.3495219747148557 
-0.8193272047755462 1.1210215060365363 -0.3505004387973265 
-0.8193272047755462 1.1210215060365363 -0.3505004387973265 
-0.8149814737824803 1.1231171149671981 -0.3511277481226147 
-0.8086100266246048 1.1260640666719275 -0.352015397507223 
-0.8053986500366944 1.1274914894570416 -0.3524301333257911 
-0.8053986500366944 1.1274914894570416 -0.3524301333257911 
-0.7989396165585416 1.1302715704489523 -0.35321490606220596 
-0.7989396165585416 1.1302715704489523 -0.35321490606220596 
-0.7930342784466694 1.1326923417814656 -0.3538456346693497 
-0.7930342784466694 1.1326923417814656 -0.3538456346693497 
-0.787089674337104 1.1350202455772735 -0.3544423637213723 
-0.7856472239955904 1.1355700591649405 -0.35456184271891655 
-0.7775729730913667 1.1385224262338416 -0.3552357668902477 
-0.7721499353937044 1.1403908449896234 -0.35562959956781925 
-0.7652262090520913 1.1426559023366771 -0.3560512811222476 
-0.7637533926822953 1.1431219553179506 -0.3561391223239382 
-0.7535874759525333 1.1461422236828158 -0.3565944682556611 
-0.7525289730016546 1.146454531452372 -0.3566309834232534 
-0.745912125455034 1.1482375371603144 -0.3568377533228625 
-0.745912125455034 1.1482375371603144 -0.3568377533228625 
-0.7386213743656478 1.150070149351551 -0.356976203076389 
-0.7386213743656478 1.150070149351551 -0.356976203076389 
-0.7321630006544885 1.1515824721742425 -0.3570265196010496 
-0.7308664904490116 1.1518652798048588 -0.3570403751513157 
-0.7237304033918927 1.1533850216032262 -0.35700777609263734 
-0.7237304033918927 1.1533850216032262 -0.35700777609263734 
-0.7163442824578345 1.154791943130842 -0.3569001673079022 
-0.7161286864856803 1.1548374595033724 -0.35689936692590585 
-0.7060572199561899 1.156551574717381 -0.3566156128387432 
-0.7058844992792626 1.1565637433628146 -0.35661898076367415 
-0.6975733635979758 1.1577569390821383 -0.35626752466284706 
-0.6910029099438478 1.1585919809146805 -0.35592199507570443 
-0.6846383657010595 1.159276927468781 -0.3555267511596394 
-0.6800253689980844 1.1597097077949552 -0.3552179042252538 
-0.6765091028876059 1.1600015969436244 -0.35494685803818016 
-0.6765091028876059 1.1600015969436244 -0.35494685803818016 
-0.6679353565632109 1.160587765776777 -0.3542245706569288 
-0.6639788717123001 1.1608026533192466 -0.3538540857714789 
-0.6602412305376812 1.1609628244306558 -0.3534854132811389 
-0.6545256452621002 1.1611364968849913 -0.35288724319412623 
-0.6488134191749071 1.1612276399634252 -0.35224099312127544 
-0.6463983240318882 1.1612392713108324 -0.351947080572815 
-0.6415704069467486 1.1612237084433972 -0.3513531070324206 
-0.6323700955061816 1.1610301304571815 -0.3501004419558459 
-0.6301824855441962 1.160949070891011 -0.34978604577985695 
-0.6234116272886676 1.1606291631227073 -0.34876628505030816 
-0.6212301934145554 1.1605001441363805 -0.34842946041650336 
-0.619703496754008 1.1603981448813308 -0.3481940922715835 
-0.6133936562132242 1.1599379164885764 -0.34715372455811055 
-0.6133936562132242 1.1599379164885764 -0.34715372455811055 
-0.6073183404237332 1.1593788585043234 -0.34609220903498106 
-0.6058021881697861 1.1592279906938026 -0.34582089508316527 
-0.6029908885314077 1.1589212842205077 -0.3452987363203289 
-0.5988878329383581 1.1584482064540276 -0.3445318140181275 
-0.5930746914790597 1.1576940171101373 -0.3433982188494503 
-0.5919987920189801 1.1575511881179756 -0.34319324645897953 
-0.5847173453095555 1.1564534443842969 -0.341671970390957 
-0.5847173164250716 1.1564611033452992 -0.34167048433205804 
-0.5783223835729668 1.155381648654171 -0.3402761391145277 
-0.5740782724525247 1.1545862517603176 -0.3393119945923271 
-0.5721727892718301 1.1542188290541227 -0.3388706984142259 
-0.5675269564352302 1.1532858572055025 -0.337773802487067 
-0.5658433741551966 1.152932355120563 -0.33736180856888687 
-0.5599699146930543 1.1516240953628774 -0.3359024290332786 
-0.556420937952121 1.1507886242676528 -0.33498750779185726 
-0.5535051385755924 1.1500739737897723 -0.3342339841732962 
-0.5512224895824598 1.1494962581533117 -0.33362386359781204 
-0.5489468225395385 1.1488990431082453 -0.3330036000768254 
-0.5452302527888984 1.1478914149488035 -0.3319961230190277 
-0.5392806549435485 1.1461978973977631 -0.3303061845492429 
-0.5360180687173424 1.1452224634621435 -0.32934554276358874 
-0.5341861652048874 1.1446574477798963 -0.3288114851594518 
-0.5299327332730672 1.1433071634290468 -0.32752735853430104 
-0.5279148376218419 1.1426492348301556 -0.32690837066652645 
-0.5228992110233442 1.1409411151711217 -0.3253287673130537 
-0.5195062793465366 1.1397515047748539 -0.32423516078599546 
-0.5161355808179674 1.1385138146172673 -0.32311909541746076 
-0.5159361677026155 1.1384345637199538 -0.32306343721832287 
-0.509437263946834 1.1359518759382319 -0.3208647031992232 
-0.5094419839058038 1.1359469687954697 -0.3208528424066931 
-0.5028185225072436 1.133263752466023 -0.3185218160785206 
-0.5001156272773994 1.1321148616164558 -0.31754172982715034 
-0.4960858913071058 1.130348981266566 -0.31605449052684664 
-0.4941749467611204 1.129498042569417 -0.31533975296352135 
-0.4890601623024593 1.1271252810948078 -0.3133730207171759 
-0.48905775959747705 1.1271301828513938 -0.31337549093554806 
-0.48213243308401743 1.123753819904028 -0.3106202286853976 
-0.48046206089967713 1.1229088345934721 -0.30994419834731834 
-0.47567625235425015 1.1204263012742546 -0.3079462698912693 
-0.47420736200867586 1.1196523390257485 -0.3073389200020954 
-0.46930869316667456 1.1169667484725283 -0.3052299879065231 
-0.46930869316667456 1.1169667484725283 -0.3052299879065231 
-0.4625102613636795 1.113080797759511 -0.30218542144282634 
-0.46109610138998963 1.1122381659808602 -0.30153638177166653 
-0.455834047014536 1.1090285558403223 -0.2990833319650904 
-0.4530562321607731 1.1072846690959932 -0.29775838368598706 
-0.45098848031134153 1.1059580908080413 -0.2967560608203519 
-0.44894299221451306 1.1045972390290757 -0.29574680920878105 
-0.4428566037713817 1.1004876176109573 -0.29267705038148395 
-0.4423463492612014 1.100150683321149 -0.29242430640313144 
-0.43771052456109466 1.0968436018910481 -0.2899893094777195 
-0.43574115379138245 1.0954073350132323 -0.28894105822743266 
-0.43574115379138245 1.0954073350132323 -0.28894105822743266 
-0.4333077044722337 1.0935910412796803 -0.28760401387044654 
-0.4292824119807773 1.0905253369535883 -0.28538016887865636 
-0.42864227658277676 1.090029167033622 -0.2850255114337594 
-0.42864227658277676 1.090029167033622 -0.2850255114337594 
-0.42864227658277676 1.090029167033622 -0.2850255114337594 
-0.4251663231360434 1.0872611624620945 -0.2830428800086908 
-0.4223545348267033 1.0849727280509494 -0.28140075497579264 
-0.4223545348267033 1.0849727280509494 -0.28140075497579264 
-0.41911434393329494 1.0822544246592312 -0.27948285441763976 
-0.4178908110270652 1.0812163839879212 -0.2787392506387444 
-0.4178908110270652 1.0812163839879212 -0.2787392506387444 
-0.4178908110270652 1.0812163839879212 -0.2787392506387444 
-0.41381324281163256 1.0776546417186081 -0.27622334739181553 
-0.41114187192316276 1.0752328480125999 -0.27453484063673084 
-0.40849666459103445 1.0727875131911926 -0.27284206993487137 
-0.40777154117754355 1.0721074987946206 -0.2723577854406175 
-0.40260689154043017 1.0671252289650934 -0.268912801248383 
-0.4004931422965189 1.0650224925569196 -0.2674611642540079 
-0.3991014403721648 1.0636042003272372 -0.2664901296776173 
-0.39566737606296887 1.0600195704678883 -0.26405582069781575 
-0.39350440363671896 1.0577009954945256 -0.2624860473737648 
-0.39216447337502985 1.056252097116763 -0.2614905639758839 
-0.3891356697936642 1.0528539440688123 -0.25921896301555736 
-0.3870629661693814 1.0504818196965222 -0.25760878790076414 
-0.3845083805600409 1.0474781863849811 -0.2556063849955491 
-0.3840040681860507 1.0468764601232639 -0.2551991877329972 
-0.38200455536395445 1.0444458381048034 -0.2535824103290345 
-0.37953779949225636 1.0413848332112958 -0.25155842849328713 
-0.37665595061115775 1.0376627665000693 -0.24910473306603909 
-0.37618047545302247 1.0370377387228165 -0.24869760418116116 
-0.37417997230249156 1.0343736332481692 -0.24695672551225056 
-0.3731403415982767 1.0329636686518444 -0.24601234922504867 
-0.37176085924524993 1.0310615882200176 -0.24477956324880001 
-0.36839523973761024 1.0262694164770567 -0.24166276549138266 
-0.3677328905213929 1.0253032430384872 -0.24104023213493397 
-0.3646028217509286 1.0206069576240302 -0.23799678431938343 
-0.36428255311234214 1.0201161102450607 -0.23768634778620823 
-0.3615823605796441 1.0158432903389258 -0.23494426027817528 
-0.3603589291526157 1.0138583206169516 -0.23367807498255633 
-0.35945237156123344 1.0123675024571885 -0.2327218389098289 
-0.3586594586152383 1.0110296121628892 -0.23187743910388836 
-0.3572902715011602 1.0086901169871751 -0.23038174458128435 
-0.3554688633455685 1.0054973621056842 -0.22834721908506572 
-0.35443164329164734 1.0036336345149401 -0.2271781037827043 
-0.35443164329164734 1.0036336345149401 -0.2271781037827043 
-0.35250169617695326 1.000058674879096 -0.22492817224531725 
-0.3517867981810492 0.9986876322731028 -0.2240669134575849 
-0.3495820394569241 0.9944003636439208 -0.22136397974414979 
-0.34829307188916214 0.9918080429836339 -0.21974711485202725 
-0.34737963196260124 0.9898952336590068 -0.2185519714159173 
-0.34688551676866 0.9888476238039935 -0.21790415785080386 
-0.34639382708039257 0.9877983926865896 -0.21725766198177265 
-0.34639382708039257 0.9877983926865896 -0.21725766198177265 
-0.345581229187657 0.9860502139079207 -0.2161755156776659 
-0.3442348646823718 0.9830688605184481 -0.21432439508260526 
-0.34323829035237474 0.9807738894074465 -0.2129073177740265 
-0.3421031782096522 0.9781247993716068 -0.2112676503714226 
-0.34188219820963983 0.9775871455316366 -0.21094687121403954 
-0.34028823559041144 0.9736725205667361 -0.2085388465417105 
-0.33931024108166075 0.9711651444764953 -0.20700809380347296 
-0.3390383517021861 0.970446363289593 -0.20656920902511877 
-0.3380267028375855 0.9677544084816321 -0.20491665392668734 
-0.3369764958905235 0.9648689759651565 -0.20315988700594823 
-0.336153441284591 0.9625095709602494 -0.201737442579341 
-0.33546840745579565 0.9605189508715184 -0.20052065104930328 
-0.3351111352091403 0.9594216469545295 -0.19986354358506353 
-0.3339901440026005 0.9559581879627084 -0.19776619232736625 
-0.3334698187636232 0.9543111180989855 -0.19677891494623911 
-0.33263784309045014 0.9515620051246674 -0.19512004971199448 
-0.33247055675687487 0.9510124101484683 -0.19478945629590705 
-0.3313243070641353 0.9469567866614124 -0.19235687369537546 
-0.3308636089421676 0.9452914357997898 -0.191370475107851 
-0.32999120855407704 0.9419518414642913 -0.18938707199789373 
-0.3295310548354249 0.940091927115682 -0.18828130707552237 
-0.3289359191442197 0.9376817652423124 -0.18683500711737422 
-0.3284606959713221 0.935626399467467 -0.18562293278971165 
-0.32787303365312065 0.9330109160289881 -0.18407526147996467 
-0.32740005152491364 0.9307640509564379 -0.18274382344361395 
-0.3270536847020112 0.9290756594578164 -0.1817487959671924 
-0.32656687670817053 0.9266320677886217 -0.18031628517841636 
-0.32625136447320413 0.9249370506344665 -0.17932130923832668 
-0.3261820148175869 0.9245603224731822 -0.1791002647868516 
-0.32555319156662443 0.9209755016796797 -0.17700069642909766 
-0.325242555127418 0.9190913644496195 -0.17588608818089713 
-0.3249624887347939 0.9173877836674431 -0.17489837211572545 
