-1.0048405466105976 0.8932000575652549 -0.24475106205464348 
-1.00472296833953 0.8937681205135413 -0.2450744986761082 
-1.0029173851784539 0.9021962288233001 -0.24958610327270192 
-1.0024735588611449 0.9040998814926726 -0.25061906305244297 
-1.0000760980751056 0.9134318250758805 -0.2555756045476877 
-0.9995907765564577 0.915133411787465 -0.2564894746331591 
-0.9973445948447822 0.9226977718403913 -0.26048484052260346 
-0.9973511895533949 0.9227013679137944 -0.26047994146981646 
-0.9947551752981221 0.9306061163198011 -0.2646069601818849 
-0.9927507353496708 0.936208339321513 -0.26754250500881305 
-0.9914946676832116 0.9395632871562829 -0.26927703464340136 
-0.989390662806099 0.9449465252276711 -0.2720516660378759 
-0.9878673552961861 0.9486400714969448 -0.2739482608539515 
-0.9867616317964905 0.9512155700673673 -0.2752654050694411 
-0.9828956884774764 0.9598146759302082 -0.27963591231817486 
-0.9810723203159368 0.963624156211434 -0.28156686201595915 
-0.9785502097631442 0.968676509866871 -0.28410734820923633 
-0.978367006204844 0.9690384799278791 -0.28428324691341345 
-0.9747763604427468 0.9758334865241093 -0.28768140635043404 
-0.9724163525501464 0.9800917381611034 -0.2897938162271466 
-0.9710091199784385 0.9825656305062154 -0.29101080782263855 
-0.967266497816269 0.9888700586719195 -0.29411354766463704 
-0.9656663475075478 0.9914796904628758 -0.29538922574498483 
-0.9600044040086432 1.0002589431201356 -0.2996369197147689 
-0.9587431679177467 1.0021277457816984 -0.30054983054497275 
-0.955937534246776 1.006191702796581 -0.3024940335160836 
-0.9534277990960123 1.0097170672687907 -0.30417847283847665 
-0.9474899520924344 1.017672457914748 -0.30793718084181776 
-0.9437839811558272 1.0224147962758452 -0.31014770935646274 
-0.9415757901903052 1.0251721656344261 -0.3114281879171412 
-0.9382510681167314 1.029177943364144 -0.31328935971468475 
-0.9337508313895859 1.0344031059105272 -0.3156785911554606 
-0.9299855180341599 1.0386212214613888 -0.3175957687001988 
-0.9270015584279889 1.0418612008703134 -0.3190667731824288 
-0.9225151845105544 1.0465946007838376 -0.32117641541879405 
-0.9194122452836612 1.0497515095072403 -0.3225820752875611 
-0.915371076486663 1.0537747731882328 -0.32434577838052736 
-0.9129255259221948 1.0561157051926762 -0.3253795868076542 
-0.9075102395859898 1.0611904214563537 -0.3275734998510562 
-0.9040452918460927 1.0643305796202915 -0.32891364416649516 
-0.9013322111311515 1.0667269359084546 -0.3299284536779664 
-0.8951651585689347 1.0719883612172905 -0.33214310763115684 
-0.8930314952567587 1.0737653489020138 -0.33288353552164074 
-0.8866872403651724 1.078859457710121 -0.33498397122223955 
-0.8826222231975325 1.0820186583719726 -0.33626696506489795 
-0.878319530604557 1.0852427219372434 -0.33755736091798016 
-0.8746689638013747 1.0879127527931427 -0.3386094911726294 
-0.8709837205732169 1.0905404256141658 -0.33964507339852057 
-0.8674321323959636 1.09299957923595 -0.34059619849465783 
-0.8618686928918378 1.0967411862200322 -0.34202372502333045 
-0.861145778782795 1.097219589334211 -0.34219902472132047 
-0.8567790279150161 1.1000421431361425 -0.3432608489908736 
-0.8531078038164543 1.102356437899746 -0.3441097573350701 
-0.8531078038164543 1.102356437899746 -0.3441097573350701 
-0.8475371419724099 1.1057440716145812 -0.34533670639059677 
-0.8430328106393614 1.1083892775511148 -0.34627578167495565 
-0.8413342533971365 1.1093699023320183 -0.3466126484670957 
-0.8413342533971365 1.1093699023320183 -0.3466126484670957 
-0.8388736347342727 1.1107695457505025 -0.34710778466375447 
-0.8350540280151373 1.1128789491410833 -0.34783448875129563 
-0.8317898014649459 1.114647148509595 -0.34842530749837985 
-0.8296723393142995 1.1157731619743059 -0.34876696661504736 
-0.8298587524606911 1.1156701802777675 -0.3487652823983499 
-0.8238359753209062 1.1187815081335517 -0.3497808306132467 
-0.8238359753209062 1.1187815081335517 -0.3497808306132467 
-0.8169601146354456 1.1221700099649743 -0.3508479738681386 
-0.8169601146354456 1.1221700099649743 -0.3508479738681386 
-0.8169601146354456 1.1221700099649743 -0.3508479738681386 
-0.811206854395983 1.1248782454057586 -0.35167502503325654 
-0.811206854395983 1.1248782454057586 -0.35167502503325654 
-0.8076116542206865 1.1265174075936448 -0.352152400855969 
-0.8057994898288029 1.1273099956315153 -0.3523866459036238 
-0.8057994898288029 1.1273099956315153 -0.3523866459036238 
-0.8057994898288029 1.1273099956315153 -0.3523866459036238 
-0.8057994898288029 1.1273099956315153 -0.3523866459036238 
-0.8013693658663229 1.129243645747203 -0.3529295489562556 
-0.7954845561019985 1.1317049725228845 -0.3535895465214689 
-0.792423512705681 1.1329388693953175 -0.35391937282577524 
-0.792423512705681 1.1329388693953175 -0.35391937282577524 
-0.786676548795864 1.1351791352476623 -0.35446385267139835 
-0.786676548795864 1.1351791352476623 -0.35446385267139835 
-0.7821388097228963 1.136879734416189 -0.35487947564118927 
-0.7790311203205131 1.1380132763227708 -0.35511987705590153 
-0.7752855440348383 1.1393273628518694 -0.35541474076351387 
-0.7721505319838299 1.1403910859198163 -0.3556336776072444 
-0.768163347190686 1.141698775138025 -0.35587784977485193 
-0.768163347190686 1.141698775138025 -0.35587784977485193 
-0.7635435281961902 1.1431896093087288 -0.35615151453811367 
-0.7635435281961902 1.1431896093087288 -0.35615151453811367 
-0.7616398053443103 1.143768677468208 -0.3562385845353616 
-0.7616398053443103 1.143768677468208 -0.3562385845353616 
-0.7563512396153501 1.1453567484342002 -0.3564811046761909 
-0.7563512396153501 1.1453567484342002 -0.3564811046761909 
-0.7499707181728831 1.147157400124105 -0.35671331240665327 
-0.7482616134908584 1.1476122391791026 -0.3567735457254685 
-0.7482616134908584 1.1476122391791026 -0.3567735457254685 
-0.739054945045497 1.1499766448626 -0.35696702956264925 
-0.739054945045497 1.1499766448626 -0.35696702956264925 
-0.7334563160930829 1.1512878399845012 -0.35701914192164796 
-0.7310861359757108 1.151829574102975 -0.3570297977305631 
-0.7282762050190424 1.152437264262368 -0.35703719571043113 
-0.7282762050190424 1.152437264262368 -0.35703719571043113 
-0.7282762050190424 1.152437264262368 -0.35703719571043113 
-0.7185205601655058 1.1543972321538485 -0.35693509847305604 
-0.7170006284960894 1.154685296989748 -0.35691093981251243 
-0.7132975515805273 1.1553357471333567 -0.35683663916286246 
-0.7091578639608616 1.1560409607454953 -0.35671252938871867 
-0.7091578639608616 1.1560409607454953 -0.35671252938871867 
-0.7041374267261137 1.156832675594763 -0.35655613273887254 
-0.6993269319454997 1.157528638022205 -0.35634828890645864 
-0.6991051987743571 1.1575477506042666 -0.3563415114016526 
-0.6940695901967644 1.1582128154615077 -0.3561021310777823 
-0.690343821186502 1.158663076408877 -0.355881158104977 
-0.6883691801390212 1.158884366729931 -0.35577702593785177 
-0.6863930283644268 1.1590912384477092 -0.3556510331263636 
-0.6863930283644268 1.1590912384477092 -0.3556510331263636 
-0.6804640249413818 1.1596654424955386 -0.355237132961001 
-0.6804640249413818 1.1596654424955386 -0.355237132961001 
-0.6780489706442409 1.1598837516325997 -0.35506368953304157 
-0.6736532714734885 1.1602259715366998 -0.35471689987581656 
-0.6699143540329701 1.1604711038408313 -0.35440567273493573 
-0.6652970511002788 1.1607335976026518 -0.3539866905247516 
-0.6622180483686079 1.1608722728566059 -0.35368678078100946 
-0.6551847087316172 1.1611183666926912 -0.35295795686596754 
-0.6499119900598892 1.1612214538832668 -0.3523724222608233 
-0.6461794508333096 1.1612422387256753 -0.3519160708447 
-0.6404752877184996 1.1612152192220966 -0.3512002819467932 
-0.6398179468609686 1.1612081150013067 -0.3511116752419958 
-0.6330268777801425 1.1610587122203442 -0.3501972275925065 
-0.6319327489657405 1.1610247011281056 -0.350043667202656 
-0.6282151013980393 1.160876814485305 -0.34950366249584663 
-0.6227556345531592 1.1605932410092548 -0.34867899641201616 
-0.6201399398198785 1.1604291746418471 -0.34825939507519144 
-0.6162185431952912 1.160148857876805 -0.3476370679959955 
-0.6112217303261565 1.1597519078356537 -0.3467820486308024 
-0.6110040994564625 1.1597281127037309 -0.346747700170717 
-0.6029903269547103 1.1589296285634485 -0.34530337476904527 
-0.6001810369242343 1.158601195703082 -0.3447866159083153 
-0.6001810369242343 1.158601195703082 -0.3447866159083153 
-0.5980241716001479 1.1583404702097202 -0.3443746388618293 
-0.593505096597422 1.157767826957155 -0.3434791764313758 
-0.593505096597422 1.157767826957155 -0.3434791764313758 
-0.5887819462177446 1.157089256840933 -0.3425298439893735 
-0.5849311599701212 1.1564989871661306 -0.3417142500720113 
-0.5821561867441678 1.1560384405862663 -0.34111750301953414 
-0.5783214215039127 1.1553813032342883 -0.34028162936761086 
-0.5749238270084812 1.1547477673195832 -0.33951856372820655 
-0.5685791773117065 1.1535137901113182 -0.3380316151286097 
-0.5662630808836269 1.1530142827578271 -0.33747311365473365 
-0.5618536784812862 1.1520517572395355 -0.33638084436986326 
-0.5582970783030448 1.1512442028670535 -0.3354749325812685 
-0.5570455910608935 1.150935876619058 -0.33515503201206687 
-0.551429569707814 1.149538640880147 -0.33368674646623797 
-0.5508093462283706 1.1493805319973605 -0.3335117072286725 
-0.5479116210518798 1.1486171071554225 -0.332734822197862 
-0.544199842181494 1.1476150510239584 -0.33170979833219294 
-0.5403047073015378 1.146497611530368 -0.3305952290653327 
-0.5366275848218366 1.145402296323964 -0.3295353911909292 
-0.5352024138874232 1.1449713776713422 -0.3291133942319978 
-0.5307400603157675 1.1435713758445802 -0.32777556168757405 
-0.5273125653839354 1.1424435891761073 -0.32671839077497067 
-0.5261044008063552 1.142048935869127 -0.32634156938047854 
-0.5203052833301542 1.1400250902480797 -0.324493432676367 
-0.5203044706954674 1.1400315825996463 -0.32449119222651257 
-0.5169285704367399 1.13880471962303 -0.32338059607777825 
-0.5137643315082248 1.1376225022003856 -0.32232891877377956 
-0.5119917223339522 1.1369481511387396 -0.3217269218918918 
-0.5098309053017397 1.1361083814147566 -0.3209916664019524 
-0.5055378643620125 1.1343800977950245 -0.31948943075938263 
-0.5024323261086372 1.133099260087524 -0.31838158935888683 
-0.4991532070400788 1.1316999569408488 -0.31718946768553313 
-0.49761645160353984 1.1310286829206007 -0.31662591029487785 
-0.4968488619800012 1.130687094134433 -0.31634860843698653 
-0.49398763535841267 1.129410203812986 -0.3152594576037939 
-0.4909452752564645 1.1280136246038925 -0.3141153595358298 
-0.4898135011868136 1.1274803201765287 -0.3136716356235941 
-0.486427346923268 1.1258626926221038 -0.3123432030838518 
-0.48436719395382977 1.124865506226464 -0.31152183333090633 
-0.47861671939821687 1.1219610993361144 -0.3091771075849339 
-0.4776924158590089 1.1214836300161128 -0.30880390358425336 
-0.4725707702239952 1.1187660870199927 -0.3066321515986933 
-0.4712997028979271 1.1180726562580927 -0.30608485585173484 
-0.4687706797969789 1.1166571518419983 -0.3049931257866586 
-0.46464880027472716 1.1143179179652118 -0.3031498398180723 
-0.4612717272805037 1.112339374646448 -0.30162471889234466 
-0.46003929295337975 1.1116037515135044 -0.30104482442660163 
-0.45531267157348193 1.1086983541273927 -0.2988388234924896 
-0.45219177893220625 1.106732301096599 -0.2973464079007502 
-0.44740554958248224 1.1035964510476972 -0.29497986570206347 
-0.44655904703725874 1.1030237415769875 -0.2945566846135984 
-0.44218844158583104 1.1000249650048757 -0.2923281872147824 
-0.44218844158583104 1.1000249650048757 -0.2923281872147824 
-0.4378683341858524 1.0969750269659189 -0.29007702949905745 
-0.4367194577529673 1.0961300916189092 -0.2894728115362737 
-0.4341118258181119 1.0941997237943395 -0.2880596936356189 
-0.4341118258181119 1.0941997237943395 -0.2880596936356189 
-0.42992048193047794 1.0910168216435505 -0.2857454704956459 
-0.426112845867076 1.0880135603272336 -0.2835874519378645 
-0.42391512985395924 1.086246684597239 -0.2823111062882864 
-0.4174379340855753 1.0808191665782825 -0.278459545172007 
-0.4166789237379667 1.0801624184990115 -0.2779958309118348 
-0.4129228428240156 1.0768474839454796 -0.27565864460709566 
-0.4129228428240156 1.0768474839454796 -0.27565864460709566 
-0.4086438391801679 1.07292891715493 -0.27292831000531526 
-0.4086438391801679 1.07292891715493 -0.27292831000531526 
-0.40417046364141984 1.0686623822772703 -0.2699661947504758 
-0.4012004303263197 1.065725399525479 -0.267936828688357 
-0.3984117567795118 1.062892001474551 -0.26599977880001846 
-0.3959424065999543 1.0603103085692034 -0.26424394291994413 
-0.39552929145239196 1.0598794048459372 -0.2639559202421149 
-0.3928363244652572 1.0569802049895671 -0.26197996197741047 
-0.38953085116703673 1.0533013668282116 -0.2595082989911133 
-0.3880953132553077 1.051677342747851 -0.25840614715136123 
-0.3853970736878116 1.0485351384094523 -0.2563059937717196 
-0.3822513156809346 1.0447520212863473 -0.2537854459084975 
-0.3820052851158786 1.044440191185621 -0.253588986393954 
-0.37820890371781013 1.0396818125693512 -0.25043834949323696 
-0.3761768263113534 1.0370405913762684 -0.24869876533465818 
-0.3738267667096251 1.03390688708969 -0.24664616826045926 
-0.3731403291994434 1.0329547306072446 -0.24602471517240254 
-0.3696191581379932 1.0280349108070115 -0.242803261337861 
-0.3693978773149915 1.0277133681135084 -0.24259469006061585 
-0.36740165503923894 1.0248214307975385 -0.24072774255398288 
-0.3652448856887789 1.0215841627591231 -0.23862304979283655 
-0.3642903392406255 1.02011566496032 -0.237677380681955 
-0.36158430132314395 1.0158420005804742 -0.2349437710126019 
-0.3597506195393093 1.0128674873458587 -0.23304052913400275 
-0.35680004361925677 1.0078490099844015 -0.22985864265545453 
-0.35537579586621093 1.0053255976052502 -0.22824275879296418 
-0.35322582182520657 1.0014254990606704 -0.22578818452321514 
-0.3524121445840303 0.999892141043477 -0.22481355364089173 
-0.35044524153917145 0.9961273463306685 -0.22244425224273945 
-0.35044524153917145 0.9961273463306685 -0.22244425224273945 
-0.3496695208717748 0.9945675426316882 -0.22147870804952285 
-0.3463944362366906 0.987800916834938 -0.21725335750433072 
-0.34573696556010935 0.9864048316444614 -0.21639082736208481 
-0.3437686072482341 0.9820172218020999 -0.2136641890484342 
-0.34278612492540883 0.9797145577804599 -0.21224837136677388 
-0.34166974637388403 0.9770548701135264 -0.2106108293753176 
-0.33938359136871094 0.9713470436006515 -0.2071100466234178 
-0.3385616328499309 0.9691877203962846 -0.2058044798032166 
-0.3366661522152084 0.963960210951303 -0.2026091020395583 
-0.33572759250035356 0.9612371306867443 -0.20096343949223905 
-0.3345264043967122 0.9575925007094369 -0.1987637052924207 
-0.3336499179573525 0.954856349648022 -0.1971086203409369 
-0.33280463743013866 0.9521091587395903 -0.19545500870320642 
-0.3323127892761446 0.9504564276319439 -0.19446223167530885 
-0.33126225982464685 0.9467717309486737 -0.19225452831090006 
-0.3308181843473502 0.9451094167085806 -0.19125254001172953 
-0.3296609586588438 0.9406590681426034 -0.18860366697621533 
-0.3289428134952731 0.9376747805910566 -0.18684158558249953 
-0.3288921691036223 0.9374970989289794 -0.18672158755275936 
-0.32775801455647047 0.9324517711434062 -0.1837360275311759 
-0.32736781669248594 0.9305743464481925 -0.18263284466218732 
-0.3267443511384327 0.9275736454102387 -0.1808692629342743 
-0.32643172047279856 0.9258769840284558 -0.17987371327363688 
-0.32588138041467873 0.9228623596572714 -0.17810545426943947 
-0.3255110213113339 0.9207896569373172 -0.17689067497157984 
-0.32524118485311315 0.9190854406588274 -0.17589611899261204 
