-0.9498405466105975 0.963200057565255 -0.24475106205464348 
-0.9497229683395301 0.9637681205135413 -0.24507449867610853 
-0.9479173851784537 0.9721962288233001 -0.24958610327270203 
-0.9474735588611445 0.9740998814926727 -0.2506190630524433 
-0.9450760980751056 0.9834318250758806 -0.2555756045476878 
-0.9445907765564577 0.9851334117874652 -0.25648947463315896 
-0.9423445948447821 0.9926977718403914 -0.26048484052260357 
-0.9423511895533948 0.9927013679137946 -0.26047994146981646 
-0.9397551752981217 1.000606116319801 -0.2646069601818851 
-0.937750735349671 1.006208339321513 -0.2675425050088128 
-0.9364946676832115 1.009563287156283 -0.26927703464340125 
-0.934390662806099 1.014946525227671 -0.2720516660378758 
-0.9328673552961859 1.0186400714969448 -0.2739482608539515 
-0.9317616317964904 1.0212155700673677 -0.27526540506944086 
-0.927895688477476 1.0298146759302083 -0.27963591231817475 
-0.9260723203159371 1.033624156211434 -0.2815668620159594 
-0.9235502097631443 1.038676509866871 -0.28410734820923644 
-0.9233670062048438 1.0390384799278791 -0.28428324691341345 
-0.9197763604427467 1.0458334865241095 -0.2876814063504338 
-0.9174163525501465 1.0500917381611037 -0.2897938162271466 
-0.9160091199784387 1.0525656305062157 -0.29101080782263855 
-0.9122664978162691 1.0588700586719193 -0.29411354766463726 
-0.9106663475075475 1.0614796904628758 -0.29538922574498505 
-0.9050044040086431 1.0702589431201357 -0.29963691971476913 
-0.9037431679177467 1.0721277457816984 -0.30054983054497264 
-0.900937534246776 1.076191702796581 -0.3024940335160837 
-0.8984277990960122 1.0797170672687908 -0.30417847283847643 
-0.8924899520924343 1.087672457914748 -0.30793718084181776 
-0.8887839811558274 1.0924147962758453 -0.31014770935646296 
-0.8865757901903054 1.0951721656344264 -0.3114281879171409 
-0.8832510681167316 1.0991779433641442 -0.31328935971468475 
-0.878750831389586 1.1044031059105273 -0.3156785911554605 
-0.8749855180341598 1.1086212214613886 -0.3175957687001988 
-0.8720015584279891 1.1118612008703135 -0.31906677318242893 
-0.8675151845105542 1.1165946007838377 -0.32117641541879405 
-0.8644122452836611 1.1197515095072406 -0.3225820752875608 
-0.8603710764866629 1.1237747731882328 -0.32434577838052747 
-0.8579255259221945 1.126115705192676 -0.3253795868076542 
-0.8525102395859895 1.1311904214563535 -0.32757349985105644 
-0.8490452918460928 1.1343305796202916 -0.32891364416649493 
-0.8463322111311516 1.1367269359084546 -0.3299284536779663 
-0.8401651585689347 1.1419883612172903 -0.33214310763115695 
-0.8380314952567589 1.143765348902014 -0.33288353552164063 
-0.8316872403651726 1.148859457710121 -0.3349839712222399 
-0.8276222231975325 1.1520186583719727 -0.33626696506489795 
-0.8233195306045569 1.1552427219372432 -0.3375573609179804 
-0.819668963801375 1.157912752793143 -0.3386094911726294 
-0.815983720573217 1.160540425614166 -0.3396450733985207 
-0.8124321323959638 1.16299957923595 -0.3405961984946576 
-0.8068686928918376 1.1667411862200325 -0.34202372502333 
-0.8061457787827949 1.167219589334211 -0.34219902472132036 
-0.801779027915016 1.1700421431361425 -0.3432608489908736 
-0.7981078038164542 1.1723564378997462 -0.3441097573350699 
-0.7981078038164542 1.1723564378997462 -0.3441097573350699 
-0.7925371419724099 1.1757440716145817 -0.34533670639059677 
-0.788032810639361 1.1783892775511149 -0.346275781674956 
-0.7863342533971364 1.179369902332018 -0.3466126484670956 
-0.7863342533971364 1.179369902332018 -0.3466126484670956 
-0.7838736347342725 1.1807695457505025 -0.34710778466375425 
-0.7800540280151371 1.1828789491410834 -0.3478344887512953 
-0.7767898014649456 1.184647148509595 -0.34842530749837974 
-0.7746723393142992 1.185773161974306 -0.34876696661504736 
-0.7748587524606908 1.1856701802777676 -0.3487652823983499 
-0.768835975320906 1.1887815081335515 -0.3497808306132465 
-0.768835975320906 1.1887815081335515 -0.3497808306132465 
-0.7619601146354454 1.1921700099649741 -0.3508479738681387 
-0.7619601146354454 1.1921700099649741 -0.3508479738681387 
-0.7619601146354454 1.1921700099649741 -0.3508479738681387 
-0.7562068543959828 1.1948782454057585 -0.3516750250332563 
-0.7562068543959828 1.1948782454057585 -0.3516750250332563 
-0.7526116542206863 1.1965174075936449 -0.3521524008559691 
-0.7507994898288028 1.1973099956315156 -0.3523866459036238 
-0.7507994898288028 1.1973099956315156 -0.3523866459036238 
-0.7507994898288028 1.1973099956315156 -0.3523866459036238 
-0.7507994898288028 1.1973099956315156 -0.3523866459036238 
-0.7463693658663227 1.1992436457472029 -0.3529295489562557 
-0.7404845561019984 1.2017049725228846 -0.3535895465214687 
-0.7374235127056809 1.2029388693953176 -0.3539193728257749 
-0.7374235127056809 1.2029388693953176 -0.3539193728257749 
-0.731676548795864 1.2051791352476622 -0.3544638526713987 
-0.731676548795864 1.2051791352476622 -0.3544638526713987 
-0.7271388097228964 1.206879734416189 -0.3548794756411894 
-0.724031120320513 1.208013276322771 -0.3551198770559013 
-0.7202855440348384 1.2093273628518697 -0.3554147407635141 
-0.7171505319838297 1.2103910859198161 -0.3556336776072444 
-0.7131633471906861 1.211698775138025 -0.3558778497748515 
-0.7131633471906861 1.211698775138025 -0.3558778497748515 
-0.7085435281961902 1.2131896093087289 -0.35615151453811333 
-0.7085435281961902 1.2131896093087289 -0.35615151453811333 
-0.7066398053443103 1.213768677468208 -0.3562385845353616 
-0.7066398053443103 1.213768677468208 -0.3562385845353616 
-0.7013512396153501 1.2153567484342007 -0.3564811046761911 
-0.7013512396153501 1.2153567484342007 -0.3564811046761911 
-0.6949707181728829 1.217157400124105 -0.35671331240665294 
-0.6932616134908584 1.2176122391791029 -0.3567735457254684 
-0.6932616134908584 1.2176122391791029 -0.3567735457254684 
-0.684054945045497 1.2199766448626002 -0.35696702956264936 
-0.684054945045497 1.2199766448626002 -0.35696702956264936 
-0.6784563160930828 1.2212878399845013 -0.35701914192164785 
-0.6760861359757108 1.221829574102975 -0.3570297977305634 
-0.6732762050190425 1.222437264262368 -0.357037195710431 
-0.6732762050190425 1.222437264262368 -0.357037195710431 
-0.6732762050190425 1.222437264262368 -0.357037195710431 
-0.6635205601655056 1.2243972321538483 -0.35693509847305593 
-0.6620006284960892 1.2246852969897477 -0.3569109398125121 
-0.6582975515805272 1.2253357471333564 -0.3568366391628621 
-0.6541578639608615 1.2260409607454952 -0.35671252938871856 
-0.6541578639608615 1.2260409607454952 -0.35671252938871856 
-0.6491374267261136 1.2268326755947632 -0.3565561327388723 
-0.6443269319454995 1.227528638022205 -0.35634828890645864 
-0.644105198774357 1.2275477506042667 -0.3563415114016524 
-0.6390695901967645 1.2282128154615077 -0.3561021310777819 
-0.635343821186502 1.2286630764088773 -0.3558811581049768 
-0.633369180139021 1.228884366729931 -0.3557770259378513 
-0.6313930283644269 1.2290912384477093 -0.3556510331263635 
-0.6313930283644269 1.2290912384477093 -0.3556510331263635 
-0.6254640249413819 1.2296654424955389 -0.3552371329610009 
-0.6254640249413819 1.2296654424955389 -0.3552371329610009 
-0.6230489706442408 1.2298837516325996 -0.35506368953304135 
-0.6186532714734885 1.2302259715366999 -0.35471689987581656 
-0.6149143540329699 1.230471103840831 -0.3544056727349354 
-0.6102970511002788 1.230733597602652 -0.35398669052475173 
-0.6072180483686078 1.230872272856606 -0.353686780781009 
-0.6001847087316171 1.2311183666926913 -0.35295795686596765 
-0.5949119900598893 1.231221453883267 -0.352372422260823 
-0.5911794508333097 1.2312422387256754 -0.3519160708446999 
-0.5854752877184997 1.2312152192220964 -0.3512002819467931 
-0.5848179468609684 1.2312081150013068 -0.35111167524199594 
-0.5780268777801425 1.231058712220344 -0.3501972275925064 
-0.5769327489657405 1.2310247011281057 -0.3500436672026559 
-0.5732151013980391 1.2308768144853053 -0.34950366249584675 
-0.5677556345531594 1.2305932410092548 -0.34867899641201605 
-0.5651399398198784 1.230429174641847 -0.3482593950751911 
-0.5612185431952911 1.230148857876805 -0.3476370679959956 
-0.5562217303261564 1.2297519078356538 -0.34678204863080253 
-0.5560040994564623 1.2297281127037307 -0.3467477001707171 
-0.5479903269547103 1.2289296285634488 -0.3453033747690455 
-0.5451810369242344 1.2286011957030818 -0.3447866159083153 
-0.5451810369242344 1.2286011957030818 -0.3447866159083153 
-0.5430241716001479 1.2283404702097205 -0.3443746388618294 
-0.538505096597422 1.227767826957155 -0.34347917643137593 
-0.538505096597422 1.227767826957155 -0.34347917643137593 
-0.5337819462177444 1.2270892568409333 -0.3425298439893739 
-0.5299311599701211 1.2264989871661311 -0.3417142500720117 
-0.5271561867441678 1.2260384405862663 -0.34111750301953403 
-0.5233214215039126 1.2253813032342886 -0.3402816293676111 
-0.5199238270084812 1.2247477673195832 -0.3395185637282062 
-0.5135791773117064 1.223513790111318 -0.3380316151286097 
-0.5112630808836269 1.2230142827578268 -0.3374731136547334 
-0.5068536784812863 1.2220517572395353 -0.33638084436986326 
-0.5032970783030445 1.2212442028670536 -0.3354749325812688 
-0.5020455910608935 1.2209358766190581 -0.3351550320120671 
-0.4964295697078138 1.2195386408801467 -0.33368674646623775 
-0.4958093462283706 1.2193805319973605 -0.3335117072286723 
-0.4929116210518798 1.2186171071554228 -0.3327348221978619 
-0.4891998421814939 1.2176150510239585 -0.33170979833219294 
-0.4853047073015376 1.216497611530368 -0.3305952290653328 
-0.4816275848218366 1.2154022963239641 -0.3295353911909291 
-0.48020241388742313 1.214971377671342 -0.3291133942319976 
-0.47574006031576743 1.2135713758445803 -0.32777556168757416 
-0.47231256538393546 1.2124435891761076 -0.32671839077497067 
-0.47110440080635513 1.2120489358691273 -0.3263415693804782 
-0.46530528333015425 1.21002509024808 -0.3244934326763672 
-0.4653044706954675 1.2100315825996464 -0.3244911922265121 
-0.4619285704367398 1.20880471962303 -0.32338059607777825 
-0.45876433150822465 1.2076225022003855 -0.32232891877377967 
-0.456991722333952 1.2069481511387397 -0.3217269218918921 
-0.45483090530173953 1.2061083814147568 -0.3209916664019522 
-0.45053786436201243 1.2043800977950248 -0.3194894307593824 
-0.4474323261086371 1.2030992600875237 -0.31838158935888705 
-0.4441532070400788 1.2016999569408489 -0.31718946768553324 
-0.44261645160353974 1.201028682920601 -0.31662591029487797 
-0.4418488619800012 1.2006870941344328 -0.3163486084369862 
-0.43898763535841273 1.199410203812986 -0.31525945760379404 
-0.43594527525646454 1.1980136246038924 -0.3141153595358295 
-0.4348135011868138 1.1974803201765285 -0.3136716356235938 
-0.43142734692326784 1.1958626926221043 -0.31234320308385144 
-0.4293671939538298 1.194865506226464 -0.311521833330906 
-0.423616719398217 1.1919610993361145 -0.30917710758493355 
-0.4226924158590088 1.191483630016113 -0.30880390358425347 
-0.4175707702239953 1.1887660870199928 -0.30663215159869317 
-0.4162997028979271 1.1880726562580928 -0.30608485585173495 
-0.41377067979697885 1.1866571518419984 -0.3049931257866586 
-0.40964880027472717 1.184317917965212 -0.3031498398180723 
-0.40627172728050354 1.1823393746464483 -0.301624718892345 
-0.4050392929533798 1.1816037515135045 -0.3010448244266021 
-0.4003126715734819 1.1786983541273925 -0.2988388234924898 
-0.39719177893220614 1.176732301096599 -0.2973464079007503 
-0.39240554958248225 1.1735964510476975 -0.2949798657020637 
-0.39155904703725875 1.1730237415769875 -0.29455668461359863 
-0.3871884415858309 1.170024965004876 -0.2923281872147824 
-0.3871884415858309 1.170024965004876 -0.2923281872147824 
-0.38286833418585253 1.1669750269659187 -0.29007702949905756 
-0.38171945775296723 1.1661300916189095 -0.289472811536274 
-0.3791118258181119 1.16419972379434 -0.288059693635619 
-0.3791118258181119 1.16419972379434 -0.288059693635619 
-0.37492048193047806 1.1610168216435504 -0.2857454704956459 
-0.37111284586707594 1.158013560327234 -0.2835874519378647 
-0.36891512985395936 1.1562466845972392 -0.28231110628828604 
-0.3624379340855753 1.1508191665782823 -0.27845954517200744 
-0.36167892373796684 1.1501624184990116 -0.2779958309118349 
-0.3579228428240157 1.1468474839454796 -0.27565864460709566 
-0.3579228428240157 1.1468474839454796 -0.27565864460709566 
-0.353643839180168 1.1429289171549304 -0.27292831000531514 
-0.353643839180168 1.1429289171549304 -0.27292831000531514 
-0.34917046364142007 1.1386623822772701 -0.2699661947504758 
-0.34620043032631964 1.135725399525479 -0.2679368286883568 
-0.34341175677951175 1.1328920014745512 -0.26599977880001846 
-0.3409424065999544 1.1303103085692032 -0.26424394291994424 
-0.3405292914523919 1.1298794048459373 -0.263955920242115 
-0.3378363244652573 1.1269802049895672 -0.26197996197741047 
-0.3345308511670366 1.123301366828212 -0.2595082989911134 
-0.33309531325530783 1.1216773427478508 -0.25840614715136123 
-0.33039707368781146 1.1185351384094522 -0.2563059937717197 
-0.3272513156809348 1.1147520212863475 -0.2537854459084974 
-0.3270052851158784 1.1144401911856208 -0.25358898639395433 
-0.32320890371780986 1.1096818125693513 -0.25043834949323707 
-0.3211768263113536 1.1070405913762684 -0.24869876533465785 
-0.31882676670962506 1.10390688708969 -0.24664616826045938 
-0.3181403291994436 1.102954730607245 -0.2460247151724022 
-0.3146191581379931 1.0980349108070118 -0.2428032613378608 
-0.3143978773149916 1.0977133681135085 -0.24259469006061596 
-0.3124016550392389 1.0948214307975388 -0.24072774255398277 
-0.3102448856887785 1.0915841627591232 -0.23862304979283655 
-0.3092903392406256 1.09011566496032 -0.23767738068195454 
-0.30658430132314396 1.0858420005804743 -0.23494377101260178 
-0.30475061953930915 1.082867487345859 -0.23304052913400264 
-0.30180004361925705 1.0778490099844016 -0.22985864265545441 
-0.30037579586621066 1.0753255976052503 -0.22824275879296396 
-0.2982258218252066 1.0714254990606702 -0.22578818452321514 
-0.2974121445840304 1.069892141043477 -0.22481355364089162 
-0.2954452415391715 1.0661273463306686 -0.22244425224273912 
-0.2954452415391715 1.0661273463306686 -0.22244425224273912 
-0.2946695208717749 1.0645675426316885 -0.22147870804952252 
-0.2913944362366907 1.057800916834938 -0.2172533575043304 
-0.2907369655601093 1.0564048316444614 -0.2163908273620847 
-0.2887686072482342 1.0520172218021 -0.2136641890484341 
-0.2877861249254087 1.04971455778046 -0.2122483713667741 
-0.2866697463738841 1.0470548701135265 -0.21061082937531783 
-0.2843835913687113 1.0413470436006516 -0.20711004662341748 
-0.28356163284993097 1.0391877203962847 -0.2058044798032167 
-0.2816661522152083 1.033960210951303 -0.20260910203955873 
-0.28072759250035356 1.0312371306867445 -0.20096343949223916 
-0.2795264043967122 1.027592500709437 -0.1987637052924207 
-0.2786499179573526 1.0248563496480219 -0.197108620340937 
-0.2778046374301387 1.0221091587395905 -0.19545500870320687 
-0.2773127892761446 1.0204564276319439 -0.19446223167530885 
-0.276262259824647 1.0167717309486737 -0.1922545283109004 
-0.2758181843473504 1.0151094167085806 -0.19125254001172975 
-0.2746609586588439 1.0106590681426035 -0.18860366697621556 
-0.27394281349527305 1.0076747805910566 -0.18684158558249953 
-0.2738921691036219 1.0074970989289795 -0.18672158755275958 
-0.2727580145564703 1.0024517711434064 -0.18373602753117568 
-0.272367816692486 1.0005743464481927 -0.18263284466218743 
-0.27174435113843276 0.997573645410239 -0.1808692629342742 
-0.27143172047279834 0.9958769840284559 -0.179873713273637 
-0.2708813804146789 0.9928623596572714 -0.17810545426943913 
-0.27051102131133387 0.9907896569373176 -0.17689067497157962 
-0.27024118485311327 0.9890854406588275 -0.17589611899261204 
