-0.8948405466105973 0.9632000575652548 -0.2447510620546436 
-0.8947229683395298 0.9637681205135413 -0.24507449867610853 
-0.8929173851784534 0.9721962288233001 -0.24958610327270192 
-0.8924735588611443 0.9740998814926725 -0.2506190630524434 
-0.8900760980751052 0.9834318250758807 -0.2555756045476879 
-0.8895907765564577 0.9851334117874649 -0.2564894746331591 
-0.8873445948447819 0.9926977718403914 -0.26048484052260346 
-0.8873511895533946 0.9927013679137944 -0.26047994146981657 
-0.8847551752981218 1.000606116319801 -0.264606960181885 
-0.8827507353496706 1.006208339321513 -0.2675425050088127 
-0.8814946676832113 1.009563287156283 -0.26927703464340114 
-0.8793906628060988 1.0149465252276713 -0.2720516660378759 
-0.8778673552961858 1.0186400714969448 -0.27394826085395163 
-0.8767616317964904 1.0212155700673673 -0.2752654050694413 
-0.8728956884774761 1.0298146759302083 -0.27963591231817486 
-0.8710723203159368 1.033624156211434 -0.2815668620159596 
-0.8685502097631442 1.038676509866871 -0.28410734820923644 
-0.8683670062048436 1.0390384799278791 -0.28428324691341345 
-0.8647763604427464 1.0458334865241092 -0.28768140635043404 
-0.8624163525501464 1.0500917381611035 -0.2897938162271467 
-0.8610091199784387 1.0525656305062157 -0.2910108078226388 
-0.857266497816269 1.0588700586719195 -0.29411354766463715 
-0.8556663475075476 1.0614796904628758 -0.29538922574498494 
-0.8500044040086432 1.0702589431201357 -0.29963691971476925 
-0.8487431679177466 1.0721277457816984 -0.300549830544973 
-0.8459375342467758 1.0761917027965808 -0.3024940335160836 
-0.8434277990960121 1.0797170672687906 -0.30417847283847677 
-0.8374899520924339 1.0876724579147479 -0.30793718084181787 
-0.8337839811558273 1.0924147962758455 -0.3101477093564631 
-0.8315757901903054 1.0951721656344262 -0.31142818791714133 
-0.8282510681167314 1.0991779433641442 -0.31328935971468475 
-0.8237508313895859 1.1044031059105273 -0.3156785911554608 
-0.8199855180341598 1.1086212214613886 -0.3175957687001988 
-0.8170015584279888 1.1118612008703135 -0.31906677318242893 
-0.8125151845105543 1.1165946007838374 -0.3211764154187945 
-0.8094122452836612 1.1197515095072406 -0.3225820752875612 
-0.805371076486663 1.1237747731882326 -0.3243457783805276 
-0.8029255259221946 1.1261157051926762 -0.3253795868076542 
-0.7975102395859898 1.1311904214563537 -0.3275734998510563 
-0.7940452918460927 1.1343305796202916 -0.3289136441664954 
-0.7913322111311514 1.1367269359084546 -0.3299284536779664 
-0.7851651585689347 1.1419883612172905 -0.33214310763115684 
-0.7830314952567587 1.1437653489020139 -0.33288353552164096 
-0.7766872403651726 1.148859457710121 -0.3349839712222399 
-0.7726222231975327 1.1520186583719727 -0.33626696506489784 
-0.7683195306045567 1.155242721937243 -0.33755736091798016 
-0.764668963801375 1.1579127527931428 -0.3386094911726293 
-0.7609837205732171 1.1605404256141658 -0.3396450733985208 
-0.7574321323959636 1.16299957923595 -0.3405961984946576 
-0.7518686928918376 1.166741186220032 -0.3420237250233302 
-0.7511457787827948 1.1672195893342108 -0.34219902472132047 
-0.7467790279150158 1.1700421431361423 -0.3432608489908737 
-0.743107803816454 1.172356437899746 -0.34410975733506965 
-0.743107803816454 1.172356437899746 -0.34410975733506965 
-0.7375371419724099 1.1757440716145815 -0.34533670639059677 
-0.7330328106393611 1.1783892775511149 -0.346275781674956 
-0.7313342533971363 1.179369902332018 -0.3466126484670957 
-0.7313342533971363 1.179369902332018 -0.3466126484670957 
-0.7288736347342725 1.1807695457505025 -0.347107784663754 
-0.7250540280151373 1.1828789491410834 -0.3478344887512954 
-0.7217898014649455 1.1846471485095948 -0.34842530749837985 
-0.7196723393142991 1.1857731619743057 -0.34876696661504736 
-0.7198587524606906 1.1856701802777674 -0.3487652823983499 
-0.7138359753209059 1.1887815081335518 -0.3497808306132465 
-0.7138359753209059 1.1887815081335518 -0.3497808306132465 
-0.7069601146354455 1.1921700099649741 -0.3508479738681384 
-0.7069601146354455 1.1921700099649741 -0.3508479738681384 
-0.7069601146354455 1.1921700099649741 -0.3508479738681384 
-0.7012068543959827 1.1948782454057585 -0.35167502503325665 
-0.7012068543959827 1.1948782454057585 -0.35167502503325665 
-0.6976116542206863 1.1965174075936449 -0.352152400855969 
-0.6957994898288028 1.1973099956315154 -0.35238664590362356 
-0.6957994898288028 1.1973099956315154 -0.35238664590362356 
-0.6957994898288028 1.1973099956315154 -0.35238664590362356 
-0.6957994898288028 1.1973099956315154 -0.35238664590362356 
-0.6913693658663227 1.199243645747203 -0.3529295489562556 
-0.6854845561019987 1.2017049725228848 -0.353589546521469 
-0.6824235127056808 1.2029388693953178 -0.3539193728257751 
-0.6824235127056808 1.2029388693953178 -0.3539193728257751 
-0.6766765487958639 1.2051791352476624 -0.35446385267139824 
-0.6766765487958639 1.2051791352476624 -0.35446385267139824 
-0.6721388097228962 1.2068797344161886 -0.3548794756411894 
-0.6690311203205129 1.2080132763227711 -0.3551198770559013 
-0.6652855440348382 1.2093273628518695 -0.3554147407635143 
-0.6621505319838296 1.2103910859198161 -0.3556336776072445 
-0.658163347190686 1.211698775138025 -0.3558778497748517 
-0.658163347190686 1.211698775138025 -0.3558778497748517 
-0.6535435281961899 1.2131896093087287 -0.3561515145381132 
-0.6535435281961899 1.2131896093087287 -0.3561515145381132 
-0.6516398053443101 1.2137686774682077 -0.3562385845353614 
-0.6516398053443101 1.2137686774682077 -0.3562385845353614 
-0.64635123961535 1.2153567484342003 -0.3564811046761909 
-0.64635123961535 1.2153567484342003 -0.3564811046761909 
-0.6399707181728829 1.2171574001241048 -0.3567133124066528 
-0.6382616134908582 1.2176122391791027 -0.35677354572546827 
-0.6382616134908582 1.2176122391791027 -0.35677354572546827 
-0.629054945045497 1.2199766448626 -0.3569670295626495 
-0.629054945045497 1.2199766448626 -0.3569670295626495 
-0.6234563160930829 1.2212878399845013 -0.35701914192164796 
-0.6210861359757107 1.2218295741029752 -0.3570297977305633 
-0.6182762050190422 1.2224372642623675 -0.3570371957104308 
-0.6182762050190422 1.2224372642623675 -0.3570371957104308 
-0.6182762050190422 1.2224372642623675 -0.3570371957104308 
-0.6085205601655056 1.2243972321538485 -0.35693509847305604 
-0.6070006284960893 1.2246852969897477 -0.3569109398125122 
-0.6032975515805271 1.2253357471333566 -0.35683663916286246 
-0.5991578639608616 1.2260409607454954 -0.35671252938871867 
-0.5991578639608616 1.2260409607454954 -0.35671252938871867 
-0.5941374267261136 1.226832675594763 -0.35655613273887266 
-0.5893269319454995 1.2275286380222048 -0.3563482889064582 
-0.5891051987743567 1.2275477506042662 -0.35634151140165227 
-0.5840695901967643 1.2282128154615073 -0.3561021310777821 
-0.5803438211865019 1.2286630764088773 -0.3558811581049769 
-0.5783691801390209 1.228884366729931 -0.35577702593785165 
-0.5763930283644266 1.229091238447709 -0.35565103312636337 
-0.5763930283644266 1.229091238447709 -0.35565103312636337 
-0.5704640249413817 1.2296654424955387 -0.3552371329610008 
-0.5704640249413817 1.2296654424955387 -0.3552371329610008 
-0.5680489706442406 1.2298837516325998 -0.355063689533041 
-0.5636532714734883 1.2302259715366999 -0.35471689987581667 
-0.55991435403297 1.2304711038408316 -0.3544056727349355 
-0.5552970511002786 1.2307335976026519 -0.3539866905247516 
-0.5522180483686078 1.230872272856606 -0.35368678078100935 
-0.5451847087316168 1.231118366692691 -0.35295795686596776 
-0.5399119900598891 1.231221453883267 -0.35237242226082344 
-0.5361794508333095 1.2312422387256752 -0.35191607084469967 
-0.5304752877184996 1.2312152192220962 -0.3512002819467931 
-0.5298179468609685 1.2312081150013066 -0.3511116752419958 
-0.5230268777801425 1.2310587122203445 -0.3501972275925066 
-0.5219327489657404 1.2310247011281055 -0.35004366720265623 
-0.5182151013980392 1.230876814485305 -0.34950366249584663 
-0.5127556345531592 1.2305932410092546 -0.34867899641201616 
-0.5101399398198784 1.230429174641847 -0.3482593950751911 
-0.506218543195291 1.230148857876805 -0.3476370679959955 
-0.5012217303261564 1.2297519078356538 -0.3467820486308023 
-0.5010040994564624 1.2297281127037307 -0.3467477001707172 
-0.49299032695471023 1.2289296285634486 -0.3453033747690454 
-0.4901810369242343 1.2286011957030818 -0.34478661590831516 
-0.4901810369242343 1.2286011957030818 -0.34478661590831516 
-0.48802417160014777 1.2283404702097205 -0.3443746388618293 
-0.48350509659742197 1.2277678269571548 -0.34347917643137593 
-0.48350509659742197 1.2277678269571548 -0.34347917643137593 
-0.47878194621774434 1.227089256840933 -0.3425298439893738 
-0.47493115997012086 1.226498987166131 -0.3417142500720116 
-0.4721561867441677 1.226038440586266 -0.34111750301953403 
-0.46832142150391265 1.2253813032342884 -0.34028162936761075 
-0.464923827008481 1.2247477673195835 -0.33951856372820655 
-0.4585791773117064 1.223513790111318 -0.3380316151286098 
-0.4562630808836269 1.223014282757827 -0.33747311365473365 
-0.4518536784812861 1.222051757239535 -0.33638084436986304 
-0.44829707830304455 1.2212442028670534 -0.33547493258126826 
-0.4470455910608934 1.220935876619058 -0.335155032012067 
-0.441429569707814 1.2195386408801465 -0.3336867464662375 
-0.4408093462283705 1.2193805319973603 -0.3335117072286723 
-0.4379116210518798 1.2186171071554226 -0.332734822197862 
-0.43419984218149377 1.2176150510239585 -0.33170979833219283 
-0.4303047073015376 1.2164976115303676 -0.33059522906533256 
-0.42662758482183644 1.2154022963239643 -0.3295353911909291 
-0.4252024138874231 1.214971377671342 -0.3291133942319978 
-0.4207400603157673 1.2135713758445803 -0.32777556168757394 
-0.4173125653839354 1.2124435891761072 -0.32671839077497056 
-0.41610440080635513 1.212048935869127 -0.3263415693804784 
-0.41030528333015426 1.2100250902480796 -0.324493432676367 
-0.4103044706954674 1.2100315825996464 -0.32449119222651224 
-0.4069285704367398 1.2088047196230298 -0.3233805960777786 
-0.4037643315082245 1.2076225022003857 -0.3223289187737802 
-0.401991722333952 1.2069481511387397 -0.321726921891892 
-0.39983090530173954 1.2061083814147568 -0.3209916664019521 
-0.39553786436201244 1.2043800977950245 -0.31948943075938263 
-0.3924323261086371 1.2030992600875239 -0.31838158935888716 
-0.38915320704007866 1.2016999569408486 -0.31718946768553336 
-0.3876164516035397 1.2010286829206007 -0.31662591029487797 
-0.3868488619800011 1.200687094134433 -0.31634860843698664 
-0.38398763535841257 1.1994102038129861 -0.31525945760379415 
-0.38094527525646427 1.1980136246038924 -0.3141153595358296 
-0.37981350118681356 1.1974803201765287 -0.31367163562359424 
-0.37642734692326785 1.195862692622104 -0.31234320308385155 
-0.37436719395382967 1.194865506226464 -0.31152183333090633 
-0.3686167193982168 1.1919610993361145 -0.3091771075849338 
-0.3676924158590088 1.191483630016113 -0.30880390358425314 
-0.362570770223995 1.1887660870199928 -0.3066321515986933 
-0.36129970289792696 1.1880726562580928 -0.3060848558517353 
-0.35877067979697896 1.1866571518419982 -0.3049931257866584 
-0.3546488002747269 1.184317917965212 -0.3031498398180723 
-0.3512717272805034 1.1823393746464481 -0.301624718892345 
-0.35003929295337965 1.1816037515135045 -0.30104482442660196 
-0.34531267157348167 1.1786983541273928 -0.2988388234924897 
-0.34219177893220626 1.176732301096599 -0.29734640790074984 
-0.3374055495824821 1.1735964510476977 -0.2949798657020636 
-0.3365590470372587 1.1730237415769873 -0.29455668461359863 
-0.33218844158583055 1.170024965004876 -0.2923281872147828 
-0.33218844158583055 1.170024965004876 -0.2923281872147828 
-0.3278683341858523 1.1669750269659185 -0.2900770294990579 
-0.326719457752967 1.1661300916189095 -0.28947281153627347 
-0.3241118258181117 1.1641997237943396 -0.2880596936356191 
-0.3241118258181117 1.1641997237943396 -0.2880596936356191 
-0.3199204819304776 1.1610168216435506 -0.28574547049564625 
-0.31611284586707594 1.158013560327234 -0.2835874519378645 
-0.31391512985395886 1.1562466845972392 -0.28231110628828626 
-0.30743793408557496 1.1508191665782823 -0.2784595451720072 
-0.3066789237379667 1.1501624184990116 -0.2779958309118349 
-0.3029228428240156 1.1468474839454794 -0.27565864460709544 
-0.3029228428240156 1.1468474839454794 -0.27565864460709544 
-0.2986438391801678 1.14292891715493 -0.27292831000531526 
-0.2986438391801678 1.14292891715493 -0.27292831000531526 
-0.29417046364141985 1.1386623822772703 -0.269966194750476 
-0.2912004303263195 1.135725399525479 -0.267936828688357 
-0.28841175677951164 1.1328920014745514 -0.2659997788000187 
-0.28594240659995396 1.1303103085692037 -0.26424394291994424 
-0.2855292914523917 1.1298794048459373 -0.263955920242115 
-0.28283632446525714 1.1269802049895672 -0.2619799619774106 
-0.27953085116703646 1.1233013668282117 -0.2595082989911137 
-0.2780953132553076 1.1216773427478508 -0.25840614715136145 
-0.2753970736878113 1.1185351384094524 -0.2563059937717198 
-0.2722513156809345 1.1147520212863473 -0.2537854459084975 
-0.2720052851158785 1.114440191185621 -0.253588986393954 
-0.26820890371781014 1.1096818125693513 -0.25043834949323673 
-0.26617682631135337 1.1070405913762684 -0.24869876533465785 
-0.2638267667096249 1.10390688708969 -0.24664616826045926 
-0.2631403291994435 1.1029547306072447 -0.24602471517240254 
-0.25961915813799313 1.0980349108070115 -0.24280326133786123 
-0.2593978773149913 1.0977133681135085 -0.24259469006061607 
-0.2574016550392389 1.0948214307975386 -0.24072774255398266 
-0.2552448856887788 1.091584162759123 -0.23862304979283633 
-0.25429033924062544 1.09011566496032 -0.2376773806819551 
-0.2515843013231439 1.0858420005804745 -0.23494377101260178 
-0.24975061953930916 1.0828674873458588 -0.23304052913400264 
-0.24680004361925684 1.0778490099844016 -0.22985864265545475 
-0.24537579586621083 1.0753255976052503 -0.22824275879296396 
-0.2432258218252064 1.0714254990606702 -0.22578818452321525 
-0.24241214458403026 1.069892141043477 -0.22481355364089184 
-0.24044524153917146 1.0661273463306686 -0.22244425224273912 
-0.24044524153917146 1.0661273463306686 -0.22244425224273912 
-0.23966952087177462 1.0645675426316883 -0.22147870804952252 
-0.23639443623669065 1.057800916834938 -0.2172533575043304 
-0.23573696556010926 1.0564048316444614 -0.21639082736208481 
-0.23376860724823406 1.0520172218021 -0.2136641890484341 
-0.23278612492540846 1.0497145577804599 -0.2122483713667741 
-0.231669746373884 1.0470548701135265 -0.2106108293753175 
-0.229383591368711 1.0413470436006516 -0.2071100466234176 
-0.22856163284993103 1.0391877203962847 -0.20580447980321648 
-0.22666615221520847 1.0339602109513026 -0.2026091020395585 
-0.2257275925003539 1.0312371306867443 -0.20096343949223905 
-0.22452640439671212 1.0275925007094369 -0.1987637052924207 
-0.22364991795735245 1.0248563496480216 -0.19710862034093724 
-0.22280463743013845 1.0221091587395903 -0.19545500870320676 
-0.22231278927614462 1.0204564276319437 -0.19446223167530885 
-0.22126225982464676 1.0167717309486735 -0.1922545283109004 
-0.22081818434735023 1.0151094167085803 -0.19125254001172987 
-0.21966095865884339 1.0106590681426035 -0.18860366697621567 
-0.2189428134952729 1.0076747805910564 -0.18684158558249975 
-0.21889216910362197 1.0074970989289795 -0.18672158755275925 
-0.21775801455647037 1.0024517711434062 -0.1837360275311758 
-0.21736781669248595 1.0005743464481927 -0.18263284466218732 
-0.21674435113843282 0.9975736454102389 -0.1808692629342743 
-0.21643172047279824 0.9958769840284559 -0.17987371327363733 
-0.21588138041467864 0.9928623596572714 -0.17810545426943925 
-0.21551102131133393 0.9907896569373174 -0.17689067497157973 
-0.21524118485311317 0.9890854406588274 -0.17589611899261226 
