-0.8948405466105975 0.8932000575652548 -0.2447510620546438 
-0.8947229683395298 0.8937681205135413 -0.24507449867610864 
-0.8929173851784535 0.9021962288233001 -0.24958610327270203 
-0.8924735588611445 0.9040998814926724 -0.2506190630524432 
-0.8900760980751051 0.9134318250758804 -0.2555756045476878 
-0.8895907765564575 0.915133411787465 -0.2564894746331591 
-0.8873445948447818 0.9226977718403913 -0.26048484052260357 
-0.8873511895533946 0.9227013679137944 -0.26047994146981657 
-0.8847551752981215 0.930606116319801 -0.264606960181885 
-0.8827507353496706 0.9362083393215129 -0.2675425050088128 
-0.8814946676832112 0.9395632871562829 -0.26927703464340114 
-0.8793906628060988 0.9449465252276711 -0.2720516660378759 
-0.8778673552961856 0.9486400714969448 -0.27394826085395163 
-0.8767616317964902 0.9512155700673675 -0.27526540506944086 
-0.872895688477476 0.9598146759302083 -0.27963591231817475 
-0.8710723203159365 0.9636241562114339 -0.28156686201595926 
-0.8685502097631442 0.9686765098668711 -0.2841073482092361 
-0.8683670062048434 0.9690384799278791 -0.28428324691341345 
-0.8647763604427464 0.9758334865241092 -0.28768140635043415 
-0.862416352550146 0.9800917381611034 -0.2897938162271467 
-0.8610091199784384 0.9825656305062155 -0.29101080782263866 
-0.857266497816269 0.9888700586719195 -0.2941135476646368 
-0.8556663475075474 0.9914796904628757 -0.29538922574498516 
-0.8500044040086427 1.0002589431201356 -0.29963691971476913 
-0.8487431679177465 1.0021277457816984 -0.30054983054497286 
-0.8459375342467756 1.0061917027965808 -0.3024940335160836 
-0.8434277990960121 1.0097170672687907 -0.30417847283847643 
-0.8374899520924338 1.0176724579147478 -0.30793718084181787 
-0.833783981155827 1.0224147962758452 -0.31014770935646296 
-0.8315757901903053 1.0251721656344261 -0.3114281879171412 
-0.8282510681167313 1.0291779433641441 -0.31328935971468463 
-0.8237508313895858 1.0344031059105272 -0.3156785911554608 
-0.8199855180341595 1.0386212214613886 -0.317595768700199 
-0.8170015584279888 1.0418612008703134 -0.31906677318242893 
-0.8125151845105542 1.0465946007838374 -0.3211764154187944 
-0.8094122452836611 1.0497515095072403 -0.32258207528756133 
-0.8053710764866627 1.0537747731882325 -0.32434577838052736 
-0.8029255259221942 1.056115705192676 -0.3253795868076542 
-0.7975102395859894 1.0611904214563534 -0.32757349985105644 
-0.7940452918460927 1.0643305796202918 -0.32891364416649516 
-0.7913322111311516 1.0667269359084548 -0.32992845367796664 
-0.7851651585689343 1.0719883612172902 -0.33214310763115673 
-0.7830314952567587 1.073765348902014 -0.33288353552164074 
-0.7766872403651724 1.0788594577101207 -0.3349839712222399 
-0.7726222231975325 1.0820186583719729 -0.33626696506489817 
-0.7683195306045567 1.0852427219372434 -0.33755736091798016 
-0.7646689638013748 1.087912752793143 -0.3386094911726294 
-0.7609837205732168 1.090540425614166 -0.3396450733985207 
-0.7574321323959635 1.09299957923595 -0.3405961984946576 
-0.7518686928918374 1.0967411862200325 -0.34202372502333034 
-0.7511457787827949 1.0972195893342112 -0.34219902472132024 
-0.7467790279150159 1.1000421431361425 -0.3432608489908736 
-0.7431078038164538 1.102356437899746 -0.34410975733507 
-0.7431078038164538 1.102356437899746 -0.34410975733507 
-0.7375371419724098 1.1057440716145814 -0.34533670639059655 
-0.7330328106393611 1.1083892775511148 -0.3462757816749561 
-0.7313342533971363 1.109369902332018 -0.34661264846709583 
-0.7313342533971363 1.109369902332018 -0.34661264846709583 
-0.7288736347342725 1.1107695457505025 -0.34710778466375447 
-0.7250540280151373 1.1128789491410835 -0.3478344887512954 
-0.7217898014649454 1.1146471485095948 -0.34842530749837985 
-0.7196723393142991 1.1157731619743059 -0.34876696661504747 
-0.7198587524606906 1.1156701802777675 -0.34876528239835003 
-0.7138359753209058 1.1187815081335517 -0.3497808306132465 
-0.7138359753209058 1.1187815081335517 -0.3497808306132465 
-0.7069601146354454 1.1221700099649743 -0.3508479738681385 
-0.7069601146354454 1.1221700099649743 -0.3508479738681385 
-0.7069601146354454 1.1221700099649743 -0.3508479738681385 
-0.7012068543959826 1.1248782454057584 -0.3516750250332563 
-0.7012068543959826 1.1248782454057584 -0.3516750250332563 
-0.6976116542206863 1.1265174075936448 -0.3521524008559691 
-0.6957994898288028 1.1273099956315153 -0.3523866459036239 
-0.6957994898288028 1.1273099956315153 -0.3523866459036239 
-0.6957994898288028 1.1273099956315153 -0.3523866459036239 
-0.6957994898288028 1.1273099956315153 -0.3523866459036239 
-0.6913693658663228 1.129243645747203 -0.35292954895625595 
-0.6854845561019987 1.1317049725228847 -0.3535895465214691 
-0.6824235127056807 1.1329388693953177 -0.353919372825775 
-0.6824235127056807 1.1329388693953177 -0.353919372825775 
-0.6766765487958639 1.1351791352476621 -0.35446385267139835 
-0.6766765487958639 1.1351791352476621 -0.35446385267139835 
-0.6721388097228961 1.1368797344161887 -0.35487947564118905 
-0.6690311203205128 1.1380132763227708 -0.3551198770559013 
-0.6652855440348381 1.1393273628518696 -0.3554147407635142 
-0.6621505319838297 1.1403910859198163 -0.3556336776072445 
-0.658163347190686 1.141698775138025 -0.35587784977485193 
-0.658163347190686 1.141698775138025 -0.35587784977485193 
-0.6535435281961899 1.1431896093087288 -0.35615151453811367 
-0.6535435281961899 1.1431896093087288 -0.35615151453811367 
-0.6516398053443101 1.1437686774682079 -0.35623858453536117 
-0.6516398053443101 1.1437686774682079 -0.35623858453536117 
-0.6463512396153499 1.1453567484342004 -0.356481104676191 
-0.6463512396153499 1.1453567484342004 -0.356481104676191 
-0.6399707181728829 1.1471574001241047 -0.35671331240665316 
-0.6382616134908583 1.1476122391791028 -0.3567735457254688 
-0.6382616134908583 1.1476122391791028 -0.3567735457254688 
-0.629054945045497 1.1499766448626 -0.3569670295626498 
-0.629054945045497 1.1499766448626 -0.3569670295626498 
-0.6234563160930828 1.1512878399845015 -0.35701914192164774 
-0.6210861359757107 1.1518295741029752 -0.3570297977305632 
-0.6182762050190421 1.1524372642623675 -0.3570371957104307 
-0.6182762050190421 1.1524372642623675 -0.3570371957104307 
-0.6182762050190421 1.1524372642623675 -0.3570371957104307 
-0.6085205601655055 1.1543972321538485 -0.35693509847305616 
-0.6070006284960892 1.154685296989748 -0.35691093981251243 
-0.603297551580527 1.1553357471333565 -0.35683663916286235 
-0.5991578639608615 1.1560409607454953 -0.3567125293887188 
-0.5991578639608615 1.1560409607454953 -0.3567125293887188 
-0.5941374267261135 1.1568326755947633 -0.3565561327388729 
-0.5893269319454993 1.157528638022205 -0.35634828890645864 
-0.5891051987743567 1.1575477506042664 -0.3563415114016526 
-0.5840695901967642 1.1582128154615075 -0.3561021310777822 
-0.5803438211865017 1.1586630764088772 -0.35588115810497667 
-0.5783691801390209 1.1588843667299311 -0.35577702593785154 
-0.5763930283644266 1.159091238447709 -0.35565103312636337 
-0.5763930283644266 1.159091238447709 -0.35565103312636337 
-0.5704640249413817 1.1596654424955386 -0.3552371329610008 
-0.5704640249413817 1.1596654424955386 -0.3552371329610008 
-0.5680489706442406 1.1598837516325997 -0.355063689533041 
-0.5636532714734883 1.1602259715366998 -0.35471689987581645 
-0.5599143540329699 1.160471103840831 -0.3544056727349356 
-0.5552970511002786 1.160733597602652 -0.3539866905247515 
-0.5522180483686078 1.160872272856606 -0.35368678078100924 
-0.5451847087316168 1.161118366692691 -0.35295795686596754 
-0.539911990059889 1.161221453883267 -0.35237242226082355 
-0.5361794508333095 1.1612422387256751 -0.35191607084469956 
-0.5304752877184995 1.1612152192220966 -0.3512002819467931 
-0.5298179468609684 1.1612081150013065 -0.35111167524199594 
-0.5230268777801423 1.1610587122203444 -0.3501972275925064 
-0.5219327489657404 1.1610247011281056 -0.3500436672026557 
-0.518215101398039 1.1608768144853052 -0.34950366249584686 
-0.5127556345531592 1.1605932410092548 -0.34867899641201616 
-0.5101399398198784 1.160429174641847 -0.3482593950751913 
-0.506218543195291 1.1601488578768049 -0.3476370679959956 
-0.5012217303261562 1.1597519078356537 -0.34678204863080264 
-0.5010040994564623 1.1597281127037309 -0.3467477001707173 
-0.4929903269547101 1.1589296285634483 -0.34530337476904516 
-0.4901810369242343 1.158601195703082 -0.34478661590831516 
-0.4901810369242343 1.158601195703082 -0.34478661590831516 
-0.48802417160014777 1.1583404702097202 -0.3443746388618294 
-0.4835050965974219 1.1577678269571547 -0.34347917643137593 
-0.4835050965974219 1.1577678269571547 -0.34347917643137593 
-0.47878194621774434 1.157089256840933 -0.3425298439893738 
-0.4749311599701209 1.1564989871661309 -0.3417142500720116 
-0.4721561867441677 1.156038440586266 -0.34111750301953414 
-0.4683214215039125 1.1553813032342883 -0.34028162936761086 
-0.464923827008481 1.154747767319583 -0.33951856372820644 
-0.45857917731170633 1.1535137901113182 -0.3380316151286097 
-0.45626308088362677 1.1530142827578274 -0.33747311365473387 
-0.45185367848128605 1.1520517572395355 -0.3363808443698634 
-0.4482970783030444 1.1512442028670533 -0.3354749325812685 
-0.4470455910608932 1.1509358766190578 -0.3351550320120672 
-0.4414295697078138 1.1495386408801467 -0.33368674646623797 
-0.44080934622837054 1.1493805319973605 -0.3335117072286722 
-0.43791162105187975 1.1486171071554225 -0.33273482219786177 
-0.4341998421814938 1.1476150510239584 -0.33170979833219294 
-0.43030470730153747 1.146497611530368 -0.3305952290653327 
-0.42662758482183644 1.145402296323964 -0.3295353911909288 
-0.4252024138874231 1.144971377671342 -0.3291133942319975 
-0.42074006031576716 1.1435713758445805 -0.32777556168757427 
-0.41731256538393524 1.1424435891761073 -0.32671839077497056 
-0.41610440080635497 1.1420489358691273 -0.32634156938047865 
-0.4103052833301541 1.1400250902480795 -0.3244934326763673 
-0.41030447069546744 1.1400315825996463 -0.32449119222651224 
-0.4069285704367397 1.13880471962303 -0.3233805960777787 
-0.40376433150822455 1.1376225022003856 -0.32232891877378 
-0.4019917223339519 1.1369481511387394 -0.3217269218918922 
-0.3998309053017394 1.1361083814147568 -0.3209916664019522 
-0.3955378643620125 1.1343800977950247 -0.3194894307593825 
-0.3924323261086371 1.1330992600875236 -0.31838158935888694 
-0.3891532070400787 1.1316999569408486 -0.31718946768553336 
-0.3876164516035397 1.1310286829206009 -0.3166259102948775 
-0.386848861980001 1.130687094134433 -0.31634860843698676 
-0.3839876353584124 1.129410203812986 -0.31525945760379437 
-0.38094527525646427 1.1280136246038923 -0.3141153595358298 
-0.3798135011868135 1.1274803201765284 -0.3136716356235939 
-0.3764273469232676 1.125862692622104 -0.31234320308385155 
-0.37436719395382967 1.1248655062264636 -0.31152183333090644 
-0.36861671939821666 1.1219610993361144 -0.30917710758493366 
-0.3676924158590085 1.1214836300161128 -0.30880390358425325 
-0.36257077022399503 1.1187660870199927 -0.3066321515986933 
-0.3612997028979268 1.118072656258093 -0.30608485585173506 
-0.3587706797969786 1.1166571518419985 -0.3049931257866588 
-0.35464880027472684 1.1143179179652118 -0.3031498398180723 
-0.3512717272805033 1.112339374646448 -0.30162471889234477 
-0.3500392929533795 1.1116037515135044 -0.30104482442660185 
-0.34531267157348156 1.1086983541273925 -0.2988388234924899 
-0.3421917789322059 1.106732301096599 -0.2973464079007502 
-0.3374055495824821 1.1035964510476972 -0.2949798657020636 
-0.33655904703725853 1.1030237415769872 -0.29455668461359885 
-0.3321884415858304 1.100024965004876 -0.2923281872147827 
-0.3321884415858304 1.100024965004876 -0.2923281872147827 
-0.3278683341858522 1.0969750269659186 -0.2900770294990579 
-0.32671945775296696 1.0961300916189094 -0.289472811536274 
-0.32411182581811165 1.0941997237943397 -0.2880596936356191 
-0.32411182581811165 1.0941997237943397 -0.2880596936356191 
-0.3199204819304779 1.0910168216435503 -0.2857454704956459 
-0.316112845867076 1.0880135603272336 -0.2835874519378645 
-0.3139151298539591 1.0862466845972392 -0.28231110628828626 
-0.30743793408557474 1.0808191665782825 -0.27845954517200755 
-0.30667892373796657 1.0801624184990115 -0.277995830911835 
-0.3029228428240154 1.0768474839454796 -0.27565864460709566 
-0.3029228428240154 1.0768474839454796 -0.27565864460709566 
-0.29864383918016757 1.0729289171549303 -0.27292831000531526 
-0.29864383918016757 1.0729289171549303 -0.27292831000531526 
-0.29417046364141963 1.0686623822772703 -0.26996619475047623 
-0.2912004303263195 1.065725399525479 -0.2679368286883569 
-0.28841175677951164 1.062892001474551 -0.26599977880001857 
-0.28594240659995407 1.0603103085692034 -0.26424394291994435 
-0.2855292914523918 1.0598794048459372 -0.2639559202421149 
-0.28283632446525697 1.056980204989567 -0.2619799619774107 
-0.27953085116703635 1.0533013668282118 -0.2595082989911135 
-0.27809531325530745 1.0516773427478507 -0.2584061471513611 
-0.2753970736878112 1.0485351384094521 -0.2563059937717197 
-0.2722513156809343 1.0447520212863477 -0.2537854459084976 
-0.2720052851158784 1.044440191185621 -0.253588986393954 
-0.26820890371780987 1.039681812569351 -0.25043834949323696 
-0.2661768263113531 1.0370405913762686 -0.24869876533465796 
-0.2638267667096248 1.0339068870896897 -0.24664616826045938 
-0.2631403291994431 1.032954730607245 -0.24602471517240243 
-0.25961915813799286 1.0280349108070115 -0.24280326133786134 
-0.25939787731499125 1.0277133681135084 -0.24259469006061574 
-0.25740165503923856 1.0248214307975387 -0.24072774255398277 
-0.2552448856887787 1.021584162759123 -0.23862304979283655 
-0.2542903392406252 1.02011566496032 -0.23767738068195488 
-0.2515843013231437 1.0158420005804742 -0.234943771012602 
-0.24975061953930877 1.0128674873458587 -0.23304052913400286 
-0.24680004361925678 1.0078490099844013 -0.22985864265545486 
-0.2453757958662104 1.0053255976052502 -0.22824275879296418 
-0.24322582182520636 1.00142549906067 -0.22578818452321514 
-0.24241214458403015 0.9998921410434769 -0.22481355364089206 
-0.2404452415391713 0.9961273463306686 -0.22244425224273912 
-0.2404452415391713 0.9961273463306686 -0.22244425224273912 
-0.23966952087177434 0.9945675426316882 -0.22147870804952285 
-0.23639443623669032 0.987800916834938 -0.2172533575043304 
-0.23573696556010926 0.9864048316444614 -0.2163908273620846 
-0.23376860724823412 0.9820172218020998 -0.2136641890484341 
-0.23278612492540862 0.9797145577804598 -0.212248371366774 
-0.23166974637388388 0.9770548701135262 -0.2106108293753176 
-0.229383591368711 0.9713470436006513 -0.2071100466234178 
-0.2285616328499308 0.9691877203962844 -0.2058044798032167 
-0.22666615221520803 0.963960210951303 -0.2026091020395584 
-0.22572759250035346 0.9612371306867443 -0.20096343949223916 
-0.224526404396712 0.9575925007094366 -0.1987637052924207 
-0.22364991795735245 0.9548563496480217 -0.19710862034093712 
-0.22280463743013823 0.9521091587395902 -0.19545500870320698 
-0.2223127892761445 0.9504564276319438 -0.19446223167530885 
-0.22126225982464676 0.9467717309486736 -0.19225452831090029 
-0.22081818434735012 0.9451094167085805 -0.19125254001172942 
-0.21966095865884339 0.9406590681426032 -0.18860366697621544 
-0.218942813495273 0.9376747805910564 -0.18684158558249941 
-0.21889216910362186 0.9374970989289795 -0.18672158755275914 
-0.21775801455647004 0.9324517711434062 -0.1837360275311758 
-0.21736781669248595 0.9305743464481925 -0.1826328446621872 
-0.2167443511384326 0.9275736454102386 -0.1808692629342742 
-0.21643172047279802 0.9258769840284559 -0.179873713273637 
-0.21588138041467853 0.9228623596572714 -0.17810545426943925 
-0.21551102131133382 0.9207896569373173 -0.17689067497157984 
-0.21524118485311328 0.9190854406588271 -0.17589611899261215 
