-0.6497483559465695 1.282224076843117 -0.4895311359563099 
-0.6497483559465695 1.282224076843117 -0.4895311359563099 
-0.6497457817365557 1.2822134151492333 -0.4895382620190445 
-0.6497457817365557 1.2822134151492333 -0.4895382620190445 
-0.6497457817365557 1.2822134151492333 -0.4895382620190445 
-0.6497427558442366 1.2822005012829674 -0.48954212762060445 
-0.6497427558442366 1.2822005012829674 -0.48954212762060445 
-0.6497427558442366 1.2822005012829674 -0.48954212762060445 
-0.6497450857512608 1.2822097016782288 -0.48953036240230396 
-0.6497402444037216 1.2821874028700873 -0.48951718805903144 
-0.6497402444037216 1.2821874028700873 -0.48951718805903144 
-0.6497402444037216 1.2821874028700873 -0.48951718805903144 
-0.6497402444037216 1.2821874028700873 -0.48951718805903144 
-0.6497435424815885 1.2822025935179377 -0.48952616283508377 
-0.6497435424815885 1.2822025935179377 -0.48952616283508377 
-0.6497424788509951 1.2821982023575815 -0.4895292741602275 
-0.6497424788509949 1.2821982023575815 -0.4895292741602272 
-0.6497424788509949 1.2821982023575815 -0.4895292741602272 
-0.6497506182764012 1.2822356918135727 -0.4895514232795528 
-0.6497506182764012 1.2822356918135727 -0.4895514232795528 
-0.649742667481338 1.282198563346059 -0.48952378177204925 
-0.649742667481338 1.282198563346059 -0.48952378177204925 
-0.6497426674813378 1.282198563346059 -0.4895237817720489 
-0.6497479463290023 1.2822228772401392 -0.48953814664683937 
-0.6497479463290023 1.2822228772401392 -0.48953814664683937 
-0.6497391807731283 1.2821830117097317 -0.4895202993841752 
-0.6497391807731283 1.2821830117097317 -0.4895202993841752 
-0.6497391807731283 1.2821830117097317 -0.4895202993841752 
-0.6497391807731283 1.2821830117097317 -0.4895202993841752 
-0.6497391807731283 1.2821830117097317 -0.4895202993841752 
-0.6497473201985343 1.2822205011657228 -0.48954244850350026 
-0.6497473201985343 1.2822205011657228 -0.48954244850350026 
-0.6497473201985343 1.2822205011657228 -0.48954244850350026 
-0.6497435937541278 1.2822036810296131 -0.48953637072419043 
-0.6497492357545136 1.282228129158797 -0.4895335301021084 
-0.6497492357545136 1.282228129158797 -0.4895335301021084 
-0.6497492357545136 1.282228129158797 -0.4895335301021084 
-0.6497479463290023 1.2822228772401392 -0.48953814664683937 
-0.6497479463290023 1.2822228772401392 -0.48953814664683937 
-0.6497479463290023 1.2822228772401392 -0.48953814664683937 
-0.6497479463290023 1.2822228772401392 -0.48953814664683937 
-0.6497448971209179 1.2822093406897515 -0.489535854790482 
-0.6497448971209179 1.2822093406897515 -0.489535854790482 
-0.6497483559465695 1.282224076843117 -0.4895311359563099 
-0.6497483559465695 1.282224076843117 -0.4895311359563099 
-0.6497483559465695 1.282224076843117 -0.4895311359563099 
-0.6497479463290023 1.2822228772401392 -0.48953814664683937 
-0.6497479463290023 1.2822228772401392 -0.48953814664683937 
-0.6497479463290023 1.2822228772401392 -0.48953814664683937 
-0.6497479463290023 1.2822228772401392 -0.48953814664683937 
-0.6497479463290023 1.2822228772401392 -0.48953814664683937 
-0.6497450857512608 1.2822097016782288 -0.48953036240230396 
-0.6497450857512608 1.2822097016782288 -0.48953036240230396 
-0.6497470665210584 1.2822188249244595 -0.4895357525010411 
-0.6497470665210584 1.2822188249244595 -0.4895357525010411 
-0.6497470665210584 1.2822188249244595 -0.4895357525010411 
-0.6497470665210584 1.2822188249244595 -0.4895357525010411 
-0.6497449438266646 1.2822102354025873 -0.48954401891545873 
-0.6497449438266646 1.2822102354025873 -0.48954401891545873 
-0.6497448971209179 1.2822093406897515 -0.489535854790482 
-0.6497448971209179 1.2822093406897515 -0.489535854790482 
-0.6497448971209179 1.2822093406897515 -0.489535854790482 
-0.6497448971209179 1.2822093406897515 -0.489535854790482 
-0.6497436217109015 1.2822041458571665 -0.48954042115537955 
-0.6497479463290023 1.2822228772401392 -0.48953814664683937 
-0.6497479463290023 1.2822228772401392 -0.48953814664683937 
-0.6497479463290023 1.2822228772401392 -0.48953814664683937 
-0.6497468314258699 1.282217398568108 -0.48953105008287756 
-0.6497468314258699 1.282217398568108 -0.48953105008287756 
-0.6497468314258699 1.282217398568108 -0.48953105008287756 
-0.6497468314258699 1.282217398568108 -0.48953105008287756 
-0.6497442059433167 1.2822056493625487 -0.4895279682565059 
-0.6497442059433167 1.2822056493625487 -0.4895279682565059 
-0.6497464591395631 1.2822168787353252 -0.4895441680514898 
-0.6497464591395631 1.2822168787353252 -0.4895441680514898 
-0.6497464591395631 1.2822168787353252 -0.4895441680514898 
-0.6497449438266646 1.2822102354025873 -0.48954401891545873 
-0.6497449438266646 1.2822102354025873 -0.48954401891545873 
-0.6497450857512608 1.2822097016782288 -0.48953036240230396 
-0.6497450857512608 1.2822097016782288 -0.48953036240230396 
-0.6497450857512608 1.2822097016782288 -0.48953036240230396 
-0.6497450857512608 1.2822097016782288 -0.48953036240230396 
-0.6497470665210582 1.2822188249244595 -0.48953575250104076 
-0.6497470665210582 1.2822188249244595 -0.48953575250104076 
-0.6497436731501263 1.2822054133692122 -0.4895527491539773 
-0.6497450857512608 1.2822097016782288 -0.48953036240230396 
-0.6497450857512608 1.2822097016782288 -0.48953036240230396 
-0.6497464078670236 1.2822157912236498 -0.48953396016238304 
-0.6497464078670236 1.2822157912236498 -0.48953396016238304 
-0.6497464078670236 1.2822157912236498 -0.48953396016238304 
-0.6497464078670236 1.2822157912236498 -0.48953396016238304 
-0.6497449158698907 1.2822097705750337 -0.4895399684842694 
-0.6497449158698907 1.2822097705750337 -0.4895399684842694 
-0.6497488121956675 1.2822265218143387 -0.48953644018161424 
-0.6497475088288773 1.2822208621542002 -0.4895369561153222 
-0.6497475088288773 1.2822208621542002 -0.4895369561153222 
-0.6497488261369466 1.2822269295558195 -0.48954054079263787 
-0.6497488261369466 1.2822269295558195 -0.48954054079263787 
-0.6497424927922741 1.2821986100990626 -0.48953337477125136 
-0.6497424927922741 1.2821986100990626 -0.48953337477125136 
-0.6497424927922739 1.2821986100990626 -0.48953337477125103 
-0.6497424927922739 1.2821986100990626 -0.48953337477125103 
-0.6497475088288773 1.2822208621542002 -0.4895369561153222 
-0.6497475088288773 1.2822208621542002 -0.4895369561153222 
-0.6497475088288773 1.2822208621542002 -0.4895369561153222 
-0.6497475088288773 1.2822208621542002 -0.4895369561153222 
-0.6497475088288773 1.2822208621542002 -0.4895369561153222 
-0.6497475088288773 1.2822208621542002 -0.4895369561153222 
-0.6497483698878486 1.2822244845845978 -0.4895352365673331 
-0.6497483698878486 1.2822244845845978 -0.4895352365673331 
-0.6497512444068694 1.2822380678879894 -0.48954712142289214 
-0.6497512444068694 1.2822380678879894 -0.48954712142289214 
-0.6497449158698907 1.2822097705750337 -0.4895399684842694 
-0.6497449158698907 1.2822097705750337 -0.4895399684842694 
-0.6497449158698907 1.2822097705750337 -0.4895399684842694 
-0.6497449158698907 1.2822097705750337 -0.4895399684842694 
-0.6497430722912114 1.282199740805235 -0.48951675799875627 
-0.6497430722912114 1.282199740805235 -0.48951675799875627 
-0.6497424927922741 1.2821986100990626 -0.48953337477125136 
-0.6497424927922741 1.2821986100990626 -0.48953337477125136 
-0.6497424927922741 1.2821986100990626 -0.48953337477125136 
-0.6497450857512608 1.2822097016782288 -0.48953036240230396 
-0.6497442059433167 1.2822056493625487 -0.4895279682565059 
-0.6497442059433167 1.2822056493625487 -0.4895279682565059 
-0.6497442059433167 1.2822056493625487 -0.4895279682565059 
-0.6497444735620718 1.2822077333452933 -0.4895387648699885 
-0.6497444735620718 1.2822077333452933 -0.4895387648699885 
-0.6497444735620718 1.2822077333452933 -0.4895387648699885 
-0.6497450857512608 1.2822097016782288 -0.48953036240230396 
-0.6497450857512608 1.2822097016782288 -0.48953036240230396 
-0.6497450857512608 1.2822097016782288 -0.48953036240230396 
-0.6497450857512608 1.2822097016782288 -0.48953036240230396 
-0.6497450857512606 1.2822097016782288 -0.48953036240230363 
-0.6497411102703865 1.2821910474442868 -0.4895154815938063 
-0.6497411102703865 1.2821910474442868 -0.4895154815938063 
-0.6497411102703865 1.2821910474442868 -0.4895154815938063 
-0.6497508020990506 1.2822360306582485 -0.489545917808611 
-0.6497508020990506 1.2822360306582485 -0.489545917808611 
-0.6497508020990506 1.2822360306582485 -0.489545917808611 
-0.6497508020990506 1.2822360306582485 -0.489545917808611 
-0.6497477764476323 1.2822229461369445 -0.489547752728805 
-0.6497477764476323 1.2822229461369445 -0.489547752728805 
-0.6497430583499323 1.282199333063754 -0.4895126573877331 
-0.6497430583499323 1.282199333063754 -0.4895126573877331 
-0.6497393645957775 1.2821833505544076 -0.4895147939132334 
-0.6497453394287368 1.2822113779194921 -0.48953705840476336 
-0.6497453394287368 1.2822113779194921 -0.48953705840476336 
-0.6497453394287368 1.2822113779194921 -0.48953705840476336 
-0.6497417876733939 1.282194511030379 -0.4895213876262514 
-0.6497417876733939 1.282194511030379 -0.4895213876262514 
-0.6497493149096111 1.2822300321534343 -0.48955193921326123 
-0.6497435937541278 1.2822036810296131 -0.48953637072419043 
-0.6497435937541278 1.2822036810296131 -0.48953637072419043 
-0.6497435937541278 1.2822036810296131 -0.48953637072419043 
-0.6497435937541278 1.2822036810296131 -0.48953637072419043 
-0.6497488261369466 1.2822269295558195 -0.48954054079263787 
-0.6497488261369466 1.2822269295558195 -0.48954054079263787 
-0.6497455232513859 1.282211716764168 -0.4895315529338209 
-0.6497455232513859 1.282211716764168 -0.4895315529338209 
-0.6497455232513859 1.282211716764168 -0.4895315529338209 
-0.6497488261369466 1.2822269295558195 -0.48954054079263787 
-0.6497488261369466 1.2822269295558195 -0.48954054079263787 
-0.6497449158698907 1.2822097705750337 -0.4895399684842694 
-0.6497449158698907 1.2822097705750337 -0.4895399684842694 
-0.6497449158698907 1.2822097705750337 -0.4895399684842694 
-0.6497449158698907 1.2822097705750337 -0.4895399684842694 
-0.6497470665210584 1.2822188249244595 -0.4895357525010411 
-0.6497470665210584 1.2822188249244595 -0.4895357525010411 
-0.6497497384684572 1.2822316394978928 -0.48954902913375475 
-0.6497497384684572 1.2822316394978928 -0.48954902913375475 
-0.6497497384684572 1.2822316394978928 -0.48954902913375475 
-0.6497497384684572 1.2822316394978928 -0.48954902913375475 
-0.6497492961606381 1.2822296022681519 -0.48954782551947384 
-0.6497492961606381 1.2822296022681519 -0.48954782551947384 
-0.6497512256578967 1.282237638002707 -0.48954300772910453 
-0.6497460774787699 1.2822161439599011 -0.48955522917320793 
-0.6497435424815885 1.2822025935179377 -0.48952616283508377 
-0.6497435424815885 1.2822025935179377 -0.48952616283508377 
-0.6497448971209179 1.2822093406897515 -0.489535854790482 
-0.6497448971209179 1.2822093406897515 -0.489535854790482 
-0.649744643443442 1.282207664448488 -0.48952915878802283 
-0.649744643443442 1.282207664448488 -0.48952915878802283 
-0.6497446434434417 1.282207664448488 -0.4895291587880225 
-0.6497453394287368 1.2822113779194921 -0.48953705840476336 
-0.6497472549847161 1.2822190059125664 -0.4895281400033713 
-0.6497472549847161 1.2822190059125664 -0.4895281400033713 
-0.6497472549847161 1.2822190059125664 -0.4895281400033713 
-0.6497472549847161 1.2822190059125664 -0.4895281400033713 
-0.64974204135087 1.2821961872716425 -0.4895280836287106 
-0.64974204135087 1.2821961872716425 -0.4895280836287106 
-0.64974204135087 1.2821961872716425 -0.4895280836287106 
-0.6497454905611342 1.2822108791374047 -0.4895233386290101 
-0.6497454905611342 1.2822108791374047 -0.4895233386290101 
-0.6497454905611342 1.2822108791374047 -0.4895233386290101 
-0.6497429163511204 1.282200217443521 -0.4895304646917449 
-0.6497429163511204 1.282200217443521 -0.4895304646917449 
-0.6497488726017921 1.2822279949236934 -0.4895507355989801 
-0.6497488726017921 1.2822279949236934 -0.4895507355989801 
-0.6497488726017921 1.2822279949236934 -0.4895507355989801 
-0.6497508020990506 1.2822360306582485 -0.489545917808611 
-0.6497407379840797 1.2821905276115038 -0.4895285995624188 
-0.6497417876733939 1.282194511030379 -0.4895213876262514 
-0.6497417876733939 1.282194511030379 -0.4895213876262514 
-0.6497474900799045 1.2822204322689177 -0.48953284242153483 
-0.6497474900799045 1.2822204322689177 -0.48953284242153483 
-0.6497474900799043 1.2822204322689177 -0.4895328424215345 
-0.6497455232513859 1.282211716764168 -0.4895315529338209 
-0.6497499222911063 1.2822319783425684 -0.4895435236628125 
-0.6497440360619465 1.2822057182593538 -0.48953757433847156 
-0.6497492357545136 1.282228129158797 -0.4895335301021084 
-0.6497460168317442 1.2822148415055843 -0.4895429644372087 
-0.6497426487323653 1.2821981334607766 -0.48951966807826275 
-0.6497477625063534 1.2822225383954637 -0.4895436521177816 
-0.6497488261369466 1.2822269295558195 -0.48954054079263787 
-0.64974221123224 1.2821961183748374 -0.48951847754674516 
-0.6497426347910861 1.2821977257192956 -0.4895155674672389 
-0.6497494847909813 1.2822299632566292 -0.4895423331312949 
-0.6497411615429258 1.2821921349559622 -0.4895256894829123 
-0.6497426487323653 1.2821981334607766 -0.48951966807826275 
-0.6497488261369466 1.2822269295558195 -0.48954054079263787 
-0.6497488261369466 1.2822269295558195 -0.48954054079263787 
-0.6497527689275691 1.2822447461629982 -0.4895472072963245 
-0.6497477625063531 1.2822225383954637 -0.4895436521177813 
-0.6497435424815885 1.2822025935179377 -0.48952616283508377 
-0.6497488261369466 1.2822269295558195 -0.48954054079263787 
-0.6497411615429258 1.2821921349559622 -0.4895256894829123 
-0.6497411102703865 1.2821910474442868 -0.4895154815938063 
-0.6497415990430512 1.2821941500419018 -0.4895268800144297 
-0.6497510605842202 1.2822377290433136 -0.4895526268938337 
-0.6489540408771588 1.282652809526028 -0.48953700456908544 
-0.6497406679625675 1.282189010214546 -0.48951427797952507 
-0.6497483886368214 1.2822249144698803 -0.4895393502611205 
-0.6497516867146882 1.2822401051177301 -0.48954832503717327 
-0.6497492961606381 1.2822296022681519 -0.48954782551947384 
-0.6497503645989253 1.2822340155723095 -0.4895447272770934 
-0.6497479463290023 1.2822228772401392 -0.48953814664683937 
-0.6497453394287368 1.2822113779194921 -0.48953705840476336 
-0.6497457817365557 1.2822134151492333 -0.4895382620190445 
-0.6497440360619465 1.2822057182593538 -0.48953757433847156 
-0.6497444596207926 1.2822073256038125 -0.48953466425896486 
-0.6497473389475072 1.2822209310510053 -0.48954656219728787 
-0.6497464078670236 1.2822157912236498 -0.48953396016238304 
-0.6497468826984093 1.2822184860797838 -0.4895412579719831 
-0.6497442059433167 1.2822056493625487 -0.4895279682565059 
-0.6497479463290023 1.2822228772401392 -0.48953814664683937 
-0.6497455232513859 1.282211716764168 -0.4895315529338209 
-0.64974204135087 1.2821961872716425 -0.4895280836287106 
-0.64974204135087 1.2821961872716425 -0.4895280836287106 
-0.6497483886368214 1.2822249144698803 -0.4895393502611205 
-0.6497487934466943 1.282226091929056 -0.48953232648782674 
-0.6497431562540026 1.2822016659436737 -0.48953518019267284 
-0.6497439660404345 1.282204200862396 -0.4895232527555775 
-0.6497483886368214 1.2822249144698803 -0.4895393502611205 
-0.6497501947175551 1.2822340844691142 -0.4895543333590595 
-0.6497477764476323 1.2822229461369445 -0.489547752728805 
-0.6497501759685824 1.282233654583832 -0.4895502196652719 
-0.6497483886368214 1.2822249144698803 -0.4895393502611205 
-0.6497403236330347 1.2821889552093166 -0.4895314463793272 
-0.6497411615429256 1.2821921349559622 -0.489525689482912 
-0.6497493149096111 1.2822300321534343 -0.48955193921326123 
-0.649742055292149 1.2821965950131233 -0.48953218423973444 
-0.6497488586605131 1.2822275871822124 -0.4895466349879565 
-0.6497439381578763 1.282203385379434 -0.48951505153353136 
-0.6497417876733939 1.282194511030379 -0.4895213876262514 
-0.6497499222911063 1.2822319783425684 -0.4895435236628125 
-0.6497488261369466 1.2822269295558195 -0.48954054079263787 
-0.6497459655592049 1.282213753993909 -0.48953275654810224 
-0.6497464822886431 1.2822173214190768 -0.48954820539991495 
-0.6497446295021627 1.2822072567070073 -0.4895250581769993 
-0.6497468314258699 1.282217398568108 -0.48953105008287756 
-0.6497482000064785 1.282224553481403 -0.48954484264929876 
-0.6497411615429258 1.2821921349559622 -0.4895256894829123 
-0.6497518190981127 1.28223917645036 -0.48953049156763306 
-0.6497460168317442 1.2822148415055843 -0.4895429644372087 
-0.649740719235107 1.2821900977262213 -0.4895244858686314 
-0.6497494847909813 1.2822299632566292 -0.4895423331312949 
-0.6497459468102321 1.2822133241086264 -0.48952864285431485 
-0.6497449158698907 1.2822097705750337 -0.4895399684842694 
-0.6497455232513859 1.282211716764168 -0.4895315529338209 
-0.6497470665210584 1.2822188249244595 -0.4895357525010411 
-0.6497468826984093 1.2822184860797838 -0.4895412579719831 
-0.6497440967089724 1.2822070207136709 -0.4895498390744708 
-0.6497508020990506 1.2822360306582485 -0.489545917808611 
-0.6497411754842051 1.2821925426974432 -0.4895297900939357 
-0.6497403236330347 1.2821889552093166 -0.4895314463793272 
-0.6497415990430512 1.2821941500419018 -0.4895268800144297 
-0.6497507694087985 1.2822351930314853 -0.48953770350380066 
-0.6497488121956675 1.2822265218143387 -0.48953644018161424 
-0.6497424788509951 1.2821982023575815 -0.4895292741602275 
-0.6497457817365557 1.2822134151492333 -0.4895382620190445 
-0.649744643443442 1.282207664448488 -0.48952915878802283 
-0.6497488261369466 1.2822269295558195 -0.48954054079263787 
-0.649742055292149 1.2821965950131233 -0.48953218423973444 
-0.6479951462827227 1.28316239821748 -0.4895395666614166 
-0.6497439660404343 1.282204200862396 -0.4895232527555772 
-0.6497406679625677 1.282189010214546 -0.4895142779795254 
-0.649748435101667 1.2822259798377542 -0.48954954506746295 
-0.6497435937541278 1.2822036810296131 -0.48953637072419043 
-0.6497479463290023 1.2822228772401392 -0.48953814664683937 
-0.6497488726017921 1.2822279949236934 -0.4895507355989801 
-0.6497464591395631 1.2822168787353252 -0.4895441680514898 
-0.6497450857512608 1.2822097016782288 -0.48953036240230396 
-0.6497473389475072 1.2822209310510053 -0.48954656219728787 
-0.649742055292149 1.2821965950131233 -0.48953218423973444 
-0.6497507554675196 1.2822347852900042 -0.48953360289277725 
-0.6497415990430512 1.2821941500419018 -0.4895268800144297 
-0.6497436356521806 1.2822045535986475 -0.4895445217664025 
-0.6497457817365557 1.2822134151492333 -0.4895382620190445 
-0.6497501759685824 1.282233654583832 -0.4895502196652719 
-0.6497479463290023 1.2822228772401392 -0.48953814664683937 
-0.6497416409411041 1.282195022610936 -0.4895350310566424 
-0.6497431562540026 1.2822016659436737 -0.48953518019267284 
-0.6497503645989253 1.2822340155723095 -0.4895447272770934 
-0.6497501759685824 1.282233654583832 -0.4895502196652719 
-0.6497439660404345 1.282204200862396 -0.4895232527555775 
-0.6497440360619465 1.2822057182593538 -0.48953757433847156 
-0.6497450857512608 1.2822097016782288 -0.48953036240230396 
-0.6497436217109015 1.2822041458571665 -0.48954042115537955 
-0.6497396370222261 1.2821854566809534 -0.48952560360948016 
-0.6497468826984093 1.2822184860797838 -0.4895412579719831 
-0.6497455093101069 1.2822113090226872 -0.4895274523227977 
-0.6497455093101069 1.2822113090226872 -0.4895274523227977 
-0.6497464078670239 1.2822157912236498 -0.4895339601623834 
-0.649744643443442 1.282207664448488 -0.48952915878802283 
-0.6497396370222261 1.2821854566809534 -0.48952560360948016 
-0.6497402304624424 1.2821869951286067 -0.48951308744800826 
-0.6497482000064785 1.282224553481403 -0.48954484264929876 
-0.6497479463290023 1.2822228772401392 -0.48953814664683937 
-0.6497492961606381 1.2822296022681519 -0.48954782551947384 
-0.6497475088288773 1.2822208621542002 -0.4895369561153222 
-0.6497472549847161 1.2822190059125664 -0.4895281400033713 
-0.6497487934466946 1.282226091929056 -0.4895323264878271 
-0.6497442059433167 1.2822056493625487 -0.4895279682565059 
-0.6497451789218531 1.2822116617589387 -0.4895487213336225 
-0.6479993754410731 1.2831827286926853 -0.48956114347237434 
-0.6497455093101069 1.2822113090226872 -0.4895274523227977 
-0.6497427419029574 1.2822000935414863 -0.48953802700958104 
-0.6497507554675196 1.2822347852900042 -0.48953360289277725 
-0.6497420784412291 1.282197037696875 -0.4895362215881598 
-0.6497488121956675 1.2822265218143387 -0.48953644018161424 
-0.6497479136387506 1.282222039613376 -0.4895299323420288 
-0.6497464078670239 1.2822157912236498 -0.4895339601623834 
-0.649745197670826 1.2822120916442215 -0.4895528350274101 
-0.6497459468102321 1.2822133241086264 -0.48952864285431485 
-0.6497450857512608 1.2822097016782288 -0.48953036240230396 
-0.6497470665210584 1.2822188249244595 -0.4895357525010411 
-0.6497470665210584 1.2822188249244595 -0.4895357525010411 
-0.6497477625063531 1.2822225383954637 -0.4895436521177813 
-0.6497477625063534 1.2822225383954637 -0.4895436521177816 
-0.6497435798128487 1.282203273288132 -0.4895322701131668 
-0.64974204135087 1.2821961872716425 -0.4895280836287106 
-0.6497389270956521 1.2821813354684684 -0.4895136033817157 
-0.6497499222911063 1.2822319783425684 -0.4895435236628125 
-0.6479932399345448 1.2831548051666768 -0.4895484218002113 
-0.6497449438266646 1.2822102354025873 -0.48954401891545873 
-0.6497457817365557 1.2822134151492333 -0.4895382620190445 
-0.6497470665210584 1.2822188249244595 -0.4895357525010411 
-0.6497475088288773 1.2822208621542002 -0.4895369561153222 
-0.6497456024806991 1.2822132691033967 -0.48954581125411645 
-0.6497459328689529 1.2822129163671456 -0.4895245422432919 
-0.6497459328689529 1.2822129163671456 -0.4895245422432919 
-0.6497444735620718 1.2822077333452933 -0.4895387648699885 
-0.6497464078670236 1.2822157912236498 -0.48953396016238304 
-0.649746501037616 1.2822177513043598 -0.4895523190937019 
-0.649746389118051 1.282215361338367 -0.489529846468596 
-0.6494878258404723 1.2823472482615232 -0.48953988913757285 
-0.6497521102735344 1.2822417124621888 -0.489545414957667 
-0.6497511929676446 1.2822368003759437 -0.4895347934242942 
-0.6497479463290023 1.2822228772401392 -0.48953814664683937 
-0.6497407798821326 1.2821914001805383 -0.48953675060463087 
-0.6497501947175551 1.2822340844691142 -0.4895543333590595 
-0.6497464403905904 1.2822164488500427 -0.489540054357702 
-0.6497429163511204 1.282200217443521 -0.4895304646917449 
-0.6497482000064785 1.282224553481403 -0.48954484264929876 
-0.6497487934466946 1.282226091929056 -0.4895323264878271 
-0.649746514978895 1.2822181590458404 -0.4895564197047253 
-0.6497488261369466 1.2822269295558195 -0.48954054079263787 
-0.649742667481338 1.282198563346059 -0.48952378177204925 
-0.6497517192382549 1.2822407627441235 -0.4895544192324919 
-0.649740719235107 1.2821900977262213 -0.4895244858686314 
-0.6497412034409787 1.2821930075249965 -0.48953384052512483 
-0.6497464591395631 1.2822168787353252 -0.4895441680514898 
-0.6497440173129738 1.2822052883740716 -0.48953346064468395 
-0.6497430722912114 1.282199740805235 -0.48951675799875627 
-0.6497488726017921 1.2822279949236934 -0.4895507355989801 
-0.6497435937541278 1.2822036810296131 -0.48953637072419043 
-0.6497483886368214 1.2822249144698803 -0.4895393502611205 
-0.649744643443442 1.282207664448488 -0.48952915878802283 
-0.6497489633280648 1.2822260230322506 -0.48952272040586164 
-0.6497479463290023 1.2822228772401392 -0.48953814664683937 
-0.6497473201985343 1.2822205011657228 -0.48954244850350026 
-0.6497453394287368 1.2822113779194921 -0.48953705840476336 
-0.6479931655129253 1.2831532749712493 -0.4895341765626795 
-0.6497442059433167 1.2822056493625487 -0.4895279682565059 
-0.6497512444068694 1.2822380678879894 -0.48954712142289214 
-0.6497501947175551 1.2822340844691142 -0.4895543333590595 
-0.6497435937541278 1.2822036810296131 -0.48953637072419043 
-0.6497468966396882 1.2822188938212644 -0.48954535858300696 
-0.6497406867115404 1.2821894400998284 -0.4895183916733121 
-0.6497406867115404 1.2821894400998284 -0.4895183916733121 
-0.6497492961606379 1.2822296022681519 -0.4895478255194735 
-0.6497422251735192 1.2821965261163182 -0.4895225781577688 
-0.6497464078670239 1.2822157912236498 -0.4895339601623834 
-0.6497416409411041 1.282195022610936 -0.4895350310566424 
-0.649742055292149 1.2821965950131233 -0.48953218423973444 
-0.6497472362357433 1.282218576027284 -0.4895240263095837 
