-0.5947483559465694 1.282224076843117 -0.48953113595631015 
-0.5947483559465694 1.282224076843117 -0.48953113595631015 
-0.5947457817365556 1.2822134151492333 -0.4895382620190445 
-0.5947457817365556 1.2822134151492333 -0.4895382620190445 
-0.5947457817365556 1.2822134151492333 -0.4895382620190445 
-0.5947427558442365 1.2822005012829676 -0.48954212762060445 
-0.5947427558442365 1.2822005012829676 -0.48954212762060445 
-0.5947427558442365 1.2822005012829676 -0.48954212762060445 
-0.5947450857512607 1.2822097016782288 -0.4895303624023044 
-0.5947402444037214 1.2821874028700877 -0.4895171880590321 
-0.5947402444037214 1.2821874028700877 -0.4895171880590321 
-0.5947402444037214 1.2821874028700877 -0.4895171880590321 
-0.5947402444037214 1.2821874028700877 -0.4895171880590321 
-0.5947435424815882 1.2822025935179375 -0.48952616283508377 
-0.5947435424815882 1.2822025935179375 -0.48952616283508377 
-0.594742478850995 1.282198202357582 -0.48952927416022773 
-0.5947424788509947 1.282198202357582 -0.4895292741602274 
-0.5947424788509947 1.282198202357582 -0.4895292741602274 
-0.5947506182764011 1.2822356918135733 -0.48955142327955325 
-0.5947506182764011 1.2822356918135733 -0.48955142327955325 
-0.5947426674813379 1.2821985633460589 -0.4895237817720497 
-0.5947426674813379 1.2821985633460589 -0.4895237817720497 
-0.5947426674813376 1.2821985633460589 -0.48952378177204936 
-0.5947479463290024 1.2822228772401396 -0.4895381466468396 
-0.5947479463290024 1.2822228772401396 -0.4895381466468396 
-0.5947391807731282 1.2821830117097317 -0.4895202993841754 
-0.5947391807731282 1.2821830117097317 -0.4895202993841754 
-0.5947391807731282 1.2821830117097317 -0.4895202993841754 
-0.5947391807731282 1.2821830117097317 -0.4895202993841754 
-0.5947391807731282 1.2821830117097317 -0.4895202993841754 
-0.5947473201985344 1.282220501165723 -0.4895424485035005 
-0.5947473201985344 1.282220501165723 -0.4895424485035005 
-0.5947473201985344 1.282220501165723 -0.4895424485035005 
-0.5947435937541276 1.2822036810296131 -0.48953637072419043 
-0.5947492357545134 1.2822281291587974 -0.4895335301021082 
-0.5947492357545134 1.2822281291587974 -0.4895335301021082 
-0.5947492357545134 1.2822281291587974 -0.4895335301021082 
-0.5947479463290024 1.2822228772401396 -0.4895381466468396 
-0.5947479463290024 1.2822228772401396 -0.4895381466468396 
-0.5947479463290024 1.2822228772401396 -0.4895381466468396 
-0.5947479463290024 1.2822228772401396 -0.4895381466468396 
-0.5947448971209177 1.2822093406897517 -0.489535854790482 
-0.5947448971209177 1.2822093406897517 -0.489535854790482 
-0.5947483559465694 1.282224076843117 -0.48953113595631015 
-0.5947483559465694 1.282224076843117 -0.48953113595631015 
-0.5947483559465694 1.282224076843117 -0.48953113595631015 
-0.5947479463290024 1.2822228772401396 -0.4895381466468396 
-0.5947479463290024 1.2822228772401396 -0.4895381466468396 
-0.5947479463290024 1.2822228772401396 -0.4895381466468396 
-0.5947479463290024 1.2822228772401396 -0.4895381466468396 
-0.5947479463290024 1.2822228772401396 -0.4895381466468396 
-0.5947450857512607 1.2822097016782288 -0.4895303624023044 
-0.5947450857512607 1.2822097016782288 -0.4895303624023044 
-0.5947470665210584 1.2822188249244597 -0.4895357525010411 
-0.5947470665210584 1.2822188249244597 -0.4895357525010411 
-0.5947470665210584 1.2822188249244597 -0.4895357525010411 
-0.5947470665210584 1.2822188249244597 -0.4895357525010411 
-0.5947449438266643 1.2822102354025875 -0.48954401891545873 
-0.5947449438266643 1.2822102354025875 -0.48954401891545873 
-0.5947448971209177 1.2822093406897517 -0.489535854790482 
-0.5947448971209177 1.2822093406897517 -0.489535854790482 
-0.5947448971209177 1.2822093406897517 -0.489535854790482 
-0.5947448971209177 1.2822093406897517 -0.489535854790482 
-0.5947436217109013 1.2822041458571662 -0.48954042115537955 
-0.5947479463290024 1.2822228772401396 -0.4895381466468396 
-0.5947479463290024 1.2822228772401396 -0.4895381466468396 
-0.5947479463290024 1.2822228772401396 -0.4895381466468396 
-0.5947468314258698 1.2822173985681085 -0.48953105008287734 
-0.5947468314258698 1.2822173985681085 -0.48953105008287734 
-0.5947468314258698 1.2822173985681085 -0.48953105008287734 
-0.5947468314258698 1.2822173985681085 -0.48953105008287734 
-0.5947442059433166 1.2822056493625489 -0.4895279682565057 
-0.5947442059433166 1.2822056493625489 -0.4895279682565057 
-0.5947464591395629 1.2822168787353254 -0.4895441680514896 
-0.5947464591395629 1.2822168787353254 -0.4895441680514896 
-0.5947464591395629 1.2822168787353254 -0.4895441680514896 
-0.5947449438266643 1.2822102354025875 -0.48954401891545873 
-0.5947449438266643 1.2822102354025875 -0.48954401891545873 
-0.5947450857512607 1.2822097016782288 -0.4895303624023044 
-0.5947450857512607 1.2822097016782288 -0.4895303624023044 
-0.5947450857512607 1.2822097016782288 -0.4895303624023044 
-0.5947450857512607 1.2822097016782288 -0.4895303624023044 
-0.5947470665210581 1.2822188249244597 -0.48953575250104076 
-0.5947470665210581 1.2822188249244597 -0.48953575250104076 
-0.5947436731501261 1.2822054133692125 -0.48955274915397684 
-0.5947450857512607 1.2822097016782288 -0.4895303624023044 
-0.5947450857512607 1.2822097016782288 -0.4895303624023044 
-0.5947464078670235 1.28221579122365 -0.48953396016238326 
-0.5947464078670235 1.28221579122365 -0.48953396016238326 
-0.5947464078670235 1.28221579122365 -0.48953396016238326 
-0.5947464078670235 1.28221579122365 -0.48953396016238326 
-0.5947449158698905 1.282209770575034 -0.4895399684842696 
-0.5947449158698905 1.282209770575034 -0.4895399684842696 
-0.5947488121956674 1.2822265218143392 -0.48953644018161446 
-0.5947475088288772 1.2822208621542006 -0.4895369561153222 
-0.5947475088288772 1.2822208621542006 -0.4895369561153222 
-0.5947488261369464 1.2822269295558193 -0.4895405407926381 
-0.5947488261369464 1.2822269295558193 -0.4895405407926381 
-0.594742492792274 1.2821986100990623 -0.4895333747712516 
-0.594742492792274 1.2821986100990623 -0.4895333747712516 
-0.5947424927922738 1.2821986100990623 -0.48953337477125125 
-0.5947424927922738 1.2821986100990623 -0.48953337477125125 
-0.5947475088288772 1.2822208621542006 -0.4895369561153222 
-0.5947475088288772 1.2822208621542006 -0.4895369561153222 
-0.5947475088288772 1.2822208621542006 -0.4895369561153222 
-0.5947475088288772 1.2822208621542006 -0.4895369561153222 
-0.5947475088288772 1.2822208621542006 -0.4895369561153222 
-0.5947475088288772 1.2822208621542006 -0.4895369561153222 
-0.5947483698878485 1.282224484584598 -0.48953523656733355 
-0.5947483698878485 1.282224484584598 -0.48953523656733355 
-0.5947512444068692 1.2822380678879897 -0.4895471214228917 
-0.5947512444068692 1.2822380678879897 -0.4895471214228917 
-0.5947449158698905 1.282209770575034 -0.4895399684842696 
-0.5947449158698905 1.282209770575034 -0.4895399684842696 
-0.5947449158698905 1.282209770575034 -0.4895399684842696 
-0.5947449158698905 1.282209770575034 -0.4895399684842696 
-0.5947430722912113 1.282199740805235 -0.4895167579987565 
-0.5947430722912113 1.282199740805235 -0.4895167579987565 
-0.594742492792274 1.2821986100990623 -0.4895333747712516 
-0.594742492792274 1.2821986100990623 -0.4895333747712516 
-0.594742492792274 1.2821986100990623 -0.4895333747712516 
-0.5947450857512607 1.2822097016782288 -0.4895303624023044 
-0.5947442059433166 1.2822056493625489 -0.4895279682565057 
-0.5947442059433166 1.2822056493625489 -0.4895279682565057 
-0.5947442059433166 1.2822056493625489 -0.4895279682565057 
-0.5947444735620715 1.2822077333452928 -0.4895387648699885 
-0.5947444735620715 1.2822077333452928 -0.4895387648699885 
-0.5947444735620715 1.2822077333452928 -0.4895387648699885 
-0.5947450857512607 1.2822097016782288 -0.4895303624023044 
-0.5947450857512607 1.2822097016782288 -0.4895303624023044 
-0.5947450857512607 1.2822097016782288 -0.4895303624023044 
-0.5947450857512607 1.2822097016782288 -0.4895303624023044 
-0.5947450857512605 1.2822097016782288 -0.4895303624023041 
-0.5947411102703863 1.2821910474442866 -0.48951548159380653 
-0.5947411102703863 1.2821910474442866 -0.48951548159380653 
-0.5947411102703863 1.2821910474442866 -0.48951548159380653 
-0.5947508020990504 1.2822360306582488 -0.489545917808611 
-0.5947508020990504 1.2822360306582488 -0.489545917808611 
-0.5947508020990504 1.2822360306582488 -0.489545917808611 
-0.5947508020990504 1.2822360306582488 -0.489545917808611 
-0.5947477764476322 1.2822229461369445 -0.489547752728805 
-0.5947477764476322 1.2822229461369445 -0.489547752728805 
-0.5947430583499321 1.2821993330637538 -0.48951265738773286 
-0.5947430583499321 1.2821993330637538 -0.48951265738773286 
-0.5947393645957773 1.2821833505544076 -0.48951479391323294 
-0.5947453394287366 1.2822113779194924 -0.48953705840476314 
-0.5947453394287366 1.2822113779194924 -0.48953705840476314 
-0.5947453394287366 1.2822113779194924 -0.48953705840476314 
-0.5947417876733939 1.282194511030379 -0.48952138762625164 
-0.5947417876733939 1.282194511030379 -0.48952138762625164 
-0.594749314909611 1.2822300321534343 -0.48955193921326123 
-0.5947435937541276 1.2822036810296131 -0.48953637072419043 
-0.5947435937541276 1.2822036810296131 -0.48953637072419043 
-0.5947435937541276 1.2822036810296131 -0.48953637072419043 
-0.5947435937541276 1.2822036810296131 -0.48953637072419043 
-0.5947488261369464 1.2822269295558193 -0.4895405407926381 
-0.5947488261369464 1.2822269295558193 -0.4895405407926381 
-0.5947455232513859 1.282211716764168 -0.48953155293382133 
-0.5947455232513859 1.282211716764168 -0.48953155293382133 
-0.5947455232513859 1.282211716764168 -0.48953155293382133 
-0.5947488261369464 1.2822269295558193 -0.4895405407926381 
-0.5947488261369464 1.2822269295558193 -0.4895405407926381 
-0.5947449158698905 1.282209770575034 -0.4895399684842696 
-0.5947449158698905 1.282209770575034 -0.4895399684842696 
-0.5947449158698905 1.282209770575034 -0.4895399684842696 
-0.5947449158698905 1.282209770575034 -0.4895399684842696 
-0.5947470665210584 1.2822188249244597 -0.4895357525010411 
-0.5947470665210584 1.2822188249244597 -0.4895357525010411 
-0.5947497384684571 1.2822316394978928 -0.489549029133755 
-0.5947497384684571 1.2822316394978928 -0.489549029133755 
-0.5947497384684571 1.2822316394978928 -0.489549029133755 
-0.5947497384684571 1.2822316394978928 -0.489549029133755 
-0.5947492961606381 1.282229602268152 -0.48954782551947384 
-0.5947492961606381 1.282229602268152 -0.48954782551947384 
-0.5947512256578964 1.282237638002707 -0.48954300772910475 
-0.5947460774787698 1.2822161439599016 -0.48955522917320793 
-0.5947435424815882 1.2822025935179375 -0.48952616283508377 
-0.5947435424815882 1.2822025935179375 -0.48952616283508377 
-0.5947448971209177 1.2822093406897517 -0.489535854790482 
-0.5947448971209177 1.2822093406897517 -0.489535854790482 
-0.5947446434434418 1.282207664448488 -0.48952915878802306 
-0.5947446434434418 1.282207664448488 -0.48952915878802306 
-0.5947446434434416 1.282207664448488 -0.4895291587880227 
-0.5947453394287366 1.2822113779194924 -0.48953705840476314 
-0.5947472549847159 1.2822190059125667 -0.4895281400033713 
-0.5947472549847159 1.2822190059125667 -0.4895281400033713 
-0.5947472549847159 1.2822190059125667 -0.4895281400033713 
-0.5947472549847159 1.2822190059125667 -0.4895281400033713 
-0.5947420413508697 1.2821961872716423 -0.4895280836287108 
-0.5947420413508697 1.2821961872716423 -0.4895280836287108 
-0.5947420413508697 1.2821961872716423 -0.4895280836287108 
-0.594745490561134 1.2822108791374047 -0.48952333862901076 
-0.594745490561134 1.2822108791374047 -0.48952333862901076 
-0.594745490561134 1.2822108791374047 -0.48952333862901076 
-0.5947429163511202 1.282200217443521 -0.4895304646917451 
-0.5947429163511202 1.282200217443521 -0.4895304646917451 
-0.594748872601792 1.2822279949236937 -0.48955073559898055 
-0.594748872601792 1.2822279949236937 -0.48955073559898055 
-0.594748872601792 1.2822279949236937 -0.48955073559898055 
-0.5947508020990504 1.2822360306582488 -0.489545917808611 
-0.5947407379840797 1.2821905276115038 -0.48952859956241856 
-0.5947417876733939 1.282194511030379 -0.48952138762625164 
-0.5947417876733939 1.282194511030379 -0.48952138762625164 
-0.5947474900799045 1.282220432268918 -0.48953284242153483 
-0.5947474900799045 1.282220432268918 -0.48953284242153483 
-0.5947474900799042 1.282220432268918 -0.4895328424215345 
-0.5947455232513859 1.282211716764168 -0.48953155293382133 
-0.5947499222911062 1.2822319783425689 -0.48954352366281295 
-0.5947440360619465 1.2822057182593536 -0.4895375743384711 
-0.5947492357545134 1.2822281291587974 -0.4895335301021082 
-0.5947460168317442 1.2822148415055845 -0.4895429644372087 
-0.594742648732365 1.2821981334607764 -0.48951966807826275 
-0.5947477625063532 1.282222538395464 -0.48954365211778206 
-0.5947488261369464 1.2822269295558193 -0.4895405407926381 
-0.59474221123224 1.282196118374837 -0.4895184775467454 
-0.5947426347910861 1.2821977257192954 -0.48951556746723934 
-0.5947494847909811 1.2822299632566292 -0.48954233313129514 
-0.5947411615429258 1.2821921349559622 -0.48952568948291253 
-0.594742648732365 1.2821981334607764 -0.48951966807826275 
-0.5947488261369464 1.2822269295558193 -0.4895405407926381 
-0.5947488261369464 1.2822269295558193 -0.4895405407926381 
-0.5947527689275689 1.2822447461629987 -0.48954720729632495 
-0.594747762506353 1.282222538395464 -0.4895436521177817 
-0.5947435424815882 1.2822025935179375 -0.48952616283508377 
-0.5947488261369464 1.2822269295558193 -0.4895405407926381 
-0.5947411615429258 1.2821921349559622 -0.48952568948291253 
-0.5947411102703863 1.2821910474442866 -0.48951548159380653 
-0.5947415990430509 1.2821941500419016 -0.4895268800144297 
-0.59475106058422 1.2822377290433138 -0.48955262689383416 
-0.5939540408771586 1.282652809526028 -0.48953700456908544 
-0.5947406679625673 1.2821890102145461 -0.4895142779795253 
-0.5947483886368213 1.2822249144698805 -0.4895393502611205 
-0.5947516867146881 1.2822401051177303 -0.48954832503717305 
-0.5947492961606381 1.282229602268152 -0.48954782551947384 
-0.5947503645989253 1.2822340155723095 -0.48954472727709386 
-0.5947479463290024 1.2822228772401396 -0.4895381466468396 
-0.5947453394287366 1.2822113779194924 -0.48953705840476314 
-0.5947457817365556 1.2822134151492333 -0.4895382620190445 
-0.5947440360619465 1.2822057182593536 -0.4895375743384711 
-0.5947444596207926 1.282207325603812 -0.4895346642589653 
-0.594747338947507 1.2822209310510055 -0.4895465621972881 
-0.5947464078670235 1.28221579122365 -0.48953396016238326 
-0.594746882698409 1.2822184860797838 -0.48954125797198333 
-0.5947442059433166 1.2822056493625489 -0.4895279682565057 
-0.5947479463290024 1.2822228772401396 -0.4895381466468396 
-0.5947455232513859 1.282211716764168 -0.48953155293382133 
-0.5947420413508697 1.2821961872716423 -0.4895280836287108 
-0.5947420413508697 1.2821961872716423 -0.4895280836287108 
-0.5947483886368213 1.2822249144698805 -0.4895393502611205 
-0.5947487934466944 1.2822260919290565 -0.4895323264878272 
-0.5947431562540024 1.2822016659436737 -0.4895351801926726 
-0.5947439660404343 1.2822042008623957 -0.48952325275557773 
-0.5947483886368213 1.2822249144698805 -0.4895393502611205 
-0.5947501947175551 1.2822340844691147 -0.48955433335905973 
-0.5947477764476322 1.2822229461369445 -0.489547752728805 
-0.5947501759685823 1.2822336545838322 -0.4895502196652719 
-0.5947483886368213 1.2822249144698805 -0.4895393502611205 
-0.5947403236330346 1.2821889552093164 -0.489531446379327 
-0.5947411615429256 1.2821921349559622 -0.4895256894829122 
-0.594749314909611 1.2822300321534343 -0.48955193921326123 
-0.5947420552921487 1.282196595013123 -0.48953218423973377 
-0.594748858660513 1.2822275871822124 -0.4895466349879567 
-0.5947439381578762 1.282203385379434 -0.48951505153353114 
-0.5947417876733939 1.282194511030379 -0.48952138762625164 
-0.5947499222911062 1.2822319783425689 -0.48954352366281295 
-0.5947488261369464 1.2822269295558193 -0.4895405407926381 
-0.5947459655592049 1.2822137539939091 -0.48953275654810247 
-0.594746482288643 1.2822173214190773 -0.4895482053999147 
-0.5947446295021624 1.282207256707007 -0.4895250581769991 
-0.5947468314258698 1.2822173985681085 -0.48953105008287734 
-0.5947482000064783 1.282224553481403 -0.4895448426492983 
-0.5947411615429258 1.2821921349559622 -0.48952568948291253 
-0.5947518190981126 1.2822391764503602 -0.48953049156763284 
-0.5947460168317442 1.2822148415055845 -0.4895429644372087 
-0.5947407192351069 1.2821900977262215 -0.4895244858686312 
-0.5947494847909811 1.2822299632566292 -0.48954233313129514 
-0.5947459468102319 1.2822133241086264 -0.4895286428543151 
-0.5947449158698905 1.282209770575034 -0.4895399684842696 
-0.5947455232513859 1.282211716764168 -0.48953155293382133 
-0.5947470665210584 1.2822188249244597 -0.4895357525010411 
-0.594746882698409 1.2822184860797838 -0.48954125797198333 
-0.5947440967089721 1.2822070207136709 -0.4895498390744708 
-0.5947508020990504 1.2822360306582488 -0.489545917808611 
-0.5947411754842048 1.282192542697443 -0.48952979009393593 
-0.5947403236330346 1.2821889552093164 -0.489531446379327 
-0.5947415990430509 1.2821941500419016 -0.4895268800144297 
-0.5947507694087985 1.2822351930314855 -0.4895377035038002 
-0.5947488121956674 1.2822265218143392 -0.48953644018161446 
-0.594742478850995 1.282198202357582 -0.48952927416022773 
-0.5947457817365556 1.2822134151492333 -0.4895382620190445 
-0.5947446434434418 1.282207664448488 -0.48952915878802306 
-0.5947488261369464 1.2822269295558193 -0.4895405407926381 
-0.5947420552921487 1.282196595013123 -0.48953218423973377 
-0.5929951462827225 1.2831623982174798 -0.48953956666141707 
-0.5947439660404341 1.2822042008623957 -0.4895232527555774 
-0.5947406679625675 1.2821890102145461 -0.4895142779795256 
-0.594748435101667 1.2822259798377542 -0.48954954506746273 
-0.5947435937541276 1.2822036810296131 -0.48953637072419043 
-0.5947479463290024 1.2822228772401396 -0.4895381466468396 
-0.594748872601792 1.2822279949236937 -0.48955073559898055 
-0.5947464591395629 1.2822168787353254 -0.4895441680514896 
-0.5947450857512607 1.2822097016782288 -0.4895303624023044 
-0.594747338947507 1.2822209310510055 -0.4895465621972881 
-0.5947420552921487 1.282196595013123 -0.48953218423973377 
-0.5947507554675194 1.2822347852900042 -0.48953360289277703 
-0.5947415990430509 1.2821941500419016 -0.4895268800144297 
-0.5947436356521805 1.2822045535986475 -0.48954452176640273 
-0.5947457817365556 1.2822134151492333 -0.4895382620190445 
-0.5947501759685823 1.2822336545838322 -0.4895502196652719 
-0.5947479463290024 1.2822228772401396 -0.4895381466468396 
-0.5947416409411037 1.2821950226109358 -0.4895350310566424 
-0.5947431562540024 1.2822016659436737 -0.4895351801926726 
-0.5947503645989253 1.2822340155723095 -0.48954472727709386 
-0.5947501759685823 1.2822336545838322 -0.4895502196652719 
-0.5947439660404343 1.2822042008623957 -0.48952325275557773 
-0.5947440360619465 1.2822057182593536 -0.4895375743384711 
-0.5947450857512607 1.2822097016782288 -0.4895303624023044 
-0.5947436217109013 1.2822041458571662 -0.48954042115537955 
-0.594739637022226 1.2821854566809534 -0.48952560360947994 
-0.594746882698409 1.2822184860797838 -0.48954125797198333 
-0.5947455093101068 1.282211309022687 -0.4895274523227984 
-0.5947455093101068 1.282211309022687 -0.4895274523227984 
-0.5947464078670237 1.28221579122365 -0.4895339601623836 
-0.5947446434434418 1.282207664448488 -0.48952915878802306 
-0.594739637022226 1.2821854566809534 -0.48952560360947994 
-0.5947402304624423 1.2821869951286067 -0.48951308744800803 
-0.5947482000064783 1.282224553481403 -0.4895448426492983 
-0.5947479463290024 1.2822228772401396 -0.4895381466468396 
-0.5947492961606381 1.282229602268152 -0.48954782551947384 
-0.5947475088288772 1.2822208621542006 -0.4895369561153222 
-0.5947472549847159 1.2822190059125667 -0.4895281400033713 
-0.5947487934466946 1.2822260919290565 -0.4895323264878275 
-0.5947442059433166 1.2822056493625489 -0.4895279682565057 
-0.594745178921853 1.282211661758939 -0.48954872133362226 
-0.5929993754410732 1.2831827286926858 -0.48956114347237367 
-0.5947455093101068 1.282211309022687 -0.4895274523227984 
-0.5947427419029573 1.2822000935414861 -0.4895380270095808 
-0.5947507554675194 1.2822347852900042 -0.48953360289277703 
-0.594742078441229 1.282197037696875 -0.4895362215881589 
-0.5947488121956674 1.2822265218143392 -0.48953644018161446 
-0.5947479136387506 1.2822220396133763 -0.489529932342029 
-0.5947464078670237 1.28221579122365 -0.4895339601623836 
-0.5947451976708257 1.2822120916442215 -0.48955283502740965 
-0.5947459468102319 1.2822133241086264 -0.4895286428543151 
-0.5947450857512607 1.2822097016782288 -0.4895303624023044 
-0.5947470665210584 1.2822188249244597 -0.4895357525010411 
-0.5947470665210584 1.2822188249244597 -0.4895357525010411 
-0.594747762506353 1.282222538395464 -0.4895436521177817 
-0.5947477625063532 1.282222538395464 -0.48954365211778206 
-0.5947435798128485 1.282203273288132 -0.4895322701131666 
-0.5947420413508697 1.2821961872716423 -0.4895280836287108 
-0.5947389270956518 1.2821813354684681 -0.48951360338171546 
-0.5947499222911062 1.2822319783425689 -0.48954352366281295 
-0.5929932399345447 1.2831548051666766 -0.4895484218002111 
-0.5947449438266643 1.2822102354025875 -0.48954401891545873 
-0.5947457817365556 1.2822134151492333 -0.4895382620190445 
-0.5947470665210584 1.2822188249244597 -0.4895357525010411 
-0.5947475088288772 1.2822208621542006 -0.4895369561153222 
-0.5947456024806992 1.2822132691033974 -0.48954581125411645 
-0.5947459328689529 1.2822129163671456 -0.4895245422432919 
-0.5947459328689529 1.2822129163671456 -0.4895245422432919 
-0.5947444735620715 1.2822077333452928 -0.4895387648699885 
-0.5947464078670235 1.28221579122365 -0.48953396016238326 
-0.594746501037616 1.2822177513043602 -0.4895523190937019 
-0.5947463891180509 1.282215361338367 -0.489529846468596 
-0.5944878258404722 1.282347248261523 -0.4895398891375724 
-0.5947521102735343 1.2822417124621888 -0.4895454149576668 
-0.5947511929676444 1.2822368003759437 -0.4895347934242942 
-0.5947479463290024 1.2822228772401396 -0.4895381466468396 
-0.5947407798821325 1.2821914001805381 -0.4895367506046311 
-0.5947501947175551 1.2822340844691147 -0.48955433335905973 
-0.5947464403905903 1.2822164488500432 -0.4895400543577024 
-0.5947429163511202 1.282200217443521 -0.4895304646917451 
-0.5947482000064783 1.282224553481403 -0.4895448426492983 
-0.5947487934466946 1.2822260919290565 -0.4895323264878275 
-0.594746514978895 1.2822181590458406 -0.4895564197047255 
-0.5947488261369464 1.2822269295558193 -0.4895405407926381 
-0.5947426674813379 1.2821985633460589 -0.4895237817720497 
-0.5947517192382548 1.2822407627441237 -0.4895544192324921 
-0.5947407192351069 1.2821900977262215 -0.4895244858686312 
-0.5947412034409786 1.2821930075249965 -0.48953384052512505 
-0.5947464591395629 1.2822168787353254 -0.4895441680514896 
-0.5947440173129737 1.2822052883740716 -0.48953346064468417 
-0.5947430722912113 1.282199740805235 -0.4895167579987565 
-0.594748872601792 1.2822279949236937 -0.48955073559898055 
-0.5947435937541276 1.2822036810296131 -0.48953637072419043 
-0.5947483886368213 1.2822249144698805 -0.4895393502611205 
-0.5947446434434418 1.282207664448488 -0.48952915878802306 
-0.5947489633280648 1.282226023032251 -0.48952272040586164 
-0.5947479463290024 1.2822228772401396 -0.4895381466468396 
-0.5947473201985344 1.282220501165723 -0.4895424485035005 
-0.5947453394287366 1.2822113779194924 -0.48953705840476314 
-0.5929931655129252 1.2831532749712493 -0.48953417656268017 
-0.5947442059433166 1.2822056493625489 -0.4895279682565057 
-0.5947512444068692 1.2822380678879897 -0.4895471214228917 
-0.5947501947175551 1.2822340844691147 -0.48955433335905973 
-0.5947435937541276 1.2822036810296131 -0.48953637072419043 
-0.5947468966396883 1.2822188938212649 -0.4895453585830063 
-0.5947406867115403 1.2821894400998284 -0.4895183916733128 
-0.5947406867115403 1.2821894400998284 -0.4895183916733128 
-0.5947492961606379 1.282229602268152 -0.4895478255194735 
-0.594742225173519 1.282196526116318 -0.48952257815776856 
-0.5947464078670237 1.28221579122365 -0.4895339601623836 
-0.5947416409411037 1.2821950226109358 -0.4895350310566424 
-0.5947420552921487 1.282196595013123 -0.48953218423973377 
-0.5947472362357431 1.282218576027284 -0.4895240263095837 
