-0.6497483559465694 1.2122240768431167 -0.4895311359563097 
-0.6497483559465694 1.2122240768431167 -0.4895311359563097 
-0.6497457817365557 1.212213415149233 -0.48953826201904427 
-0.6497457817365557 1.212213415149233 -0.48953826201904427 
-0.6497457817365557 1.212213415149233 -0.48953826201904427 
-0.6497427558442366 1.212200501282967 -0.48954212762060423 
-0.6497427558442366 1.212200501282967 -0.48954212762060423 
-0.6497427558442366 1.212200501282967 -0.48954212762060423 
-0.6497450857512608 1.2122097016782285 -0.48953036240230396 
-0.6497402444037216 1.2121874028700874 -0.48951718805903144 
-0.6497402444037216 1.2121874028700874 -0.48951718805903144 
-0.6497402444037216 1.2121874028700874 -0.48951718805903144 
-0.6497402444037216 1.2121874028700874 -0.48951718805903144 
-0.6497435424815885 1.212202593517937 -0.48952616283508377 
-0.6497435424815885 1.212202593517937 -0.48952616283508377 
-0.6497424788509951 1.2121982023575815 -0.4895292741602275 
-0.6497424788509949 1.2121982023575815 -0.4895292741602272 
-0.6497424788509949 1.2121982023575815 -0.4895292741602272 
-0.6497506182764013 1.212235691813573 -0.48955142327955325 
-0.6497506182764013 1.212235691813573 -0.48955142327955325 
-0.649742667481338 1.212198563346059 -0.48952378177204925 
-0.649742667481338 1.212198563346059 -0.48952378177204925 
-0.6497426674813378 1.212198563346059 -0.4895237817720489 
-0.6497479463290026 1.2122228772401393 -0.4895381466468398 
-0.6497479463290026 1.2122228772401393 -0.4895381466468398 
-0.6497391807731282 1.2121830117097316 -0.4895202993841752 
-0.6497391807731282 1.2121830117097316 -0.4895202993841752 
-0.6497391807731282 1.2121830117097316 -0.4895202993841752 
-0.6497391807731282 1.2121830117097316 -0.4895202993841752 
-0.6497391807731282 1.2121830117097316 -0.4895202993841752 
-0.6497473201985345 1.2122205011657228 -0.4895424485035007 
-0.6497473201985345 1.2122205011657228 -0.4895424485035007 
-0.6497473201985345 1.2122205011657228 -0.4895424485035007 
-0.6497435937541277 1.2122036810296126 -0.4895363707241902 
-0.6497492357545136 1.2122281291587969 -0.4895335301021084 
-0.6497492357545136 1.2122281291587969 -0.4895335301021084 
-0.6497492357545136 1.2122281291587969 -0.4895335301021084 
-0.6497479463290026 1.2122228772401393 -0.4895381466468398 
-0.6497479463290026 1.2122228772401393 -0.4895381466468398 
-0.6497479463290026 1.2122228772401393 -0.4895381466468398 
-0.6497479463290026 1.2122228772401393 -0.4895381466468398 
-0.6497448971209179 1.2122093406897514 -0.489535854790482 
-0.6497448971209179 1.2122093406897514 -0.489535854790482 
-0.6497483559465694 1.2122240768431167 -0.4895311359563097 
-0.6497483559465694 1.2122240768431167 -0.4895311359563097 
-0.6497483559465694 1.2122240768431167 -0.4895311359563097 
-0.6497479463290026 1.2122228772401393 -0.4895381466468398 
-0.6497479463290026 1.2122228772401393 -0.4895381466468398 
-0.6497479463290026 1.2122228772401393 -0.4895381466468398 
-0.6497479463290026 1.2122228772401393 -0.4895381466468398 
-0.6497479463290026 1.2122228772401393 -0.4895381466468398 
-0.6497450857512608 1.2122097016782285 -0.48953036240230396 
-0.6497450857512608 1.2122097016782285 -0.48953036240230396 
-0.6497470665210585 1.2122188249244594 -0.4895357525010411 
-0.6497470665210585 1.2122188249244594 -0.4895357525010411 
-0.6497470665210585 1.2122188249244594 -0.4895357525010411 
-0.6497470665210585 1.2122188249244594 -0.4895357525010411 
-0.6497449438266645 1.212210235402587 -0.4895440189154585 
-0.6497449438266645 1.212210235402587 -0.4895440189154585 
-0.6497448971209179 1.2122093406897514 -0.489535854790482 
-0.6497448971209179 1.2122093406897514 -0.489535854790482 
-0.6497448971209179 1.2122093406897514 -0.489535854790482 
-0.6497448971209179 1.2122093406897514 -0.489535854790482 
-0.6497436217109015 1.2122041458571662 -0.4895404211553793 
-0.6497479463290026 1.2122228772401393 -0.4895381466468398 
-0.6497479463290026 1.2122228772401393 -0.4895381466468398 
-0.6497479463290026 1.2122228772401393 -0.4895381466468398 
-0.64974683142587 1.212217398568108 -0.4895310500828769 
-0.64974683142587 1.212217398568108 -0.4895310500828769 
-0.64974683142587 1.212217398568108 -0.4895310500828769 
-0.64974683142587 1.212217398568108 -0.4895310500828769 
-0.6497442059433168 1.2122056493625488 -0.4895279682565057 
-0.6497442059433168 1.2122056493625488 -0.4895279682565057 
-0.6497464591395631 1.2122168787353251 -0.4895441680514896 
-0.6497464591395631 1.2122168787353251 -0.4895441680514896 
-0.6497464591395631 1.2122168787353251 -0.4895441680514896 
-0.6497449438266645 1.212210235402587 -0.4895440189154585 
-0.6497449438266645 1.212210235402587 -0.4895440189154585 
-0.6497450857512608 1.2122097016782285 -0.48953036240230396 
-0.6497450857512608 1.2122097016782285 -0.48953036240230396 
-0.6497450857512608 1.2122097016782285 -0.48953036240230396 
-0.6497450857512608 1.2122097016782285 -0.48953036240230396 
-0.6497470665210583 1.2122188249244594 -0.48953575250104076 
-0.6497470665210583 1.2122188249244594 -0.48953575250104076 
-0.6497436731501263 1.2122054133692122 -0.48955274915397684 
-0.6497450857512608 1.2122097016782285 -0.48953036240230396 
-0.6497450857512608 1.2122097016782285 -0.48953036240230396 
-0.6497464078670236 1.2122157912236495 -0.48953396016238304 
-0.6497464078670236 1.2122157912236495 -0.48953396016238304 
-0.6497464078670236 1.2122157912236495 -0.48953396016238304 
-0.6497464078670236 1.2122157912236495 -0.48953396016238304 
-0.6497449158698907 1.2122097705750339 -0.4895399684842694 
-0.6497449158698907 1.2122097705750339 -0.4895399684842694 
-0.6497488121956675 1.2122265218143387 -0.48953644018161424 
-0.6497475088288773 1.2122208621542 -0.4895369561153222 
-0.6497475088288773 1.2122208621542 -0.4895369561153222 
-0.6497488261369465 1.2122269295558195 -0.48954054079263765 
-0.6497488261369465 1.2122269295558195 -0.48954054079263765 
-0.6497424927922743 1.212198610099062 -0.4895333747712516 
-0.6497424927922743 1.212198610099062 -0.4895333747712516 
-0.649742492792274 1.212198610099062 -0.48953337477125125 
-0.649742492792274 1.212198610099062 -0.48953337477125125 
-0.6497475088288773 1.2122208621542 -0.4895369561153222 
-0.6497475088288773 1.2122208621542 -0.4895369561153222 
-0.6497475088288773 1.2122208621542 -0.4895369561153222 
-0.6497475088288773 1.2122208621542 -0.4895369561153222 
-0.6497475088288773 1.2122208621542 -0.4895369561153222 
-0.6497475088288773 1.2122208621542 -0.4895369561153222 
-0.6497483698878488 1.212224484584598 -0.48953523656733355 
-0.6497483698878488 1.212224484584598 -0.48953523656733355 
-0.6497512444068695 1.2122380678879896 -0.4895471214228919 
-0.6497512444068695 1.2122380678879896 -0.4895471214228919 
-0.6497449158698907 1.2122097705750339 -0.4895399684842694 
-0.6497449158698907 1.2122097705750339 -0.4895399684842694 
-0.6497449158698907 1.2122097705750339 -0.4895399684842694 
-0.6497449158698907 1.2122097705750339 -0.4895399684842694 
-0.6497430722912114 1.2121997408052347 -0.48951675799875627 
-0.6497430722912114 1.2121997408052347 -0.48951675799875627 
-0.6497424927922743 1.212198610099062 -0.4895333747712516 
-0.6497424927922743 1.212198610099062 -0.4895333747712516 
-0.6497424927922743 1.212198610099062 -0.4895333747712516 
-0.6497450857512608 1.2122097016782285 -0.48953036240230396 
-0.6497442059433168 1.2122056493625488 -0.4895279682565057 
-0.6497442059433168 1.2122056493625488 -0.4895279682565057 
-0.6497442059433168 1.2122056493625488 -0.4895279682565057 
-0.6497444735620718 1.212207733345293 -0.48953876486998826 
-0.6497444735620718 1.212207733345293 -0.48953876486998826 
-0.6497444735620718 1.212207733345293 -0.48953876486998826 
-0.6497450857512608 1.2122097016782285 -0.48953036240230396 
-0.6497450857512608 1.2122097016782285 -0.48953036240230396 
-0.6497450857512608 1.2122097016782285 -0.48953036240230396 
-0.6497450857512608 1.2122097016782285 -0.48953036240230396 
-0.6497450857512606 1.2122097016782285 -0.48953036240230363 
-0.6497411102703865 1.2121910474442863 -0.4895154815938061 
-0.6497411102703865 1.2121910474442863 -0.4895154815938061 
-0.6497411102703865 1.2121910474442863 -0.4895154815938061 
-0.6497508020990507 1.2122360306582485 -0.489545917808611 
-0.6497508020990507 1.2122360306582485 -0.489545917808611 
-0.6497508020990507 1.2122360306582485 -0.489545917808611 
-0.6497508020990507 1.2122360306582485 -0.489545917808611 
-0.6497477764476323 1.2122229461369443 -0.4895477527288048 
-0.6497477764476323 1.2122229461369443 -0.4895477527288048 
-0.6497430583499322 1.2121993330637535 -0.48951265738773286 
-0.6497430583499322 1.2121993330637535 -0.48951265738773286 
-0.6497393645957774 1.2121833505544073 -0.4895147939132327 
-0.6497453394287367 1.212211377919492 -0.48953705840476314 
-0.6497453394287367 1.212211377919492 -0.48953705840476314 
-0.6497453394287367 1.212211377919492 -0.48953705840476314 
-0.6497417876733939 1.2121945110303787 -0.48952138762625164 
-0.6497417876733939 1.2121945110303787 -0.48952138762625164 
-0.6497493149096112 1.2122300321534345 -0.48955193921326123 
-0.6497435937541277 1.2122036810296126 -0.4895363707241902 
-0.6497435937541277 1.2122036810296126 -0.4895363707241902 
-0.6497435937541277 1.2122036810296126 -0.4895363707241902 
-0.6497435937541277 1.2122036810296126 -0.4895363707241902 
-0.6497488261369465 1.2122269295558195 -0.48954054079263765 
-0.6497488261369465 1.2122269295558195 -0.48954054079263765 
-0.649745523251386 1.212211716764168 -0.4895315529338209 
-0.649745523251386 1.212211716764168 -0.4895315529338209 
-0.649745523251386 1.212211716764168 -0.4895315529338209 
-0.6497488261369465 1.2122269295558195 -0.48954054079263765 
-0.6497488261369465 1.2122269295558195 -0.48954054079263765 
-0.6497449158698907 1.2122097705750339 -0.4895399684842694 
-0.6497449158698907 1.2122097705750339 -0.4895399684842694 
-0.6497449158698907 1.2122097705750339 -0.4895399684842694 
-0.6497449158698907 1.2122097705750339 -0.4895399684842694 
-0.6497470665210585 1.2122188249244594 -0.4895357525010411 
-0.6497470665210585 1.2122188249244594 -0.4895357525010411 
-0.6497497384684572 1.2122316394978927 -0.48954902913375475 
-0.6497497384684572 1.2122316394978927 -0.48954902913375475 
-0.6497497384684572 1.2122316394978927 -0.48954902913375475 
-0.6497497384684572 1.2122316394978927 -0.48954902913375475 
-0.6497492961606384 1.2122296022681518 -0.4895478255194734 
-0.6497492961606384 1.2122296022681518 -0.4895478255194734 
-0.6497512256578968 1.212237638002707 -0.48954300772910475 
-0.64974607747877 1.2122161439599013 -0.48955522917320815 
-0.6497435424815885 1.212202593517937 -0.48952616283508377 
-0.6497435424815885 1.212202593517937 -0.48952616283508377 
-0.6497448971209179 1.2122093406897514 -0.489535854790482 
-0.6497448971209179 1.2122093406897514 -0.489535854790482 
-0.649744643443442 1.2122076644484878 -0.48952915878802306 
-0.649744643443442 1.2122076644484878 -0.48952915878802306 
-0.6497446434434417 1.2122076644484878 -0.4895291587880227 
-0.6497453394287367 1.212211377919492 -0.48953705840476314 
-0.6497472549847161 1.2122190059125661 -0.48952814000337086 
-0.6497472549847161 1.2122190059125661 -0.48952814000337086 
-0.6497472549847161 1.2122190059125661 -0.48952814000337086 
-0.6497472549847161 1.2122190059125661 -0.48952814000337086 
-0.6497420413508699 1.2121961872716422 -0.4895280836287108 
-0.6497420413508699 1.2121961872716422 -0.4895280836287108 
-0.6497420413508699 1.2121961872716422 -0.4895280836287108 
-0.6497454905611342 1.2122108791374047 -0.489523338629011 
-0.6497454905611342 1.2122108791374047 -0.489523338629011 
-0.6497454905611342 1.2122108791374047 -0.489523338629011 
-0.6497429163511205 1.2122002174435207 -0.4895304646917451 
-0.6497429163511205 1.2122002174435207 -0.4895304646917451 
-0.6497488726017921 1.2122279949236934 -0.4895507355989799 
-0.6497488726017921 1.2122279949236934 -0.4895507355989799 
-0.6497488726017921 1.2122279949236934 -0.4895507355989799 
-0.6497508020990507 1.2122360306582485 -0.489545917808611 
-0.6497407379840796 1.2121905276115035 -0.48952859956241856 
-0.6497417876733939 1.2121945110303787 -0.48952138762625164 
-0.6497417876733939 1.2121945110303787 -0.48952138762625164 
-0.6497474900799046 1.2122204322689176 -0.48953284242153505 
-0.6497474900799046 1.2122204322689176 -0.48953284242153505 
-0.6497474900799044 1.2122204322689176 -0.4895328424215347 
-0.649745523251386 1.212211716764168 -0.4895315529338209 
-0.6497499222911064 1.2122319783425686 -0.4895435236628123 
-0.6497440360619465 1.2122057182593535 -0.4895375743384711 
-0.6497492357545136 1.2122281291587969 -0.4895335301021084 
-0.6497460168317443 1.2122148415055842 -0.489542964437208 
-0.6497426487323653 1.2121981334607763 -0.4895196680782623 
-0.6497477625063532 1.2122225383954637 -0.4895436521177816 
-0.6497488261369465 1.2122269295558195 -0.48954054079263765 
-0.64974221123224 1.2121961183748369 -0.48951847754674516 
-0.6497426347910861 1.2121977257192955 -0.4895155674672391 
-0.6497494847909813 1.212229963256629 -0.48954233313129536 
-0.6497411615429258 1.2121921349559621 -0.4895256894829121 
-0.6497426487323653 1.2121981334607763 -0.4895196680782623 
-0.6497488261369465 1.2122269295558195 -0.48954054079263765 
-0.6497488261369465 1.2122269295558195 -0.48954054079263765 
-0.6497527689275691 1.2122447461629982 -0.4895472072963245 
-0.649747762506353 1.2122225383954637 -0.4895436521177813 
-0.6497435424815885 1.212202593517937 -0.48952616283508377 
-0.6497488261369465 1.2122269295558195 -0.48954054079263765 
-0.6497411615429258 1.2121921349559621 -0.4895256894829121 
-0.6497411102703865 1.2121910474442863 -0.4895154815938061 
-0.6497415990430511 1.2121941500419013 -0.48952688001442946 
-0.6497510605842202 1.2122377290433137 -0.48955262689383394 
-0.6489540408771587 1.2126528095260278 -0.48953700456908544 
-0.6497406679625675 1.2121890102145456 -0.48951427797952485 
-0.6497483886368214 1.2122249144698802 -0.4895393502611203 
-0.6497516867146883 1.2122401051177303 -0.4895483250371728 
-0.6497492961606384 1.2122296022681518 -0.4895478255194734 
-0.6497503645989253 1.2122340155723093 -0.48954472727709364 
-0.6497479463290026 1.2122228772401393 -0.4895381466468398 
-0.6497453394287367 1.212211377919492 -0.48953705840476314 
-0.6497457817365557 1.212213415149233 -0.48953826201904427 
-0.6497440360619465 1.2122057182593535 -0.4895375743384711 
-0.6497444596207926 1.2122073256038122 -0.48953466425896486 
-0.6497473389475071 1.212220931051005 -0.48954656219728787 
-0.6497464078670236 1.2122157912236495 -0.48953396016238304 
-0.6497468826984092 1.2122184860797836 -0.48954125797198333 
-0.6497442059433168 1.2122056493625488 -0.4895279682565057 
-0.6497479463290026 1.2122228772401393 -0.4895381466468398 
-0.649745523251386 1.212211716764168 -0.4895315529338209 
-0.6497420413508699 1.2121961872716422 -0.4895280836287108 
-0.6497420413508699 1.2121961872716422 -0.4895280836287108 
-0.6497483886368214 1.2122249144698802 -0.4895393502611203 
-0.6497487934466946 1.2122260919290562 -0.48953232648782696 
-0.6497431562540026 1.2122016659436736 -0.48953518019267306 
-0.6497439660404346 1.2122042008623957 -0.4895232527555775 
-0.6497483886368214 1.2122249144698802 -0.4895393502611203 
-0.6497501947175552 1.2122340844691144 -0.4895543333590593 
-0.6497477764476323 1.2122229461369443 -0.4895477527288048 
-0.6497501759685825 1.2122336545838321 -0.4895502196652719 
-0.6497483886368214 1.2122249144698802 -0.4895393502611203 
-0.6497403236330346 1.2121889552093161 -0.48953144637932655 
-0.6497411615429256 1.2121921349559621 -0.48952568948291175 
-0.6497493149096112 1.2122300321534345 -0.48955193921326123 
-0.649742055292149 1.212196595013123 -0.489532184239734 
-0.6497488586605131 1.2122275871822121 -0.4895466349879565 
-0.6497439381578763 1.2122033853794338 -0.4895150515335316 
-0.6497417876733939 1.2121945110303787 -0.48952138762625164 
-0.6497499222911064 1.2122319783425686 -0.4895435236628123 
-0.6497488261369465 1.2122269295558195 -0.48954054079263765 
-0.6497459655592048 1.2122137539939088 -0.4895327565481018 
-0.6497464822886433 1.212217321419077 -0.4895482053999147 
-0.6497446295021627 1.212207256707007 -0.48952505817699954 
-0.64974683142587 1.212217398568108 -0.4895310500828769 
-0.6497482000064785 1.212224553481403 -0.48954484264929854 
-0.6497411615429258 1.2121921349559621 -0.4895256894829121 
-0.6497518190981129 1.21223917645036 -0.4895304915676333 
-0.6497460168317443 1.2122148415055842 -0.489542964437208 
-0.649740719235107 1.2121900977262214 -0.4895244858686312 
-0.6497494847909813 1.212229963256629 -0.48954233313129536 
-0.6497459468102321 1.2122133241086264 -0.48952864285431485 
-0.6497449158698907 1.2122097705750339 -0.4895399684842694 
-0.649745523251386 1.212211716764168 -0.4895315529338209 
-0.6497470665210585 1.2122188249244594 -0.4895357525010411 
-0.6497468826984092 1.2122184860797836 -0.48954125797198333 
-0.6497440967089724 1.2122070207136706 -0.48954983907447036 
-0.6497508020990507 1.2122360306582485 -0.489545917808611 
-0.649741175484205 1.212192542697443 -0.48952979009393593 
-0.6497403236330346 1.2121889552093161 -0.48953144637932655 
-0.6497415990430511 1.2121941500419013 -0.48952688001442946 
-0.6497507694087986 1.212235193031485 -0.4895377035038002 
-0.6497488121956675 1.2122265218143387 -0.48953644018161424 
-0.6497424788509951 1.2121982023575815 -0.4895292741602275 
-0.6497457817365557 1.212213415149233 -0.48953826201904427 
-0.649744643443442 1.2122076644484878 -0.48952915878802306 
-0.6497488261369465 1.2122269295558195 -0.48954054079263765 
-0.649742055292149 1.212196595013123 -0.489532184239734 
-0.6479951462827227 1.21316239821748 -0.4895395666614166 
-0.6497439660404344 1.2122042008623957 -0.4895232527555772 
-0.6497406679625677 1.2121890102145456 -0.4895142779795252 
-0.649748435101667 1.212225979837754 -0.48954954506746295 
-0.6497435937541277 1.2122036810296126 -0.4895363707241902 
-0.6497479463290026 1.2122228772401393 -0.4895381466468398 
-0.6497488726017921 1.2122279949236934 -0.4895507355989799 
-0.6497464591395631 1.2122168787353251 -0.4895441680514896 
-0.6497450857512608 1.2122097016782285 -0.48953036240230396 
-0.6497473389475071 1.212220931051005 -0.48954656219728787 
-0.649742055292149 1.212196595013123 -0.489532184239734 
-0.6497507554675195 1.212234785290004 -0.48953360289277725 
-0.6497415990430511 1.2121941500419013 -0.48952688001442946 
-0.6497436356521806 1.2122045535986472 -0.4895445217664023 
-0.6497457817365557 1.212213415149233 -0.48953826201904427 
-0.6497501759685825 1.2122336545838321 -0.4895502196652719 
-0.6497479463290026 1.2122228772401393 -0.4895381466468398 
-0.649741640941104 1.2121950226109357 -0.4895350310566424 
-0.6497431562540026 1.2122016659436736 -0.48953518019267306 
-0.6497503645989253 1.2122340155723093 -0.48954472727709364 
-0.6497501759685825 1.2122336545838321 -0.4895502196652719 
-0.6497439660404346 1.2122042008623957 -0.4895232527555775 
-0.6497440360619465 1.2122057182593535 -0.4895375743384711 
-0.6497450857512608 1.2122097016782285 -0.48953036240230396 
-0.6497436217109015 1.2122041458571662 -0.4895404211553793 
-0.6497396370222261 1.2121854566809531 -0.4895256036094797 
-0.6497468826984092 1.2122184860797836 -0.48954125797198333 
-0.6497455093101069 1.2122113090226871 -0.48952745232279793 
-0.6497455093101069 1.2122113090226871 -0.48952745232279793 
-0.6497464078670239 1.2122157912236495 -0.4895339601623834 
-0.649744643443442 1.2122076644484878 -0.48952915878802306 
-0.6497396370222261 1.2121854566809531 -0.4895256036094797 
-0.6497402304624424 1.2121869951286064 -0.4895130874480078 
-0.6497482000064785 1.212224553481403 -0.48954484264929854 
-0.6497479463290026 1.2122228772401393 -0.4895381466468398 
-0.6497492961606384 1.2122296022681518 -0.4895478255194734 
-0.6497475088288773 1.2122208621542 -0.4895369561153222 
-0.6497472549847161 1.2122190059125661 -0.48952814000337086 
-0.6497487934466948 1.2122260919290562 -0.4895323264878273 
-0.6497442059433168 1.2122056493625488 -0.4895279682565057 
-0.6497451789218531 1.2122116617589387 -0.48954872133362226 
-0.6479993754410733 1.2131827286926855 -0.48956114347237456 
-0.6497455093101069 1.2122113090226871 -0.48952745232279793 
-0.6497427419029576 1.2122000935414863 -0.48953802700958104 
-0.6497507554675195 1.212234785290004 -0.48953360289277725 
-0.6497420784412292 1.2121970376968747 -0.48953622158815935 
-0.6497488121956675 1.2122265218143387 -0.48953644018161424 
-0.6497479136387507 1.212222039613376 -0.489529932342029 
-0.6497464078670239 1.2122157912236495 -0.4895339601623834 
-0.6497451976708258 1.212212091644221 -0.48955283502740987 
-0.6497459468102321 1.2122133241086264 -0.48952864285431485 
-0.6497450857512608 1.2122097016782285 -0.48953036240230396 
-0.6497470665210585 1.2122188249244594 -0.4895357525010411 
-0.6497470665210585 1.2122188249244594 -0.4895357525010411 
-0.649747762506353 1.2122225383954637 -0.4895436521177813 
-0.6497477625063532 1.2122225383954637 -0.4895436521177816 
-0.6497435798128487 1.212203273288132 -0.4895322701131668 
-0.6497420413508699 1.2121961872716422 -0.4895280836287108 
-0.6497389270956521 1.2121813354684678 -0.4895136033817157 
-0.6497499222911064 1.2122319783425686 -0.4895435236628123 
-0.6479932399345448 1.2131548051666767 -0.4895484218002111 
-0.6497449438266645 1.212210235402587 -0.4895440189154585 
-0.6497457817365557 1.212213415149233 -0.48953826201904427 
-0.6497470665210585 1.2122188249244594 -0.4895357525010411 
-0.6497475088288773 1.2122208621542 -0.4895369561153222 
-0.6497456024806992 1.2122132691033969 -0.48954581125411667 
-0.649745932868953 1.2122129163671453 -0.4895245422432919 
-0.649745932868953 1.2122129163671453 -0.4895245422432919 
-0.6497444735620718 1.212207733345293 -0.48953876486998826 
-0.6497464078670236 1.2122157912236495 -0.48953396016238304 
-0.649746501037616 1.2122177513043595 -0.48955231909370167 
-0.6497463891180509 1.212215361338367 -0.489529846468596 
-0.6494878258404723 1.212347248261523 -0.4895398891375724 
-0.6497521102735344 1.2122417124621885 -0.489545414957667 
-0.6497511929676447 1.2122368003759436 -0.48953479342429396 
-0.6497479463290026 1.2122228772401393 -0.4895381466468398 
-0.6497407798821327 1.2121914001805383 -0.48953675060463064 
-0.6497501947175552 1.2122340844691144 -0.4895543333590593 
-0.6497464403905904 1.2122164488500426 -0.4895400543577022 
-0.6497429163511205 1.2122002174435207 -0.4895304646917451 
-0.6497482000064785 1.212224553481403 -0.48954484264929854 
-0.6497487934466948 1.2122260919290562 -0.4895323264878273 
-0.6497465149788951 1.2122181590458403 -0.4895564197047253 
-0.6497488261369465 1.2122269295558195 -0.48954054079263765 
-0.649742667481338 1.212198563346059 -0.48952378177204925 
-0.6497517192382549 1.2122407627441232 -0.4895544192324921 
-0.649740719235107 1.2121900977262214 -0.4895244858686312 
-0.6497412034409787 1.2121930075249967 -0.48953384052512483 
-0.6497464591395631 1.2122168787353251 -0.4895441680514896 
-0.6497440173129739 1.2122052883740713 -0.48953346064468395 
-0.6497430722912114 1.2121997408052347 -0.48951675799875627 
-0.6497488726017921 1.2122279949236934 -0.4895507355989799 
-0.6497435937541277 1.2122036810296126 -0.4895363707241902 
-0.6497483886368214 1.2122249144698802 -0.4895393502611203 
-0.649744643443442 1.2122076644484878 -0.48952915878802306 
-0.6497489633280649 1.212226023032251 -0.48952272040586187 
-0.6497479463290026 1.2122228772401393 -0.4895381466468398 
-0.6497473201985345 1.2122205011657228 -0.4895424485035007 
-0.6497453394287367 1.212211377919492 -0.48953705840476314 
-0.6479931655129253 1.2131532749712488 -0.48953417656268017 
-0.6497442059433168 1.2122056493625488 -0.4895279682565057 
-0.6497512444068695 1.2122380678879896 -0.4895471214228919 
-0.6497501947175552 1.2122340844691144 -0.4895543333590593 
-0.6497435937541277 1.2122036810296126 -0.4895363707241902 
-0.6497468966396884 1.2122188938212646 -0.4895453585830072 
-0.6497406867115404 1.2121894400998279 -0.4895183916733128 
-0.6497406867115404 1.2121894400998279 -0.4895183916733128 
-0.6497492961606381 1.2122296022681518 -0.48954782551947307 
-0.6497422251735192 1.212196526116318 -0.48952257815776834 
-0.6497464078670239 1.2122157912236495 -0.4895339601623834 
-0.649741640941104 1.2121950226109357 -0.4895350310566424 
-0.649742055292149 1.212196595013123 -0.489532184239734 
-0.6497472362357432 1.212218576027284 -0.4895240263095837 
