-0.7047483559465697 1.2122240768431167 -0.4895311359563097 
-0.7047483559465697 1.2122240768431167 -0.4895311359563097 
-0.7047457817365559 1.2122134151492332 -0.4895382620190445 
-0.7047457817365559 1.2122134151492332 -0.4895382620190445 
-0.7047457817365559 1.2122134151492332 -0.4895382620190445 
-0.7047427558442366 1.2122005012829673 -0.489542127620604 
-0.7047427558442366 1.2122005012829673 -0.489542127620604 
-0.7047427558442366 1.2122005012829673 -0.489542127620604 
-0.7047450857512609 1.2122097016782287 -0.48953036240230396 
-0.7047402444037215 1.2121874028700872 -0.4895171880590312 
-0.7047402444037215 1.2121874028700872 -0.4895171880590312 
-0.7047402444037215 1.2121874028700872 -0.4895171880590312 
-0.7047402444037215 1.2121874028700872 -0.4895171880590312 
-0.7047435424815885 1.2122025935179372 -0.489526162835084 
-0.7047435424815885 1.2122025935179372 -0.489526162835084 
-0.7047424788509953 1.2121982023575817 -0.48952927416022773 
-0.7047424788509951 1.2121982023575817 -0.4895292741602274 
-0.7047424788509951 1.2121982023575817 -0.4895292741602274 
-0.7047506182764014 1.212235691813573 -0.4895514232795535 
-0.7047506182764014 1.212235691813573 -0.4895514232795535 
-0.7047426674813381 1.2121985633460588 -0.48952378177205014 
-0.7047426674813381 1.2121985633460588 -0.48952378177205014 
-0.7047426674813378 1.2121985633460588 -0.4895237817720498 
-0.7047479463290026 1.2122228772401393 -0.48953814664683937 
-0.7047479463290026 1.2122228772401393 -0.48953814664683937 
-0.7047391807731284 1.2121830117097316 -0.4895202993841752 
-0.7047391807731284 1.2121830117097316 -0.4895202993841752 
-0.7047391807731284 1.2121830117097316 -0.4895202993841752 
-0.7047391807731284 1.2121830117097316 -0.4895202993841752 
-0.7047391807731284 1.2121830117097316 -0.4895202993841752 
-0.7047473201985345 1.2122205011657228 -0.4895424485035005 
-0.7047473201985345 1.2122205011657228 -0.4895424485035005 
-0.7047473201985345 1.2122205011657228 -0.4895424485035005 
-0.7047435937541278 1.2122036810296128 -0.48953637072419043 
-0.7047492357545136 1.2122281291587969 -0.489533530102108 
-0.7047492357545136 1.2122281291587969 -0.489533530102108 
-0.7047492357545136 1.2122281291587969 -0.489533530102108 
-0.7047479463290026 1.2122228772401393 -0.48953814664683937 
-0.7047479463290026 1.2122228772401393 -0.48953814664683937 
-0.7047479463290026 1.2122228772401393 -0.48953814664683937 
-0.7047479463290026 1.2122228772401393 -0.48953814664683937 
-0.704744897120918 1.2122093406897514 -0.4895358547904822 
-0.704744897120918 1.2122093406897514 -0.4895358547904822 
-0.7047483559465697 1.2122240768431167 -0.4895311359563097 
-0.7047483559465697 1.2122240768431167 -0.4895311359563097 
-0.7047483559465697 1.2122240768431167 -0.4895311359563097 
-0.7047479463290026 1.2122228772401393 -0.48953814664683937 
-0.7047479463290026 1.2122228772401393 -0.48953814664683937 
-0.7047479463290026 1.2122228772401393 -0.48953814664683937 
-0.7047479463290026 1.2122228772401393 -0.48953814664683937 
-0.7047479463290026 1.2122228772401393 -0.48953814664683937 
-0.7047450857512609 1.2122097016782287 -0.48953036240230396 
-0.7047450857512609 1.2122097016782287 -0.48953036240230396 
-0.7047470665210586 1.2122188249244594 -0.4895357525010413 
-0.7047470665210586 1.2122188249244594 -0.4895357525010413 
-0.7047470665210586 1.2122188249244594 -0.4895357525010413 
-0.7047470665210586 1.2122188249244594 -0.4895357525010413 
-0.7047449438266646 1.2122102354025874 -0.48954401891545873 
-0.7047449438266646 1.2122102354025874 -0.48954401891545873 
-0.704744897120918 1.2122093406897514 -0.4895358547904822 
-0.704744897120918 1.2122093406897514 -0.4895358547904822 
-0.704744897120918 1.2122093406897514 -0.4895358547904822 
-0.704744897120918 1.2122093406897514 -0.4895358547904822 
-0.7047436217109017 1.2122041458571664 -0.4895404211553793 
-0.7047479463290026 1.2122228772401393 -0.48953814664683937 
-0.7047479463290026 1.2122228772401393 -0.48953814664683937 
-0.7047479463290026 1.2122228772401393 -0.48953814664683937 
-0.7047468314258701 1.2122173985681082 -0.48953105008287734 
-0.7047468314258701 1.2122173985681082 -0.48953105008287734 
-0.7047468314258701 1.2122173985681082 -0.48953105008287734 
-0.7047468314258701 1.2122173985681082 -0.48953105008287734 
-0.7047442059433168 1.2122056493625484 -0.48952796825650613 
-0.7047442059433168 1.2122056493625484 -0.48952796825650613 
-0.7047464591395632 1.2122168787353251 -0.48954416805149004 
-0.7047464591395632 1.2122168787353251 -0.48954416805149004 
-0.7047464591395632 1.2122168787353251 -0.48954416805149004 
-0.7047449438266646 1.2122102354025874 -0.48954401891545873 
-0.7047449438266646 1.2122102354025874 -0.48954401891545873 
-0.7047450857512609 1.2122097016782287 -0.48953036240230396 
-0.7047450857512609 1.2122097016782287 -0.48953036240230396 
-0.7047450857512609 1.2122097016782287 -0.48953036240230396 
-0.7047450857512609 1.2122097016782287 -0.48953036240230396 
-0.7047470665210583 1.2122188249244594 -0.489535752501041 
-0.7047470665210583 1.2122188249244594 -0.489535752501041 
-0.7047436731501264 1.2122054133692124 -0.48955274915397706 
-0.7047450857512609 1.2122097016782287 -0.48953036240230396 
-0.7047450857512609 1.2122097016782287 -0.48953036240230396 
-0.7047464078670238 1.2122157912236498 -0.48953396016238304 
-0.7047464078670238 1.2122157912236498 -0.48953396016238304 
-0.7047464078670238 1.2122157912236498 -0.48953396016238304 
-0.7047464078670238 1.2122157912236498 -0.48953396016238304 
-0.7047449158698907 1.2122097705750339 -0.48953996848426984 
-0.7047449158698907 1.2122097705750339 -0.48953996848426984 
-0.7047488121956675 1.2122265218143387 -0.48953644018161424 
-0.7047475088288775 1.2122208621542 -0.48953695611532244 
-0.7047475088288775 1.2122208621542 -0.48953695611532244 
-0.7047488261369467 1.2122269295558195 -0.4895405407926381 
-0.7047488261369467 1.2122269295558195 -0.4895405407926381 
-0.7047424927922742 1.212198610099062 -0.48953337477125136 
-0.7047424927922742 1.212198610099062 -0.48953337477125136 
-0.704742492792274 1.212198610099062 -0.48953337477125103 
-0.704742492792274 1.212198610099062 -0.48953337477125103 
-0.7047475088288775 1.2122208621542 -0.48953695611532244 
-0.7047475088288775 1.2122208621542 -0.48953695611532244 
-0.7047475088288775 1.2122208621542 -0.48953695611532244 
-0.7047475088288775 1.2122208621542 -0.48953695611532244 
-0.7047475088288775 1.2122208621542 -0.48953695611532244 
-0.7047475088288775 1.2122208621542 -0.48953695611532244 
-0.7047483698878487 1.2122244845845978 -0.48953523656733355 
-0.7047483698878487 1.2122244845845978 -0.48953523656733355 
-0.7047512444068695 1.2122380678879896 -0.48954712142289214 
-0.7047512444068695 1.2122380678879896 -0.48954712142289214 
-0.7047449158698907 1.2122097705750339 -0.48953996848426984 
-0.7047449158698907 1.2122097705750339 -0.48953996848426984 
-0.7047449158698907 1.2122097705750339 -0.48953996848426984 
-0.7047449158698907 1.2122097705750339 -0.48953996848426984 
-0.7047430722912115 1.2121997408052345 -0.48951675799875627 
-0.7047430722912115 1.2121997408052345 -0.48951675799875627 
-0.7047424927922742 1.212198610099062 -0.48953337477125136 
-0.7047424927922742 1.212198610099062 -0.48953337477125136 
-0.7047424927922742 1.212198610099062 -0.48953337477125136 
-0.7047450857512609 1.2122097016782287 -0.48953036240230396 
-0.7047442059433168 1.2122056493625484 -0.48952796825650613 
-0.7047442059433168 1.2122056493625484 -0.48952796825650613 
-0.7047442059433168 1.2122056493625484 -0.48952796825650613 
-0.7047444735620719 1.212207733345293 -0.48953876486998826 
-0.7047444735620719 1.212207733345293 -0.48953876486998826 
-0.7047444735620719 1.212207733345293 -0.48953876486998826 
-0.7047450857512609 1.2122097016782287 -0.48953036240230396 
-0.7047450857512609 1.2122097016782287 -0.48953036240230396 
-0.7047450857512609 1.2122097016782287 -0.48953036240230396 
-0.7047450857512609 1.2122097016782287 -0.48953036240230396 
-0.7047450857512607 1.2122097016782287 -0.48953036240230363 
-0.7047411102703866 1.2121910474442867 -0.4895154815938063 
-0.7047411102703866 1.2121910474442867 -0.4895154815938063 
-0.7047411102703866 1.2121910474442867 -0.4895154815938063 
-0.7047508020990506 1.2122360306582485 -0.48954591780861123 
-0.7047508020990506 1.2122360306582485 -0.48954591780861123 
-0.7047508020990506 1.2122360306582485 -0.48954591780861123 
-0.7047508020990506 1.2122360306582485 -0.48954591780861123 
-0.7047477764476325 1.2122229461369445 -0.489547752728805 
-0.7047477764476325 1.2122229461369445 -0.489547752728805 
-0.7047430583499322 1.2121993330637537 -0.48951265738773264 
-0.7047430583499322 1.2121993330637537 -0.48951265738773264 
-0.7047393645957775 1.2121833505544073 -0.48951479391323316 
-0.7047453394287368 1.2122113779194923 -0.48953705840476336 
-0.7047453394287368 1.2122113779194923 -0.48953705840476336 
-0.7047453394287368 1.2122113779194923 -0.48953705840476336 
-0.704741787673394 1.212194511030379 -0.4895213876262514 
-0.704741787673394 1.212194511030379 -0.4895213876262514 
-0.7047493149096112 1.2122300321534343 -0.48955193921326123 
-0.7047435937541278 1.2122036810296128 -0.48953637072419043 
-0.7047435937541278 1.2122036810296128 -0.48953637072419043 
-0.7047435937541278 1.2122036810296128 -0.48953637072419043 
-0.7047435937541278 1.2122036810296128 -0.48953637072419043 
-0.7047488261369467 1.2122269295558195 -0.4895405407926381 
-0.7047488261369467 1.2122269295558195 -0.4895405407926381 
-0.7047455232513862 1.212211716764168 -0.48953155293382156 
-0.7047455232513862 1.212211716764168 -0.48953155293382156 
-0.7047455232513862 1.212211716764168 -0.48953155293382156 
-0.7047488261369467 1.2122269295558195 -0.4895405407926381 
-0.7047488261369467 1.2122269295558195 -0.4895405407926381 
-0.7047449158698907 1.2122097705750339 -0.48953996848426984 
-0.7047449158698907 1.2122097705750339 -0.48953996848426984 
-0.7047449158698907 1.2122097705750339 -0.48953996848426984 
-0.7047449158698907 1.2122097705750339 -0.48953996848426984 
-0.7047470665210586 1.2122188249244594 -0.4895357525010413 
-0.7047470665210586 1.2122188249244594 -0.4895357525010413 
-0.7047497384684573 1.212231639497893 -0.489549029133755 
-0.7047497384684573 1.212231639497893 -0.489549029133755 
-0.7047497384684573 1.212231639497893 -0.489549029133755 
-0.7047497384684573 1.212231639497893 -0.489549029133755 
-0.7047492961606384 1.212229602268152 -0.4895478255194736 
-0.7047492961606384 1.212229602268152 -0.4895478255194736 
-0.7047512256578967 1.212237638002707 -0.489543007729105 
-0.70474607747877 1.2122161439599013 -0.48955522917320815 
-0.7047435424815885 1.2122025935179372 -0.489526162835084 
-0.7047435424815885 1.2122025935179372 -0.489526162835084 
-0.704744897120918 1.2122093406897514 -0.4895358547904822 
-0.704744897120918 1.2122093406897514 -0.4895358547904822 
-0.704744643443442 1.2122076644484878 -0.48952915878802283 
-0.704744643443442 1.2122076644484878 -0.48952915878802283 
-0.7047446434434418 1.2122076644484878 -0.4895291587880225 
-0.7047453394287368 1.2122113779194923 -0.48953705840476336 
-0.7047472549847161 1.2122190059125664 -0.4895281400033713 
-0.7047472549847161 1.2122190059125664 -0.4895281400033713 
-0.7047472549847161 1.2122190059125664 -0.4895281400033713 
-0.7047472549847161 1.2122190059125664 -0.4895281400033713 
-0.70474204135087 1.2121961872716425 -0.48952808362871125 
-0.70474204135087 1.2121961872716425 -0.48952808362871125 
-0.70474204135087 1.2121961872716425 -0.48952808362871125 
-0.7047454905611342 1.2122108791374047 -0.48952333862901054 
-0.7047454905611342 1.2122108791374047 -0.48952333862901054 
-0.7047454905611342 1.2122108791374047 -0.48952333862901054 
-0.7047429163511204 1.212200217443521 -0.4895304646917451 
-0.7047429163511204 1.212200217443521 -0.4895304646917451 
-0.7047488726017922 1.2122279949236934 -0.4895507355989799 
-0.7047488726017922 1.2122279949236934 -0.4895507355989799 
-0.7047488726017922 1.2122279949236934 -0.4895507355989799 
-0.7047508020990506 1.2122360306582485 -0.48954591780861123 
-0.7047407379840798 1.2121905276115037 -0.4895285995624188 
-0.704741787673394 1.212194511030379 -0.4895213876262514 
-0.704741787673394 1.212194511030379 -0.4895213876262514 
-0.7047474900799047 1.2122204322689176 -0.4895328424215353 
-0.7047474900799047 1.2122204322689176 -0.4895328424215353 
-0.7047474900799044 1.2122204322689176 -0.48953284242153494 
-0.7047455232513862 1.212211716764168 -0.48953155293382156 
-0.7047499222911064 1.2122319783425684 -0.4895435236628125 
-0.7047440360619467 1.2122057182593535 -0.4895375743384711 
-0.7047492357545136 1.2122281291587969 -0.489533530102108 
-0.7047460168317442 1.212214841505584 -0.4895429644372087 
-0.7047426487323654 1.2121981334607765 -0.48951966807826275 
-0.7047477625063533 1.2122225383954637 -0.4895436521177816 
-0.7047488261369467 1.2122269295558195 -0.4895405407926381 
-0.7047422112322401 1.212196118374837 -0.4895184775467454 
-0.7047426347910861 1.2121977257192953 -0.4895155674672391 
-0.7047494847909812 1.212229963256629 -0.4895423331312956 
-0.7047411615429259 1.2121921349559623 -0.4895256894829123 
-0.7047426487323654 1.2121981334607765 -0.48951966807826275 
-0.7047488261369467 1.2122269295558195 -0.4895405407926381 
-0.7047488261369467 1.2122269295558195 -0.4895405407926381 
-0.7047527689275692 1.2122447461629984 -0.4895472072963247 
-0.7047477625063531 1.2122225383954637 -0.4895436521177813 
-0.7047435424815885 1.2122025935179372 -0.489526162835084 
-0.7047488261369467 1.2122269295558195 -0.4895405407926381 
-0.7047411615429259 1.2121921349559623 -0.4895256894829123 
-0.7047411102703866 1.2121910474442867 -0.4895154815938063 
-0.7047415990430512 1.2121941500419013 -0.4895268800144301 
-0.7047510605842203 1.2122377290433137 -0.4895526268938344 
-0.7039540408771587 1.2126528095260278 -0.48953700456908544 
-0.7047406679625674 1.2121890102145458 -0.48951427797952485 
-0.7047483886368214 1.21222491446988 -0.4895393502611205 
-0.7047516867146885 1.2122401051177305 -0.4895483250371737 
-0.7047492961606384 1.212229602268152 -0.4895478255194736 
-0.7047503645989255 1.2122340155723095 -0.48954472727709386 
-0.7047479463290026 1.2122228772401393 -0.48953814664683937 
-0.7047453394287368 1.2122113779194923 -0.48953705840476336 
-0.7047457817365559 1.2122134151492332 -0.4895382620190445 
-0.7047440360619467 1.2122057182593535 -0.4895375743384711 
-0.7047444596207928 1.2122073256038122 -0.4895346642589653 
-0.7047473389475072 1.212220931051005 -0.48954656219728787 
-0.7047464078670238 1.2122157912236498 -0.48953396016238304 
-0.7047468826984093 1.2122184860797836 -0.48954125797198333 
-0.7047442059433168 1.2122056493625484 -0.48952796825650613 
-0.7047479463290026 1.2122228772401393 -0.48953814664683937 
-0.7047455232513862 1.212211716764168 -0.48953155293382156 
-0.70474204135087 1.2121961872716425 -0.48952808362871125 
-0.70474204135087 1.2121961872716425 -0.48952808362871125 
-0.7047483886368214 1.21222491446988 -0.4895393502611205 
-0.7047487934466946 1.212226091929056 -0.48953232648782696 
-0.7047431562540025 1.2122016659436734 -0.48953518019267284 
-0.7047439660404345 1.2122042008623957 -0.48952325275557795 
-0.7047483886368214 1.21222491446988 -0.4895393502611205 
-0.7047501947175553 1.2122340844691146 -0.4895543333590595 
-0.7047477764476325 1.2122229461369445 -0.489547752728805 
-0.7047501759685825 1.212233654583832 -0.4895502196652719 
-0.7047483886368214 1.21222491446988 -0.4895393502611205 
-0.7047403236330346 1.2121889552093164 -0.48953144637932655 
-0.7047411615429257 1.2121921349559623 -0.489525689482912 
-0.7047493149096112 1.2122300321534343 -0.48955193921326123 
-0.7047420552921491 1.2121965950131233 -0.489532184239734 
-0.7047488586605132 1.2122275871822121 -0.4895466349879567 
-0.7047439381578764 1.2122033853794338 -0.48951505153353136 
-0.704741787673394 1.212194511030379 -0.4895213876262514 
-0.7047499222911064 1.2122319783425684 -0.4895435236628125 
-0.7047488261369467 1.2122269295558195 -0.4895405407926381 
-0.704745965559205 1.2122137539939088 -0.4895327565481027 
-0.7047464822886433 1.212217321419077 -0.48954820539991495 
-0.7047446295021627 1.2122072567070068 -0.48952505817699954 
-0.7047468314258701 1.2122173985681082 -0.48953105008287734 
-0.7047482000064786 1.2122245534814031 -0.48954484264929854 
-0.7047411615429259 1.2121921349559623 -0.4895256894829123 
-0.7047518190981128 1.2122391764503602 -0.48953049156763284 
-0.7047460168317442 1.212214841505584 -0.4895429644372087 
-0.7047407192351071 1.2121900977262214 -0.4895244858686312 
-0.7047494847909812 1.212229963256629 -0.4895423331312956 
-0.7047459468102323 1.2122133241086264 -0.4895286428543153 
-0.7047450857512609 1.2122097016782287 -0.48953036240230396 
-0.7047455232513862 1.212211716764168 -0.48953155293382156 
-0.7047470665210586 1.2122188249244594 -0.4895357525010413 
-0.7047468826984093 1.2122184860797836 -0.48954125797198333 
-0.7047440967089725 1.2122070207136708 -0.489549839074471 
-0.7047508020990506 1.2122360306582485 -0.48954591780861123 
-0.704741175484205 1.212192542697443 -0.48952979009393593 
-0.7047403236330346 1.2121889552093164 -0.48953144637932655 
-0.7047415990430512 1.2121941500419013 -0.4895268800144301 
-0.7047507694087987 1.2122351930314852 -0.48953770350380044 
-0.7047488121956675 1.2122265218143387 -0.48953644018161424 
-0.7047424788509953 1.2121982023575817 -0.48952927416022773 
-0.7047457817365559 1.2122134151492332 -0.4895382620190445 
-0.704744643443442 1.2122076644484878 -0.48952915878802283 
-0.7047488261369467 1.2122269295558195 -0.4895405407926381 
-0.7047420552921491 1.2121965950131233 -0.489532184239734 
-0.7029951462827227 1.2131623982174797 -0.4895395666614175 
-0.7047439660404343 1.2122042008623957 -0.4895232527555776 
-0.7047406679625676 1.2121890102145458 -0.4895142779795252 
-0.7047484351016671 1.2122259798377542 -0.48954954506746273 
-0.7047435937541278 1.2122036810296128 -0.48953637072419043 
-0.7047479463290026 1.2122228772401393 -0.48953814664683937 
-0.7047488726017922 1.2122279949236934 -0.4895507355989799 
-0.7047464591395632 1.2122168787353251 -0.48954416805149004 
-0.7047450857512609 1.2122097016782287 -0.48953036240230396 
-0.7047473389475072 1.212220931051005 -0.48954656219728787 
-0.7047420552921491 1.2121965950131233 -0.489532184239734 
-0.7047507554675195 1.2122347852900042 -0.4895336028927768 
-0.7047415990430512 1.2121941500419013 -0.4895268800144301 
-0.7047436356521808 1.2122045535986472 -0.4895445217664025 
-0.7047457817365559 1.2122134151492332 -0.4895382620190445 
-0.7047501759685825 1.212233654583832 -0.4895502196652719 
-0.7047479463290026 1.2122228772401393 -0.48953814664683937 
-0.704741640941104 1.212195022610936 -0.4895350310566424 
-0.7047431562540025 1.2122016659436734 -0.48953518019267284 
-0.7047503645989255 1.2122340155723095 -0.48954472727709386 
-0.7047501759685825 1.212233654583832 -0.4895502196652719 
-0.7047439660404345 1.2122042008623957 -0.48952325275557795 
-0.7047440360619467 1.2122057182593535 -0.4895375743384711 
-0.7047450857512609 1.2122097016782287 -0.48953036240230396 
-0.7047436217109017 1.2122041458571664 -0.4895404211553793 
-0.7047396370222262 1.2121854566809533 -0.48952560360947994 
-0.7047468826984093 1.2122184860797836 -0.48954125797198333 
-0.704745509310107 1.2122113090226871 -0.4895274523227977 
-0.704745509310107 1.2122113090226871 -0.4895274523227977 
-0.704746407867024 1.2122157912236498 -0.4895339601623834 
-0.704744643443442 1.2122076644484878 -0.48952915878802283 
-0.7047396370222262 1.2121854566809533 -0.48952560360947994 
-0.7047402304624426 1.2121869951286066 -0.48951308744800826 
-0.7047482000064786 1.2122245534814031 -0.48954484264929854 
-0.7047479463290026 1.2122228772401393 -0.48953814664683937 
-0.7047492961606384 1.212229602268152 -0.4895478255194736 
-0.7047475088288775 1.2122208621542 -0.48953695611532244 
-0.7047472549847161 1.2122190059125664 -0.4895281400033713 
-0.7047487934466948 1.212226091929056 -0.4895323264878273 
-0.7047442059433168 1.2122056493625484 -0.48952796825650613 
-0.7047451789218532 1.2122116617589387 -0.4895487213336229 
-0.7029993754410733 1.2131827286926853 -0.4895611434723741 
-0.704745509310107 1.2122113090226871 -0.4895274523227977 
-0.7047427419029575 1.212200093541486 -0.48953802700958127 
-0.7047507554675195 1.2122347852900042 -0.4895336028927768 
-0.7047420784412292 1.2121970376968747 -0.4895362215881591 
-0.7047488121956675 1.2122265218143387 -0.48953644018161424 
-0.7047479136387507 1.212222039613376 -0.4895299323420288 
-0.704746407867024 1.2122157912236498 -0.4895339601623834 
-0.704745197670826 1.2122120916442212 -0.48955283502740987 
-0.7047459468102323 1.2122133241086264 -0.4895286428543153 
-0.7047450857512609 1.2122097016782287 -0.48953036240230396 
-0.7047470665210586 1.2122188249244594 -0.4895357525010413 
-0.7047470665210586 1.2122188249244594 -0.4895357525010413 
-0.7047477625063531 1.2122225383954637 -0.4895436521177813 
-0.7047477625063533 1.2122225383954637 -0.4895436521177816 
-0.7047435798128486 1.212203273288132 -0.4895322701131666 
-0.70474204135087 1.2121961872716425 -0.48952808362871125 
-0.7047389270956521 1.212181335468468 -0.4895136033817157 
-0.7047499222911064 1.2122319783425684 -0.4895435236628125 
-0.7029932399345449 1.2131548051666765 -0.4895484218002113 
-0.7047449438266646 1.2122102354025874 -0.48954401891545873 
-0.7047457817365559 1.2122134151492332 -0.4895382620190445 
-0.7047470665210586 1.2122188249244594 -0.4895357525010413 
-0.7047475088288775 1.2122208621542 -0.48953695611532244 
-0.7047456024806992 1.2122132691033969 -0.48954581125411667 
-0.7047459328689532 1.2122129163671453 -0.48952454224329167 
-0.7047459328689532 1.2122129163671453 -0.48952454224329167 
-0.7047444735620719 1.212207733345293 -0.48953876486998826 
-0.7047464078670238 1.2122157912236498 -0.48953396016238304 
-0.704746501037616 1.2122177513043595 -0.48955231909370167 
-0.704746389118051 1.212215361338367 -0.489529846468596 
-0.7044878258404724 1.212347248261523 -0.4895398891375724 
-0.7047521102735345 1.2122417124621887 -0.48954541495766724 
-0.7047511929676448 1.2122368003759436 -0.4895347934242942 
-0.7047479463290026 1.2122228772401393 -0.48953814664683937 
-0.7047407798821328 1.2121914001805383 -0.4895367506046313 
-0.7047501947175553 1.2122340844691146 -0.4895543333590595 
-0.7047464403905904 1.2122164488500429 -0.4895400543577024 
-0.7047429163511204 1.212200217443521 -0.4895304646917451 
-0.7047482000064786 1.2122245534814031 -0.48954484264929854 
-0.7047487934466948 1.212226091929056 -0.4895323264878273 
-0.7047465149788953 1.2122181590458405 -0.4895564197047253 
-0.7047488261369467 1.2122269295558195 -0.4895405407926381 
-0.7047426674813381 1.2121985633460588 -0.48952378177205014 
-0.704751719238255 1.2122407627441234 -0.4895544192324921 
-0.7047407192351071 1.2121900977262214 -0.4895244858686312 
-0.7047412034409788 1.2121930075249965 -0.4895338405251253 
-0.7047464591395632 1.2122168787353251 -0.48954416805149004 
-0.7047440173129739 1.2122052883740715 -0.48953346064468417 
-0.7047430722912115 1.2121997408052345 -0.48951675799875627 
-0.7047488726017922 1.2122279949236934 -0.4895507355989799 
-0.7047435937541278 1.2122036810296128 -0.48953637072419043 
-0.7047483886368214 1.21222491446988 -0.4895393502611205 
-0.704744643443442 1.2122076644484878 -0.48952915878802283 
-0.7047489633280649 1.2122260230322508 -0.48952272040586187 
-0.7047479463290026 1.2122228772401393 -0.48953814664683937 
-0.7047473201985345 1.2122205011657228 -0.4895424485035005 
-0.7047453394287368 1.2122113779194923 -0.48953705840476336 
-0.7029931655129253 1.2131532749712493 -0.4895341765626797 
-0.7047442059433168 1.2122056493625484 -0.48952796825650613 
-0.7047512444068695 1.2122380678879896 -0.48954712142289214 
-0.7047501947175553 1.2122340844691146 -0.4895543333590595 
-0.7047435937541278 1.2122036810296128 -0.48953637072419043 
-0.7047468966396884 1.2122188938212644 -0.48954535858300674 
-0.7047406867115404 1.2121894400998283 -0.48951839167331235 
-0.7047406867115404 1.2121894400998283 -0.48951839167331235 
-0.7047492961606382 1.212229602268152 -0.4895478255194733 
-0.7047422251735193 1.2121965261163181 -0.4895225781577688 
-0.704746407867024 1.2122157912236498 -0.4895339601623834 
-0.704741640941104 1.212195022610936 -0.4895350310566424 
-0.7047420552921491 1.2121965950131233 -0.489532184239734 
-0.7047472362357432 1.212218576027284 -0.4895240263095839 
