-0.5947483559465695 1.212224076843117 -0.48953113595631015 
-0.5947483559465695 1.212224076843117 -0.48953113595631015 
-0.5947457817365556 1.2122134151492332 -0.48953826201904427 
-0.5947457817365556 1.2122134151492332 -0.48953826201904427 
-0.5947457817365556 1.2122134151492332 -0.48953826201904427 
-0.5947427558442365 1.2122005012829673 -0.48954212762060423 
-0.5947427558442365 1.2122005012829673 -0.48954212762060423 
-0.5947427558442365 1.2122005012829673 -0.48954212762060423 
-0.5947450857512606 1.212209701678229 -0.4895303624023042 
-0.5947402444037215 1.2121874028700874 -0.4895171880590312 
-0.5947402444037215 1.2121874028700874 -0.4895171880590312 
-0.5947402444037215 1.2121874028700874 -0.4895171880590312 
-0.5947402444037215 1.2121874028700874 -0.4895171880590312 
-0.5947435424815883 1.2122025935179375 -0.48952616283508377 
-0.5947435424815883 1.2122025935179375 -0.48952616283508377 
-0.594742478850995 1.2121982023575817 -0.48952927416022773 
-0.5947424788509947 1.2121982023575817 -0.4895292741602274 
-0.5947424788509947 1.2121982023575817 -0.4895292741602274 
-0.5947506182764012 1.2122356918135728 -0.48955142327955303 
-0.5947506182764012 1.2122356918135728 -0.48955142327955303 
-0.5947426674813379 1.2121985633460588 -0.4895237817720497 
-0.5947426674813379 1.2121985633460588 -0.4895237817720497 
-0.5947426674813376 1.2121985633460588 -0.48952378177204936 
-0.5947479463290025 1.2122228772401396 -0.4895381466468396 
-0.5947479463290025 1.2122228772401396 -0.4895381466468396 
-0.5947391807731282 1.2121830117097316 -0.4895202993841754 
-0.5947391807731282 1.2121830117097316 -0.4895202993841754 
-0.5947391807731282 1.2121830117097316 -0.4895202993841754 
-0.5947391807731282 1.2121830117097316 -0.4895202993841754 
-0.5947391807731282 1.2121830117097316 -0.4895202993841754 
-0.5947473201985344 1.212220501165723 -0.4895424485035005 
-0.5947473201985344 1.212220501165723 -0.4895424485035005 
-0.5947473201985344 1.212220501165723 -0.4895424485035005 
-0.5947435937541277 1.212203681029613 -0.4895363707241902 
-0.5947492357545135 1.212228129158797 -0.4895335301021084 
-0.5947492357545135 1.212228129158797 -0.4895335301021084 
-0.5947492357545135 1.212228129158797 -0.4895335301021084 
-0.5947479463290025 1.2122228772401396 -0.4895381466468396 
-0.5947479463290025 1.2122228772401396 -0.4895381466468396 
-0.5947479463290025 1.2122228772401396 -0.4895381466468396 
-0.5947479463290025 1.2122228772401396 -0.4895381466468396 
-0.5947448971209178 1.2122093406897514 -0.4895358547904822 
-0.5947448971209178 1.2122093406897514 -0.4895358547904822 
-0.5947483559465695 1.212224076843117 -0.48953113595631015 
-0.5947483559465695 1.212224076843117 -0.48953113595631015 
-0.5947483559465695 1.212224076843117 -0.48953113595631015 
-0.5947479463290025 1.2122228772401396 -0.4895381466468396 
-0.5947479463290025 1.2122228772401396 -0.4895381466468396 
-0.5947479463290025 1.2122228772401396 -0.4895381466468396 
-0.5947479463290025 1.2122228772401396 -0.4895381466468396 
-0.5947479463290025 1.2122228772401396 -0.4895381466468396 
-0.5947450857512606 1.212209701678229 -0.4895303624023042 
-0.5947450857512606 1.212209701678229 -0.4895303624023042 
-0.5947470665210584 1.2122188249244592 -0.48953575250104087 
-0.5947470665210584 1.2122188249244592 -0.48953575250104087 
-0.5947470665210584 1.2122188249244592 -0.48953575250104087 
-0.5947470665210584 1.2122188249244592 -0.48953575250104087 
-0.5947449438266643 1.2122102354025872 -0.4895440189154585 
-0.5947449438266643 1.2122102354025872 -0.4895440189154585 
-0.5947448971209178 1.2122093406897514 -0.4895358547904822 
-0.5947448971209178 1.2122093406897514 -0.4895358547904822 
-0.5947448971209178 1.2122093406897514 -0.4895358547904822 
-0.5947448971209178 1.2122093406897514 -0.4895358547904822 
-0.5947436217109013 1.2122041458571664 -0.48954042115538 
-0.5947479463290025 1.2122228772401396 -0.4895381466468396 
-0.5947479463290025 1.2122228772401396 -0.4895381466468396 
-0.5947479463290025 1.2122228772401396 -0.4895381466468396 
-0.5947468314258697 1.2122173985681082 -0.48953105008287756 
-0.5947468314258697 1.2122173985681082 -0.48953105008287756 
-0.5947468314258697 1.2122173985681082 -0.48953105008287756 
-0.5947468314258697 1.2122173985681082 -0.48953105008287756 
-0.5947442059433168 1.2122056493625488 -0.48952796825650546 
-0.5947442059433168 1.2122056493625488 -0.48952796825650546 
-0.594746459139563 1.2122168787353254 -0.48954416805149004 
-0.594746459139563 1.2122168787353254 -0.48954416805149004 
-0.594746459139563 1.2122168787353254 -0.48954416805149004 
-0.5947449438266643 1.2122102354025872 -0.4895440189154585 
-0.5947449438266643 1.2122102354025872 -0.4895440189154585 
-0.5947450857512606 1.212209701678229 -0.4895303624023042 
-0.5947450857512606 1.212209701678229 -0.4895303624023042 
-0.5947450857512606 1.212209701678229 -0.4895303624023042 
-0.5947450857512606 1.212209701678229 -0.4895303624023042 
-0.5947470665210581 1.2122188249244592 -0.48953575250104053 
-0.5947470665210581 1.2122188249244592 -0.48953575250104053 
-0.594743673150126 1.2122054133692122 -0.48955274915397706 
-0.5947450857512606 1.212209701678229 -0.4895303624023042 
-0.5947450857512606 1.212209701678229 -0.4895303624023042 
-0.5947464078670235 1.2122157912236498 -0.48953396016238326 
-0.5947464078670235 1.2122157912236498 -0.48953396016238326 
-0.5947464078670235 1.2122157912236498 -0.48953396016238326 
-0.5947464078670235 1.2122157912236498 -0.48953396016238326 
-0.5947449158698906 1.2122097705750339 -0.4895399684842696 
-0.5947449158698906 1.2122097705750339 -0.4895399684842696 
-0.5947488121956674 1.2122265218143384 -0.4895364401816147 
-0.5947475088288772 1.2122208621542 -0.4895369561153222 
-0.5947475088288772 1.2122208621542 -0.4895369561153222 
-0.5947488261369465 1.2122269295558197 -0.48954054079263765 
-0.5947488261369465 1.2122269295558197 -0.48954054079263765 
-0.5947424927922742 1.2121986100990625 -0.4895333747712516 
-0.5947424927922742 1.2121986100990625 -0.4895333747712516 
-0.594742492792274 1.2121986100990625 -0.48953337477125125 
-0.594742492792274 1.2121986100990625 -0.48953337477125125 
-0.5947475088288772 1.2122208621542 -0.4895369561153222 
-0.5947475088288772 1.2122208621542 -0.4895369561153222 
-0.5947475088288772 1.2122208621542 -0.4895369561153222 
-0.5947475088288772 1.2122208621542 -0.4895369561153222 
-0.5947475088288772 1.2122208621542 -0.4895369561153222 
-0.5947475088288772 1.2122208621542 -0.4895369561153222 
-0.5947483698878485 1.2122244845845978 -0.48953523656733333 
-0.5947483698878485 1.2122244845845978 -0.48953523656733333 
-0.5947512444068693 1.2122380678879896 -0.4895471214228919 
-0.5947512444068693 1.2122380678879896 -0.4895471214228919 
-0.5947449158698906 1.2122097705750339 -0.4895399684842696 
-0.5947449158698906 1.2122097705750339 -0.4895399684842696 
-0.5947449158698906 1.2122097705750339 -0.4895399684842696 
-0.5947449158698906 1.2122097705750339 -0.4895399684842696 
-0.5947430722912112 1.2121997408052347 -0.48951675799875605 
-0.5947430722912112 1.2121997408052347 -0.48951675799875605 
-0.5947424927922742 1.2121986100990625 -0.4895333747712516 
-0.5947424927922742 1.2121986100990625 -0.4895333747712516 
-0.5947424927922742 1.2121986100990625 -0.4895333747712516 
-0.5947450857512606 1.212209701678229 -0.4895303624023042 
-0.5947442059433168 1.2122056493625488 -0.48952796825650546 
-0.5947442059433168 1.2122056493625488 -0.48952796825650546 
-0.5947442059433168 1.2122056493625488 -0.48952796825650546 
-0.5947444735620717 1.2122077333452932 -0.4895387648699885 
-0.5947444735620717 1.2122077333452932 -0.4895387648699885 
-0.5947444735620717 1.2122077333452932 -0.4895387648699885 
-0.5947450857512606 1.212209701678229 -0.4895303624023042 
-0.5947450857512606 1.212209701678229 -0.4895303624023042 
-0.5947450857512606 1.212209701678229 -0.4895303624023042 
-0.5947450857512606 1.212209701678229 -0.4895303624023042 
-0.5947450857512604 1.212209701678229 -0.48953036240230385 
-0.5947411102703863 1.2121910474442867 -0.4895154815938063 
-0.5947411102703863 1.2121910474442867 -0.4895154815938063 
-0.5947411102703863 1.2121910474442867 -0.4895154815938063 
-0.5947508020990504 1.2122360306582487 -0.489545917808611 
-0.5947508020990504 1.2122360306582487 -0.489545917808611 
-0.5947508020990504 1.2122360306582487 -0.489545917808611 
-0.5947508020990504 1.2122360306582487 -0.489545917808611 
-0.5947477764476323 1.2122229461369447 -0.489547752728805 
-0.5947477764476323 1.2122229461369447 -0.489547752728805 
-0.594743058349932 1.2121993330637537 -0.48951265738773286 
-0.594743058349932 1.2121993330637537 -0.48951265738773286 
-0.5947393645957774 1.2121833505544075 -0.4895147939132334 
-0.5947453394287366 1.2122113779194923 -0.48953705840476336 
-0.5947453394287366 1.2122113779194923 -0.48953705840476336 
-0.5947453394287366 1.2122113779194923 -0.48953705840476336 
-0.5947417876733938 1.2121945110303787 -0.4895213876262514 
-0.5947417876733938 1.2121945110303787 -0.4895213876262514 
-0.594749314909611 1.2122300321534343 -0.489551939213261 
-0.5947435937541277 1.212203681029613 -0.4895363707241902 
-0.5947435937541277 1.212203681029613 -0.4895363707241902 
-0.5947435937541277 1.212203681029613 -0.4895363707241902 
-0.5947435937541277 1.212203681029613 -0.4895363707241902 
-0.5947488261369465 1.2122269295558197 -0.48954054079263765 
-0.5947488261369465 1.2122269295558197 -0.48954054079263765 
-0.594745523251386 1.2122117167641682 -0.4895315529338211 
-0.594745523251386 1.2122117167641682 -0.4895315529338211 
-0.594745523251386 1.2122117167641682 -0.4895315529338211 
-0.5947488261369465 1.2122269295558197 -0.48954054079263765 
-0.5947488261369465 1.2122269295558197 -0.48954054079263765 
-0.5947449158698906 1.2122097705750339 -0.4895399684842696 
-0.5947449158698906 1.2122097705750339 -0.4895399684842696 
-0.5947449158698906 1.2122097705750339 -0.4895399684842696 
-0.5947449158698906 1.2122097705750339 -0.4895399684842696 
-0.5947470665210584 1.2122188249244592 -0.48953575250104087 
-0.5947470665210584 1.2122188249244592 -0.48953575250104087 
-0.5947497384684571 1.212231639497893 -0.48954902913375453 
-0.5947497384684571 1.212231639497893 -0.48954902913375453 
-0.5947497384684571 1.212231639497893 -0.48954902913375453 
-0.5947497384684571 1.212231639497893 -0.48954902913375453 
-0.5947492961606382 1.212229602268152 -0.4895478255194736 
-0.5947492961606382 1.212229602268152 -0.4895478255194736 
-0.5947512256578965 1.212237638002707 -0.48954300772910453 
-0.5947460774787698 1.2122161439599013 -0.4895552291732077 
-0.5947435424815883 1.2122025935179375 -0.48952616283508377 
-0.5947435424815883 1.2122025935179375 -0.48952616283508377 
-0.5947448971209178 1.2122093406897514 -0.4895358547904822 
-0.5947448971209178 1.2122093406897514 -0.4895358547904822 
-0.5947446434434418 1.212207664448488 -0.48952915878802306 
-0.5947446434434418 1.212207664448488 -0.48952915878802306 
-0.5947446434434416 1.212207664448488 -0.4895291587880227 
-0.5947453394287366 1.2122113779194923 -0.48953705840476336 
-0.5947472549847158 1.2122190059125661 -0.48952814000337086 
-0.5947472549847158 1.2122190059125661 -0.48952814000337086 
-0.5947472549847158 1.2122190059125661 -0.48952814000337086 
-0.5947472549847158 1.2122190059125661 -0.48952814000337086 
-0.5947420413508698 1.2121961872716425 -0.4895280836287106 
-0.5947420413508698 1.2121961872716425 -0.4895280836287106 
-0.5947420413508698 1.2121961872716425 -0.4895280836287106 
-0.5947454905611341 1.2122108791374047 -0.48952333862901076 
-0.5947454905611341 1.2122108791374047 -0.48952333862901076 
-0.5947454905611341 1.2122108791374047 -0.48952333862901076 
-0.5947429163511203 1.212200217443521 -0.4895304646917451 
-0.5947429163511203 1.212200217443521 -0.4895304646917451 
-0.5947488726017921 1.2122279949236934 -0.48955073559897966 
-0.5947488726017921 1.2122279949236934 -0.48955073559897966 
-0.5947488726017921 1.2122279949236934 -0.48955073559897966 
-0.5947508020990504 1.2122360306582487 -0.489545917808611 
-0.5947407379840796 1.2121905276115037 -0.48952859956241945 
-0.5947417876733938 1.2121945110303787 -0.4895213876262514 
-0.5947417876733938 1.2121945110303787 -0.4895213876262514 
-0.5947474900799044 1.2122204322689174 -0.48953284242153505 
-0.5947474900799044 1.2122204322689174 -0.48953284242153505 
-0.5947474900799041 1.2122204322689174 -0.4895328424215347 
-0.594745523251386 1.2122117167641682 -0.4895315529338211 
-0.5947499222911063 1.2122319783425686 -0.48954352366281273 
-0.5947440360619465 1.212205718259354 -0.48953757433847134 
-0.5947492357545135 1.212228129158797 -0.4895335301021084 
-0.594746016831744 1.212214841505584 -0.4895429644372089 
-0.5947426487323652 1.2121981334607765 -0.48951966807826275 
-0.5947477625063533 1.212222538395464 -0.48954365211778184 
-0.5947488261369465 1.2122269295558197 -0.48954054079263765 
-0.5947422112322399 1.2121961183748373 -0.48951847754674516 
-0.594742634791086 1.2121977257192955 -0.4895155674672391 
-0.5947494847909811 1.2122299632566294 -0.48954233313129536 
-0.5947411615429257 1.2121921349559623 -0.48952568948291253 
-0.5947426487323652 1.2121981334607765 -0.48951966807826275 
-0.5947488261369465 1.2122269295558197 -0.48954054079263765 
-0.5947488261369465 1.2122269295558197 -0.48954054079263765 
-0.594752768927569 1.2122447461629984 -0.4895472072963247 
-0.5947477625063531 1.212222538395464 -0.4895436521177815 
-0.5947435424815883 1.2122025935179375 -0.48952616283508377 
-0.5947488261369465 1.2122269295558197 -0.48954054079263765 
-0.5947411615429257 1.2121921349559623 -0.48952568948291253 
-0.5947411102703863 1.2121910474442867 -0.4895154815938063 
-0.5947415990430509 1.2121941500419016 -0.48952688001442946 
-0.5947510605842201 1.2122377290433137 -0.48955262689383416 
-0.5939540408771586 1.2126528095260278 -0.48953700456908567 
-0.5947406679625674 1.2121890102145458 -0.48951427797952485 
-0.5947483886368213 1.2122249144698802 -0.4895393502611205 
-0.5947516867146883 1.2122401051177303 -0.48954832503717305 
-0.5947492961606382 1.212229602268152 -0.4895478255194736 
-0.5947503645989252 1.2122340155723093 -0.48954472727709364 
-0.5947479463290025 1.2122228772401396 -0.4895381466468396 
-0.5947453394287366 1.2122113779194923 -0.48953705840476336 
-0.5947457817365556 1.2122134151492332 -0.48953826201904427 
-0.5947440360619465 1.212205718259354 -0.48953757433847134 
-0.5947444596207926 1.2122073256038122 -0.48953466425896464 
-0.5947473389475071 1.2122209310510055 -0.48954656219728787 
-0.5947464078670235 1.2122157912236498 -0.48953396016238326 
-0.5947468826984093 1.2122184860797838 -0.4895412579719831 
-0.5947442059433168 1.2122056493625488 -0.48952796825650546 
-0.5947479463290025 1.2122228772401396 -0.4895381466468396 
-0.594745523251386 1.2122117167641682 -0.4895315529338211 
-0.5947420413508698 1.2121961872716425 -0.4895280836287106 
-0.5947420413508698 1.2121961872716425 -0.4895280836287106 
-0.5947483886368213 1.2122249144698802 -0.4895393502611205 
-0.5947487934466944 1.2122260919290562 -0.4895323264878265 
-0.5947431562540025 1.2122016659436738 -0.48953518019267306 
-0.5947439660404343 1.2122042008623957 -0.4895232527555782 
-0.5947483886368213 1.2122249144698802 -0.4895393502611205 
-0.594750194717555 1.2122340844691144 -0.48955433335905973 
-0.5947477764476323 1.2122229461369447 -0.489547752728805 
-0.5947501759685823 1.2122336545838321 -0.4895502196652721 
-0.5947483886368213 1.2122249144698802 -0.4895393502611205 
-0.5947403236330344 1.2121889552093164 -0.489531446379327 
-0.5947411615429254 1.2121921349559623 -0.4895256894829122 
-0.594749314909611 1.2122300321534343 -0.489551939213261 
-0.5947420552921489 1.2121965950131233 -0.48953218423973466 
-0.594748858660513 1.2122275871822126 -0.4895466349879567 
-0.5947439381578763 1.212203385379434 -0.48951505153353136 
-0.5947417876733938 1.2121945110303787 -0.4895213876262514 
-0.5947499222911063 1.2122319783425686 -0.48954352366281273 
-0.5947488261369465 1.2122269295558197 -0.48954054079263765 
-0.5947459655592049 1.212213753993909 -0.489532756548102 
-0.5947464822886431 1.212217321419077 -0.48954820539991495 
-0.5947446295021626 1.212207256707007 -0.48952505817699865 
-0.5947468314258697 1.2122173985681082 -0.48953105008287756 
-0.5947482000064784 1.2122245534814031 -0.489544842649299 
-0.5947411615429257 1.2121921349559623 -0.48952568948291253 
-0.5947518190981127 1.2122391764503602 -0.4895304915676333 
-0.594746016831744 1.212214841505584 -0.4895429644372089 
-0.594740719235107 1.2121900977262217 -0.4895244858686312 
-0.5947494847909811 1.2122299632566294 -0.48954233313129536 
-0.5947459468102321 1.2122133241086264 -0.48952864285431485 
-0.5947449158698906 1.2122097705750339 -0.4895399684842696 
-0.594745523251386 1.2122117167641682 -0.4895315529338211 
-0.5947470665210584 1.2122188249244592 -0.48953575250104087 
-0.5947468826984093 1.2122184860797838 -0.4895412579719831 
-0.5947440967089722 1.2122070207136708 -0.489549839074471 
-0.5947508020990504 1.2122360306582487 -0.489545917808611 
-0.5947411754842048 1.212192542697443 -0.48952979009393593 
-0.5947403236330344 1.2121889552093164 -0.489531446379327 
-0.5947415990430509 1.2121941500419016 -0.48952688001442946 
-0.5947507694087986 1.2122351930314852 -0.48953770350380066 
-0.5947488121956674 1.2122265218143384 -0.4895364401816147 
-0.594742478850995 1.2121982023575817 -0.48952927416022773 
-0.5947457817365556 1.2122134151492332 -0.48953826201904427 
-0.5947446434434418 1.212207664448488 -0.48952915878802306 
-0.5947488261369465 1.2122269295558197 -0.48954054079263765 
-0.5947420552921489 1.2121965950131233 -0.48953218423973466 
-0.5929951462827225 1.2131623982174797 -0.48953956666141707 
-0.5947439660404341 1.2122042008623957 -0.48952325275557784 
-0.5947406679625676 1.2121890102145458 -0.4895142779795252 
-0.5947484351016669 1.2122259798377542 -0.4895495450674632 
-0.5947435937541277 1.212203681029613 -0.4895363707241902 
-0.5947479463290025 1.2122228772401396 -0.4895381466468396 
-0.5947488726017921 1.2122279949236934 -0.48955073559897966 
-0.594746459139563 1.2122168787353254 -0.48954416805149004 
-0.5947450857512606 1.212209701678229 -0.4895303624023042 
-0.5947473389475071 1.2122209310510055 -0.48954656219728787 
-0.5947420552921489 1.2121965950131233 -0.48953218423973466 
-0.5947507554675193 1.2122347852900042 -0.4895336028927768 
-0.5947415990430509 1.2121941500419016 -0.48952688001442946 
-0.5947436356521806 1.2122045535986474 -0.4895445217664023 
-0.5947457817365556 1.2122134151492332 -0.48953826201904427 
-0.5947501759685823 1.2122336545838321 -0.4895502196652721 
-0.5947479463290025 1.2122228772401396 -0.4895381466468396 
-0.5947416409411037 1.2121950226109357 -0.4895350310566424 
-0.5947431562540025 1.2122016659436738 -0.48953518019267306 
-0.5947503645989252 1.2122340155723093 -0.48954472727709364 
-0.5947501759685823 1.2122336545838321 -0.4895502196652721 
-0.5947439660404343 1.2122042008623957 -0.4895232527555782 
-0.5947440360619465 1.212205718259354 -0.48953757433847134 
-0.5947450857512606 1.212209701678229 -0.4895303624023042 
-0.5947436217109013 1.2122041458571664 -0.48954042115538 
-0.5947396370222261 1.2121854566809536 -0.48952560360947994 
-0.5947468826984093 1.2122184860797838 -0.4895412579719831 
-0.5947455093101068 1.2122113090226871 -0.4895274523227977 
-0.5947455093101068 1.2122113090226871 -0.4895274523227977 
-0.5947464078670237 1.2122157912236498 -0.4895339601623836 
-0.5947446434434418 1.212207664448488 -0.48952915878802306 
-0.5947396370222261 1.2121854566809536 -0.48952560360947994 
-0.5947402304624423 1.2121869951286066 -0.48951308744800826 
-0.5947482000064784 1.2122245534814031 -0.489544842649299 
-0.5947479463290025 1.2122228772401396 -0.4895381466468396 
-0.5947492961606382 1.212229602268152 -0.4895478255194736 
-0.5947475088288772 1.2122208621542 -0.4895369561153222 
-0.5947472549847158 1.2122190059125661 -0.48952814000337086 
-0.5947487934466946 1.2122260919290562 -0.48953232648782685 
-0.5947442059433168 1.2122056493625488 -0.48952796825650546 
-0.594745178921853 1.2122116617589385 -0.4895487213336225 
-0.5929993754410732 1.2131827286926853 -0.4895611434723741 
-0.5947455093101068 1.2122113090226871 -0.4895274523227977 
-0.5947427419029574 1.2122000935414865 -0.4895380270095806 
-0.5947507554675193 1.2122347852900042 -0.4895336028927768 
-0.5947420784412291 1.212197037696875 -0.48953622158815957 
-0.5947488121956674 1.2122265218143384 -0.4895364401816147 
-0.5947479136387506 1.2122220396133758 -0.489529932342029 
-0.5947464078670237 1.2122157912236498 -0.4895339601623836 
-0.5947451976708258 1.2122120916442214 -0.4895528350274101 
-0.5947459468102321 1.2122133241086264 -0.48952864285431485 
-0.5947450857512606 1.212209701678229 -0.4895303624023042 
-0.5947470665210584 1.2122188249244592 -0.48953575250104087 
-0.5947470665210584 1.2122188249244592 -0.48953575250104087 
-0.5947477625063531 1.212222538395464 -0.4895436521177815 
-0.5947477625063533 1.212222538395464 -0.48954365211778184 
-0.5947435798128486 1.2122032732881323 -0.48953227011316636 
-0.5947420413508698 1.2121961872716425 -0.4895280836287106 
-0.5947389270956519 1.212181335468468 -0.48951360338171546 
-0.5947499222911063 1.2122319783425686 -0.48954352366281273 
-0.5929932399345447 1.2131548051666765 -0.4895484218002113 
-0.5947449438266643 1.2122102354025872 -0.4895440189154585 
-0.5947457817365556 1.2122134151492332 -0.48953826201904427 
-0.5947470665210584 1.2122188249244592 -0.48953575250104087 
-0.5947475088288772 1.2122208621542 -0.4895369561153222 
-0.594745602480699 1.2122132691033967 -0.48954581125411667 
-0.5947459328689528 1.2122129163671456 -0.4895245422432919 
-0.5947459328689528 1.2122129163671456 -0.4895245422432919 
-0.5947444735620717 1.2122077333452932 -0.4895387648699885 
-0.5947464078670235 1.2122157912236498 -0.48953396016238326 
-0.594746501037616 1.2122177513043595 -0.48955231909370145 
-0.5947463891180509 1.212215361338367 -0.4895298464685962 
-0.5944878258404722 1.2123472482615234 -0.4895398891375726 
-0.5947521102735343 1.2122417124621887 -0.489545414957667 
-0.5947511929676446 1.2122368003759434 -0.4895347934242942 
-0.5947479463290025 1.2122228772401396 -0.4895381466468396 
-0.5947407798821325 1.2121914001805383 -0.48953675060463087 
-0.594750194717555 1.2122340844691144 -0.48955433335905973 
-0.5947464403905902 1.2122164488500426 -0.489540054357702 
-0.5947429163511203 1.212200217443521 -0.4895304646917451 
-0.5947482000064784 1.2122245534814031 -0.489544842649299 
-0.5947487934466946 1.2122260919290562 -0.48953232648782685 
-0.5947465149788951 1.2122181590458405 -0.4895564197047253 
-0.5947488261369465 1.2122269295558197 -0.48954054079263765 
-0.5947426674813379 1.2121985633460588 -0.4895237817720497 
-0.5947517192382548 1.2122407627441236 -0.4895544192324921 
-0.594740719235107 1.2121900977262217 -0.4895244858686312 
-0.5947412034409786 1.2121930075249965 -0.48953384052512483 
-0.594746459139563 1.2122168787353254 -0.48954416805149004 
-0.5947440173129739 1.2122052883740715 -0.48953346064468417 
-0.5947430722912112 1.2121997408052347 -0.48951675799875605 
-0.5947488726017921 1.2122279949236934 -0.48955073559897966 
-0.5947435937541277 1.212203681029613 -0.4895363707241902 
-0.5947483886368213 1.2122249144698802 -0.4895393502611205 
-0.5947446434434418 1.212207664448488 -0.48952915878802306 
-0.5947489633280647 1.2122260230322508 -0.48952272040586164 
-0.5947479463290025 1.2122228772401396 -0.4895381466468396 
-0.5947473201985344 1.212220501165723 -0.4895424485035005 
-0.5947453394287366 1.2122113779194923 -0.48953705840476336 
-0.5929931655129252 1.2131532749712493 -0.48953417656267995 
-0.5947442059433168 1.2122056493625488 -0.48952796825650546 
-0.5947512444068693 1.2122380678879896 -0.4895471214228919 
-0.594750194717555 1.2122340844691144 -0.48955433335905973 
-0.5947435937541277 1.212203681029613 -0.4895363707241902 
-0.5947468966396883 1.2122188938212644 -0.48954535858300674 
-0.5947406867115403 1.2121894400998283 -0.48951839167331257 
-0.5947406867115403 1.2121894400998283 -0.48951839167331257 
-0.594749296160638 1.212229602268152 -0.4895478255194733 
-0.594742225173519 1.212196526116318 -0.489522578157769 
-0.5947464078670237 1.2122157912236498 -0.4895339601623836 
-0.5947416409411037 1.2121950226109357 -0.4895350310566424 
-0.5947420552921489 1.2121965950131233 -0.48953218423973466 
-0.5947472362357431 1.2122185760272841 -0.48952402630958414 
