-0.9497239977284206 0.9637728409727195 -0.24506568157267372 
-0.948768435002811 0.9683729728032808 -0.24753377191445414 
-0.9483928623715384 0.9700958260323528 -0.24845570815366036 
-0.9477874845992161 0.9727676138133086 -0.24989635972838176 
-0.9475217645897434 0.9739106774077491 -0.25051437693568124 
-0.9463335290132234 0.9786776851497003 -0.2530519021695299 
-0.9451238629038714 0.9832378849243402 -0.2554817333992073 
-0.9439513476227296 0.9874149096585499 -0.25768061869929204 
-0.9433862331925555 0.9893012871681145 -0.25868893704776075 
-0.9418778583911045 0.9942099376812125 -0.26127285466000405 
-0.9403329263577109 0.9989107525601421 -0.26373890298773883 
-0.9403329263577109 0.9989107525601421 -0.26373890298773883 
-0.9389061792922938 1.003034374464648 -0.26588997953832394 
-0.9389061792922938 1.003034374464648 -0.26588997953832394 
-0.9371976563897758 1.0077000106292244 -0.2683160910161172 
-0.935490318855683 1.0121660413508695 -0.2706181361897807 
-0.9333226583342139 1.017536192590385 -0.27337176372233907 
-0.9323132987164455 1.0199265173062113 -0.27460981970209364 
-0.928991158862808 1.027441284091877 -0.27844119741954654 
-0.9283155497778557 1.028903307276267 -0.2791733373133606 
-0.9239188611234546 1.0379543616705098 -0.28375296849374787 
-0.9238128023420586 1.0381310954730758 -0.2838396456140466 
-0.9213966009377613 1.0427958323739273 -0.2861744687731781 
-0.9165132741193531 1.0516836705438157 -0.29057517571822766 
-0.913851109876707 1.0562520874979773 -0.29283125676011146 
-0.9124810998606463 1.0585243880439386 -0.29393909375264904 
-0.9097963696218593 1.0628620212819537 -0.29606994673982223 
-0.9064719589377572 1.0680304029072416 -0.2985696182662624 
-0.9047756394129298 1.0705985379013025 -0.29980427224081263 
-0.9017629573729101 1.075012506389454 -0.301924371257974 
-0.895375459592421 1.0838828440375299 -0.30614981770444827 
-0.8943804166168581 1.0852060030579238 -0.3067740602053797 
-0.8887961837475882 1.0924228927793351 -0.3101460379281371 
-0.8861683253862623 1.0956465707723075 -0.31165544882503127 
-0.8852444580995624 1.0967730586326736 -0.3121774825985245 
-0.8783378339864772 1.1048730148930748 -0.31589876735088207 
-0.8752681924952388 1.1083076672283094 -0.3174632684833042 
-0.8739918865838487 1.1097017287913182 -0.3180890982969288 
-0.8683949532322316 1.115686716554222 -0.32077228882756403 
-0.8675155681907478 1.1165961756544047 -0.3211734821453257 
-0.862023328655619 1.122140706164479 -0.32363072297078 
-0.8609713093288437 1.1231715530383857 -0.32410619205146496 
-0.853296916399398 1.130477309886384 -0.3272620161355885 
-0.853296916399398 1.130477309886384 -0.3272620161355885 
-0.8452107693096109 1.137704012298469 -0.3303554746877789 
-0.8421327940553875 1.1403436390398665 -0.3314569056703449 
-0.8370407251255291 1.1445800450306478 -0.3332214585778127 
-0.8367081542756367 1.1448465332810955 -0.33334062328156566 
-0.8283059795379037 1.151502264788048 -0.336046080128231 
-0.8274453929981542 1.1521441683568974 -0.3363160531547075 
-0.8205482818073748 1.1572836478530195 -0.33837225189498654 
-0.8168629065042252 1.159916692274923 -0.3394011760693455 
-0.8122528726825871 1.1631226543917044 -0.34063781138659255 
-0.8032343241075409 1.1691036809787676 -0.34290435118084095 
-0.7993992143378641 1.1715556386771009 -0.34381272784448136 
-0.7958856982214051 1.1737185428466574 -0.34461107464522944 
-0.789912038590443 1.1772896311264403 -0.3458920243238195 
-0.7833016639642524 1.18108795592696 -0.3472171670315971 
-0.779093615513102 1.183396651414272 -0.34801633168977697 
-0.779093615513102 1.183396651414272 -0.34801633168977697 
-0.779093615513102 1.183396651414272 -0.34801633168977697 
-0.7733109741062955 1.1864816108264946 -0.34903875854981226 
-0.7733102063686079 1.186482360249129 -0.3490332837678932 
-0.7696182436185606 1.1883860451828712 -0.3496596102632603 
-0.7676574204551528 1.189365058540943 -0.34996529265380527 
-0.7676574204551528 1.189365058540943 -0.34996529265380527 
-0.7619610538937538 1.1921685612050632 -0.3508569440378809 
-0.7583962322571022 1.1938641056112909 -0.3513659893534391 
-0.7558043159764358 1.1950580930608288 -0.3517212439774776 
-0.7540082075732605 1.195875899895959 -0.3519755567499405 
-0.7522054437406103 1.196686927787605 -0.35220781805687174 
-0.7467694654565928 1.1990637305252472 -0.35288105788776525 
-0.7463693658663227 1.1992436457472029 -0.3529295489562557 
-0.740888461145102 1.2015307868608158 -0.3535505583590287 
-0.7384452117105511 1.202529619554929 -0.3538139766972256 
-0.7359942184681418 1.2035131532502974 -0.3540639443710505 
-0.7353765607024794 1.2037527757147901 -0.3541135963506885 
-0.7310598563887389 1.2054134994790373 -0.3545300010953595 
-0.7287922855067289 1.2062698426691716 -0.35472880776293325 
-0.7287922855067289 1.2062698426691716 -0.35472880776293325 
-0.7234060909533732 1.208228315008397 -0.35518183694283845 
-0.7234060909533732 1.208228315008397 -0.35518183694283845 
-0.7186144080865203 1.2098989989454583 -0.3555261827915973 
-0.7186144080865203 1.2098989989454583 -0.3555261827915973 
-0.7135885540039875 1.2115721377907354 -0.35585862962456016 
-0.7135885540039875 1.2115721377907354 -0.35585862962456016 
-0.7104357406236008 1.2125873388862516 -0.3560383349593311 
-0.7062228341087683 1.2139075682287988 -0.3562715321472022 
-0.7055846179728856 1.2140920022543185 -0.3562971973806143 
-0.7055846179728856 1.2140920022543185 -0.3562971973806143 
-0.7055846179728856 1.2140920022543185 -0.3562971973806143 
-0.6985898743989124 1.2161483833863609 -0.3565924345086873 
-0.6985898743989124 1.2161483833863609 -0.3565924345086873 
-0.692838604806135 1.217737301975486 -0.3567824755545822 
-0.6904841616312251 1.2183511329597578 -0.3568357367071947 
-0.6853387335402547 1.219650199622712 -0.35693666593947593 
-0.6827634931203463 1.2202826335472934 -0.3569868459957567 
-0.6799671821743 1.220945630896981 -0.3570213144495836 
-0.6786711403360182 1.2212367013075913 -0.3570166757789479 
-0.6786711403360182 1.2212367013075913 -0.3570166757789479 
-0.6786711403360182 1.2212367013075913 -0.3570166757789479 
-0.6713268724495665 1.2228424007101262 -0.3570302145446411 
-0.6713268724495665 1.2228424007101262 -0.3570302145446411 
-0.6667766277756058 1.2237670151673439 -0.35699299671021023 
-0.6667766277756058 1.2237670151673439 -0.35699299671021023 
-0.6626488709012653 1.2245522334595897 -0.3569193548251327 
-0.6626488709012653 1.2245522334595897 -0.3569193548251327 
-0.6574279322752965 1.2254922197261358 -0.35681424211188095 
-0.6493544039002225 1.2267943406696837 -0.35655728524496955 
-0.6484795721302538 1.2269225602831804 -0.3565337847579746 
-0.6436694761268018 1.2276152838895675 -0.35631255622683344 
-0.6434491117344354 1.2276394428155222 -0.3563126625475239 
-0.6434491117344354 1.2276394428155222 -0.3563126625475239 
-0.637973445116639 1.2283462523297817 -0.3560389182795256 
-0.637973445116639 1.2283462523297817 -0.3560389182795256 
-0.6307355941876013 1.2291636988599512 -0.3556014972854873 
-0.6307355941876013 1.2291636988599512 -0.3556014972854873 
-0.6261245867495749 1.2296145988306082 -0.35529537900065555 
-0.6261245867495749 1.2296145988306082 -0.35529537900065555 
-0.6226077844366661 1.2299110137711433 -0.3550248856895246 
-0.6206327493337376 1.2300833128998374 -0.35487178863915236 
-0.6179931516160961 1.2302706513983084 -0.3546668374471704 
-0.6179931516160961 1.2302706513983084 -0.3546668374471704 
-0.6116173707402368 1.2306681640212913 -0.35410225731110556 
-0.6080978974228419 1.230837903726715 -0.3537793176706657 
-0.6052416571252894 1.2309644361519714 -0.353482506066243 
-0.6052416571252894 1.2309644361519714 -0.353482506066243 
-0.6012838281088728 1.2310911892573375 -0.3530776112903985 
-0.6012838281088728 1.2310911892573375 -0.3530776112903985 
-0.5977669061220556 1.2311706887405909 -0.3526982736103791 
-0.5966696963184414 1.2311936464235687 -0.3525629322294147 
-0.5924961830126889 1.231236750663322 -0.3520804900828294 
-0.5905200422815091 1.2312411626929427 -0.3518441518980465 
-0.5881062048946122 1.2312349626200512 -0.351544203264211 
-0.5867897745232991 1.231221152402967 -0.35137473741440817 
-0.583940643609653 1.2311931473163515 -0.3509993558565384 
-0.579996244877887 1.23110415764379 -0.35047053252575877 
-0.576494960389722 1.231002095022771 -0.3499771479747217 
-0.5738695415381916 1.2308896370908862 -0.3496009421306451 
-0.5681919513211569 1.2306204825658378 -0.3487479499003312 
-0.5647025799295355 1.2304001283871628 -0.34820283635743043 
-0.5592632479390263 1.2300015696064333 -0.34729643107054853 
-0.5581769679394462 1.229916262681274 -0.347111027748106 
-0.5581769679394462 1.229916262681274 -0.347111027748106 
-0.5542689050641662 1.2295740081353657 -0.3464418557211425 
-0.5503700535652398 1.229178552673508 -0.345736064445597 
-0.5460444294126392 1.2287110031103463 -0.3449507297804839 
-0.5460444294126392 1.2287110031103463 -0.3449507297804839 
-0.5413023635482666 1.2281267002392808 -0.34402904109023014 
-0.537644663233786 1.2276466209248658 -0.3433128644363125 
-0.537644663233786 1.2276466209248658 -0.3433128644363125 
-0.5322832085491824 1.2268538709570034 -0.34221685755233744 
-0.530571975982058 1.2265991502486153 -0.3418533255296704 
-0.5263023427680782 1.2258954118464076 -0.3409377548211374 
-0.5224740169227755 1.2252214704806825 -0.34007771675767884 
-0.5214098014331668 1.225022955973457 -0.3398524369579293 
-0.5163279762391881 1.2240564680876003 -0.33866567787046586 
-0.5146354236071562 1.2237183538427683 -0.3382806074100432 
-0.5102132994019488 1.2227964499152189 -0.3372038887095439 
-0.5087417736154499 1.2224766312235624 -0.3368466123753594 
-0.5043421018909285 1.2214806592493408 -0.3357444073472525 
-0.5003784005557266 1.220535822816603 -0.3347207239668971 
-0.49891970955370746 1.2201773857827107 -0.33434904104140184 
-0.4927061896158733 1.2185659169387562 -0.3326710419697384 
-0.48961376098398585 1.217720218061858 -0.33181996187686125 
-0.48673757540584245 1.216911324629307 -0.33101039943894983 
-0.484485761867886 1.216260446520987 -0.3303608575686626 
-0.48325930192237676 1.2159028201091722 -0.33000461201387643 
-0.4797976287837871 1.214840032725477 -0.3289895843457974 
-0.4797976287837871 1.214840032725477 -0.3289895843457974 
-0.4759447895158803 1.2136255655007744 -0.3278351444671449 
-0.4717073974224685 1.21224708375413 -0.3265332116713614 
-0.47010348426031334 1.2117034237529298 -0.3260198576237616 
-0.4667010172727805 1.210514359067586 -0.32494860088780475 
-0.4625199483109329 1.2090198525745353 -0.3235919999449196 
-0.4591582046286893 1.2077694594585382 -0.3224659992864556 
-0.45797525621019725 1.2073243144217831 -0.3220637903404512 
-0.4544383395155585 1.2059559779364961 -0.3208574772896865 
-0.44995269380879455 1.2041387760153852 -0.3192910969919496 
-0.448206914247658 1.203416720636143 -0.3186654832176963 
-0.4420448701498733 1.2007643813554334 -0.3164124127347655 
-0.4401287672539167 1.1999150298253811 -0.31570954357315806 
-0.43556722059442143 1.1978390270496917 -0.31396656316343863 
-0.4316121765525832 1.19596256782075 -0.31241644295075044 
-0.4284357475171786 1.1944047087276135 -0.31114361635206 
-0.42805917343274114 1.194224912085895 -0.3109998065203272 
-0.42490427350833915 1.1926308993530181 -0.3097189003867312 
-0.42379954157007 1.1920617176336414 -0.30925245452710903 
-0.41866269506682785 1.1893538511438762 -0.3071036387882041 
-0.41683908912112017 1.1883730502347891 -0.3063302359429798 
-0.41286868514428665 1.1861679735311763 -0.3045851053864621 
-0.4114298405955258 1.1853502295922764 -0.3039606153267618 
-0.4094686814153728 1.1842199720327422 -0.30306859482289206 
-0.4094686814153728 1.1842199720327422 -0.30306859482289206 
-0.4052098720545092 1.1817104952389683 -0.30113953316103204 
-0.4052098720545092 1.1817104952389683 -0.30113953316103204 
-0.4022272341718166 1.1798933598792622 -0.2997481074193996 
-0.3994463421088272 1.1781538480307796 -0.2984194459484236 
-0.3973661673512454 1.1768374932869756 -0.29743103702602514 
-0.3937697110518381 1.174494309849335 -0.29565778947112176 
-0.3915603247973447 1.1730219150632615 -0.29455581111981166 
-0.3915603247973447 1.1730219150632615 -0.29455581111981166 
-0.38685526336668896 1.1697875147479355 -0.2921591166331201 
-0.38685526336668896 1.1697875147479355 -0.2921591166331201 
-0.383034635515189 1.1670862664666446 -0.290169880215583 
-0.3799277399307997 1.1648070964697772 -0.28849286967310506 
-0.37475844152400883 1.1608956950781872 -0.28565723748777794 
-0.37174524862871017 1.1585208548557488 -0.2839416323020335 
-0.36938084085232176 1.1566290603019351 -0.2825898184047265 
-0.3678171508762356 1.1553612348619344 -0.2816767425362522 
-0.3664255207641966 1.1541976486755674 -0.28085520986927803 
-0.36213402497935154 1.150556738367121 -0.2782741749074805 
-0.3568840330995686 1.1459069583916512 -0.2750004770914083 
-0.35408282913768785 1.143340122912795 -0.2732083980658936 
-0.35175349516567606 1.141153749507818 -0.27168890471828244 
-0.348595540007251 1.1381054123382628 -0.2695910497200691 
-0.3454925113828539 1.135019992955463 -0.26746547990724145 
-0.3420385421341142 1.1314613465682644 -0.2650201715726327 
-0.33958360129127735 1.1288678949864663 -0.26326334068148205 
-0.33663511368120885 1.1256550099609395 -0.26110612070405104 
-0.3354435468761934 1.1243381447216538 -0.2602091467063935 
-0.3314210463508041 1.1197357429264518 -0.25710519117066444 
-0.3305217642155702 1.1186877227424352 -0.2564073863378039 
-0.32887087958798833 1.1167262614755524 -0.25510776950809644 
-0.3249056082380306 1.1118448317123484 -0.25186310375435916 
-0.32188843529844824 1.107981538788536 -0.24930731419140917 
-0.32023421400175855 1.1057889641247185 -0.24787690723071754 
-0.31711041815649926 1.1015301125076944 -0.2450906757387623 
-0.3151781566210475 1.0988299437072533 -0.243330095610382 
-0.31284300665714904 1.0954660653315 -0.2411417415594147 
-0.31284118726799703 1.095472294698348 -0.2411353602598898 
-0.30865105182416064 1.0891375357772284 -0.2370509349297083 
-0.3068872413621839 1.0863342680829438 -0.23527029033323665 
-0.30495056772265344 1.083196291083589 -0.23325831440156475 
-0.3047624601529454 1.0828646577902676 -0.2330307148911125 
-0.3028744245064907 1.079691771143204 -0.2310262970418432 
-0.2998004953636154 1.0743124862197464 -0.22761023988907936 
-0.2976777415084697 1.0704012918942911 -0.22514694573397032 
-0.29440495654056253 1.0684626377416642 -0.22332445726843064 
-0.2941502705085741 1.0635309638272936 -0.2208340306320542 
-0.2922107591803015 1.0595440987195437 -0.2183428144911359 
-0.29074428607740777 1.0564009498730134 -0.21638953651983817 
-0.28931285180066824 1.053244838715027 -0.214433249254388 
-0.2890100689605045 1.0525410438898342 -0.21398935263384122 
-0.28621879656522103 1.0459894673937609 -0.2099640827492999 
-0.2850110084210592 1.0429552673268092 -0.20810016817843713 
-0.283973064571282 1.0402701441581703 -0.20645210654285395 
-0.28296182248264934 1.0375707921218895 -0.20481090369719435 
-0.28178668224250325 1.0343224627105936 -0.20283406868924014 
-0.280296656670093 1.0299640189168175 -0.20019617056550698 
-0.28028063909985645 1.0299727286604416 -0.20019524814619738 
-0.27830145549209473 1.0237640111017687 -0.19644378955324848 
-0.2775241043296961 1.0211937021160309 -0.19490410994380625 
-0.27689397374043667 1.0189839915942467 -0.19357433235882426 
-0.27596093882218975 1.0156604485764442 -0.19159447219360626 
-0.2750898625642413 1.0123280337993579 -0.1895978721713636 
-0.2743905727539034 1.0095415536536492 -0.18794002545207877 
-0.2742996698945618 1.0091694606399555 -0.18771894885608476 
-0.2737658093611042 1.0069341857050864 -0.18639237589998325 
-0.2726349178087141 1.0018890868359553 -0.18340734579347762 
-0.2726349178087141 1.0018890868359553 -0.18340734579347762 
-0.27161157548185677 0.9968201800421048 -0.18042209311231372 
-0.2716105924492449 0.9968159510532848 -0.18042925874605475 
-0.27077472460212326 0.9923013079986988 -0.17777004065769542 
-0.2704240322026522 0.9902187551719445 -0.17656179188404064 
-0.27035857079762404 0.9898434391677626 -0.17633815278845155 
